0.69/0.75	0.7546	236	0
0.69/0.79	0.789109	235	1
0.79/0.82	0.825313	234	5
0.79/0.86	0.859732	233	6
0.79/0.89	0.89307	232	7
0.89/0.93	0.926839	231	8
0.89/0.96	0.959781	230	9
0.89/0.99	0.992789	229	10
0.99/1.02	1.02564	228	11
0.99/1.06	1.0582	227	12
0.99/1.09	1.09035	226	13
1.09/1.12	1.12212	225	14
1.09/1.15	1.15407	224	15
1.09/1.18	1.18606	223	16
1.19/1.22	1.21718	222	17
1.19/1.25	1.24905	221	19
1.19/1.28	1.27969	220	20
1.29/1.31	1.31171	219	22
1.29/1.34	1.34342	218	24
1.29/1.37	1.37459	217	26
1.29/1.41	1.40657	216	29
1.40/1.44	1.4392	215	31
1.40/1.47	1.47053	214	34
1.40/1.50	1.50137	213	36
1.51/1.53	1.53288	212	39
1.51/1.57	1.56632	211	44
1.51/1.60	1.59961	210	50
1.51/1.63	1.63013	209	52
1.51/1.66	1.66009	208	53
1.51/1.69	1.69129	207	56
1.51/1.72	1.72112	206	58
1.51/1.75	1.75472	205	63
1.51/1.78	1.78436	204	65
1.51/1.82	1.82392	203	80
1.51/1.87	1.87175	202	104
1.51/1.91	1.90748	201	114
1.51/1.95	1.94893	200	129
1.51/1.98	1.98188	199	135
1.51/2.04	2.04184	198	183
1.51/2.09	2.08733	197	208
1.51/2.12	2.1177	196	212
1.51/2.15	2.14705	195	215
2.16/2.18	2.17537	194	217
2.19/2.21	2.20593	193	221
2.19/2.24	2.2398	192	232
2.19/2.27	2.27362	191	239
2.29/2.32	2.32324	190	268
2.29/2.35	2.35322	189	272
2.29/2.38	2.38254	188	276
2.39/2.41	2.41256	187	280
2.39/2.44	2.44281	186	285
2.39/2.47	2.47402	185	290
2.49/2.50	2.50279	184	294
2.49/2.54	2.53904	183	307
2.49/2.59	2.58823	182	328
2.59/2.62	2.61631	181	331
2.59/2.66	2.66275	180	357
2.69/2.71	2.71224	179	383
2.79/2.80	2.79769	178	454
2.79/2.84	2.84052	177	476
2.89/2.91	2.91528	176	533
3.00/3.01	3.01478	175	618
3.00/3.05	3.04836	174	629
3.00/3.08	3.08204	173	641
3.00/3.26	3.26122	172	819
3.00/3.43	3.42752	171	991
3.00/3.56	3.55949	170	1109
4.19/4.25	4.24822	169	1878
4.39/4.41	4.41027	168	2067
5.79/5.87	5.87291	167	3864
5.89/5.94	5.94369	166	3917
6.98/7.09	7.08845	165	5345
7.59/7.67	7.66609	164	5996
8.19/8.28	8.27491	163	6699
8.69/8.73	8.73448	162	7196
13.08/13.19	13.1944	161	12417
13.19/13.22	13.2184	160	12420
16.19/16.20	16.2025	159	15833
19.19/19.27	19.2646	158	19605
48.88/48.99	48.9846	157	55904
50.29/50.39	50.3902	156	57442
58.88/58.98	58.9789	155	67980
343.32/343.71	343.7	154	430271
1000.35/1000.46	786.524	20684921	1269093
