4.32/4.47	4.41161	2033	0
4.32/4.47	4.41243	2032	1
4.32/4.48	4.41426	2031	5
4.32/4.48	4.41507	2030	7
4.32/4.48	4.4158	2029	8
4.32/4.48	4.41691	2028	10
4.32/4.48	4.41739	2027	11
4.32/4.48	4.41816	2026	12
4.32/4.48	4.42128	2025	21
4.32/4.48	4.42195	2024	22
4.32/4.49	4.42315	2023	24
4.32/4.49	4.42388	2022	25
4.32/4.49	4.42509	2021	28
4.32/4.49	4.42837	2019	34
4.42/4.50	4.43317	2018	45
4.42/4.50	4.43393	2017	46
4.42/4.50	4.43847	2016	58
4.42/4.50	4.43928	2015	59
4.42/4.51	4.45233	2014	94
4.42/4.52	4.45334	2013	96
4.42/4.52	4.45388	2012	97
4.42/4.52	4.45713	2011	104
4.42/4.52	4.45844	2010	105
4.42/4.52	4.46079	2009	110
4.42/4.52	4.46136	2008	111
4.42/4.52	4.46191	2007	112
4.42/4.53	4.46508	2006	118
4.42/4.53	4.46601	2005	120
4.42/4.53	4.46794	2004	124
4.42/4.53	4.47059	2003	130
4.42/4.54	4.48039	2002	154
4.42/4.54	4.48222	2001	159
4.42/4.55	4.4871	2000	169
4.42/4.55	4.48792	1999	171
4.42/4.55	4.48923	1998	173
4.42/4.55	4.48995	1997	174
4.42/4.56	4.50005	1996	198
4.42/4.56	4.50061	1995	199
4.42/4.56	4.50127	1994	200
4.42/4.56	4.50228	1993	201
4.42/4.57	4.50467	1992	206
4.42/4.57	4.50597	1991	209
4.42/4.57	4.50713	1990	211
4.42/4.57	4.50888	1989	214
4.42/4.57	4.51009	1988	216
4.42/4.57	4.51084	1987	217
4.42/4.57	4.51156	1986	218
4.42/4.58	4.51439	1985	223
4.42/4.58	4.51498	1984	224
4.42/4.58	4.51662	1983	228
4.42/4.58	4.51788	1982	230
4.42/4.58	4.52248	1981	241
4.42/4.59	4.52306	1980	242
4.42/4.59	4.52411	1979	244
4.42/4.59	4.52516	1978	246
4.42/4.59	4.53126	1977	259
4.42/4.59	4.53181	1976	260
4.52/4.60	4.53852	1975	276
4.52/4.60	4.54094	1974	281
4.52/4.60	4.54195	1973	283
4.52/4.61	4.54409	1972	288
4.52/4.61	4.54546	1971	291
4.52/4.61	4.54656	1970	293
4.52/4.61	4.54776	1969	296
4.52/4.61	4.54954	1967	299
4.52/4.61	4.55019	1966	300
4.52/4.62	4.55272	1965	307
4.52/4.62	4.55493	1963	311
4.52/4.63	4.56364	1962	331
4.52/4.63	4.56545	1961	335
4.52/4.63	4.56674	1960	337
4.52/4.63	4.56982	1959	344
4.52/4.64	4.57418	1958	354
4.52/4.65	4.58595	1957	377
4.52/4.65	4.59026	1956	387
4.52/4.65	4.59185	1955	391
4.52/4.66	4.59423	1954	396
4.52/4.66	4.59853	1953	404
4.52/4.66	4.60036	1952	408
4.52/4.67	4.60289	1951	414
4.52/4.67	4.60468	1950	418
4.52/4.67	4.6053	1949	419
4.52/4.67	4.61133	1948	434
4.52/4.68	4.61477	1947	441
4.52/4.68	4.61712	1946	446
4.52/4.68	4.61963	1945	451
4.52/4.68	4.62021	1944	452
4.52/4.69	4.62302	1943	457
4.52/4.69	4.6237	1942	458
4.52/4.69	4.6269	1941	464
4.52/4.69	4.63013	1940	471
4.52/4.69	4.63107	1939	473
4.62/4.70	4.64258	1938	499
4.62/4.71	4.64704	1937	511
4.62/4.71	4.64972	1936	515
4.62/4.71	4.65031	1935	516
4.62/4.71	4.65153	1934	518
4.62/4.72	4.65321	1933	521
4.62/4.72	4.65428	1932	523
4.62/4.72	4.65707	1931	528
4.62/4.72	4.65812	1930	530
4.62/4.72	4.65864	1929	531
4.62/4.72	4.65949	1928	533
4.62/4.73	4.66296	1927	541
4.62/4.73	4.66603	1926	549
4.62/4.73	4.66816	1925	553
4.62/4.73	4.67099	1924	559
4.62/4.73	4.67229	1923	562
4.62/4.74	4.6801	1922	580
4.62/4.75	4.68774	1921	600
4.62/4.75	4.69	1920	604
4.62/4.75	4.69065	1919	605
4.62/4.75	4.69141	1918	606
4.62/4.76	4.69747	1916	618
4.62/4.76	4.69927	1915	623
4.62/4.76	4.70097	1914	626
4.62/4.78	4.72077	1913	673
4.62/4.79	4.72875	1912	692
4.62/4.79	4.73008	1911	695
4.72/4.80	4.73472	1910	705
4.72/4.80	4.73801	1909	712
4.72/4.80	4.74257	1908	723
4.72/4.83	4.76347	1907	769
4.72/4.83	4.76415	1906	770
4.72/4.83	4.76481	1905	771
4.72/4.83	4.76931	1903	780
4.72/4.83	4.77233	1902	787
4.72/4.84	4.77411	1901	790
4.72/4.84	4.77471	1900	791
4.72/4.84	4.77576	1899	793
4.72/4.84	4.77675	1898	795
4.72/4.84	4.78009	1897	805
4.72/4.85	4.78697	1896	821
4.72/4.85	4.78799	1895	823
4.72/4.86	4.79313	1894	834
4.72/4.86	4.79371	1893	835
4.72/4.86	4.79913	1892	846
4.72/4.88	4.81353	1891	878
4.72/4.88	4.81489	1890	881
4.72/4.88	4.82232	1889	899
4.72/4.89	4.82552	1888	906
4.72/4.89	4.82816	1887	913
4.72/4.89	4.83023	1886	917
4.82/4.90	4.83477	1885	929
4.82/4.90	4.83692	1884	934
4.82/4.91	4.84455	1883	951
4.82/4.91	4.84688	1882	955
4.82/4.91	4.84918	1881	961
4.82/4.92	4.85991	1880	985
4.82/4.92	4.86105	1879	987
4.82/4.92	4.86192	1878	989
4.82/4.92	4.86254	1877	990
4.82/4.93	4.86506	1876	995
4.82/4.93	4.86578	1875	996
4.82/4.93	4.87019	1874	1005
4.82/4.94	4.8744	1873	1014
4.82/4.94	4.87871	1872	1024
4.82/4.94	4.88169	1871	1031
4.82/4.96	4.89797	1870	1064
4.82/4.96	4.90177	1869	1072
4.82/4.99	4.92585	1868	1124
4.82/4.99	4.92985	1867	1132
4.82/5.00	4.93886	1866	1152
4.82/5.00	4.93947	1865	1153
4.82/5.00	4.94021	1864	1155
4.82/5.01	4.94338	1863	1163
4.82/5.01	4.94484	1862	1166
4.82/5.02	4.95461	1861	1190
4.82/5.02	4.95687	1860	1195
4.82/5.02	4.95749	1859	1196
4.82/5.05	4.99134	1858	1271
4.82/5.06	4.99283	1857	1274
4.82/5.06	4.99517	1856	1279
4.82/5.07	5.00634	1855	1308
4.82/5.07	5.01098	1854	1318
4.82/5.09	5.02692	1853	1356
4.82/5.12	5.06143	1852	1435
4.82/5.13	5.06753	1851	1448
4.82/5.15	5.08517	1850	1484
4.82/5.15	5.08718	1849	1488
4.82/5.16	5.09947	1848	1514
4.82/5.16	5.10014	1847	1515
4.82/5.16	5.10181	1846	1518
4.82/5.17	5.10604	1845	1528
4.82/5.17	5.11195	1844	1542
4.82/5.18	5.11895	1843	1557
4.82/5.18	5.1211	1842	1562
4.82/5.25	5.18594	1841	1714
4.82/5.27	5.20825	1840	1761
4.82/5.29	5.2233	1839	1794
4.82/5.32	5.25581	1838	1865
4.82/5.33	5.26402	1837	1883
4.82/5.33	5.26519	1836	1885
4.82/5.33	5.26581	1835	1886
4.82/5.33	5.26938	1834	1894
4.82/5.33	5.27263	1833	1902
4.82/5.36	5.29708	1832	1957
4.82/5.38	5.31859	1831	2003
4.82/5.40	5.33448	1830	2035
4.82/5.41	5.34784	1829	2066
4.82/5.41	5.34974	1828	2070
4.82/5.44	5.38162	1827	2145
4.82/5.45	5.38687	1826	2156
5.40/5.50	5.43494	1825	2260
5.52/5.60	5.54219	1824	2491
5.52/5.63	5.56674	1823	2542
5.62/5.71	5.65214	1822	2716
5.62/5.72	5.65288	1821	2717
5.72/5.80	5.73937	1820	2907
5.72/5.82	5.75577	1819	2940
5.82/5.96	5.8958	1817	3237
5.92/6.05	5.99111	1816	3442
5.92/6.08	6.01813	1815	3500
5.92/6.09	6.02639	1814	3519
5.92/6.09	6.03094	1813	3528
5.92/6.09	6.03211	1812	3530
6.02/6.10	6.03306	1811	3532
6.02/6.11	6.04288	1810	3553
6.02/6.13	6.06295	1809	3595
6.02/6.13	6.0677	1808	3605
6.02/6.16	6.10141	1807	3677
6.23/6.39	6.3243	1806	4160
6.33/6.42	6.3544	1805	4224
6.33/6.53	6.46887	1804	4462
6.33/6.56	6.49941	1803	4530
6.33/6.68	6.62135	1802	4816
7.02/7.13	7.06933	1801	5810
7.12/7.26	7.19535	1800	6081
7.32/7.43	7.36569	1799	6464
7.42/7.52	7.45694	1798	6665
7.52/7.66	7.59656	1797	6979
7.52/7.67	7.60757	1796	7004
7.62/7.72	7.65764	1795	7113
7.62/7.79	7.73081	1794	7277
7.72/7.97	7.91164	1793	7667
7.72/8.20	8.14138	1792	8157
8.21/8.34	8.27589	1791	8447
8.33/8.41	8.35023	1790	8606
8.43/8.55	8.4875	1789	8895
8.53/8.69	8.63052	1787	9204
8.63/8.75	8.69243	1786	9342
8.63/8.76	8.69716	1785	9355
8.83/8.94	8.87462	1784	9749
8.93/9.03	8.96781	1783	9953
8.93/9.03	8.97051	1782	9960
8.93/9.04	8.97451	1781	9969
9.23/9.35	9.28828	1780	10650
9.23/9.62	9.55653	1779	11218
9.23/9.73	9.66582	1778	11451
10.02/10.12	10.0558	1777	12265
10.32/10.41	10.3449	1776	12893
10.62/10.94	10.8733	1775	14025
11.32/11.44	11.3803	1774	15136
11.32/11.48	11.4184	1773	15221
11.53/11.67	11.6036	1772	15634
12.13/12.23	12.1658	1771	16912
12.13/12.33	12.2632	1770	17123
13.02/13.13	13.0695	1769	18876
13.52/13.90	13.8383	1768	20532
13.52/14.16	14.0957	1767	21086
13.52/14.17	14.1114	1766	21120
14.18/14.28	14.2187	1765	21362
14.18/14.29	14.2254	1764	21380
15.03/15.12	15.0561	1763	23163
15.14/15.64	15.5731	1762	24266
16.03/16.12	16.0551	1761	25301
16.23/16.33	16.271	1760	25775
17.43/17.57	17.5026	1759	28410
17.43/17.59	17.5271	1758	28462
17.92/18.05	17.9835	1757	29485
18.02/18.23	18.1713	1756	29885
19.02/19.10	19.0394	1755	31764
20.42/20.53	20.4695	1754	34787
20.82/20.99	20.9313	1753	35769
20.92/21.03	20.9622	1752	35836
23.53/23.68	23.6214	1751	41568
23.93/24.06	24.0006	1750	42373
24.53/24.63	24.5693	1749	43575
24.63/24.74	24.6746	1748	43791
25.32/25.45	25.3892	1747	45304
25.32/25.59	25.5304	1746	45608
27.82/27.91	27.8491	1745	50465
28.12/28.27	28.21	1744	51241
29.12/29.24	29.1811	1743	53303
29.22/29.39	29.3317	1742	53621
29.62/29.76	29.6984	1741	54388
31.13/31.23	31.1673	1740	57489
33.24/33.32	33.2599	1739	61910
34.24/34.63	34.5675	1738	64772
39.12/39.22	39.1564	1737	74441
39.22/39.39	39.3226	1736	74803
49.33/49.43	49.3612	1735	96296
50.12/50.24	50.1722	1734	98059
50.12/50.26	50.1974	1733	98110
52.53/52.62	52.5576	1732	103139
52.63/52.79	52.7287	1731	103497
53.72/53.83	53.768	1730	105691
54.52/55.11	55.0427	1729	108401
55.17/55.31	55.2477	1728	108832
60.43/61.03	60.9672	1727	120744
61.92/62.17	62.1092	1726	123143
61.92/62.22	62.1554	1725	123232
64.23/64.34	64.2726	1724	127689
67.83/68.24	68.174	1723	135919
68.44/68.53	68.4623	1722	136535
136.62/136.75	136.688	1721	278452
137.21/137.36	137.296	1720	279710
137.72/137.85	137.781	1719	280738
144.02/144.17	144.105	1718	294405
149.92/150.02	149.951	1717	306762
151.02/151.10	151.029	1716	309021
153.92/154.03	153.964	1715	315295
271.92/272.00	271.933	1714	558728
311.81/311.93	311.858	1713	641504
319.42/319.52	319.446	1712	657726
892.00/892.34	892.248	1711	1839040
