4.20/4.25	4.25373	2039	0
4.20/4.25	4.2546	2038	1
4.20/4.25	4.25608	2037	4
4.20/4.25	4.25664	2036	5
4.20/4.26	4.25868	2035	9
4.20/4.26	4.25982	2034	12
4.20/4.26	4.26137	2033	15
4.20/4.26	4.26206	2032	16
4.20/4.26	4.26257	2031	17
4.20/4.26	4.26544	2030	23
4.20/4.27	4.27172	2029	39
4.20/4.27	4.27234	2028	40
4.20/4.27	4.27408	2027	44
4.20/4.27	4.27482	2026	45
4.20/4.27	4.27552	2025	46
4.20/4.28	4.27904	2024	53
4.20/4.28	4.27959	2023	54
4.20/4.28	4.281	2022	57
4.20/4.28	4.2821	2021	59
4.20/4.28	4.28262	2020	60
4.20/4.28	4.28451	2019	64
4.20/4.28	4.285	2018	65
4.20/4.28	4.28552	2017	66
4.20/4.28	4.28669	2016	68
4.20/4.29	4.28733	2015	69
4.20/4.29	4.28795	2014	70
4.20/4.29	4.29008	2013	74
4.20/4.29	4.29201	2012	78
4.20/4.29	4.29631	2011	86
4.20/4.30	4.29785	2010	89
4.20/4.30	4.29982	2008	94
4.20/4.30	4.30142	2006	96
4.20/4.30	4.30675	2005	106
4.20/4.31	4.30986	2004	112
4.20/4.31	4.31357	2003	119
4.20/4.31	4.31421	2002	120
4.20/4.31	4.3157	2001	123
4.20/4.31	4.31715	2000	126
4.20/4.32	4.31768	1999	127
4.20/4.32	4.31848	1998	129
4.20/4.32	4.31908	1997	130
4.20/4.32	4.32041	1996	133
4.20/4.32	4.3263	1995	143
4.20/4.33	4.32755	1994	145
4.20/4.33	4.32823	1993	146
4.20/4.33	4.32989	1992	149
4.20/4.33	4.33077	1991	151
4.20/4.33	4.33131	1990	152
4.20/4.33	4.33378	1989	157
4.20/4.33	4.33565	1988	162
4.20/4.34	4.33844	1987	167
4.20/4.34	4.34306	1986	178
4.20/4.34	4.34361	1985	179
4.20/4.34	4.34583	1984	183
4.20/4.34	4.34657	1983	184
4.20/4.35	4.35028	1982	192
4.20/4.35	4.3511	1981	194
4.20/4.35	4.35171	1980	195
4.20/4.35	4.35368	1979	198
4.20/4.35	4.35487	1978	200
4.20/4.35	4.35579	1977	202
4.20/4.36	4.35749	1976	205
4.20/4.36	4.3593	1975	209
4.20/4.36	4.36249	1974	216
4.20/4.36	4.36317	1973	217
4.20/4.36	4.36368	1972	218
4.20/4.36	4.3642	1971	219
4.20/4.36	4.367	1970	224
4.20/4.37	4.36875	1969	227
4.20/4.37	4.37125	1968	231
4.20/4.37	4.37609	1967	240
4.20/4.38	4.37773	1966	243
4.20/4.38	4.38264	1965	256
4.20/4.38	4.3842	1964	259
4.20/4.38	4.38641	1963	263
4.20/4.38	4.38711	1962	264
4.20/4.39	4.39028	1961	271
4.20/4.39	4.39231	1960	275
4.20/4.39	4.39389	1959	278
4.20/4.39	4.39594	1958	282
4.20/4.40	4.39789	1957	286
4.20/4.40	4.40164	1956	294
4.20/4.40	4.40256	1955	296
4.20/4.40	4.40405	1954	299
4.20/4.40	4.40525	1953	302
4.20/4.40	4.4069	1952	306
4.20/4.41	4.4075	1951	307
4.20/4.41	4.41679	1950	326
4.20/4.42	4.41857	1949	329
4.20/4.42	4.42028	1948	332
4.20/4.42	4.42161	1947	334
4.20/4.42	4.42237	1946	336
4.20/4.43	4.42841	1945	348
4.20/4.43	4.42945	1944	350
4.20/4.43	4.43003	1943	351
4.20/4.43	4.43646	1942	366
4.20/4.44	4.4392	1941	371
4.20/4.44	4.43977	1940	372
4.20/4.44	4.44193	1939	377
4.20/4.45	4.4482	1938	390
4.20/4.45	4.45012	1937	394
4.20/4.45	4.45309	1936	399
4.20/4.45	4.45439	1935	401
4.20/4.45	4.45547	1934	403
4.20/4.47	4.4682	1933	431
4.20/4.47	4.47319	1932	441
4.20/4.47	4.47678	1931	450
4.20/4.48	4.47894	1930	453
4.20/4.48	4.48044	1929	456
4.20/4.48	4.48252	1928	459
4.20/4.48	4.48489	1927	464
4.20/4.49	4.48788	1925	471
4.20/4.49	4.49253	1924	484
4.20/4.49	4.49468	1923	487
4.20/4.50	4.507	1922	513
4.20/4.51	4.51	1921	521
4.20/4.52	4.51785	1920	538
4.20/4.52	4.52055	1919	543
4.20/4.52	4.52186	1918	545
4.20/4.52	4.52445	1917	550
4.20/4.52	4.52642	1916	554
4.52/4.54	4.54252	1915	593
4.52/4.54	4.54633	1914	602
4.52/4.55	4.5483	1913	606
4.52/4.55	4.54953	1912	608
4.52/4.55	4.55139	1911	611
4.52/4.55	4.55254	1910	613
4.52/4.56	4.56319	1909	635
4.52/4.56	4.56397	1908	637
4.52/4.56	4.56569	1907	641
4.52/4.56	4.56722	1906	645
4.52/4.57	4.56851	1905	647
4.52/4.57	4.57184	1904	654
4.52/4.57	4.57506	1903	660
4.52/4.58	4.57762	1902	666
4.52/4.58	4.58334	1901	680
4.52/4.59	4.58901	1900	694
4.52/4.59	4.59117	1899	699
4.52/4.60	4.60134	1898	723
4.52/4.61	4.61548	1897	755
4.52/4.62	4.62108	1896	766
4.52/4.63	4.62788	1895	780
4.52/4.63	4.63022	1894	785
4.52/4.63	4.63127	1893	787
4.62/4.64	4.64188	1892	808
4.62/4.65	4.64916	1891	825
4.62/4.65	4.65473	1890	837
4.62/4.65	4.65545	1889	838
4.62/4.65	4.65672	1888	841
4.62/4.66	4.65816	1887	844
4.62/4.66	4.66085	1886	849
4.62/4.66	4.66237	1885	852
4.62/4.66	4.66569	1884	859
4.62/4.67	4.67176	1883	871
4.62/4.67	4.67518	1882	878
4.62/4.68	4.67917	1881	888
4.62/4.69	4.68893	1880	907
4.62/4.69	4.69282	1879	915
4.62/4.69	4.69422	1878	918
4.68/4.70	4.70481	1877	939
4.68/4.70	4.70614	1876	942
4.68/4.71	4.70866	1875	947
4.68/4.72	4.72381	1874	980
4.68/4.73	4.73492	1873	1003
4.68/4.73	4.73602	1872	1005
4.68/4.74	4.73973	1871	1012
4.68/4.74	4.74164	1870	1016
4.68/4.75	4.75258	1869	1038
4.68/4.75	4.75406	1868	1041
4.68/4.75	4.75616	1867	1045
4.68/4.76	4.75925	1866	1052
4.68/4.76	4.76539	1865	1066
4.68/4.76	4.76596	1864	1067
4.68/4.77	4.76749	1863	1070
4.68/4.77	4.77394	1862	1083
4.68/4.77	4.77592	1861	1087
4.68/4.78	4.77748	1860	1090
4.68/4.79	4.79631	1859	1126
4.78/4.81	4.8094	1858	1152
4.78/4.82	4.8265	1857	1190
4.78/4.84	4.84648	1856	1231
4.78/4.85	4.85303	1855	1244
4.78/4.85	4.85594	1854	1250
4.78/4.86	4.86517	1853	1270
4.78/4.88	4.88378	1852	1309
4.78/4.88	4.88642	1851	1315
4.78/4.89	4.89425	1850	1334
4.88/4.92	4.92319	1849	1400
4.88/4.92	4.92558	1848	1404
4.88/4.93	4.93117	1847	1416
4.88/4.93	4.93364	1846	1421
4.88/4.94	4.93933	1845	1433
4.88/4.95	4.9508	1844	1457
4.88/4.95	4.95359	1843	1463
4.88/4.97	4.9731	1842	1506
4.88/4.97	4.97724	1841	1515
4.98/5.00	5.00539	1840	1572
4.98/5.04	5.04353	1839	1656
4.98/5.07	5.0686	1838	1714
4.98/5.08	5.08361	1837	1747
4.98/5.09	5.0965	1836	1776
5.08/5.10	5.10348	1835	1792
5.08/5.11	5.11627	1834	1821
5.08/5.13	5.13509	1833	1867
5.08/5.15	5.14843	1832	1897
5.08/5.16	5.16225	1831	1930
5.18/5.23	5.23601	1830	2097
5.18/5.24	5.24211	1829	2110
5.18/5.27	5.27452	1828	2188
5.18/5.29	5.29687	1827	2242
5.28/5.35	5.3498	1826	2364
5.28/5.35	5.35175	1825	2368
5.38/5.48	5.47925	1824	2654
5.38/5.49	5.49653	1823	2695
5.50/5.51	5.51546	1822	2737
5.50/5.54	5.54125	1821	2796
5.50/5.59	5.59276	1820	2917
5.50/5.62	5.62636	1819	2989
5.50/5.64	5.64004	1818	3025
5.50/5.70	5.69973	1817	3156
5.50/5.70	5.70275	1816	3162
5.50/5.72	5.71853	1815	3200
5.50/5.74	5.74285	1814	3254
5.50/5.78	5.78489	1813	3351
5.77/5.79	5.79296	1812	3369
5.77/5.84	5.84368	1811	3494
5.77/5.85	5.8506	1810	3510
5.77/5.86	5.85754	1809	3524
5.89/5.95	5.95114	1808	3734
5.89/5.96	5.96233	1807	3759
5.89/5.97	5.97039	1806	3779
5.99/6.00	6.00494	1805	3854
5.99/6.07	6.07336	1804	4000
5.99/6.08	6.08271	1803	4020
5.99/6.08	6.08491	1802	4025
6.29/6.35	6.3474	1801	4603
6.29/6.37	6.37291	1800	4656
6.39/6.42	6.41923	1799	4754
6.49/6.56	6.56701	1798	5068
6.59/6.60	6.5975	1797	5137
6.59/6.63	6.63236	1796	5211
6.59/6.66	6.66406	1795	5281
6.59/6.67	6.67039	1794	5296
7.09/7.12	7.11781	1793	6238
7.19/7.24	7.23897	1792	6502
7.19/7.28	7.27743	1791	6584
7.29/7.30	7.30706	1790	6651
7.29/7.39	7.39296	1789	6840
7.49/7.56	7.56241	1788	7222
7.49/7.57	7.57493	1787	7250
7.59/7.68	7.68308	1786	7509
7.69/7.70	7.70428	1785	7558
7.79/7.88	7.88399	1784	7962
7.89/8.15	8.15374	1783	8566
8.39/8.49	8.49599	1782	9324
8.49/8.53	8.532	1781	9409
8.69/8.72	8.7227	1780	9835
8.69/8.74	8.73715	1779	9868
8.79/8.84	8.84031	1778	10090
8.89/8.98	8.97903	1777	10392
8.99/9.03	9.03117	1776	10502
9.19/9.45	9.45048	1775	11418
9.58/9.67	9.66854	1774	11920
9.78/9.80	9.80565	1773	12244
9.78/9.84	9.8381	1772	12322
10.38/10.40	10.4068	1771	13590
10.38/10.43	10.4342	1770	13651
10.38/10.50	10.4981	1769	13796
10.68/10.78	10.7786	1768	14415
10.88/10.96	10.9632	1767	14826
10.98/11.00	10.9992	1766	14906
11.38/11.46	11.4587	1765	15913
11.60/11.62	11.6269	1764	16285
11.79/11.81	11.8167	1763	16698
11.79/11.86	11.8638	1762	16796
13.06/13.07	13.0674	1761	19479
13.39/13.42	13.4242	1760	20321
13.79/13.86	13.8649	1759	21391
14.05/14.12	14.1222	1758	22028
15.14/15.17	15.1764	1757	24588
15.14/15.24	15.2393	1756	24745
15.59/15.67	15.6711	1755	25818
16.09/16.16	16.1654	1754	26989
16.69/16.72	16.7221	1753	28321
16.89/16.90	16.9027	1752	28753
17.09/17.15	17.1477	1751	29333
17.19/17.25	17.251	1750	29578
17.89/17.96	17.9623	1749	31240
19.19/19.20	19.2035	1748	34256
19.79/19.84	19.8384	1747	35764
20.49/20.53	20.5318	1746	37415
20.49/20.58	20.5783	1745	37526
20.89/20.90	20.9029	1744	38309
21.08/21.15	21.1474	1743	38890
22.08/22.19	22.187	1742	41333
22.99/23.06	23.0618	1741	43413
23.09/23.13	23.1335	1740	43599
23.69/23.70	23.7059	1739	44986
24.09/24.12	24.1197	1738	45965
25.29/25.39	25.3893	1737	48975
26.11/26.20	26.2011	1736	50869
26.49/26.57	26.5756	1735	51733
26.79/26.82	26.8172	1734	52310
26.99/27.08	27.0794	1733	52926
28.09/28.16	28.1604	1732	55417
33.19/33.21	33.2111	1731	67189
33.19/33.22	33.2195	1730	67208
35.09/35.19	35.1871	1729	71722
36.78/36.88	36.8773	1728	75671
36.98/37.05	37.0525	1727	76082
41.39/41.43	41.4311	1726	86303
69.03/69.05	69.0472	1725	150337
96.61/96.63	96.6332	1724	214708
127.99/128.03	128.027	1723	285846
136.88/136.96	136.96	1722	306011
158.58/158.63	158.626	1721	354997
160.98/161.03	161.024	1720	360498
166.19/166.21	166.205	1719	372305
167.48/167.55	167.545	1718	375346
171.68/171.73	171.723	1717	384830
244.68/244.73	244.722	1716	549791
346.08/346.12	346.114	1715	779431
376.58/376.60	376.59	1714	848789
376.58/376.61	376.597	1713	848804
380.78/380.87	380.86	1712	858562
382.08/382.19	382.177	1711	861634
442.58/442.66	442.65	1710	999236
458.08/458.15	458.135	1709	1034555
471.38/471.43	471.42	1708	1064850
