4.19/4.27	4.26881	2036	0
4.19/4.27	4.26954	2035	1
4.19/4.27	4.2706	2034	3
4.19/4.27	4.27119	2033	4
4.19/4.27	4.27172	2032	5
4.19/4.27	4.27297	2031	8
4.19/4.27	4.27585	2030	13
4.19/4.27	4.27652	2029	14
4.19/4.27	4.27724	2028	15
4.19/4.28	4.28211	2026	27
4.19/4.28	4.28285	2025	28
4.19/4.28	4.2841	2024	30
4.19/4.28	4.2852	2023	32
4.19/4.28	4.28581	2022	33
4.19/4.28	4.28648	2021	34
4.19/4.28	4.2872	2020	35
4.19/4.29	4.28981	2019	40
4.19/4.29	4.29084	2018	42
4.19/4.29	4.29145	2017	43
4.19/4.29	4.29214	2016	44
4.19/4.29	4.2933	2015	46
4.19/4.29	4.29425	2014	48
4.19/4.29	4.29527	2013	50
4.19/4.29	4.29655	2012	53
4.19/4.30	4.29873	2011	59
4.19/4.30	4.30581	2010	73
4.19/4.30	4.30651	2009	74
4.19/4.30	4.30714	2008	75
4.19/4.30	4.30779	2007	76
4.30/4.31	4.30847	2006	77
4.30/4.31	4.30907	2005	78
4.30/4.31	4.31243	2004	85
4.30/4.31	4.31541	2003	90
4.30/4.31	4.31595	2002	91
4.30/4.31	4.31651	2001	92
4.30/4.31	4.31762	2000	94
4.30/4.32	4.32031	1999	100
4.30/4.32	4.32081	1998	101
4.30/4.32	4.32151	1997	102
4.30/4.32	4.32233	1996	103
4.30/4.32	4.32393	1995	106
4.30/4.32	4.32468	1994	107
4.30/4.33	4.32841	1993	114
4.30/4.33	4.32908	1992	115
4.30/4.33	4.32974	1991	116
4.30/4.33	4.3323	1990	122
4.30/4.33	4.33291	1989	123
4.30/4.33	4.33355	1988	124
4.30/4.33	4.3342	1987	125
4.30/4.34	4.34486	1986	147
4.30/4.34	4.34547	1985	148
4.30/4.35	4.34923	1984	155
4.30/4.35	4.35077	1983	158
4.30/4.35	4.35134	1982	159
4.30/4.35	4.35233	1981	161
4.30/4.35	4.35353	1980	164
4.30/4.35	4.35421	1979	165
4.30/4.35	4.35523	1978	167
4.30/4.36	4.35833	1977	175
4.30/4.36	4.35912	1976	176
4.30/4.36	4.36415	1975	188
4.30/4.36	4.36487	1974	189
4.30/4.36	4.36544	1973	190
4.30/4.36	4.36609	1972	191
4.30/4.36	4.36667	1971	192
4.30/4.36	4.36735	1970	193
4.30/4.37	4.36803	1969	194
4.30/4.37	4.36877	1968	196
4.30/4.37	4.36941	1967	197
4.30/4.37	4.37031	1966	199
4.30/4.37	4.37186	1965	202
4.30/4.37	4.37556	1964	210
4.30/4.37	4.3772	1963	213
4.30/4.38	4.37857	1962	216
4.30/4.38	4.38064	1961	220
4.30/4.38	4.38125	1960	221
4.30/4.38	4.38242	1959	223
4.30/4.38	4.38442	1958	228
4.30/4.38	4.38701	1957	233
4.30/4.38	4.38759	1956	234
4.30/4.39	4.3883	1955	235
4.30/4.39	4.39188	1954	243
4.30/4.39	4.39292	1953	245
4.30/4.39	4.39357	1952	246
4.30/4.39	4.39408	1951	247
4.30/4.39	4.39475	1950	248
4.30/4.39	4.39651	1949	252
4.30/4.40	4.39798	1948	255
4.30/4.40	4.39852	1947	256
4.30/4.40	4.3995	1946	258
4.30/4.40	4.40148	1945	263
4.30/4.40	4.40358	1944	268
4.30/4.40	4.40576	1943	274
4.30/4.41	4.41472	1942	300
4.30/4.41	4.41719	1941	305
4.30/4.42	4.41896	1940	310
4.30/4.42	4.42475	1939	324
4.30/4.43	4.43014	1938	339
4.30/4.43	4.43561	1937	350
4.30/4.44	4.43818	1936	356
4.30/4.44	4.44095	1935	362
4.30/4.44	4.44242	1934	366
4.30/4.44	4.44289	1933	367
4.30/4.44	4.44419	1932	370
4.30/4.44	4.44521	1931	372
4.30/4.44	4.44719	1930	376
4.30/4.47	4.47177	1929	435
4.30/4.47	4.47761	1928	448
4.30/4.48	4.47955	1927	452
4.30/4.48	4.48055	1926	454
4.30/4.48	4.48164	1925	456
4.30/4.49	4.48951	1924	475
4.30/4.50	4.50787	1923	521
4.30/4.51	4.50852	1922	522
4.30/4.51	4.51295	1921	535
4.30/4.51	4.51655	1920	542
4.30/4.52	4.52013	1919	550
4.30/4.52	4.52182	1918	555
4.30/4.52	4.52371	1917	559
4.30/4.52	4.52424	1916	560
4.30/4.52	4.52487	1915	561
4.30/4.52	4.52558	1914	562
4.30/4.52	4.52679	1913	564
4.30/4.53	4.52859	1912	568
4.30/4.53	4.53141	1911	575
4.30/4.54	4.54052	1910	595
4.30/4.54	4.54272	1909	599
4.30/4.54	4.54484	1908	604
4.30/4.55	4.55212	1907	622
4.30/4.55	4.55297	1906	624
4.30/4.56	4.56605	1905	655
4.30/4.56	4.56748	1904	657
4.30/4.57	4.56938	1903	661
4.30/4.57	4.57047	1902	663
4.30/4.57	4.57216	1901	666
4.30/4.57	4.57376	1900	669
4.30/4.57	4.57681	1899	676
4.30/4.59	4.58924	1898	704
4.30/4.59	4.5976	1897	723
4.30/4.60	4.59815	1896	724
4.30/4.60	4.60757	1895	746
4.30/4.61	4.60987	1894	751
4.30/4.61	4.61563	1893	764
4.30/4.62	4.62018	1892	775
4.30/4.62	4.62716	1891	790
4.30/4.63	4.62958	1890	795
4.30/4.63	4.63076	1889	798
4.30/4.63	4.63135	1888	799
4.30/4.63	4.63306	1887	804
4.30/4.64	4.6401	1886	818
4.30/4.64	4.64205	1885	822
4.30/4.64	4.64416	1884	827
4.30/4.65	4.64828	1883	836
4.30/4.65	4.65114	1882	843
4.30/4.65	4.65663	1881	855
4.30/4.67	4.67457	1880	892
4.30/4.68	4.67796	1879	899
4.30/4.69	4.69337	1878	934
4.30/4.69	4.69796	1877	943
4.30/4.70	4.7004	1876	948
4.30/4.70	4.70793	1875	965
4.30/4.71	4.70859	1874	966
4.71/4.72	4.72288	1873	996
4.71/4.72	4.72636	1872	1003
4.71/4.73	4.73323	1871	1018
4.71/4.75	4.7538	1870	1059
4.71/4.75	4.75433	1869	1060
4.71/4.75	4.7554	1868	1062
4.71/4.75	4.75686	1867	1065
4.71/4.76	4.75905	1866	1069
4.71/4.76	4.76227	1865	1077
4.71/4.77	4.77148	1864	1096
4.71/4.77	4.7728	1863	1099
4.71/4.77	4.77617	1862	1107
4.71/4.78	4.78044	1861	1117
4.71/4.78	4.78151	1860	1119
4.71/4.80	4.79941	1859	1161
4.71/4.81	4.80902	1858	1181
4.71/4.81	4.81012	1857	1183
4.71/4.81	4.81544	1856	1194
4.81/4.85	4.85133	1855	1280
4.81/4.85	4.85655	1854	1289
4.81/4.86	4.8613	1853	1299
4.81/4.87	4.87555	1852	1332
4.81/4.89	4.89005	1851	1365
4.89/4.92	4.91938	1850	1426
4.89/4.93	4.92921	1849	1450
4.89/4.94	4.94289	1848	1483
4.89/4.95	4.9503	1847	1500
4.89/4.95	4.95172	1846	1503
4.89/4.96	4.96702	1845	1536
4.99/5.01	5.01117	1844	1635
4.99/5.05	5.0542	1843	1726
4.99/5.06	5.05952	1842	1737
4.99/5.06	5.06349	1841	1747
4.99/5.08	5.08014	1840	1785
4.99/5.08	5.08202	1839	1789
4.99/5.08	5.08392	1838	1793
4.99/5.09	5.09035	1837	1807
5.09/5.10	5.10563	1836	1841
5.09/5.11	5.10823	1835	1846
5.09/5.16	5.16596	1834	1971
5.19/5.20	5.20267	1833	2047
5.19/5.21	5.21649	1832	2079
5.19/5.22	5.22358	1831	2094
5.19/5.24	5.24025	1830	2128
5.19/5.24	5.24671	1829	2146
5.19/5.25	5.25076	1828	2156
5.19/5.25	5.25255	1827	2160
5.19/5.25	5.25522	1826	2165
5.19/5.28	5.28622	1825	2239
5.19/5.29	5.29659	1824	2261
5.29/5.30	5.30095	1823	2271
5.29/5.33	5.33362	1822	2345
5.29/5.34	5.34273	1821	2365
5.39/5.40	5.40321	1820	2496
5.39/5.49	5.48815	1819	2681
5.49/5.52	5.52302	1818	2753
5.49/5.53	5.52985	1817	2767
5.49/5.56	5.55858	1816	2830
5.49/5.56	5.56222	1815	2837
5.49/5.57	5.57313	1814	2860
5.59/5.65	5.65488	1813	3029
5.69/5.82	5.8201	1812	3382
5.69/5.84	5.84579	1811	3439
5.69/5.91	5.91578	1810	3582
5.69/6.07	6.07195	1809	3927
5.69/6.09	6.09596	1808	3979
5.69/6.13	6.12966	1807	4050
6.13/6.15	6.15315	1806	4100
6.13/6.17	6.17307	1805	4140
6.19/6.25	6.25007	1804	4306
6.19/6.27	6.27526	1803	4357
6.19/6.28	6.27914	1802	4364
6.29/6.32	6.32739	1801	4467
6.39/6.41	6.41315	1800	4651
6.39/6.46	6.46658	1799	4768
6.39/6.49	6.49252	1798	4820
6.59/6.63	6.63068	1797	5104
6.59/6.64	6.64613	1796	5142
6.59/6.65	6.65597	1795	5163
6.89/6.97	6.96927	1794	5867
6.99/7.00	7.00256	1793	5941
6.99/7.55	7.55718	1792	7164
7.79/7.85	7.84898	1791	7809
8.18/8.29	8.29363	1790	8801
8.28/8.31	8.31168	1789	8841
8.28/8.34	8.33837	1788	8899
8.38/8.43	8.4298	1787	9101
8.38/8.43	8.43457	1786	9111
8.38/8.46	8.46189	1785	9173
8.48/8.72	8.71883	1784	9742
8.48/8.77	8.7762	1783	9875
8.48/8.80	8.80207	1782	9930
8.97/8.99	8.99405	1781	10353
8.97/9.00	9.00099	1780	10367
9.08/9.12	9.12703	1779	10640
9.08/9.13	9.12829	1778	10643
9.08/9.15	9.15328	1777	10697
9.08/9.19	9.19035	1776	10775
9.39/9.42	9.42567	1775	11286
9.48/9.55	9.55249	1774	11554
9.68/9.70	9.70763	1773	11877
9.88/10.06	10.0671	1772	12656
9.88/10.20	10.2028	1771	12967
9.88/10.28	10.278	1770	13145
9.88/10.28	10.2805	1769	13150
9.88/10.34	10.3382	1768	13280
10.69/10.70	10.7009	1767	14104
10.89/10.92	10.922	1766	14599
10.89/10.94	10.9424	1765	14647
10.99/11.04	11.0474	1764	14895
11.19/11.20	11.2004	1763	15233
11.29/11.55	11.5515	1762	16009
11.29/11.68	11.6874	1761	16312
12.79/12.83	12.8308	1760	18754
12.79/13.07	13.0742	1759	19277
12.79/13.23	13.2283	1758	19604
13.26/13.29	13.2962	1757	19751
14.19/14.22	14.2198	1756	21792
15.29/15.33	15.3338	1755	24300
15.39/15.43	15.4348	1754	24516
15.59/16.03	16.037	1753	25843
16.49/16.56	16.5625	1752	26969
18.19/18.29	18.2898	1751	30689
18.39/18.42	18.4228	1750	30979
20.89/20.90	20.9008	1749	36236
21.29/21.36	21.3578	1748	37206
21.29/21.39	21.3932	1747	37283
21.97/22.06	22.0671	1746	38710
22.69/22.74	22.7375	1745	40123
25.89/25.93	25.9322	1744	46791
27.60/27.62	27.6202	1743	50400
28.11/28.14	28.1419	1742	51600
34.59/34.66	34.6638	1741	65606
34.59/34.66	34.6668	1740	65613
36.09/36.18	36.1844	1739	68825
40.19/40.21	40.209	1738	77525
40.51/40.62	40.6213	1737	78402
43.19/43.24	43.2387	1736	84010
44.28/44.39	44.3941	1735	86459
46.19/46.22	46.2192	1734	90256
47.29/47.33	47.3309	1733	92597
47.39/47.44	47.4417	1732	92836
47.49/47.58	47.578	1731	93121
54.19/54.28	54.2784	1730	107456
54.49/54.52	54.5258	1729	107984
55.54/55.57	55.5664	1728	110201
60.19/60.25	60.2531	1727	120066
65.28/65.63	65.6283	1726	131591
66.68/67.04	67.0417	1725	134763
71.09/71.43	71.4297	1724	144276
78.38/78.60	78.5969	1723	159459
80.69/80.75	80.7489	1722	164020
80.89/80.98	80.9759	1721	164499
88.38/88.41	88.4045	1720	180247
89.48/89.51	89.5093	1719	182702
92.59/92.67	92.6664	1718	189508
128.71/128.74	128.733	1717	265351
128.78/128.85	128.851	1716	265608
129.48/129.51	129.51	1715	267015
186.93/187.02	187.017	1714	387486
443.77/443.89	443.872	1713	923136
447.28/447.39	447.378	1712	930654
917.35/917.89	917.861	1711	1916728
