4.29/4.35	4.35666	2020	0
4.29/4.36	4.36189	2019	10
4.29/4.36	4.36387	2018	14
4.29/4.36	4.36573	2017	19
4.29/4.37	4.3676	2016	23
4.29/4.37	4.3683	2015	24
4.29/4.37	4.37122	2014	30
4.29/4.37	4.37177	2013	31
4.29/4.37	4.37233	2012	32
4.29/4.37	4.37329	2011	34
4.29/4.37	4.37417	2010	36
4.29/4.37	4.37491	2009	38
4.29/4.37	4.37562	2008	39
4.29/4.37	4.37746	2007	42
4.29/4.38	4.37822	2006	43
4.29/4.38	4.3788	2005	44
4.29/4.38	4.37929	2004	45
4.29/4.38	4.38124	2003	49
4.29/4.38	4.38271	2002	52
4.29/4.38	4.38385	2001	54
4.29/4.38	4.38648	2000	59
4.29/4.38	4.38711	1999	60
4.29/4.39	4.38779	1998	61
4.29/4.39	4.38973	1997	66
4.29/4.39	4.39149	1996	69
4.29/4.39	4.39331	1995	72
4.29/4.39	4.39403	1994	73
4.29/4.39	4.39545	1993	76
4.29/4.39	4.39601	1992	77
4.29/4.39	4.39688	1991	78
4.29/4.39	4.39752	1990	79
4.29/4.40	4.39933	1989	82
4.29/4.40	4.40363	1988	92
4.29/4.40	4.40435	1987	93
4.29/4.40	4.40557	1986	95
4.29/4.40	4.40618	1985	96
4.29/4.41	4.40814	1984	100
4.29/4.41	4.40981	1983	103
4.29/4.41	4.4107	1982	104
4.29/4.41	4.41201	1981	106
4.29/4.41	4.41274	1980	107
4.29/4.41	4.41342	1979	108
4.29/4.41	4.41451	1978	110
4.29/4.41	4.41516	1977	111
4.41/4.42	4.41838	1976	117
4.41/4.42	4.41961	1975	120
4.41/4.42	4.42081	1974	123
4.41/4.42	4.42159	1973	124
4.41/4.42	4.42328	1972	127
4.41/4.42	4.42391	1971	128
4.41/4.42	4.42574	1970	132
4.41/4.42	4.42751	1969	134
4.41/4.43	4.42943	1968	138
4.41/4.43	4.42995	1967	139
4.41/4.43	4.4306	1966	140
4.41/4.43	4.433	1965	144
4.41/4.43	4.43373	1964	145
4.41/4.43	4.43492	1963	148
4.41/4.43	4.43736	1962	153
4.41/4.44	4.44127	1961	160
4.41/4.44	4.44481	1960	167
4.41/4.45	4.45133	1959	180
4.41/4.45	4.45246	1958	183
4.41/4.45	4.45514	1957	189
4.41/4.45	4.45581	1956	190
4.41/4.45	4.4572	1955	192
4.41/4.46	4.45919	1954	197
4.41/4.46	4.46101	1953	201
4.41/4.46	4.46313	1952	207
4.41/4.46	4.46744	1951	215
4.41/4.47	4.46811	1950	216
4.41/4.47	4.47057	1949	221
4.41/4.47	4.47264	1948	225
4.41/4.47	4.47486	1947	230
4.41/4.47	4.4761	1946	232
4.41/4.48	4.47804	1945	236
4.41/4.48	4.47856	1944	237
4.41/4.48	4.4829	1943	248
4.41/4.48	4.48376	1942	250
4.41/4.48	4.48538	1941	253
4.41/4.48	4.48698	1940	256
4.41/4.49	4.48822	1939	258
4.41/4.49	4.48895	1938	259
4.41/4.49	4.48982	1937	260
4.41/4.49	4.4905	1936	261
4.41/4.49	4.49253	1935	265
4.41/4.49	4.49591	1934	271
4.41/4.50	4.50011	1933	280
4.41/4.50	4.50152	1932	283
4.41/4.50	4.50311	1931	286
4.41/4.50	4.50604	1930	293
4.41/4.51	4.50763	1929	296
4.41/4.51	4.5119	1928	306
4.41/4.51	4.51409	1927	311
4.41/4.51	4.51572	1926	314
4.41/4.51	4.51713	1925	316
4.41/4.52	4.52255	1924	329
4.41/4.52	4.52708	1923	339
4.41/4.53	4.5308	1922	348
4.41/4.54	4.54177	1921	372
4.41/4.54	4.545	1920	379
4.41/4.55	4.54918	1919	388
4.41/4.55	4.55414	1918	398
4.41/4.55	4.55556	1917	401
4.41/4.55	4.55706	1916	404
4.41/4.56	4.55762	1915	405
4.41/4.56	4.55851	1914	407
4.41/4.56	4.56462	1913	421
4.41/4.56	4.56648	1912	425
4.41/4.57	4.56945	1911	432
4.41/4.57	4.57208	1910	437
4.41/4.58	4.57988	1909	453
4.41/4.58	4.58211	1908	458
4.41/4.58	4.58361	1907	461
4.41/4.59	4.59002	1906	476
4.41/4.59	4.59113	1905	478
4.41/4.59	4.59278	1904	482
4.41/4.61	4.60882	1903	516
4.41/4.61	4.61271	1902	525
4.41/4.62	4.61836	1901	537
4.41/4.62	4.61914	1900	538
4.41/4.62	4.62371	1899	549
4.41/4.62	4.62639	1898	554
4.41/4.63	4.63525	1897	574
4.41/4.64	4.64519	1896	597
4.41/4.64	4.64666	1895	599
4.41/4.65	4.65095	1894	606
4.41/4.66	4.65773	1893	618
4.41/4.66	4.66753	1892	639
4.41/4.67	4.67059	1891	646
4.41/4.67	4.67525	1890	656
4.41/4.67	4.67596	1889	657
4.41/4.71	4.7107	1888	729
4.41/4.71	4.71312	1887	734
4.41/4.71	4.71384	1886	735
4.41/4.71	4.71436	1885	736
4.72/4.72	4.72269	1884	754
4.72/4.73	4.72854	1883	768
4.72/4.74	4.74438	1882	800
4.72/4.75	4.75106	1881	813
4.72/4.76	4.76099	1880	834
4.72/4.76	4.76204	1879	836
4.72/4.78	4.78592	1878	887
4.72/4.79	4.79476	1877	907
4.79/4.80	4.80644	1876	933
4.79/4.83	4.83432	1875	991
4.79/4.84	4.83868	1874	1000
4.79/4.84	4.84275	1873	1009
4.79/4.84	4.84419	1872	1012
4.79/4.85	4.85211	1871	1029
4.79/4.87	4.86939	1870	1064
4.79/4.87	4.8735	1869	1072
4.79/4.88	4.88076	1868	1088
4.79/4.89	4.88923	1867	1106
4.79/4.89	4.89252	1866	1113
4.79/4.89	4.89346	1865	1116
4.79/4.89	4.89539	1864	1120
4.90/4.92	4.92275	1863	1180
4.90/4.93	4.93067	1862	1196
4.90/4.93	4.93671	1861	1209
4.90/4.94	4.94053	1860	1217
4.90/4.94	4.94595	1859	1228
4.90/4.96	4.96088	1858	1261
4.90/4.96	4.96359	1857	1267
4.90/4.97	4.97716	1856	1296
4.90/4.98	4.98728	1855	1319
4.99/5.02	5.01844	1854	1386
4.99/5.03	5.03292	1853	1417
4.99/5.07	5.07496	1852	1501
4.99/5.07	5.07638	1851	1504
4.99/5.08	5.07829	1850	1508
5.09/5.13	5.12785	1849	1612
5.09/5.15	5.15082	1848	1655
5.09/5.16	5.15887	1847	1670
5.09/5.16	5.16697	1846	1685
5.09/5.17	5.16939	1845	1689
5.09/5.18	5.18228	1844	1716
5.19/5.23	5.22952	1843	1810
5.19/5.25	5.25463	1842	1861
5.19/5.25	5.25537	1841	1862
5.19/5.28	5.28496	1840	1927
5.29/5.30	5.29978	1839	1956
5.29/5.31	5.31176	1838	1983
5.29/5.32	5.32458	1837	2012
5.29/5.35	5.35721	1836	2086
5.39/5.41	5.41437	1835	2205
5.39/5.42	5.4252	1834	2229
5.39/5.44	5.43959	1833	2257
5.39/5.44	5.44589	1832	2273
5.39/5.45	5.44881	1831	2279
5.39/5.48	5.47934	1830	2345
5.39/5.49	5.49385	1829	2378
5.59/5.63	5.63158	1828	2655
5.59/5.76	5.76009	1827	2912
5.59/5.86	5.86388	1826	3129
5.59/5.92	5.91778	1825	3241
5.59/5.97	5.97187	1824	3348
5.59/5.97	5.97337	1823	3351
5.59/6.03	6.0363	1822	3476
5.59/6.03	6.03734	1821	3478
6.10/6.12	6.12099	1820	3652
6.20/6.24	6.24031	1819	3893
6.29/6.34	6.34009	1818	4093
6.49/6.51	6.5081	1817	4430
6.49/6.53	6.53482	1816	4485
6.49/6.54	6.54356	1815	4504
6.49/6.57	6.5684	1814	4555
6.49/6.57	6.57616	1813	4573
6.59/6.60	6.60198	1812	4626
6.59/6.60	6.60412	1811	4630
6.59/6.63	6.63113	1810	4684
6.59/6.64	6.6468	1809	4721
6.59/6.65	6.65178	1808	4732
6.59/6.65	6.65424	1807	4737
6.59/6.67	6.67203	1806	4775
6.59/6.68	6.68137	1805	4796
6.59/6.69	6.69258	1804	4822
6.69/6.74	6.74091	1803	4926
6.89/6.98	6.9785	1802	5429
6.99/7.08	7.08108	1801	5654
7.09/7.10	7.1038	1800	5702
7.09/7.16	7.16201	1799	5829
7.09/7.47	7.46987	1798	6464
7.47/7.51	7.51719	1797	6563
7.47/7.57	7.57547	1796	6689
7.59/7.61	7.61623	1795	6776
7.79/7.85	7.85566	1794	7263
7.79/7.89	7.89146	1793	7340
7.90/7.92	7.92358	1792	7407
7.99/8.01	8.0099	1791	7583
7.99/8.01	8.0137	1790	7591
7.99/8.05	8.04771	1788	7665
8.09/8.13	8.12863	1787	7832
8.09/8.16	8.16308	1786	7900
8.29/8.31	8.31351	1785	8221
8.29/8.33	8.33149	1784	8258
8.29/8.39	8.39241	1783	8386
8.39/8.77	8.77054	1782	9171
8.92/8.95	8.9475	1781	9549
9.29/9.39	9.39684	1780	10471
9.39/9.42	9.42367	1779	10528
9.39/9.43	9.42754	1778	10536
9.49/9.50	9.50367	1777	10698
9.49/9.53	9.5325	1776	10762
9.69/9.73	9.72951	1775	11165
9.69/9.75	9.75324	1774	11208
9.69/9.75	9.75444	1773	11210
9.79/9.84	9.84584	1772	11408
9.79/9.89	9.89519	1771	11515
10.00/10.11	10.1113	1770	11986
10.00/10.29	10.2944	1769	12376
11.28/11.52	11.5184	1768	14945
11.28/11.60	11.6045	1767	15127
11.28/11.77	11.7755	1766	15484
11.28/11.81	11.8106	1765	15562
12.39/12.44	12.4398	1764	16853
12.69/13.11	13.1155	1763	18248
12.69/13.13	13.1292	1762	18277
13.79/13.88	13.8841	1761	19887
13.89/13.98	13.9845	1760	20104
13.99/14.02	14.0265	1759	20194
14.19/14.71	14.7107	1758	21636
14.74/14.75	14.7536	1757	21723
14.88/14.96	14.9627	1756	22171
15.18/15.20	15.2059	1755	22684
17.89/17.92	17.9232	1754	28266
18.59/18.75	18.7558	1753	29985
19.58/19.64	19.6405	1752	31769
19.58/19.66	19.6612	1751	31809
19.98/20.08	20.0842	1750	32673
20.08/20.21	20.2105	1749	32932
20.08/20.34	20.3376	1748	33190
20.98/21.02	21.0213	1747	34653
21.08/21.10	21.1012	1746	34831
21.08/21.18	21.1827	1745	35007
21.38/21.47	21.4733	1744	35632
21.48/21.61	21.616	1743	35931
21.48/21.69	21.6933	1742	36098
21.48/22.03	22.0334	1741	36793
23.25/23.48	23.4847	1740	39766
23.63/23.66	23.6668	1739	40141
24.71/24.78	24.779	1738	42395
26.79/26.86	26.8582	1737	46619
38.14/38.18	38.1772	1736	69590
38.14/38.22	38.2226	1735	69680
39.09/39.10	39.1018	1734	71519
39.88/39.94	39.941	1733	73229
40.19/40.29	40.2872	1732	73929
43.49/43.90	43.9042	1731	81250
44.89/44.96	44.9599	1730	83396
45.89/45.94	45.938	1729	85402
46.39/46.79	46.7885	1728	87142
50.09/50.15	50.1541	1727	94053
53.09/53.19	53.192	1726	100316
76.79/76.80	76.7981	1725	148260
78.39/78.79	78.7921	1724	152334
82.78/82.85	82.8504	1723	160569
82.78/83.34	83.3432	1722	161583
83.98/84.00	84.0052	1721	162944
88.39/88.45	88.4543	1720	171996
91.59/91.64	91.6413	1719	178425
92.99/93.06	93.059	1718	181293
93.82/93.86	93.8617	1717	182929
154.69/154.71	154.713	1716	306023
157.69/157.74	157.735	1715	312061
216.78/217.02	217.022	1714	432354
297.69/297.78	297.778	1713	594617
444.08/444.19	444.185	1712	884881
499.68/499.78	499.772	1711	996912
503.38/503.63	503.622	1710	1004956
532.98/533.05	533.046	1709	1064284
