4.31/4.37	4.36932	2034	0
4.31/4.37	4.37007	2033	1
4.31/4.37	4.37126	2032	3
4.31/4.37	4.37214	2031	5
4.31/4.37	4.37315	2030	7
4.31/4.37	4.37496	2029	11
4.31/4.37	4.37658	2028	13
4.31/4.38	4.37732	2027	14
4.31/4.38	4.37785	2026	15
4.31/4.38	4.37852	2025	16
4.31/4.38	4.37907	2024	17
4.31/4.38	4.37959	2023	18
4.31/4.38	4.3801	2022	19
4.31/4.38	4.38342	2021	26
4.31/4.38	4.38444	2020	28
4.31/4.38	4.38516	2019	29
4.31/4.38	4.38705	2018	33
4.31/4.39	4.38909	2017	38
4.31/4.39	4.39154	2016	43
4.31/4.39	4.39367	2015	48
4.31/4.39	4.39637	2014	54
4.31/4.39	4.39713	2013	55
4.40/4.40	4.39807	2012	57
4.40/4.40	4.39867	2011	58
4.40/4.40	4.40067	2010	62
4.40/4.41	4.41121	2009	85
4.40/4.41	4.4119	2008	86
4.40/4.41	4.41266	2007	87
4.40/4.41	4.41331	2006	88
4.40/4.41	4.41433	2005	90
4.40/4.41	4.41493	2004	91
4.40/4.41	4.41632	2003	94
4.40/4.42	4.41828	2002	98
4.40/4.42	4.41901	2001	99
4.40/4.42	4.42023	2000	101
4.40/4.42	4.42228	1999	105
4.40/4.42	4.42347	1998	107
4.40/4.43	4.4275	1997	115
4.40/4.43	4.42878	1996	117
4.40/4.43	4.42942	1995	118
4.40/4.43	4.43113	1994	121
4.40/4.43	4.4326	1993	124
4.40/4.43	4.43344	1992	125
4.40/4.43	4.43452	1991	128
4.40/4.43	4.43509	1990	129
4.40/4.43	4.43632	1989	131
4.40/4.44	4.43988	1988	139
4.40/4.44	4.44432	1987	150
4.40/4.44	4.44524	1986	151
4.40/4.44	4.44576	1985	152
4.40/4.44	4.447	1984	154
4.40/4.45	4.44852	1983	157
4.40/4.45	4.44911	1982	158
4.40/4.45	4.44981	1981	159
4.40/4.45	4.45045	1980	160
4.40/4.45	4.45103	1979	161
4.40/4.45	4.45307	1977	166
4.40/4.45	4.45499	1976	170
4.40/4.45	4.45566	1975	171
4.40/4.45	4.45676	1974	174
4.40/4.46	4.45907	1973	178
4.40/4.46	4.45982	1972	179
4.40/4.46	4.46065	1971	180
4.40/4.46	4.46123	1970	181
4.40/4.46	4.4636	1969	186
4.40/4.46	4.46448	1968	188
4.40/4.46	4.46569	1967	190
4.40/4.46	4.46715	1966	193
4.40/4.47	4.46784	1965	194
4.40/4.47	4.46995	1964	198
4.40/4.47	4.47139	1963	201
4.40/4.47	4.4728	1962	204
4.40/4.47	4.47341	1961	205
4.40/4.47	4.47479	1960	208
4.40/4.47	4.47659	1959	213
4.40/4.48	4.48096	1958	222
4.40/4.48	4.4848	1957	230
4.40/4.48	4.48676	1956	235
4.40/4.49	4.48751	1955	236
4.40/4.49	4.48976	1954	240
4.40/4.49	4.49292	1953	247
4.40/4.49	4.4962	1952	255
4.40/4.49	4.49685	1951	256
4.49/4.50	4.49907	1950	260
4.49/4.50	4.50293	1949	268
4.49/4.50	4.50607	1948	274
4.49/4.51	4.50825	1947	279
4.49/4.51	4.50897	1946	280
4.49/4.51	4.51185	1945	285
4.49/4.51	4.51266	1944	287
4.49/4.51	4.51317	1943	288
4.49/4.51	4.51381	1942	289
4.49/4.51	4.51493	1941	291
4.49/4.51	4.5161	1940	293
4.49/4.51	4.51667	1939	294
4.49/4.53	4.52958	1938	325
4.49/4.53	4.53236	1937	331
4.49/4.53	4.53338	1936	333
4.49/4.53	4.53419	1935	335
4.49/4.54	4.53728	1934	343
4.49/4.54	4.53797	1933	344
4.49/4.54	4.54221	1932	354
4.49/4.54	4.54451	1931	359
4.49/4.54	4.54547	1930	361
4.49/4.55	4.54885	1929	369
4.49/4.55	4.55428	1928	380
4.49/4.55	4.55488	1927	381
4.49/4.55	4.55559	1926	382
4.49/4.56	4.55841	1925	388
4.49/4.56	4.55899	1924	389
4.49/4.56	4.56578	1923	408
4.49/4.57	4.57295	1922	422
4.49/4.57	4.57418	1921	424
4.49/4.58	4.58142	1920	440
4.49/4.58	4.58439	1919	447
4.49/4.58	4.58509	1918	448
4.49/4.59	4.58912	1917	457
4.49/4.59	4.59375	1916	470
4.49/4.59	4.59708	1915	478
4.59/4.60	4.59831	1914	481
4.59/4.60	4.60041	1913	484
4.59/4.60	4.60398	1912	492
4.59/4.60	4.60649	1911	498
4.59/4.61	4.6095	1910	505
4.59/4.61	4.61011	1909	506
4.59/4.61	4.61555	1908	517
4.59/4.62	4.62039	1907	528
4.59/4.62	4.62551	1906	539
4.59/4.62	4.62602	1905	540
4.59/4.63	4.63272	1904	555
4.59/4.63	4.63453	1903	560
4.59/4.64	4.63946	1902	572
4.59/4.64	4.64214	1901	579
4.59/4.65	4.65276	1900	603
4.59/4.65	4.65443	1899	606
4.59/4.66	4.65798	1898	613
4.59/4.68	4.67892	1897	655
4.59/4.68	4.68003	1896	658
4.59/4.69	4.68766	1895	675
4.59/4.69	4.69001	1894	680
4.59/4.69	4.69073	1893	681
4.59/4.69	4.6933	1892	687
4.69/4.70	4.698	1891	698
4.69/4.70	4.69908	1890	700
4.69/4.70	4.70305	1889	710
4.69/4.71	4.71134	1888	727
4.69/4.72	4.7238	1887	755
4.69/4.75	4.74794	1886	813
4.69/4.75	4.74989	1885	818
4.69/4.76	4.76373	1884	849
4.69/4.76	4.76561	1883	853
4.69/4.80	4.79721	1882	921
4.79/4.80	4.80533	1881	940
4.79/4.83	4.82733	1880	987
4.79/4.84	4.83863	1879	1013
4.79/4.84	4.8409	1878	1018
4.79/4.85	4.85237	1877	1046
4.79/4.86	4.86043	1876	1063
4.79/4.86	4.86164	1875	1066
4.79/4.86	4.86246	1874	1068
4.79/4.86	4.86441	1873	1072
4.79/4.87	4.87087	1872	1085
4.79/4.87	4.87243	1871	1088
4.79/4.88	4.88207	1870	1110
4.79/4.88	4.88313	1869	1112
4.79/4.88	4.88368	1868	1113
4.89/4.90	4.89855	1867	1145
4.89/4.90	4.90113	1866	1149
4.89/4.90	4.90611	1865	1160
4.89/4.90	4.90677	1864	1161
4.89/4.91	4.91226	1863	1174
4.89/4.92	4.91886	1862	1190
4.89/4.92	4.9223	1861	1198
4.89/4.92	4.9269	1860	1206
4.89/4.94	4.93929	1859	1238
4.89/4.94	4.94637	1858	1253
4.89/4.96	4.96507	1857	1294
4.89/4.97	4.96761	1856	1300
4.89/4.97	4.96879	1855	1302
4.89/4.98	4.98498	1854	1336
4.89/4.99	4.98728	1853	1343
4.99/5.00	4.9988	1852	1368
4.99/5.01	5.0085	1851	1390
4.99/5.01	5.01266	1850	1398
4.99/5.04	5.04131	1849	1465
4.99/5.05	5.05534	1848	1497
4.99/5.08	5.08098	1847	1562
4.99/5.09	5.08868	1846	1580
5.09/5.12	5.12693	1845	1666
5.09/5.13	5.13519	1844	1686
5.09/5.15	5.1543	1843	1726
5.09/5.16	5.15977	1842	1737
5.09/5.18	5.18701	1841	1798
5.19/5.20	5.20534	1840	1837
5.19/5.20	5.20595	1839	1838
5.19/5.21	5.20898	1838	1844
5.19/5.21	5.21053	1837	1847
5.19/5.21	5.21533	1836	1858
5.19/5.23	5.23416	1835	1901
5.19/5.29	5.29551	1834	2031
5.19/5.31	5.30999	1833	2064
5.19/5.32	5.32673	1832	2100
5.19/5.33	5.32733	1831	2101
5.19/5.33	5.33583	1830	2118
5.19/5.34	5.33745	1829	2121
5.19/5.36	5.36424	1828	2177
5.19/5.40	5.39714	1827	2251
5.19/5.40	5.40057	1826	2258
5.19/5.41	5.41527	1825	2289
5.19/5.48	5.48324	1824	2434
5.19/5.49	5.4934	1823	2456
5.19/5.50	5.50169	1822	2475
5.19/5.50	5.50353	1821	2478
5.19/5.60	5.60571	1820	2700
5.19/5.65	5.64809	1819	2789
5.79/5.85	5.85672	1818	3228
5.89/5.95	5.956	1817	3440
5.99/6.01	6.00973	1816	3551
5.99/6.02	6.01827	1815	3567
5.99/6.02	6.02098	1814	3573
6.09/6.11	6.11357	1813	3768
6.09/6.19	6.18759	1812	3923
6.19/6.25	6.24892	1811	4049
6.39/6.49	6.49141	1810	4605
6.48/6.54	6.54531	1809	4732
6.48/6.58	6.58556	1808	4823
6.48/6.59	6.58714	1807	4825
6.48/6.59	6.59082	1806	4832
6.58/6.71	6.71096	1805	5096
6.58/6.73	6.72983	1804	5139
7.04/7.13	7.13158	1803	6018
7.19/7.24	7.24539	1802	6270
7.19/7.28	7.28263	1801	6352
7.29/7.33	7.32875	1800	6456
7.29/7.38	7.38115	1799	6572
7.39/7.48	7.48074	1798	6789
7.39/7.49	7.49476	1797	6820
7.49/7.51	7.51033	1796	6855
7.49/7.55	7.55329	1795	6953
7.69/7.76	7.76006	1794	7414
7.69/7.79	7.78976	1793	7483
7.79/7.85	7.85505	1792	7630
7.79/7.88	7.88368	1791	7692
7.99/8.10	8.10307	1790	8161
8.10/8.25	8.25462	1789	8491
8.10/8.26	8.26296	1788	8509
8.10/8.30	8.30233	1787	8591
8.10/8.31	8.31132	1786	8608
8.10/8.45	8.44833	1785	8900
8.10/8.47	8.4746	1784	8958
8.10/8.51	8.51445	1783	9046
8.10/8.52	8.52518	1782	9069
8.10/8.59	8.58886	1781	9216
8.65/8.69	8.69047	1780	9442
8.69/8.75	8.75228	1779	9569
9.49/9.56	9.55824	1778	11364
9.49/9.57	9.57082	1777	11392
9.49/9.66	9.66613	1776	11600
9.49/9.73	9.73354	1775	11748
9.49/9.86	9.85836	1774	12024
10.20/10.24	10.2401	1773	12860
10.39/10.41	10.4123	1772	13229
10.49/10.55	10.5547	1771	13540
10.49/10.57	10.5727	1770	13576
10.59/10.61	10.6103	1769	13660
10.99/11.08	11.0782	1768	14702
11.12/11.21	11.2097	1767	14986
11.61/11.64	11.6391	1766	15908
13.19/13.23	13.2295	1765	19263
13.39/13.41	13.4113	1764	19641
13.49/13.50	13.4973	1763	19824
15.08/15.10	15.1051	1762	23312
15.28/15.37	15.3756	1761	23909
15.28/15.38	15.3867	1760	23935
15.38/15.61	15.6152	1759	24433
15.38/15.71	15.7141	1758	24645
15.38/15.99	15.9938	1757	25258
15.99/16.00	16.002	1756	25275
16.08/16.12	16.1219	1755	25536
16.28/16.34	16.3449	1754	26029
16.48/16.53	16.5298	1753	26431
17.45/17.48	17.4809	1752	28535
17.48/17.51	17.513	1751	28616
17.78/17.80	17.8018	1750	29228
17.88/17.93	17.9337	1749	29521
17.98/18.00	17.9998	1748	29664
18.28/18.31	18.3102	1747	30344
20.99/21.06	21.0569	1746	36202
21.49/21.81	21.811	1745	37807
22.39/22.49	22.4942	1744	39262
22.79/22.94	22.9456	1743	40246
22.79/22.95	22.9477	1742	40250
22.79/23.35	23.35	1741	41098
23.34/23.36	23.3625	1740	41124
24.18/24.72	24.717	1739	43993
26.39/26.49	26.487	1738	47920
27.09/27.19	27.1901	1737	49461
29.88/29.98	29.977	1736	55412
32.59/32.68	32.6832	1735	61579
32.79/32.81	32.8079	1734	61850
32.99/33.41	33.4144	1733	63131
42.89/42.93	42.9276	1732	83098
48.49/48.53	48.5268	1731	95112
51.88/51.93	51.9298	1730	102335
54.99/55.42	55.419	1729	109757
57.58/57.65	57.6508	1728	114500
57.89/57.96	57.9593	1727	115152
59.19/59.21	59.2111	1726	117809
60.59/60.65	60.65	1725	120926
60.59/60.65	60.6527	1724	120932
70.69/70.71	70.7081	1723	141997
73.88/73.92	73.9248	1722	148772
77.09/77.49	77.4867	1721	156364
81.19/81.25	81.2512	1720	164345
86.39/86.49	86.4908	1719	175535
122.49/122.99	122.985	1718	252512
124.79/124.81	124.806	1717	256421
144.29/144.31	144.305	1716	298115
150.19/150.22	150.212	1715	310944
151.68/151.76	151.761	1714	314311
162.66/162.74	162.741	1713	337800
306.07/306.64	306.631	1712	638217
311.97/312.36	312.344	1711	650305
312.98/313.04	313.032	1710	651764
724.56/724.62	724.59	1709	1505098
