4.30/4.36	4.35984	2031	0
4.30/4.36	4.36077	2030	1
4.30/4.36	4.36137	2029	2
4.30/4.36	4.36352	2028	5
4.30/4.36	4.36489	2027	8
4.30/4.36	4.36558	2026	9
4.30/4.37	4.36635	2025	10
4.30/4.37	4.36837	2024	14
4.30/4.37	4.36894	2023	15
4.30/4.37	4.3702	2022	17
4.30/4.37	4.37226	2021	22
4.30/4.37	4.37379	2020	25
4.30/4.38	4.37625	2019	30
4.30/4.38	4.37928	2018	35
4.30/4.38	4.38057	2017	38
4.30/4.38	4.38192	2016	41
4.30/4.38	4.38262	2015	42
4.30/4.38	4.38317	2014	43
4.30/4.38	4.38506	2013	47
4.30/4.39	4.38784	2012	53
4.30/4.39	4.38961	2011	56
4.30/4.39	4.39028	2010	57
4.30/4.39	4.3914	2009	59
4.30/4.39	4.39229	2008	61
4.30/4.39	4.39426	2007	65
4.30/4.39	4.395	2006	66
4.39/4.40	4.39781	2005	71
4.39/4.40	4.39868	2004	73
4.39/4.40	4.39924	2003	74
4.39/4.40	4.39979	2002	75
4.39/4.40	4.40066	2001	76
4.39/4.40	4.40192	2000	78
4.39/4.40	4.40318	1998	80
4.39/4.40	4.40483	1997	83
4.39/4.40	4.40541	1996	84
4.39/4.41	4.40608	1995	85
4.39/4.41	4.40665	1994	86
4.39/4.41	4.40721	1993	87
4.39/4.41	4.4094	1992	91
4.39/4.41	4.40997	1991	92
4.39/4.41	4.41066	1990	93
4.39/4.41	4.41326	1989	99
4.39/4.41	4.41442	1988	101
4.39/4.41	4.41498	1987	102
4.39/4.42	4.41614	1986	104
4.39/4.42	4.41671	1985	105
4.39/4.42	4.41821	1984	108
4.39/4.42	4.42347	1983	121
4.39/4.42	4.42415	1982	122
4.39/4.43	4.43003	1981	132
4.39/4.43	4.43062	1980	133
4.39/4.43	4.4312	1979	134
4.39/4.43	4.43234	1978	136
4.39/4.43	4.43334	1977	138
4.39/4.43	4.43394	1976	139
4.39/4.43	4.43448	1975	140
4.39/4.44	4.43638	1974	144
4.39/4.44	4.43877	1973	149
4.39/4.44	4.44042	1972	152
4.39/4.44	4.44122	1971	153
4.39/4.44	4.44197	1970	154
4.39/4.44	4.44269	1969	155
4.39/4.44	4.4446	1968	159
4.39/4.45	4.44904	1967	168
4.39/4.45	4.45147	1966	173
4.39/4.45	4.4521	1965	174
4.39/4.45	4.45338	1964	177
4.39/4.45	4.45387	1963	178
4.39/4.45	4.45472	1962	180
4.39/4.46	4.45582	1961	182
4.39/4.46	4.45972	1960	191
4.39/4.46	4.46159	1959	194
4.39/4.46	4.46284	1958	196
4.39/4.46	4.46485	1957	201
4.39/4.46	4.46562	1956	202
4.39/4.47	4.46633	1955	203
4.39/4.47	4.46788	1954	205
4.39/4.47	4.4702	1953	210
4.39/4.47	4.47422	1952	218
4.39/4.47	4.47492	1951	219
4.39/4.47	4.47565	1950	220
4.39/4.48	4.48044	1949	229
4.39/4.48	4.48343	1948	235
4.39/4.49	4.48871	1947	247
4.39/4.49	4.49465	1946	261
4.49/4.50	4.49645	1945	265
4.49/4.50	4.49982	1944	271
4.49/4.50	4.50529	1943	282
4.49/4.51	4.50662	1942	285
4.49/4.51	4.50734	1941	286
4.49/4.51	4.51424	1940	299
4.49/4.52	4.52279	1939	318
4.49/4.52	4.52345	1938	319
4.49/4.53	4.5264	1937	325
4.49/4.53	4.53129	1936	337
4.49/4.53	4.5355	1935	347
4.49/4.54	4.54129	1934	360
4.49/4.54	4.54186	1933	361
4.49/4.54	4.54575	1932	370
4.49/4.55	4.54679	1931	371
4.49/4.55	4.54936	1930	376
4.49/4.56	4.55791	1929	395
4.49/4.56	4.56185	1928	402
4.49/4.56	4.56357	1927	405
4.49/4.57	4.56583	1926	410
4.49/4.58	4.57829	1925	442
4.49/4.59	4.58657	1924	459
4.49/4.59	4.59133	1923	469
4.49/4.59	4.59234	1922	471
4.49/4.59	4.59412	1921	474
4.59/4.60	4.59771	1920	481
4.59/4.60	4.59926	1919	484
4.59/4.60	4.60329	1918	492
4.59/4.60	4.60532	1917	496
4.59/4.61	4.60712	1916	501
4.59/4.61	4.613	1915	513
4.59/4.62	4.61949	1914	526
4.59/4.62	4.62348	1913	534
4.59/4.63	4.62954	1912	548
4.59/4.64	4.63647	1911	565
4.59/4.64	4.63849	1910	569
4.59/4.64	4.6443	1909	580
4.59/4.65	4.6511	1908	595
4.59/4.65	4.65181	1907	596
4.59/4.65	4.65397	1906	600
4.59/4.65	4.65531	1905	603
4.59/4.66	4.65799	1904	608
4.59/4.66	4.66411	1903	619
4.59/4.66	4.66495	1902	620
4.59/4.66	4.66571	1901	621
4.59/4.67	4.6723	1900	639
4.59/4.68	4.6769	1899	648
4.59/4.68	4.67904	1898	653
4.59/4.68	4.68556	1897	668
4.59/4.69	4.69259	1896	683
4.69/4.71	4.70728	1895	712
4.69/4.71	4.70881	1894	715
4.69/4.71	4.70941	1893	716
4.69/4.71	4.714	1892	725
4.69/4.72	4.71635	1891	730
4.69/4.73	4.7262	1890	753
4.69/4.73	4.728	1889	757
4.69/4.73	4.73075	1888	762
4.69/4.73	4.73154	1887	764
4.69/4.73	4.73264	1886	767
4.69/4.74	4.73639	1885	775
4.69/4.74	4.73713	1884	776
4.69/4.74	4.74232	1883	786
4.69/4.75	4.74826	1882	800
4.69/4.75	4.7488	1881	801
4.69/4.75	4.75186	1880	806
4.69/4.75	4.75355	1879	810
4.69/4.75	4.75505	1878	813
4.69/4.76	4.7586	1877	821
4.69/4.78	4.78092	1876	870
4.69/4.79	4.78662	1875	881
4.69/4.79	4.7901	1874	888
4.69/4.79	4.79164	1873	891
4.69/4.79	4.79335	1872	893
4.69/4.79	4.79467	1871	896
4.79/4.80	4.79934	1870	905
4.79/4.81	4.80619	1869	920
4.79/4.82	4.81794	1868	946
4.79/4.83	4.83516	1867	983
4.79/4.84	4.83585	1866	984
4.79/4.84	4.84503	1865	1001
4.79/4.86	4.8607	1864	1033
4.79/4.88	4.87744	1863	1067
4.79/4.88	4.87888	1862	1069
4.79/4.89	4.89038	1861	1093
4.79/4.90	4.89589	1860	1105
4.89/4.90	4.89883	1859	1113
4.89/4.92	4.92355	1858	1170
4.89/4.94	4.94297	1857	1209
4.89/4.95	4.94622	1856	1216
4.89/4.95	4.95228	1855	1228
4.89/4.95	4.9529	1854	1229
4.89/4.96	4.9628	1853	1249
4.89/4.98	4.98193	1852	1294
4.89/4.99	4.99227	1851	1319
4.99/5.01	5.00593	1850	1348
4.99/5.01	5.00792	1849	1351
4.99/5.02	5.02374	1848	1381
4.99/5.03	5.03308	1847	1401
4.99/5.03	5.03376	1846	1402
4.99/5.03	5.03519	1845	1405
4.99/5.04	5.04276	1844	1423
4.99/5.05	5.04889	1843	1435
4.99/5.05	5.05393	1842	1447
4.99/5.06	5.05938	1841	1459
4.99/5.06	5.06011	1840	1460
4.99/5.07	5.06701	1839	1476
4.99/5.07	5.07235	1838	1488
4.99/5.10	5.09559	1837	1543
4.99/5.11	5.11215	1836	1579
4.99/5.11	5.11318	1835	1581
4.99/5.12	5.1155	1834	1586
4.99/5.12	5.1182	1833	1592
4.99/5.12	5.12216	1832	1601
4.99/5.13	5.12902	1831	1615
4.99/5.13	5.13154	1830	1620
4.99/5.13	5.13309	1829	1623
4.99/5.13	5.13402	1828	1625
4.99/5.15	5.15395	1827	1672
4.99/5.16	5.15544	1826	1675
4.99/5.16	5.16048	1825	1686
4.99/5.17	5.17013	1824	1708
4.99/5.18	5.18334	1823	1738
4.99/5.19	5.18494	1822	1741
4.99/5.20	5.20142	1821	1781
4.99/5.24	5.23435	1820	1860
4.99/5.24	5.24346	1819	1881
4.99/5.24	5.24408	1818	1882
4.99/5.25	5.24874	1817	1893
4.99/5.25	5.25267	1816	1901
4.99/5.27	5.26425	1815	1928
4.99/5.33	5.33035	1814	2081
4.99/5.33	5.3317	1813	2084
4.99/5.39	5.38667	1812	2214
4.99/5.41	5.40476	1811	2257
5.43/5.44	5.43739	1810	2330
5.43/5.51	5.50526	1809	2487
5.43/5.51	5.51032	1808	2499
5.59/5.60	5.59404	1807	2676
5.59/5.65	5.64615	1806	2793
5.59/5.69	5.68654	1805	2878
5.59/5.69	5.6907	1804	2889
5.69/5.72	5.7233	1803	2959
5.89/5.91	5.91108	1802	3372
6.09/6.14	6.13418	1801	3854
6.09/6.18	6.17905	1800	3948
6.29/6.35	6.35004	1799	4317
6.39/6.63	6.63082	1798	4928
6.39/6.63	6.63196	1797	4930
6.39/6.64	6.63428	1796	4935
6.39/6.71	6.70675	1795	5101
6.39/6.77	6.7728	1794	5235
6.39/6.78	6.77713	1793	5245
6.99/7.09	7.08604	1792	5913
7.09/7.17	7.16823	1791	6086
7.19/7.21	7.21095	1790	6176
7.19/7.25	7.24829	1789	6258
7.29/7.31	7.30443	1788	6383
7.38/7.42	7.41656	1787	6623
7.38/7.44	7.44238	1786	6678
7.48/7.52	7.51504	1785	6842
7.68/7.76	7.75954	1784	7394
7.68/7.76	7.7608	1783	7397
7.68/7.79	7.78642	1782	7448
7.78/8.18	8.17402	1781	8295
8.89/8.92	8.91573	1780	9878
8.89/8.99	8.98482	1779	10026
8.99/9.07	9.06936	1778	10202
9.29/9.44	9.43328	1777	10982
9.29/9.58	9.5822	1776	11289
9.89/9.91	9.90684	1775	11985
9.99/10.06	10.055	1774	12291
9.99/10.06	10.0587	1773	12300
10.68/11.11	11.109	1772	14518
11.38/11.41	11.4048	1771	15172
11.38/11.41	11.4055	1770	15173
11.78/11.84	11.8333	1769	16115
12.08/12.15	12.1488	1768	16810
12.08/12.19	12.187	1767	16898
12.18/12.32	12.3184	1766	17190
12.18/12.53	12.5273	1765	17670
13.38/13.49	13.4898	1764	19855
13.58/13.67	13.669	1763	20256
13.58/13.68	13.68	1762	20286
13.58/13.79	13.79	1761	20534
14.17/14.19	14.1915	1760	21408
14.48/14.50	14.4927	1759	22072
14.48/14.54	14.5343	1758	22163
14.68/14.77	14.7707	1757	22673
15.12/15.28	15.2765	1756	23769
16.49/16.83	16.8312	1755	27100
17.89/18.09	18.0826	1754	29803
19.38/19.68	19.6803	1753	33165
19.38/19.84	19.8331	1752	33482
20.08/20.11	20.104	1751	34054
20.18/20.20	20.1995	1750	34254
20.78/20.80	20.7973	1749	35529
20.88/20.98	20.9731	1748	35928
22.18/22.27	22.2693	1747	38705
22.89/22.92	22.9157	1746	40126
22.99/23.02	23.0187	1745	40351
22.99/23.07	23.0621	1744	40450
23.09/23.11	23.1104	1743	40559
24.49/24.55	24.5464	1742	43617
24.68/24.71	24.7038	1741	43946
29.58/30.10	30.0969	1740	55309
31.08/31.54	31.5384	1739	58359
34.98/35.02	35.0116	1738	65712
39.18/39.21	39.1998	1737	74377
39.18/39.22	39.2165	1736	74411
42.78/43.24	43.2381	1735	82988
42.78/43.25	43.2402	1734	82993
43.68/43.75	43.7452	1733	84078
44.28/44.70	44.6922	1732	86120
44.88/44.99	44.9876	1731	86746
48.18/48.25	48.2394	1730	93676
48.48/48.54	48.5325	1729	94298
52.88/52.97	52.9597	1728	103604
53.58/53.68	53.6738	1727	105125
54.18/54.20	54.1974	1726	106231
83.48/84.01	84.0003	1725	169474
98.37/98.56	98.5493	1724	200362
106.88/106.90	106.892	1723	218855
112.78/112.90	112.894	1722	231661
114.40/114.43	114.424	1721	234934
116.58/116.63	116.617	1720	239697
363.97/364.05	364.036	1719	756326
385.08/385.12	385.108	1718	800635
395.68/396.27	396.256	1717	824210
397.80/397.86	397.849	1716	827555
399.58/399.65	399.638	1715	831325
408.18/408.29	408.272	1714	849709
858.29/858.34	858.314	1713	1790221
859.37/859.40	859.372	1712	1792411
884.46/885.10	885.079	1711	1846953
897.67/898.05	898.03	1710	1874341
