4.18/4.30	4.30327	2027	0
4.18/4.30	4.30653	2026	9
4.18/4.31	4.30731	2025	10
4.18/4.31	4.30797	2024	11
4.18/4.31	4.30849	2023	12
4.18/4.31	4.3091	2022	13
4.18/4.31	4.30957	2021	14
4.18/4.31	4.31206	2020	18
4.18/4.31	4.3126	2019	19
4.18/4.31	4.31491	2018	25
4.18/4.31	4.31591	2017	27
4.18/4.32	4.31804	2016	31
4.18/4.32	4.31964	2015	34
4.18/4.32	4.32282	2014	40
4.18/4.32	4.32413	2013	43
4.18/4.32	4.3248	2012	44
4.18/4.32	4.32573	2011	46
4.18/4.32	4.32632	2010	47
4.18/4.33	4.33455	2009	65
4.18/4.33	4.33579	2008	67
4.18/4.33	4.33647	2007	68
4.18/4.33	4.33708	2006	69
4.18/4.34	4.33974	2005	75
4.18/4.34	4.34055	2004	76
4.18/4.34	4.34119	2003	77
4.18/4.34	4.34346	2002	82
4.18/4.34	4.34464	2001	84
4.18/4.34	4.34643	2000	88
4.18/4.34	4.34726	1999	89
4.18/4.35	4.3498	1998	95
4.18/4.35	4.35168	1997	99
4.18/4.35	4.35336	1996	103
4.18/4.35	4.356	1995	108
4.18/4.35	4.35698	1994	110
4.18/4.36	4.35992	1993	118
4.18/4.36	4.36048	1992	119
4.18/4.36	4.36148	1991	121
4.18/4.36	4.36228	1990	122
4.18/4.36	4.36301	1989	123
4.18/4.36	4.36365	1988	124
4.18/4.36	4.36599	1987	129
4.18/4.36	4.36708	1986	131
4.18/4.37	4.36855	1985	134
4.18/4.37	4.3751	1984	147
4.18/4.38	4.37901	1983	155
4.18/4.38	4.37964	1982	156
4.18/4.38	4.3834	1981	165
4.18/4.38	4.38468	1980	168
4.18/4.38	4.38523	1979	169
4.18/4.38	4.38628	1978	171
4.18/4.38	4.38686	1977	172
4.18/4.39	4.38802	1976	174
4.18/4.39	4.39018	1975	179
4.18/4.39	4.39073	1974	180
4.18/4.39	4.39197	1973	182
4.18/4.39	4.39348	1972	186
4.18/4.39	4.39556	1971	190
4.18/4.39	4.39616	1970	191
4.18/4.39	4.39695	1969	193
4.18/4.40	4.39793	1968	195
4.18/4.40	4.39964	1967	198
4.18/4.40	4.40052	1966	200
4.18/4.40	4.40118	1965	201
4.18/4.40	4.40519	1964	209
4.18/4.41	4.40788	1963	216
4.18/4.42	4.41962	1962	241
4.18/4.42	4.42105	1961	244
4.18/4.42	4.42239	1960	246
4.18/4.42	4.4256	1959	252
4.18/4.42	4.42722	1958	256
4.18/4.43	4.42884	1957	259
4.18/4.43	4.42935	1956	260
4.18/4.43	4.43715	1955	278
4.18/4.44	4.43771	1954	279
4.18/4.44	4.43848	1953	281
4.18/4.44	4.43907	1952	282
4.18/4.44	4.43988	1951	283
4.18/4.44	4.44041	1950	284
4.18/4.44	4.44121	1949	286
4.18/4.44	4.44236	1948	288
4.18/4.44	4.44288	1947	289
4.18/4.44	4.44376	1946	291
4.18/4.44	4.44571	1945	295
4.18/4.44	4.44662	1944	297
4.18/4.45	4.45094	1943	308
4.18/4.45	4.45158	1942	309
4.18/4.45	4.45608	1941	319
4.18/4.46	4.45814	1940	324
4.18/4.46	4.45884	1939	325
4.18/4.46	4.46054	1938	329
4.18/4.47	4.47122	1937	353
4.18/4.47	4.47293	1936	357
4.18/4.47	4.47497	1935	360
4.18/4.47	4.47706	1934	365
4.18/4.48	4.47805	1933	367
4.18/4.48	4.47915	1932	370
4.18/4.48	4.48119	1931	374
4.18/4.48	4.482	1930	376
4.18/4.48	4.48386	1929	380
4.18/4.48	4.48453	1928	381
4.18/4.48	4.48665	1927	387
4.18/4.49	4.48729	1926	388
4.18/4.49	4.48848	1925	390
4.18/4.49	4.48988	1924	393
4.18/4.49	4.49056	1923	394
4.18/4.49	4.4911	1922	395
4.18/4.49	4.49468	1921	403
4.18/4.49	4.49592	1920	405
4.48/4.49	4.4966	1919	406
4.48/4.50	4.50086	1918	415
4.48/4.50	4.50521	1917	425
4.48/4.50	4.50642	1916	428
4.48/4.51	4.51199	1915	442
4.48/4.51	4.5133	1914	444
4.48/4.51	4.51641	1913	450
4.48/4.52	4.51778	1912	453
4.48/4.52	4.51951	1911	456
4.48/4.53	4.52796	1910	476
4.48/4.53	4.52864	1909	477
4.48/4.53	4.5304	1908	481
4.48/4.53	4.5317	1907	485
4.48/4.53	4.53377	1906	489
4.48/4.54	4.54035	1905	506
4.48/4.56	4.55904	1904	549
4.48/4.56	4.5597	1903	550
4.48/4.56	4.56501	1902	560
4.48/4.57	4.57369	1901	581
4.48/4.58	4.57742	1900	590
4.48/4.58	4.58378	1899	607
4.48/4.58	4.58553	1898	611
4.58/4.63	4.63568	1897	725
4.58/4.64	4.63819	1896	731
4.58/4.64	4.63959	1895	734
4.58/4.66	4.6655	1894	793
4.58/4.68	4.67913	1893	826
4.58/4.68	4.68212	1892	833
4.58/4.68	4.68616	1891	842
4.69/4.70	4.6984	1890	866
4.69/4.70	4.70362	1889	879
4.69/4.70	4.7062	1888	885
4.69/4.71	4.71234	1887	899
4.69/4.73	4.73108	1886	945
4.69/4.73	4.73609	1885	956
4.69/4.74	4.73933	1884	962
4.69/4.75	4.75454	1883	996
4.69/4.75	4.75655	1882	1000
4.69/4.76	4.76002	1881	1008
4.69/4.77	4.76794	1880	1026
4.69/4.77	4.76997	1879	1030
4.69/4.78	4.7774	1878	1049
4.69/4.78	4.77872	1877	1051
4.69/4.78	4.78123	1876	1056
4.69/4.78	4.78227	1875	1058
4.69/4.78	4.78362	1874	1061
4.69/4.78	4.78424	1873	1063
4.69/4.79	4.78835	1872	1071
4.69/4.79	4.79004	1871	1074
4.69/4.79	4.79476	1870	1084
4.79/4.80	4.8051	1869	1108
4.79/4.82	4.82065	1868	1145
4.79/4.82	4.8234	1867	1151
4.79/4.83	4.83588	1866	1177
4.79/4.87	4.8685	1865	1252
4.79/4.88	4.8842	1864	1288
4.79/4.88	4.88485	1863	1289
4.79/4.89	4.88782	1862	1295
4.89/4.91	4.90816	1861	1340
4.89/4.91	4.9165	1860	1360
4.89/4.92	4.9237	1859	1377
4.89/4.93	4.928	1858	1387
4.89/4.95	4.94761	1857	1434
4.89/4.96	4.95945	1856	1463
4.89/4.96	4.96706	1855	1481
4.89/4.97	4.96898	1854	1485
4.89/4.98	4.98586	1853	1522
4.99/5.00	5.00217	1852	1557
4.99/5.01	5.00946	1851	1571
4.99/5.04	5.04679	1850	1650
5.09/5.10	5.10216	1849	1774
5.09/5.12	5.11947	1848	1811
5.19/5.22	5.21862	1847	2018
5.19/5.22	5.22313	1846	2027
5.19/5.23	5.22817	1845	2038
5.19/5.24	5.24425	1844	2071
5.19/5.24	5.24575	1843	2074
5.19/5.25	5.25482	1842	2096
5.19/5.28	5.27881	1841	2150
5.29/5.37	5.37603	1840	2369
5.39/5.40	5.40061	1839	2421
5.39/5.43	5.43642	1838	2504
5.39/5.45	5.4543	1837	2545
5.39/5.51	5.51112	1836	2670
5.39/5.51	5.51458	1835	2678
5.39/5.52	5.52131	1834	2691
5.39/5.52	5.52198	1833	2692
5.39/5.61	5.6119	1832	2896
5.39/5.62	5.61869	1831	2912
5.39/5.62	5.6228	1830	2920
5.39/5.65	5.65287	1829	2985
5.39/5.67	5.66842	1828	3018
5.39/5.82	5.82288	1827	3358
5.39/5.85	5.85261	1826	3420
5.39/5.86	5.86246	1825	3442
5.87/5.93	5.93318	1824	3595
5.87/5.93	5.93539	1823	3600
5.87/5.97	5.96985	1822	3683
6.09/6.14	6.14466	1821	4055
6.09/6.15	6.1483	1820	4064
6.09/6.15	6.15527	1819	4080
6.19/6.26	6.26701	1818	4313
6.19/6.27	6.26827	1817	4316
6.29/6.35	6.35639	1816	4509
6.29/6.38	6.37802	1815	4554
6.49/6.55	6.54757	1814	4917
6.59/6.60	6.59919	1813	5030
6.69/6.71	6.71594	1812	5289
6.79/6.81	6.81146	1811	5512
6.79/6.85	6.85574	1810	5617
6.79/6.86	6.86308	1809	5635
6.79/6.87	6.87059	1808	5653
6.79/7.05	7.05488	1807	6061
6.79/7.07	7.07096	1806	6097
6.79/7.10	7.10515	1805	6171
6.79/7.35	7.35183	1804	6726
6.79/7.38	7.3785	1803	6790
7.52/7.60	7.5973	1802	7282
7.59/7.67	7.66996	1801	7436
7.69/7.78	7.78268	1800	7674
7.79/7.80	7.80564	1799	7725
7.99/8.06	8.06205	1798	8277
7.99/8.07	8.07456	1797	8306
8.19/8.22	8.22019	1796	8627
8.19/8.27	8.26865	1795	8739
8.19/8.28	8.28648	1794	8777
8.29/8.33	8.3355	1793	8882
8.39/8.43	8.43422	1792	9108
8.39/8.57	8.56806	1791	9404
8.39/8.58	8.58098	1790	9439
8.39/8.59	8.59151	1789	9463
8.39/8.60	8.59844	1788	9476
8.39/8.64	8.64642	1787	9586
8.39/8.68	8.68451	1786	9670
8.81/8.91	8.91481	1785	10176
8.91/8.96	8.95869	1784	10271
9.09/9.17	9.17329	1783	10733
9.49/9.52	9.51908	1782	11478
9.49/9.58	9.5798	1781	11610
9.59/9.65	9.6541	1780	11770
9.69/9.72	9.71715	1779	11906
9.79/9.89	9.88955	1778	12276
9.79/10.05	10.0507	1777	12632
10.40/10.41	10.4151	1776	13402
10.49/10.50	10.5007	1775	13587
10.49/10.59	10.5899	1774	13781
11.09/11.25	11.2481	1773	15181
11.09/11.26	11.2669	1772	15219
11.09/11.51	11.511	1771	15756
12.29/12.38	12.3842	1770	17705
12.59/12.61	12.6151	1769	18237
13.89/13.97	13.9722	1768	21203
14.09/14.56	14.5629	1767	22481
14.89/14.93	14.9349	1766	23314
16.19/16.24	16.2422	1765	26181
16.69/16.77	16.7706	1764	27333
16.79/16.85	16.8559	1763	27514
16.89/16.96	16.9612	1762	27743
16.99/17.26	17.262	1761	28389
18.09/18.17	18.1738	1760	30370
19.79/19.83	19.8285	1759	33883
19.99/20.10	20.0994	1758	34465
19.99/20.34	20.3384	1757	34989
20.59/20.65	20.6555	1756	35692
21.29/21.30	21.3019	1755	37097
21.39/21.93	21.9344	1754	38434
23.44/23.59	23.5912	1753	42053
23.69/23.71	23.7125	1752	42313
23.79/23.80	23.7982	1751	42508
24.09/24.16	24.1599	1750	43304
25.89/25.94	25.9434	1749	47194
25.89/25.96	25.9608	1748	47232
25.89/26.21	26.207	1747	47774
28.69/28.78	28.7781	1746	53312
31.19/31.25	31.2519	1745	58574
32.49/32.51	32.5068	1744	61187
34.08/34.13	34.1268	1743	64613
44.49/44.54	44.5383	1742	86599
45.89/45.99	45.9946	1741	89784
46.39/46.78	46.7809	1739	91505
47.59/47.67	47.6749	1738	93439
55.18/55.29	55.2868	1737	109748
68.19/68.23	68.2343	1736	137157
69.39/69.40	69.3955	1735	139574
75.79/75.98	75.9828	1734	153579
75.79/76.34	76.3361	1733	154339
78.59/78.61	78.6113	1732	159148
78.59/78.69	78.6942	1731	159317
81.09/81.18	81.1755	1730	164587
81.59/81.75	81.7521	1729	165811
84.49/84.55	84.5524	1728	171669
86.79/86.86	86.8576	1727	176718
114.89/114.98	114.975	1726	235007
118.98/119.09	119.093	1725	243695
145.43/145.45	145.45	1724	298664
145.49/145.59	145.591	1723	298964
148.89/148.98	148.977	1722	306164
148.99/149.00	148.996	1721	306208
150.79/150.87	150.865	1720	310186
152.85/152.89	152.89	1719	314551
322.68/322.74	322.733	1718	664994
325.48/325.59	325.58	1717	670975
341.98/342.08	342.067	1716	705223
619.97/620.07	620.058	1715	1277513
623.17/623.63	623.609	1714	1285044
710.31/710.49	710.468	1713	1465196
714.27/714.38	714.358	1712	1473458
714.37/714.40	714.384	1711	1473514
