4.19/4.28	4.28559	2031	0
4.19/4.29	4.28628	2030	1
4.19/4.29	4.28992	2027	9
4.19/4.29	4.2911	2026	12
4.19/4.29	4.29167	2025	13
4.19/4.29	4.2924	2024	14
4.19/4.29	4.29345	2023	16
4.19/4.29	4.29404	2022	17
4.19/4.29	4.29586	2021	22
4.29/4.30	4.29703	2020	24
4.29/4.30	4.29894	2019	29
4.29/4.30	4.29998	2018	31
4.29/4.30	4.3014	2017	35
4.29/4.30	4.30269	2016	37
4.29/4.30	4.30452	2015	42
4.29/4.30	4.30614	2014	45
4.29/4.31	4.30739	2013	47
4.29/4.31	4.308	2012	48
4.29/4.31	4.30881	2011	49
4.29/4.31	4.31068	2010	54
4.29/4.31	4.31377	2009	63
4.29/4.31	4.31493	2008	64
4.29/4.31	4.31562	2007	65
4.29/4.32	4.31676	2006	68
4.29/4.32	4.31731	2005	69
4.29/4.32	4.31829	2004	71
4.29/4.32	4.31884	2003	72
4.29/4.32	4.31935	2002	73
4.29/4.32	4.32267	2001	80
4.29/4.32	4.32412	2000	83
4.29/4.32	4.3248	1999	84
4.29/4.32	4.32559	1998	86
4.29/4.33	4.3266	1997	88
4.29/4.33	4.32747	1996	90
4.29/4.33	4.32798	1995	91
4.29/4.33	4.32916	1994	93
4.29/4.33	4.33024	1993	95
4.29/4.33	4.33242	1992	99
4.29/4.33	4.33442	1991	103
4.29/4.33	4.33511	1990	104
4.29/4.34	4.33651	1989	108
4.29/4.34	4.33706	1988	109
4.29/4.34	4.34025	1987	115
4.29/4.34	4.34142	1986	117
4.29/4.34	4.34199	1985	118
4.29/4.34	4.34455	1984	124
4.29/4.35	4.34695	1983	129
4.29/4.35	4.34872	1982	133
4.29/4.35	4.34989	1981	135
4.29/4.35	4.35089	1980	137
4.29/4.35	4.35142	1979	138
4.29/4.35	4.35264	1978	140
4.29/4.35	4.35413	1977	143
4.29/4.35	4.35603	1976	147
4.29/4.36	4.35859	1975	154
4.29/4.36	4.35958	1974	156
4.29/4.36	4.36011	1973	157
4.29/4.36	4.3613	1972	159
4.29/4.36	4.36291	1971	162
4.29/4.36	4.36436	1970	165
4.29/4.37	4.36634	1969	170
4.29/4.37	4.36729	1968	172
4.29/4.37	4.36793	1967	173
4.29/4.37	4.37129	1966	181
4.29/4.37	4.37493	1965	192
4.29/4.37	4.37587	1964	193
4.29/4.38	4.37749	1963	196
4.29/4.38	4.38147	1962	207
4.29/4.38	4.38293	1961	210
4.29/4.38	4.38532	1960	215
4.29/4.39	4.38689	1959	218
4.29/4.39	4.38737	1958	219
4.29/4.39	4.39024	1957	225
4.29/4.39	4.39227	1956	229
4.39/4.40	4.39904	1955	244
4.39/4.40	4.4017	1954	250
4.39/4.40	4.40287	1953	253
4.39/4.40	4.40429	1952	256
4.39/4.40	4.40591	1951	259
4.39/4.41	4.41142	1950	270
4.39/4.41	4.41256	1949	272
4.39/4.41	4.41463	1948	276
4.39/4.42	4.41831	1946	287
4.39/4.43	4.42735	1945	309
4.39/4.43	4.42838	1944	311
4.39/4.43	4.4292	1943	313
4.39/4.43	4.43308	1942	321
4.39/4.44	4.43982	1941	338
4.39/4.44	4.44037	1940	339
4.39/4.44	4.4434	1939	347
4.39/4.44	4.44479	1938	350
4.39/4.45	4.44765	1937	357
4.39/4.45	4.45013	1936	362
4.39/4.45	4.45064	1935	363
4.39/4.46	4.45621	1934	375
4.39/4.46	4.45805	1933	378
4.39/4.46	4.46146	1932	387
4.39/4.47	4.47502	1931	423
4.39/4.47	4.47577	1929	424
4.39/4.49	4.49168	1928	461
4.39/4.49	4.49348	1927	464
4.39/4.49	4.49528	1926	467
4.49/4.50	4.50439	1925	488
4.49/4.51	4.50877	1924	497
4.49/4.51	4.50933	1923	498
4.49/4.51	4.50994	1922	499
4.49/4.51	4.51183	1921	503
4.49/4.52	4.51626	1920	512
4.49/4.53	4.52746	1919	536
4.49/4.53	4.52811	1918	537
4.49/4.53	4.53302	1917	547
4.49/4.53	4.5336	1916	548
4.49/4.54	4.53664	1915	555
4.49/4.54	4.53934	1914	560
4.49/4.54	4.54597	1913	574
4.49/4.55	4.54786	1912	578
4.49/4.55	4.55257	1911	590
4.49/4.56	4.55753	1910	601
4.49/4.56	4.55808	1909	602
4.49/4.56	4.55998	1908	606
4.49/4.56	4.56209	1907	610
4.49/4.57	4.57003	1906	630
4.49/4.57	4.5715	1905	633
4.49/4.57	4.57209	1904	634
4.49/4.57	4.57367	1903	637
4.49/4.58	4.58135	1902	653
4.49/4.58	4.58403	1901	658
4.49/4.59	4.58668	1900	663
4.49/4.59	4.58802	1899	665
4.49/4.59	4.58988	1898	669
4.49/4.59	4.59287	1897	676
4.49/4.59	4.5956	1896	682
4.59/4.60	4.60294	1895	699
4.59/4.60	4.60423	1894	702
4.59/4.61	4.60739	1893	708
4.59/4.61	4.60835	1892	710
4.59/4.61	4.61293	1891	720
4.59/4.62	4.62318	1890	743
4.59/4.63	4.62836	1889	754
4.59/4.63	4.63128	1888	760
4.59/4.63	4.63228	1887	762
4.59/4.63	4.63498	1886	768
4.59/4.64	4.63857	1885	775
4.59/4.65	4.64639	1884	793
4.59/4.65	4.64853	1883	797
4.59/4.67	4.6742	1882	855
4.59/4.68	4.67858	1881	864
4.59/4.69	4.69116	1880	896
4.59/4.69	4.6922	1879	898
4.69/4.72	4.72088	1878	977
4.69/4.74	4.74154	1877	1028
4.69/4.75	4.74735	1876	1041
4.69/4.76	4.75854	1875	1065
4.69/4.76	4.76161	1874	1072
4.69/4.77	4.76722	1873	1086
4.69/4.78	4.77847	1872	1115
4.69/4.79	4.79175	1871	1141
4.79/4.80	4.79745	1870	1153
4.79/4.83	4.82817	1869	1222
4.79/4.84	4.83722	1868	1241
4.79/4.84	4.83855	1867	1244
4.79/4.84	4.84219	1866	1252
4.79/4.85	4.84677	1865	1261
4.79/4.85	4.85513	1864	1279
4.79/4.86	4.86231	1863	1295
4.79/4.86	4.866	1862	1304
4.79/4.87	4.87032	1861	1314
4.79/4.89	4.89234	1860	1364
4.79/4.91	4.90716	1859	1396
4.79/4.93	4.92783	1858	1442
4.79/4.94	4.94271	1857	1479
4.79/4.94	4.94582	1856	1485
4.79/4.96	4.96241	1855	1525
4.79/4.97	4.9668	1854	1534
4.79/4.97	4.96801	1853	1536
4.79/4.97	4.96896	1852	1538
4.79/4.97	4.97469	1851	1550
4.79/4.98	4.98068	1850	1564
4.79/4.99	4.98947	1849	1586
4.79/5.00	4.9996	1848	1609
4.79/5.01	5.01476	1847	1645
4.79/5.03	5.02681	1846	1670
4.79/5.05	5.05607	1845	1732
4.79/5.08	5.08573	1844	1795
4.79/5.11	5.11402	1843	1853
4.79/5.13	5.13244	1842	1892
4.79/5.15	5.1468	1841	1923
4.79/5.17	5.167	1840	1968
4.79/5.18	5.18531	1839	2011
4.79/5.19	5.1916	1838	2026
4.79/5.20	5.19647	1837	2036
4.79/5.24	5.2385	1836	2127
4.79/5.25	5.25184	1835	2158
4.79/5.26	5.26449	1834	2187
5.28/5.29	5.29474	1833	2250
5.28/5.30	5.30061	1832	2262
5.28/5.31	5.31128	1831	2287
5.28/5.36	5.36411	1830	2402
5.37/5.39	5.38878	1829	2458
5.38/5.48	5.48223	1828	2672
5.48/5.50	5.50423	1827	2720
5.48/5.58	5.58139	1826	2896
5.58/5.62	5.61851	1825	2982
5.58/5.67	5.67099	1824	3096
5.68/5.72	5.7173	1823	3199
5.78/5.85	5.84812	1822	3483
5.78/5.86	5.85885	1821	3509
5.78/5.87	5.87038	1820	3534
5.78/5.89	5.89153	1819	3582
5.88/5.90	5.89944	1818	3598
5.88/5.90	5.90563	1817	3609
5.88/5.94	5.93698	1816	3681
5.88/5.99	5.99098	1815	3797
5.98/6.00	5.99815	1814	3812
5.98/6.02	6.02588	1813	3870
5.98/6.03	6.03565	1812	3890
5.98/6.09	6.09038	1811	4011
6.08/6.10	6.10517	1810	4044
6.08/6.13	6.13567	1809	4109
6.08/6.18	6.18205	1808	4207
6.08/6.19	6.18801	1807	4220
6.18/6.21	6.2157	1806	4280
6.18/6.28	6.28234	1805	4420
6.18/6.33	6.32725	1804	4514
6.18/6.37	6.37132	1803	4612
6.18/6.45	6.44762	1802	4768
6.18/6.45	6.45292	1801	4779
6.18/6.68	6.68408	1800	5264
6.18/6.68	6.68593	1799	5268
6.18/6.69	6.69436	1798	5286
6.70/6.73	6.73132	1797	5369
6.70/6.77	6.77149	1796	5462
6.70/6.80	6.80147	1795	5527
6.88/6.98	6.9813	1794	5930
7.09/7.13	7.13263	1793	6285
7.09/7.19	7.18798	1792	6409
7.19/7.28	7.28563	1791	6627
7.29/7.36	7.35672	1790	6785
7.69/7.74	7.73907	1789	7639
7.69/7.97	7.96642	1788	8131
7.69/8.07	8.07394	1787	8366
7.69/8.11	8.10888	1786	8441
7.69/8.18	8.17671	1785	8583
7.69/8.18	8.18059	1784	8591
7.69/8.18	8.1827	1783	8595
7.69/8.18	8.18426	1782	8598
8.49/8.58	8.5847	1781	9442
8.69/8.77	8.77095	1780	9860
8.99/9.08	9.084	1779	10524
9.19/9.37	9.36809	1778	11125
9.19/9.47	9.47465	1777	11350
9.74/9.79	9.78677	1776	12016
10.09/10.15	10.1553	1775	12863
10.29/10.34	10.3431	1774	13280
10.39/10.43	10.4343	1773	13492
10.39/10.47	10.4691	1772	13571
10.39/10.48	10.4783	1771	13592
10.59/10.97	10.9691	1770	14684
10.59/11.03	11.035	1769	14830
11.39/11.44	11.4446	1768	15721
12.54/12.64	12.6366	1767	18336
12.69/12.76	12.7581	1766	18602
12.89/12.93	12.9319	1765	18990
12.89/12.95	12.9496	1764	19031
12.99/13.06	13.0596	1763	19270
13.09/13.16	13.1561	1762	19487
13.19/13.22	13.2204	1761	19659
13.29/13.38	13.3822	1760	20012
13.49/13.62	13.6222	1759	20542
13.49/13.97	13.9733	1758	21339
13.49/13.99	13.9919	1757	21380
13.49/13.99	13.9933	1756	21382
14.99/15.24	15.2439	1755	24493
15.61/15.66	15.659	1754	25397
15.61/15.68	15.6764	1753	25439
16.49/16.77	16.7684	1752	27820
16.49/16.88	16.876	1751	28072
18.00/18.18	18.1857	1750	30935
18.50/18.59	18.5886	1749	31837
19.18/19.25	19.2469	1748	33298
20.19/20.28	20.2839	1747	35556
20.39/20.43	20.4294	1746	35882
22.29/22.33	22.3336	1745	40003
22.29/22.77	22.7662	1744	40937
23.78/24.10	24.102	1743	43930
24.46/24.48	24.4817	1742	44795
24.78/24.82	24.8163	1741	45530
25.29/25.39	25.3864	1740	46774
25.29/25.75	25.7542	1739	47558
26.69/26.77	26.7729	1738	49728
28.28/28.52	28.5156	1737	53437
29.48/29.58	29.5803	1736	55697
31.98/32.05	32.0484	1735	61032
38.39/38.52	38.5244	1734	74728
43.49/43.54	43.5418	1733	85461
45.49/45.52	45.5191	1732	89687
45.59/45.65	45.6486	1731	89955
47.09/47.52	47.5224	1730	93974
47.64/47.67	47.6705	1729	94288
51.39/51.74	51.7371	1728	103016
51.99/52.04	52.0381	1727	103644
62.98/63.10	63.1006	1726	127291
73.18/73.28	73.2793	1725	148533
75.39/75.44	75.4412	1724	153126
75.49/75.54	75.5362	1723	153335
76.89/76.99	76.9873	1722	156411
87.00/87.07	87.0684	1721	177870
101.48/101.52	101.522	1720	208444
104.38/104.44	104.442	1719	214710
104.68/104.77	104.767	1718	215403
105.19/105.43	105.427	1717	216849
148.49/148.56	148.557	1716	308385
166.59/166.68	166.68	1715	347118
197.29/197.30	197.295	1714	411831
199.59/199.62	199.619	1713	416741
207.48/207.51	207.511	1712	433589
223.78/223.89	223.886	1711	467870
289.38/289.46	289.456	1710	605538
