4.19/4.30	4.30525	2026	0
4.19/4.30	4.30622	2025	2
4.19/4.30	4.3074	2024	4
4.19/4.31	4.30823	2023	5
4.19/4.31	4.3087	2022	6
4.19/4.31	4.31165	2021	12
4.19/4.31	4.31227	2020	13
4.19/4.31	4.31298	2019	14
4.19/4.31	4.31382	2018	16
4.19/4.31	4.31482	2017	18
4.19/4.31	4.31673	2016	22
4.19/4.31	4.31724	2015	23
4.19/4.32	4.32145	2014	32
4.19/4.32	4.32215	2013	33
4.19/4.32	4.32284	2012	34
4.19/4.32	4.32425	2011	37
4.19/4.32	4.32483	2010	38
4.19/4.32	4.32576	2009	39
4.19/4.32	4.32634	2008	40
4.19/4.32	4.32755	2007	42
4.19/4.33	4.32952	2006	44
4.19/4.33	4.33286	2005	54
4.19/4.33	4.33417	2003	56
4.19/4.33	4.33534	2002	59
4.19/4.34	4.33945	2001	65
4.19/4.34	4.34074	2000	68
4.19/4.34	4.34133	1999	69
4.19/4.34	4.34222	1998	70
4.19/4.34	4.34275	1997	71
4.19/4.34	4.3438	1996	73
4.19/4.34	4.3458	1995	76
4.19/4.34	4.34732	1994	79
4.19/4.35	4.34804	1993	80
4.19/4.35	4.34879	1992	81
4.19/4.35	4.34932	1991	82
4.19/4.35	4.35077	1990	86
4.19/4.35	4.35247	1989	90
4.19/4.35	4.35303	1988	91
4.19/4.35	4.35375	1987	92
4.19/4.35	4.35428	1986	93
4.19/4.35	4.35482	1985	94
4.19/4.35	4.3561	1984	97
4.19/4.35	4.35792	1983	100
4.19/4.36	4.36044	1982	106
4.19/4.36	4.36109	1981	107
4.19/4.36	4.36176	1980	108
4.19/4.36	4.36551	1979	116
4.19/4.36	4.36667	1978	118
4.19/4.37	4.36858	1977	122
4.19/4.37	4.37126	1976	127
4.19/4.37	4.37404	1975	133
4.19/4.37	4.37463	1974	134
4.19/4.37	4.37523	1973	135
4.19/4.37	4.37766	1972	140
4.19/4.38	4.38045	1971	146
4.19/4.38	4.38095	1970	147
4.19/4.38	4.38179	1969	148
4.19/4.38	4.38229	1968	149
4.19/4.38	4.38655	1967	160
4.19/4.39	4.3898	1966	166
4.19/4.39	4.39044	1965	167
4.19/4.39	4.39319	1964	173
4.19/4.39	4.39408	1963	174
4.19/4.39	4.39473	1962	175
4.19/4.39	4.39658	1961	178
4.19/4.40	4.39968	1960	187
4.19/4.40	4.40395	1959	200
4.19/4.40	4.40503	1958	202
4.19/4.41	4.40805	1957	210
4.19/4.41	4.41036	1956	214
4.19/4.41	4.41133	1955	215
4.19/4.41	4.41272	1954	218
4.19/4.41	4.41325	1953	219
4.19/4.41	4.41377	1952	220
4.19/4.42	4.4192	1951	234
4.19/4.42	4.42186	1950	242
4.19/4.42	4.42494	1949	249
4.19/4.42	4.42594	1948	251
4.19/4.42	4.42746	1947	255
4.19/4.43	4.42981	1946	261
4.19/4.43	4.43034	1945	262
4.19/4.43	4.43314	1944	268
4.19/4.43	4.43463	1943	270
4.19/4.43	4.43543	1942	272
4.19/4.44	4.44668	1941	299
4.19/4.44	4.44736	1940	300
4.19/4.45	4.44902	1939	303
4.19/4.45	4.45007	1938	305
4.19/4.45	4.45348	1937	312
4.19/4.45	4.456	1936	317
4.19/4.45	4.45688	1935	319
4.19/4.46	4.45916	1934	326
4.19/4.46	4.45983	1933	327
4.19/4.46	4.46125	1932	329
4.19/4.46	4.46382	1931	334
4.19/4.46	4.46522	1930	337
4.19/4.46	4.46698	1929	341
4.19/4.47	4.46882	1928	344
4.19/4.47	4.4701	1927	346
4.46/4.47	4.472	1926	350
4.46/4.47	4.47578	1925	359
4.46/4.47	4.47691	1924	361
4.46/4.48	4.48137	1923	370
4.46/4.48	4.48292	1922	373
4.46/4.49	4.48909	1921	390
4.46/4.49	4.49003	1920	392
4.46/4.49	4.49377	1919	401
4.46/4.50	4.49926	1918	413
4.46/4.50	4.50495	1917	426
4.46/4.50	4.50797	1916	435
4.46/4.51	4.51114	1915	441
4.46/4.52	4.51819	1914	458
4.46/4.52	4.51993	1913	461
4.46/4.52	4.52163	1912	464
4.46/4.52	4.52395	1911	469
4.46/4.52	4.52454	1910	470
4.46/4.52	4.5266	1909	474
4.46/4.53	4.53169	1908	486
4.46/4.54	4.5422	1907	514
4.46/4.54	4.54402	1906	518
4.46/4.54	4.54457	1905	519
4.46/4.54	4.54519	1904	520
4.46/4.55	4.55113	1903	535
4.46/4.55	4.55171	1902	536
4.46/4.56	4.55866	1901	552
4.46/4.56	4.56389	1900	564
4.46/4.56	4.56564	1899	568
4.46/4.56	4.56634	1898	569
4.46/4.56	4.56723	1897	571
4.46/4.56	4.56778	1896	572
4.57/4.57	4.57259	1895	582
4.57/4.57	4.57667	1894	592
4.57/4.58	4.57806	1893	596
4.57/4.58	4.57968	1892	599
4.57/4.58	4.58753	1891	617
4.57/4.59	4.5896	1890	623
4.57/4.59	4.59116	1889	626
4.57/4.59	4.59373	1888	631
4.57/4.59	4.59746	1887	638
4.59/4.60	4.59979	1886	643
4.59/4.60	4.60136	1885	647
4.59/4.60	4.60353	1884	651
4.59/4.60	4.60493	1883	653
4.59/4.61	4.61551	1882	675
4.59/4.62	4.62106	1881	690
4.59/4.63	4.62865	1880	708
4.59/4.64	4.64685	1879	753
4.59/4.65	4.65262	1878	765
4.59/4.65	4.654	1877	768
4.59/4.65	4.65743	1876	775
4.59/4.67	4.66963	1875	804
4.59/4.68	4.67809	1874	826
4.59/4.68	4.68068	1873	831
4.59/4.69	4.69244	1872	858
4.59/4.69	4.69599	1871	866
4.59/4.70	4.69822	1870	871
4.69/4.70	4.6988	1869	872
4.69/4.70	4.69948	1868	873
4.69/4.71	4.71214	1867	902
4.69/4.72	4.72051	1866	921
4.69/4.73	4.73319	1865	950
4.69/4.74	4.74524	1864	977
4.69/4.76	4.76097	1863	1010
4.69/4.76	4.76222	1862	1012
4.69/4.76	4.76743	1861	1022
4.69/4.77	4.77397	1860	1036
4.69/4.77	4.77715	1859	1043
4.69/4.78	4.78122	1858	1054
4.69/4.78	4.78311	1857	1058
4.79/4.80	4.80172	1856	1102
4.79/4.82	4.82573	1855	1157
4.79/4.83	4.83464	1854	1176
4.79/4.85	4.84933	1853	1212
4.79/4.87	4.87179	1852	1262
4.79/4.88	4.88141	1851	1287
4.79/4.89	4.89775	1850	1323
4.89/4.91	4.91181	1849	1355
4.89/4.93	4.93577	1848	1412
4.89/4.94	4.94119	1847	1424
4.89/4.95	4.9578	1846	1459
4.89/4.96	4.95881	1845	1461
4.89/4.96	4.96406	1844	1472
4.99/5.01	5.01451	1843	1592
4.99/5.02	5.02621	1842	1621
4.99/5.03	5.0297	1841	1628
4.99/5.03	5.03037	1840	1629
4.99/5.05	5.05391	1839	1679
4.99/5.07	5.07227	1838	1719
4.99/5.07	5.07752	1837	1730
4.99/5.09	5.09622	1836	1769
5.09/5.16	5.16526	1835	1923
5.09/5.18	5.18224	1834	1960
5.19/5.26	5.26461	1833	2141
5.19/5.26	5.2662	1832	2144
5.29/5.32	5.3278	1831	2273
5.29/5.40	5.40132	1830	2428
5.40/5.44	5.44517	1829	2522
5.40/5.47	5.47004	1828	2575
5.40/5.48	5.48036	1827	2598
5.40/5.51	5.51078	1826	2662
5.40/5.51	5.51319	1825	2667
5.40/5.57	5.5706	1824	2791
5.40/5.64	5.63813	1823	2938
5.40/5.64	5.64043	1822	2942
5.40/5.65	5.6521	1821	2966
5.40/5.70	5.70189	1820	3076
5.40/5.75	5.74821	1819	3183
5.40/5.81	5.81731	1818	3327
5.81/5.82	5.82702	1817	3347
5.81/5.84	5.83823	1816	3370
5.81/5.84	5.84354	1815	3381
5.86/5.88	5.8819	1814	3461
5.99/6.07	6.07284	1813	3889
6.09/6.12	6.11904	1812	3990
6.09/6.14	6.14344	1811	4040
6.09/6.19	6.19618	1810	4154
6.19/6.20	6.20298	1809	4169
6.39/6.49	6.49053	1808	4788
6.69/6.75	6.75535	1807	5374
6.69/7.02	7.0186	1806	5958
6.69/7.05	7.05722	1805	6046
6.69/7.15	7.14883	1804	6248
6.69/7.15	7.15342	1803	6257
6.69/7.23	7.23331	1802	6437
7.24/7.32	7.31877	1801	6628
7.39/7.41	7.40786	1800	6824
7.39/7.42	7.42675	1799	6865
7.49/7.52	7.52736	1798	7086
7.49/7.58	7.58109	1797	7216
7.59/7.67	7.67328	1796	7420
7.70/7.78	7.78296	1795	7659
7.99/8.04	8.04727	1794	8248
8.09/8.11	8.11061	1793	8387
8.09/8.11	8.11777	1792	8401
8.20/8.45	8.4479	1791	9113
8.20/8.45	8.45065	1790	9119
8.20/8.45	8.45334	1789	9127
8.20/8.61	8.61407	1788	9483
8.65/8.65	8.65564	1787	9571
9.09/9.17	9.16947	1786	10750
9.09/9.17	9.17618	1785	10763
9.20/9.25	9.25476	1784	10936
9.20/9.29	9.29304	1783	11022
9.49/9.53	9.53121	1782	11516
9.49/9.57	9.57566	1781	11617
9.49/9.59	9.59082	1780	11647
9.59/9.88	9.88359	1779	12294
10.06/10.08	10.0876	1778	12764
10.06/10.14	10.143	1777	12885
10.06/10.15	10.1558	1776	12915
10.19/10.28	10.2849	1775	13205
10.39/10.48	10.4806	1774	13641
10.59/10.63	10.6296	1773	13962
10.69/10.70	10.6994	1772	14115
10.69/10.72	10.7268	1771	14179
10.79/10.82	10.8211	1770	14385
10.99/11.40	11.3992	1769	15662
10.99/11.54	11.5473	1768	15980
11.79/11.81	11.8084	1767	16550
12.09/12.17	12.1773	1766	17354
12.39/12.40	12.404	1765	17843
12.39/12.42	12.4226	1764	17883
12.39/12.47	12.4692	1763	17981
12.60/12.90	12.9055	1762	18905
13.59/13.60	13.6047	1761	20413
13.79/13.80	13.8043	1760	20866
13.79/13.81	13.8105	1759	20879
13.99/14.29	14.295	1758	21989
13.99/14.39	14.3889	1757	22199
14.40/14.46	14.4662	1756	22371
14.56/14.59	14.5877	1755	22641
14.78/14.83	14.8347	1754	23217
14.78/14.84	14.8473	1753	23243
16.19/16.25	16.2552	1752	26352
17.52/17.53	17.5346	1751	29129
17.79/17.87	17.8756	1750	29881
17.89/17.97	17.9759	1749	30094
18.09/18.13	18.1374	1748	30451
18.19/18.26	18.2602	1747	30736
18.19/18.26	18.2666	1746	30752
18.19/18.28	18.2857	1745	30795
22.29/22.33	22.3347	1744	39488
24.09/24.14	24.1398	1743	43452
24.09/24.18	24.1821	1742	43547
25.09/25.11	25.1156	1741	45608
25.69/25.88	25.8842	1740	47518
25.69/26.07	26.0732	1739	47940
32.79/32.82	32.8258	1738	62797
32.89/32.99	32.9926	1737	63147
33.68/33.69	33.696	1736	64667
35.29/35.34	35.3423	1735	68239
35.99/36.10	36.1007	1734	69844
38.39/38.49	38.4919	1733	75054
40.29/40.38	40.3852	1732	79119
41.89/41.94	41.9385	1731	82474
41.89/42.24	42.2401	1730	83121
44.09/44.10	44.0976	1729	87104
47.80/48.11	48.1147	1728	95751
48.34/48.42	48.4222	1727	96427
48.49/48.55	48.5516	1726	96700
50.59/50.63	50.6353	1725	101260
51.12/51.16	51.1641	1724	102425
51.12/51.18	51.1818	1723	102463
52.08/52.40	52.3978	1722	105102
52.88/52.91	52.9091	1721	106191
69.18/69.25	69.2465	1720	141449
139.98/140.09	140.089	1719	290475
142.38/142.40	142.399	1718	295491
142.68/142.74	142.737	1717	296199
145.29/145.34	145.336	1716	301718
152.01/152.32	152.318	1715	316482
164.89/164.93	164.928	1714	343166
175.51/175.60	175.593	1713	366461
199.43/199.77	199.761	1712	417427
388.84/389.08	389.07	1711	804154
543.07/543.44	543.428	1710	1123983
565.17/565.54	565.525	1709	1170288
638.87/639.18	639.16	1708	1321318
