4.29/4.30	4.30462	2031	0
4.29/4.30	4.30537	2030	1
4.29/4.30	4.30646	2029	3
4.29/4.31	4.30895	2027	7
4.29/4.31	4.30952	2026	8
4.29/4.31	4.31472	2025	18
4.29/4.32	4.31742	2024	22
4.29/4.32	4.3198	2023	27
4.29/4.32	4.32139	2022	30
4.29/4.32	4.32213	2021	31
4.29/4.32	4.32287	2020	32
4.29/4.32	4.32348	2019	33
4.29/4.32	4.32461	2018	35
4.29/4.32	4.32612	2017	38
4.29/4.33	4.32775	2016	41
4.29/4.33	4.32836	2015	42
4.29/4.33	4.32908	2014	43
4.29/4.33	4.33247	2013	51
4.29/4.33	4.33299	2012	52
4.29/4.33	4.33357	2011	53
4.29/4.33	4.33598	2010	58
4.29/4.34	4.33749	2009	61
4.29/4.34	4.33805	2008	62
4.29/4.34	4.33873	2007	63
4.29/4.34	4.34012	2006	65
4.29/4.34	4.34134	2005	67
4.29/4.34	4.34203	2004	68
4.29/4.34	4.34263	2003	69
4.29/4.34	4.34535	2002	74
4.29/4.35	4.34822	2001	79
4.29/4.35	4.34896	2000	80
4.29/4.35	4.34999	1999	82
4.29/4.35	4.35226	1998	86
4.29/4.35	4.35405	1997	89
4.29/4.35	4.35462	1996	90
4.29/4.35	4.35529	1995	91
4.29/4.35	4.35646	1994	94
4.29/4.36	4.36075	1993	103
4.29/4.36	4.36167	1992	105
4.29/4.36	4.36289	1991	107
4.29/4.36	4.36396	1990	110
4.29/4.36	4.36494	1989	112
4.29/4.37	4.36826	1988	119
4.29/4.37	4.37061	1987	124
4.29/4.37	4.37415	1986	132
4.29/4.37	4.37601	1985	134
4.29/4.37	4.37691	1984	135
4.29/4.38	4.37795	1983	137
4.29/4.38	4.37846	1982	138
4.29/4.38	4.37954	1981	140
4.29/4.38	4.38015	1980	141
4.29/4.39	4.39212	1979	167
4.29/4.39	4.39285	1978	168
4.29/4.39	4.39355	1977	169
4.29/4.39	4.39578	1976	173
4.29/4.40	4.39744	1975	176
4.29/4.40	4.39805	1974	177
4.29/4.40	4.40031	1973	183
4.29/4.40	4.4009	1972	184
4.29/4.41	4.40873	1971	200
4.29/4.41	4.40965	1970	202
4.29/4.41	4.41406	1969	215
4.29/4.41	4.41594	1968	219
4.29/4.42	4.42022	1967	230
4.29/4.42	4.42074	1966	231
4.29/4.42	4.42265	1965	233
4.29/4.42	4.42437	1964	236
4.29/4.43	4.42776	1963	244
4.29/4.43	4.4293	1962	247
4.29/4.43	4.43049	1961	249
4.29/4.43	4.43214	1960	252
4.29/4.44	4.43974	1959	269
4.29/4.44	4.44306	1958	276
4.29/4.44	4.44639	1957	283
4.29/4.45	4.45297	1956	297
4.29/4.45	4.4537	1955	298
4.29/4.45	4.45674	1954	304
4.29/4.46	4.46148	1953	314
4.29/4.46	4.46209	1952	315
4.29/4.46	4.46281	1951	316
4.29/4.46	4.46465	1950	319
4.29/4.46	4.46516	1949	320
4.29/4.46	4.46584	1948	321
4.29/4.47	4.47193	1947	335
4.29/4.47	4.47334	1946	337
4.29/4.47	4.47563	1945	342
4.29/4.48	4.47838	1944	347
4.29/4.48	4.48033	1943	351
4.29/4.48	4.48159	1942	353
4.29/4.48	4.48238	1941	354
4.29/4.49	4.4889	1940	366
4.29/4.49	4.49123	1939	372
4.29/4.49	4.49178	1938	373
4.29/4.50	4.50585	1937	405
4.29/4.51	4.51211	1936	418
4.29/4.52	4.51826	1935	430
4.29/4.52	4.52303	1934	440
4.29/4.52	4.52491	1933	444
4.29/4.52	4.52605	1932	446
4.29/4.53	4.53571	1931	467
4.29/4.53	4.53721	1930	470
4.29/4.54	4.54103	1929	478
4.29/4.54	4.54577	1928	487
4.29/4.55	4.55173	1927	500
4.29/4.55	4.55387	1926	504
4.29/4.55	4.55686	1925	511
4.29/4.56	4.561	1924	520
4.29/4.56	4.5636	1923	525
4.29/4.56	4.5642	1922	526
4.29/4.56	4.56486	1921	527
4.29/4.57	4.56741	1920	532
4.29/4.57	4.56815	1919	533
4.29/4.57	4.57222	1918	542
4.29/4.57	4.57354	1917	544
4.29/4.57	4.57577	1916	547
4.29/4.58	4.57778	1915	550
4.29/4.58	4.58049	1914	555
4.29/4.58	4.58129	1913	556
4.29/4.59	4.58771	1912	569
4.29/4.59	4.58821	1911	570
4.29/4.59	4.59112	1910	577
4.29/4.60	4.60025	1909	597
4.29/4.61	4.61214	1908	621
4.29/4.61	4.61566	1906	629
4.29/4.62	4.61743	1905	632
4.29/4.62	4.6188	1904	634
4.29/4.63	4.62773	1903	652
4.29/4.63	4.63183	1902	660
4.29/4.63	4.63393	1901	664
4.29/4.64	4.63884	1900	673
4.29/4.64	4.64218	1899	681
4.29/4.64	4.64548	1898	689
4.29/4.65	4.6506	1897	699
4.29/4.66	4.65896	1896	716
4.29/4.66	4.66021	1895	718
4.29/4.67	4.67553	1894	749
4.29/4.68	4.6791	1893	757
4.29/4.68	4.68524	1892	770
4.29/4.69	4.69262	1891	784
4.29/4.69	4.69673	1890	794
4.29/4.70	4.69776	1889	796
4.29/4.70	4.69947	1888	799
4.29/4.70	4.70728	1887	815
4.29/4.71	4.71449	1886	830
4.29/4.72	4.71866	1885	839
4.29/4.72	4.72208	1884	846
4.29/4.73	4.7296	1883	861
4.29/4.73	4.73444	1882	872
4.29/4.77	4.776	1881	964
4.77/4.78	4.78014	1880	973
4.77/4.78	4.78085	1879	974
4.77/4.78	4.78686	1878	987
4.77/4.79	4.78977	1877	992
4.77/4.79	4.7963	1876	1005
4.77/4.80	4.79919	1875	1010
4.77/4.80	4.80186	1874	1015
4.77/4.80	4.80512	1873	1021
4.77/4.81	4.81155	1872	1034
4.77/4.81	4.8137	1871	1038
4.77/4.83	4.82902	1870	1072
4.77/4.83	4.83118	1869	1076
4.77/4.86	4.8602	1868	1138
4.77/4.86	4.8658	1867	1150
4.77/4.86	4.8666	1866	1151
4.77/4.87	4.86885	1865	1155
4.77/4.87	4.87412	1864	1166
4.87/4.88	4.88583	1863	1192
4.87/4.89	4.88778	1862	1196
4.89/4.90	4.89918	1861	1220
4.89/4.90	4.9017	1860	1226
4.89/4.91	4.91295	1859	1249
4.89/4.92	4.92172	1858	1267
4.89/4.92	4.92334	1857	1271
4.89/4.93	4.92851	1856	1283
4.89/4.93	4.93256	1855	1291
4.89/4.94	4.93763	1854	1301
4.89/4.94	4.93827	1853	1302
4.89/4.94	4.94407	1852	1314
4.89/4.94	4.94559	1851	1317
4.89/4.95	4.95627	1850	1339
4.89/4.96	4.96023	1849	1347
4.89/4.97	4.9711	1848	1369
4.89/4.97	4.97278	1847	1372
4.89/4.98	4.98456	1846	1396
4.89/4.99	4.99714	1845	1422
4.99/5.01	5.00792	1844	1438
4.99/5.01	5.01545	1843	1454
4.99/5.01	5.01708	1842	1458
4.99/5.02	5.02458	1841	1476
4.99/5.03	5.03455	1840	1497
4.99/5.03	5.03721	1839	1502
4.99/5.05	5.04875	1838	1529
4.99/5.07	5.07212	1837	1583
4.99/5.08	5.07785	1836	1595
5.09/5.10	5.09925	1835	1644
5.09/5.11	5.11657	1834	1681
5.09/5.14	5.14275	1833	1743
5.09/5.17	5.17433	1832	1820
5.09/5.19	5.18944	1831	1853
5.19/5.20	5.19832	1830	1873
5.19/5.20	5.20451	1829	1888
5.19/5.20	5.20536	1828	1890
5.19/5.24	5.24139	1827	1971
5.29/5.30	5.30695	1826	2123
5.29/5.32	5.32293	1825	2160
5.29/5.34	5.33959	1824	2196
5.29/5.38	5.38626	1823	2304
5.49/5.54	5.54564	1822	2668
5.49/5.56	5.56727	1821	2716
5.59/5.62	5.61951	1820	2833
5.59/5.65	5.65533	1819	2912
5.69/5.72	5.72695	1818	3070
5.69/5.81	5.80911	1817	3245
5.69/5.82	5.8231	1816	3279
5.69/5.87	5.87682	1815	3394
5.69/5.92	5.9238	1814	3494
5.69/5.99	5.98875	1813	3639
5.69/6.11	6.11477	1812	3907
5.69/6.18	6.18115	1811	4052
5.69/6.19	6.18956	1810	4071
6.20/6.29	6.29057	1809	4282
6.29/6.36	6.36651	1808	4450
6.29/6.37	6.36773	1807	4452
6.39/6.41	6.41075	1806	4543
6.89/6.99	6.99536	1805	5802
6.99/7.08	7.08496	1804	5994
6.99/7.09	7.08995	1803	6004
7.09/7.10	7.09773	1802	6021
7.67/7.74	7.74057	1801	7427
7.73/7.78	7.77727	1800	7511
7.79/7.87	7.87476	1799	7734
7.79/7.88	7.8845	1798	7758
7.88/7.96	7.96271	1797	7930
7.88/7.96	7.96678	1796	7939
7.88/7.97	7.96881	1795	7943
7.88/7.99	7.98948	1794	7990
7.98/8.05	8.05293	1793	8126
8.18/8.21	8.21043	1792	8461
8.28/8.32	8.32028	1791	8697
8.58/8.67	8.67146	1790	9483
8.58/8.72	8.72648	1789	9603
8.58/8.82	8.82121	1788	9805
8.58/9.04	9.04706	1787	10281
9.59/9.60	9.60305	1786	11462
9.59/9.63	9.6333	1785	11525
9.59/9.68	9.67888	1784	11622
9.59/9.68	9.68639	1783	11637
9.79/9.86	9.86339	1782	12019
10.09/10.21	10.2141	1781	12766
10.65/10.66	10.6585	1780	13696
10.79/10.80	10.7985	1779	13996
10.79/10.81	10.8117	1778	14025
10.79/10.89	10.8953	1777	14207
11.19/11.27	11.2742	1776	15035
11.19/11.29	11.2942	1775	15079
11.49/11.89	11.8932	1774	16369
11.49/11.90	11.8977	1773	16379
12.59/12.66	12.6636	1772	18048
12.69/12.72	12.7261	1771	18193
12.69/12.79	12.7906	1770	18335
12.89/12.97	12.9726	1769	18744
12.99/13.23	13.2337	1768	19329
13.50/13.56	13.5588	1767	20040
13.58/13.61	13.6145	1766	20161
13.58/13.67	13.6707	1765	20280
13.79/13.83	13.8289	1764	20616
14.39/14.40	14.4062	1763	21821
14.89/14.92	14.927	1762	22942
14.89/14.94	14.9468	1761	22985
15.69/15.79	15.7919	1760	24779
15.89/15.94	15.9388	1759	25096
15.89/15.95	15.9567	1758	25139
15.89/16.04	16.0373	1757	25310
15.89/16.07	16.0681	1756	25372
15.89/16.22	16.2238	1755	25689
17.19/17.25	17.2538	1754	27818
17.29/17.80	17.7997	1753	28976
18.79/18.80	18.8035	1752	31082
20.89/20.90	20.9039	1751	35516
20.89/20.94	20.9424	1750	35598
21.19/21.23	21.2302	1749	36223
21.69/21.97	21.9764	1748	37830
23.09/23.55	23.5487	1747	41223
24.39/24.40	24.4049	1746	43045
24.59/25.04	25.044	1745	44408
25.10/25.14	25.1419	1744	44612
25.79/25.83	25.8357	1743	46128
26.09/26.21	26.2096	1742	46943
28.78/28.83	28.8294	1741	52472
28.98/29.04	29.0437	1740	52928
30.48/30.64	30.6455	1739	56315
30.48/30.83	30.8291	1738	56711
30.48/30.95	30.9484	1737	56978
31.48/31.50	31.5	1736	58187
31.99/32.08	32.0803	1735	59492
42.89/42.98	42.979	1734	82485
44.29/44.36	44.3646	1733	85499
51.99/52.05	52.0519	1732	101659
52.29/52.35	52.3491	1731	102277
56.79/56.82	56.8244	1730	111713
59.28/59.34	59.3422	1729	117033
67.19/67.45	67.4476	1728	134127
69.79/69.86	69.8583	1727	139174
70.09/70.48	70.4825	1726	140489
76.78/76.80	76.7969	1725	153757
87.68/87.91	87.9118	1724	177281
91.08/91.11	91.1102	1723	184171
94.99/95.08	95.0833	1722	192728
101.79/101.81	101.811	1721	206799
102.29/102.63	102.629	1720	208537
107.89/107.91	107.907	1719	219704
169.09/169.16	169.163	1718	347260
174.18/174.22	174.215	1717	357887
187.79/187.86	187.854	1716	386955
304.08/304.11	304.104	1715	625463
344.77/344.79	344.78	1714	709140
345.38/345.42	345.418	1713	710477
346.38/346.44	346.433	1712	712585
490.12/490.15	490.144	1711	1009598
510.08/510.29	510.279	1710	1051739
