0.00/0.10	0.098917	420	0
0.00/0.10	0.099254	419	3
0.00/0.10	0.099358	418	4
0.00/0.10	0.09961	417	7
0.00/0.10	0.099882	416	10
0.00/0.10	0.100052	415	12
0.00/0.10	0.100221	414	14
0.00/0.10	0.100894	413	23
0.00/0.10	0.101093	412	25
0.00/0.10	0.101184	411	26
0.00/0.10	0.101479	410	30
0.00/0.10	0.102098	409	38
0.00/0.10	0.102431	408	42
0.00/0.10	0.102703	407	45
0.00/0.10	0.103112	406	50
0.00/0.10	0.104246	405	66
0.00/0.10	0.104694	404	72
0.00/0.11	0.108352	403	124
0.00/0.11	0.108652	402	127
0.00/0.11	0.111134	401	162
0.00/0.11	0.111252	400	163
