0.00/0.08	0.075753	423	0
0.00/0.08	0.075916	421	1
0.00/0.08	0.076146	420	3
0.00/0.08	0.076325	419	4
0.00/0.08	0.076506	418	6
0.00/0.08	0.077025	417	13
0.00/0.08	0.077158	416	14
0.00/0.08	0.077364	415	16
0.00/0.09	0.077637	414	19
0.00/0.09	0.078022	413	24
0.00/0.09	0.078483	412	30
0.00/0.09	0.07858	411	31
0.00/0.09	0.078675	410	32
0.00/0.09	0.07893	409	35
0.00/0.09	0.079319	408	40
0.00/0.09	0.079991	407	50
0.00/0.09	0.080105	406	51
0.00/0.09	0.081991	405	77
0.00/0.09	0.082675	404	86
0.00/0.09	0.084	403	105
0.00/0.09	0.08751	402	153
0.00/0.10	0.087611	401	154
0.00/0.10	0.094269	400	248
