0.00/0.11	0.108467	423	0
0.00/0.11	0.109146	422	7
0.00/0.11	0.109586	421	12
0.00/0.11	0.109915	420	16
0.00/0.11	0.110247	419	20
0.00/0.11	0.110366	418	21
0.00/0.11	0.110475	417	22
0.00/0.11	0.110773	416	25
0.00/0.11	0.111577	415	35
0.00/0.11	0.112011	414	40
0.00/0.11	0.113999	413	66
0.00/0.11	0.114122	412	67
0.00/0.11	0.114535	411	72
0.00/0.11	0.114987	410	77
0.00/0.11	0.115254	409	80
0.00/0.11	0.116107	408	90
0.00/0.11	0.117269	407	104
0.00/0.11	0.117404	406	105
0.00/0.12	0.119388	405	129
0.00/0.12	0.121307	404	153
0.00/0.12	0.122935	403	174
0.00/0.12	0.124158	402	190
0.00/0.12	0.126813	401	224
0.00/0.13	0.13041	400	270
