0.10/0.12	0.120026	418	0
0.10/0.12	0.120399	417	2
0.10/0.12	0.120556	416	3
0.10/0.12	0.120951	415	6
0.10/0.12	0.121178	414	7
0.10/0.12	0.121353	413	8
0.10/0.12	0.122154	412	15
0.10/0.12	0.122522	411	18
0.10/0.12	0.123353	410	26
0.10/0.12	0.123507	409	27
0.10/0.12	0.124764	408	39
0.10/0.12	0.125544	407	46
0.10/0.13	0.12705	406	60
0.10/0.13	0.127308	405	62
0.10/0.13	0.127457	404	63
0.10/0.13	0.127844	403	66
0.10/0.13	0.131358	402	100
0.10/0.13	0.133055	401	116
0.10/0.14	0.139465	400	183
