0.04/0.07	0.07611	418	0
0.04/0.07	0.076291	417	1
0.04/0.07	0.076401	416	2
0.04/0.07	0.076506	415	3
0.04/0.07	0.076602	414	4
0.04/0.07	0.076705	413	5
0.04/0.07	0.076802	412	6
0.04/0.07	0.07733	411	13
0.04/0.07	0.077754	410	18
0.04/0.07	0.078098	409	22
0.04/0.07	0.078245	408	23
0.04/0.07	0.078412	407	25
0.04/0.08	0.078881	406	31
0.04/0.08	0.079691	405	42
0.04/0.08	0.080418	404	52
0.04/0.08	0.080677	403	55
0.04/0.08	0.082814	402	85
0.04/0.08	0.082913	401	86
0.04/0.08	0.08395	400	101
