0.16/0.35	0.214828	1128	0
0.16/0.35	0.215194	1127	2
0.16/0.35	0.215813	1126	7
0.16/0.35	0.216004	1125	8
0.16/0.35	0.216339	1124	10
0.16/0.35	0.216645	1123	11
0.16/0.35	0.217323	1122	16
0.16/0.35	0.218334	1121	24
0.16/0.35	0.22013	1120	38
0.16/0.35	0.221185	1119	46
0.16/0.36	0.223736	1118	65
0.16/0.36	0.225588	1117	80
0.16/0.36	0.227863	1116	101
0.16/0.36	0.228776	1115	108
0.16/0.36	0.229815	1114	116
0.16/0.36	0.230135	1113	118
0.16/0.37	0.231409	1112	128
0.16/0.37	0.232645	1111	138
0.16/0.37	0.234235	1110	151
0.16/0.38	0.246315	1109	259
0.16/0.38	0.247215	1108	266
0.16/0.38	0.249542	1107	286
0.16/0.38	0.250301	1106	291
0.16/0.39	0.253632	1105	318
0.25/0.40	0.262595	1104	392
0.25/0.42	0.280653	1103	545
0.25/0.46	0.326358	1102	931
0.25/0.46	0.329864	1101	959
0.35/0.50	0.368718	1100	1280
