0.19/0.20	0.201973	1125	0
0.19/0.20	0.202978	1124	7
0.19/0.20	0.205148	1122	25
0.19/0.20	0.206075	1121	32
0.19/0.20	0.207676	1120	40
0.19/0.21	0.210274	1119	62
0.19/0.21	0.211274	1118	70
0.19/0.21	0.212829	1117	83
0.19/0.21	0.213486	1116	88
0.19/0.21	0.214726	1115	97
0.19/0.22	0.218663	1114	129
0.19/0.22	0.222624	1113	162
0.19/0.22	0.224748	1112	181
0.19/0.22	0.227021	1111	200
0.19/0.23	0.229945	1110	224
0.19/0.23	0.2336	1109	254
0.19/0.23	0.234015	1108	256
0.19/0.24	0.242898	1107	332
0.19/0.24	0.243308	1106	335
0.19/0.24	0.245306	1105	351
0.19/0.25	0.248807	1104	379
0.19/0.25	0.249675	1103	385
0.19/0.25	0.256322	1102	440
0.19/0.25	0.256996	1101	445
0.29/0.32	0.327507	1100	1056
