0.19/0.20	0.203571	1142	0
0.19/0.20	0.204055	1141	2
0.19/0.20	0.204638	1140	7
0.19/0.20	0.204825	1139	8
0.19/0.20	0.205127	1138	10
0.19/0.20	0.205294	1137	11
0.19/0.20	0.205671	1136	14
0.19/0.20	0.206069	1134	16
0.19/0.20	0.206233	1133	17
0.19/0.20	0.206691	1132	20
0.19/0.20	0.207184	1131	24
0.19/0.20	0.207505	1130	26
0.19/0.20	0.207695	1129	27
0.19/0.20	0.208002	1128	29
0.19/0.21	0.208911	1127	35
0.19/0.21	0.209829	1126	42
0.19/0.21	0.210974	1125	51
0.19/0.21	0.211547	1124	55
0.19/0.21	0.212187	1123	59
0.19/0.21	0.212499	1122	61
0.19/0.21	0.213016	1121	65
0.19/0.21	0.213215	1120	66
0.19/0.21	0.213999	1119	72
0.19/0.21	0.215259	1118	82
0.19/0.21	0.215914	1117	87
0.19/0.21	0.21678	1116	93
0.19/0.21	0.217554	1115	99
0.19/0.22	0.220436	1114	123
0.19/0.22	0.220875	1113	126
0.19/0.22	0.221275	1112	129
0.19/0.22	0.224065	1111	152
0.19/0.22	0.227208	1110	179
0.19/0.23	0.230117	1109	202
0.19/0.23	0.230314	1108	203
0.19/0.23	0.233456	1107	229
0.19/0.23	0.234784	1106	240
0.19/0.23	0.237401	1105	262
0.19/0.25	0.250356	1104	371
0.19/0.26	0.263165	1103	482
0.19/0.26	0.265052	1102	498
0.19/0.26	0.267213	1101	516
0.29/0.33	0.337405	1100	1114
