0.18/0.22	0.207296	1123	0
0.18/0.22	0.208174	1122	6
0.18/0.22	0.209397	1121	16
0.18/0.22	0.210057	1120	21
0.18/0.22	0.210978	1119	29
0.18/0.22	0.211289	1118	31
0.18/0.22	0.211471	1117	32
0.18/0.22	0.2125	1116	41
0.18/0.22	0.215933	1115	72
0.18/0.23	0.219456	1114	104
0.18/0.23	0.220713	1113	114
0.18/0.23	0.221335	1112	119
0.18/0.24	0.227187	1111	172
0.18/0.24	0.227667	1110	175
0.18/0.24	0.228568	1109	182
0.18/0.24	0.231152	1108	206
0.18/0.25	0.236793	1107	256
0.18/0.25	0.237359	1106	260
0.18/0.25	0.239087	1105	275
0.18/0.25	0.239861	1104	281
0.18/0.25	0.243465	1103	314
0.18/0.28	0.272467	1102	588
0.28/0.39	0.381059	1101	1554
0.38/0.45	0.442974	1100	2073
