0.20/0.24	0.247387	1132	0
0.20/0.25	0.247682	1131	1
0.20/0.25	0.249099	1130	12
0.20/0.25	0.250056	1129	19
0.20/0.25	0.253873	1128	50
0.20/0.25	0.254538	1127	54
0.20/0.25	0.255568	1126	62
0.20/0.25	0.255913	1125	64
0.20/0.26	0.259443	1124	93
0.20/0.26	0.259635	1123	94
0.20/0.26	0.259825	1122	95
0.20/0.26	0.260226	1121	97
0.20/0.26	0.260715	1120	100
0.20/0.26	0.264064	1119	125
0.20/0.26	0.264283	1118	126
0.20/0.26	0.26708	1117	146
0.20/0.27	0.268605	1116	156
0.20/0.27	0.269762	1115	164
0.20/0.27	0.272159	1114	182
0.20/0.27	0.27241	1113	183
0.20/0.27	0.27435	1112	197
0.20/0.27	0.276526	1111	212
0.20/0.29	0.289879	1110	317
0.20/0.29	0.293501	1109	344
0.29/0.30	0.302536	1108	413
0.29/0.31	0.313951	1107	507
0.29/0.33	0.332938	1106	660
0.29/0.34	0.34528	1105	757
0.29/0.35	0.35498	1104	831
0.29/0.37	0.370812	1103	953
0.29/0.38	0.383284	1102	1049
0.39/0.47	0.47168	1101	1736
0.49/0.53	0.532941	1100	2237
