0.00/0.25	0.252547	1124	0
0.00/0.25	0.253703	1123	8
0.00/0.25	0.254024	1122	10
0.00/0.25	0.254311	1121	12
0.00/0.25	0.254636	1120	14
0.00/0.25	0.256026	1119	23
0.00/0.26	0.258429	1118	41
0.00/0.26	0.260081	1116	54
0.00/0.26	0.261248	1115	62
0.00/0.26	0.262751	1114	72
0.00/0.26	0.265441	1113	92
0.00/0.26	0.265682	1112	93
0.00/0.26	0.267546	1111	106
0.00/0.27	0.26927	1110	118
0.00/0.27	0.270469	1109	126
0.00/0.27	0.275317	1108	163
0.00/0.28	0.284743	1107	237
0.00/0.29	0.288289	1106	263
0.00/0.29	0.290935	1105	283
0.00/0.29	0.295875	1104	320
0.00/0.32	0.318994	1103	502
0.00/0.34	0.345086	1102	701
0.00/0.34	0.347174	1101	716
0.00/0.36	0.364095	1100	846
