0.19/0.24	0.247533	1127	0
0.19/0.25	0.249558	1126	16
0.19/0.25	0.255264	1125	63
0.19/0.25	0.256637	1124	74
0.19/0.25	0.256841	1123	75
0.19/0.26	0.260649	1122	106
0.19/0.26	0.260955	1121	108
0.19/0.26	0.262288	1120	119
0.19/0.27	0.26888	1119	171
0.19/0.27	0.269879	1118	179
0.19/0.27	0.270627	1117	185
0.19/0.27	0.275635	1116	224
0.19/0.27	0.276523	1114	230
0.19/0.28	0.279587	1113	253
0.19/0.28	0.281611	1112	268
0.19/0.28	0.284412	1111	290
0.19/0.29	0.294325	1110	369
0.19/0.29	0.295234	1109	376
0.29/0.31	0.310851	1108	498
0.29/0.31	0.316095	1107	537
0.29/0.32	0.318856	1106	557
0.29/0.32	0.320314	1105	568
0.29/0.33	0.334328	1104	676
0.29/0.34	0.34404	1103	751
0.29/0.39	0.393843	1102	1145
0.29/0.44	0.444594	1101	1540
0.29/0.61	0.608592	1100	2825
