0.00/0.24	0.238647	1130	0
0.00/0.24	0.239307	1129	4
0.00/0.24	0.24058	1128	14
0.00/0.24	0.241753	1127	23
0.00/0.24	0.243144	1126	33
0.00/0.24	0.243352	1125	34
0.00/0.24	0.245035	1124	46
0.00/0.24	0.245467	1123	48
0.00/0.24	0.24609	1122	52
0.00/0.24	0.247392	1121	61
0.00/0.25	0.248403	1120	68
0.00/0.25	0.249425	1119	75
0.00/0.25	0.25042	1118	81
0.00/0.25	0.251766	1117	90
0.00/0.25	0.254452	1116	109
0.00/0.25	0.254671	1115	110
0.00/0.25	0.257025	1114	128
0.00/0.26	0.257838	1113	134
0.00/0.26	0.26085	1112	156
0.00/0.27	0.267796	1111	211
0.00/0.27	0.267989	1110	212
0.00/0.27	0.269265	1109	221
0.00/0.28	0.277777	1108	287
0.00/0.28	0.279861	1107	303
0.00/0.28	0.282095	1106	319
0.00/0.28	0.283122	1105	326
0.00/0.28	0.287458	1104	357
0.00/0.29	0.2943	1103	408
0.00/0.29	0.297492	1102	431
0.00/0.32	0.325369	1101	655
0.00/0.35	0.349867	1100	847
