0.00/0.24	0.246186	1130	0
0.00/0.24	0.246842	1129	4
0.00/0.25	0.247849	1128	11
0.00/0.25	0.249219	1127	21
0.00/0.25	0.249413	1126	22
0.00/0.25	0.250181	1125	28
0.00/0.25	0.250526	1124	30
0.00/0.25	0.251319	1123	36
0.00/0.25	0.256272	1122	75
0.00/0.25	0.256843	1121	79
0.00/0.25	0.257286	1120	82
0.00/0.26	0.259135	1119	97
0.00/0.26	0.259553	1118	100
0.00/0.26	0.259768	1117	101
0.00/0.26	0.259946	1116	102
0.00/0.26	0.26156	1115	114
0.00/0.26	0.262204	1114	118
0.00/0.26	0.262548	1113	120
0.00/0.26	0.263734	1112	128
0.00/0.26	0.26574	1111	142
0.00/0.26	0.266883	1110	150
0.00/0.27	0.270975	1109	180
0.00/0.27	0.272325	1108	190
0.00/0.27	0.2729	1107	194
0.00/0.27	0.274648	1106	206
0.00/0.28	0.286002	1105	295
0.00/0.29	0.289783	1104	326
0.00/0.31	0.309509	1103	482
0.00/0.32	0.324527	1102	597
0.00/0.35	0.352119	1101	809
0.40/0.46	0.462098	1100	1657
