0.00/0.25	0.254337	1128	0
0.00/0.26	0.255011	1127	4
0.00/0.26	0.25614	1126	11
0.00/0.26	0.258149	1125	26
0.00/0.26	0.259277	1124	34
0.00/0.26	0.259769	1123	37
0.00/0.26	0.261314	1122	47
0.00/0.26	0.262288	1121	54
0.00/0.26	0.263585	1120	63
0.00/0.27	0.264779	1119	71
0.00/0.27	0.264987	1118	72
0.00/0.27	0.266767	1117	84
0.00/0.27	0.268045	1116	93
0.00/0.27	0.272429	1115	126
0.00/0.28	0.27578	1114	152
0.00/0.28	0.277245	1113	163
0.00/0.28	0.280887	1112	191
0.00/0.28	0.281652	1111	196
0.00/0.28	0.282377	1110	201
0.00/0.29	0.289172	1109	253
0.00/0.29	0.291951	1108	273
0.00/0.29	0.294071	1107	289
0.00/0.30	0.294957	1106	295
0.00/0.31	0.30808	1105	398
0.00/0.31	0.308841	1104	403
0.00/0.33	0.326924	1103	546
0.00/0.33	0.328914	1102	562
0.34/0.35	0.345507	1101	691
0.34/0.38	0.381031	1100	972
