16.99/17.04	17.04	7258	0
18.71/18.75	18.7527	7257	1
20.39/20.46	20.4622	7256	3
22.10/22.19	22.1886	7255	4
23.89/23.90	23.9041	7254	6
25.49/25.59	25.5895	7253	7
27.29/27.31	27.3071	7252	8
28.89/28.99	28.9916	7251	10
30.59/30.64	30.6409	7249	11
32.29/32.34	32.3411	7248	12
33.89/33.99	33.987	7247	13
35.69/35.72	35.7252	7246	17
37.43/37.45	37.4559	7245	18
39.09/39.15	39.1472	7244	20
40.80/40.83	40.8354	7243	21
42.39/42.49	42.4862	7241	22
44.10/44.19	44.1908	7240	23
45.89/45.90	45.904	7239	24
47.59/47.63	47.6321	7238	25
49.19/49.29	49.2927	7237	26
50.89/50.94	50.9363	7236	28
52.59/52.65	52.654	7235	29
54.29/54.38	54.3777	7234	30
56.11/56.12	56.1226	7233	31
57.79/57.82	57.8238	7232	32
59.50/59.52	59.5181	7231	33
61.09/61.18	61.1826	7230	34
62.80/62.87	62.8694	7229	35
64.49/64.55	64.5501	7228	36
66.19/66.26	66.2619	7227	37
67.89/67.95	67.9483	7226	38
69.59/69.61	69.6139	7225	39
71.19/71.29	71.2912	7224	40
72.89/72.93	72.9315	7223	41
74.59/74.63	74.6312	7222	42
76.29/76.31	76.3103	7221	43
77.99/78.01	78.0127	7220	44
79.69/79.71	79.71	7219	45
81.41/81.44	81.4385	7218	46
83.09/83.17	83.1659	7217	48
84.80/84.85	84.8533	7216	49
86.49/86.52	86.5237	7215	50
88.19/88.24	88.2422	7214	51
89.89/89.97	89.9654	7213	52
91.59/91.66	91.6599	7212	53
93.29/93.38	93.3799	7211	54
95.09/95.11	95.1054	7210	56
96.69/96.81	96.8048	7209	57
98.39/98.44	98.4404	7208	58
99.99/100.08	100.075	7207	59
101.69/101.79	101.787	7206	60
103.41/103.50	103.501	7205	61
105.09/105.18	105.177	7204	62
106.71/106.81	106.809	7203	63
108.39/108.45	108.449	7202	64
110.01/110.09	110.085	7201	65
111.69/111.75	111.75	7200	67
113.31/113.38	113.38	7199	68
114.99/115.01	115.007	7198	69
116.61/116.64	116.641	7197	70
118.19/118.27	118.268	7196	71
119.79/119.90	119.896	7195	72
121.49/121.55	121.551	7194	73
123.20/123.26	123.262	7193	74
124.89/124.98	124.974	7192	75
126.60/126.68	126.682	7191	76
128.29/128.36	128.362	7190	78
129.99/130.07	130.073	7189	80
131.69/131.79	131.789	7188	83
133.49/133.50	133.502	7187	84
135.19/135.23	135.225	7186	88
136.78/136.86	136.861	7185	91
138.38/138.49	138.487	7184	92
140.08/140.11	140.111	7183	93
141.68/141.78	141.774	7182	95
143.38/143.42	143.418	7181	96
144.98/145.03	145.025	7180	97
146.68/146.71	146.707	7179	98
148.28/148.35	148.35	7178	99
149.88/149.98	149.974	7177	100
151.58/151.60	151.602	7176	102
153.18/153.23	153.225	7175	103
154.78/154.84	154.834	7174	104
156.38/156.45	156.45	7173	105
157.98/158.07	158.064	7172	106
159.68/159.71	159.708	7171	109
161.28/161.36	161.358	7170	110
162.90/162.98	162.979	7169	111
164.58/164.60	164.6	7168	112
166.19/166.28	166.276	7167	113
167.78/167.89	167.891	7166	114
169.50/169.53	169.527	7165	120
171.08/171.14	171.142	7164	121
172.72/172.76	172.757	7163	122
174.28/174.38	174.375	7162	124
175.88/176.00	175.997	7161	126
177.58/177.65	177.65	7160	129
179.18/179.27	179.267	7159	130
180.78/180.89	180.883	7158	131
182.48/182.50	182.497	7157	132
184.08/184.11	184.106	7156	133
185.68/185.73	185.723	7155	134
187.28/187.34	187.333	7154	135
188.88/188.95	188.944	7153	136
190.48/190.56	190.561	7152	139
192.08/192.17	192.172	7151	140
193.70/193.78	193.779	7150	141
195.38/195.40	195.392	7149	143
196.89/197.00	196.997	7148	144
198.58/198.61	198.609	7147	145
200.20/200.23	200.224	7146	146
201.78/201.85	201.851	7145	149
203.38/203.50	203.493	7144	150
205.08/205.10	205.101	7143	151
206.68/206.71	206.708	7142	152
208.28/208.34	208.332	7141	157
209.88/209.94	209.941	7140	158
211.48/211.55	211.55	7139	159
213.08/213.18	213.172	7138	161
214.78/214.82	214.817	7137	164
216.48/216.50	216.495	7136	165
218.38/218.49	218.482	7135	167
220.09/220.12	220.119	7134	171
221.68/221.76	221.755	7133	174
223.30/223.36	223.36	7132	175
224.88/224.98	224.974	7131	177
226.60/226.62	226.614	7130	179
228.18/228.21	228.202	7129	180
229.68/229.79	229.79	7128	181
231.28/231.38	231.378	7127	182
232.88/232.97	232.965	7126	183
234.58/234.61	234.61	7125	189
236.60/236.64	236.635	7124	191
238.18/238.25	238.242	7123	194
239.80/239.85	239.849	7122	195
241.38/241.49	241.485	7121	196
242.98/243.09	243.087	7120	197
244.68/244.70	244.695	7119	198
246.28/246.31	246.306	7118	199
247.88/247.91	247.909	7117	200
249.48/249.54	249.532	7116	202
251.08/251.16	251.154	7115	207
252.68/252.78	252.774	7114	213
254.28/254.38	254.373	7113	214
255.88/255.98	255.977	7112	215
257.50/257.59	257.581	7111	217
259.18/259.20	259.189	7110	220
260.70/260.81	260.8	7109	223
262.38/262.42	262.412	7108	224
263.99/264.03	264.028	7107	225
265.58/265.66	265.656	7106	226
267.18/267.27	267.267	7105	227
268.88/268.90	268.897	7104	228
270.60/270.68	270.675	7103	229
272.28/272.35	272.346	7102	234
274.38/274.43	274.426	7101	235
276.58/276.63	276.622	7100	237
278.39/278.41	278.407	7099	238
279.98/280.06	280.057	7098	239
281.60/281.71	281.7	7097	241
283.38/283.41	283.399	7096	242
284.99/285.06	285.053	7095	243
286.68/286.71	286.703	7094	244
288.30/288.37	288.359	7093	246
289.98/290.02	290.009	7092	247
291.68/291.73	291.727	7091	250
293.38/293.47	293.46	7090	251
295.18/295.21	295.198	7089	252
296.88/296.94	296.929	7088	253
298.58/298.65	298.646	7087	254
300.31/300.38	300.367	7086	257
302.08/302.11	302.1	7085	258
303.70/303.75	303.745	7084	259
305.28/305.39	305.382	7083	261
306.99/307.02	307.016	7082	262
308.58/308.67	308.661	7081	265
310.20/310.31	310.297	7080	267
311.88/311.94	311.934	7079	269
313.59/313.63	313.625	7078	270
315.28/315.35	315.345	7077	273
316.98/317.07	317.06	7076	275
318.78/318.80	318.787	7075	276
320.48/320.52	320.514	7074	277
322.18/322.25	322.239	7073	278
323.88/323.96	323.947	7072	279
325.60/325.68	325.671	7071	280
327.28/327.39	327.381	7070	281
328.99/329.08	329.075	7069	282
330.68/330.77	330.761	7068	283
332.38/332.48	332.469	7067	285
334.18/334.21	334.196	7066	287
335.78/335.87	335.859	7065	290
337.48/337.57	337.562	7064	293
339.18/339.29	339.285	7063	294
340.88/340.97	340.962	7062	295
342.58/342.65	342.638	7061	296
344.30/344.37	344.36	7060	298
345.98/346.09	346.08	7059	299
347.70/347.78	347.772	7058	300
349.38/349.48	349.468	7057	302
351.18/351.20	351.191	7056	304
352.88/352.91	352.898	7055	305
354.58/354.63	354.617	7054	306
356.28/356.33	356.326	7053	308
357.88/357.98	357.969	7052	309
359.58/359.68	359.671	7051	313
361.28/361.33	361.323	7050	317
362.88/362.95	362.945	7049	318
364.58/364.60	364.589	7048	319
366.18/366.30	366.292	7047	321
367.98/368.00	367.986	7046	323
369.60/369.62	369.608	7045	324
371.18/371.24	371.229	7044	325
372.78/372.87	372.862	7043	328
374.48/374.50	374.488	7042	330
376.19/376.22	376.207	7041	331
377.88/377.94	377.932	7040	333
379.60/379.67	379.655	7039	336
381.28/381.38	381.371	7038	337
383.08/383.11	383.101	7037	341
384.68/384.74	384.73	7036	343
386.28/386.38	386.374	7035	344
387.98/388.02	388.015	7034	345
389.58/389.65	389.641	7033	347
391.18/391.29	391.276	7032	348
392.88/392.94	392.928	7031	349
394.48/394.56	394.552	7030	351
396.18/396.20	396.193	7029	353
397.78/397.88	397.867	7028	355
399.39/399.49	399.483	7027	356
401.08/401.12	401.109	7026	358
402.68/402.78	402.771	7025	360
404.38/404.46	404.451	7024	361
406.08/406.15	406.135	7023	362
407.78/407.84	407.826	7022	364
409.38/409.48	409.467	7021	365
411.08/411.18	411.167	7020	366
412.78/412.86	412.851	7019	369
414.48/414.56	414.55	7018	371
416.18/416.26	416.245	7017	373
417.88/417.92	417.908	7016	374
419.48/419.59	419.575	7015	375
421.18/421.30	421.291	7014	378
422.88/422.97	422.963	7013	379
424.48/424.61	424.594	7012	381
426.18/426.23	426.222	7011	382
427.78/427.87	427.855	7010	384
429.48/429.51	429.503	7009	385
431.08/431.18	431.169	7008	386
432.78/432.86	432.848	7007	387
434.38/434.49	434.476	7006	388
436.08/436.15	436.138	7005	389
437.80/437.83	437.816	7004	390
439.38/439.49	439.481	7003	391
440.98/441.14	441.129	7002	392
442.68/442.79	442.776	7001	394
444.40/444.44	444.428	7000	395
446.08/446.10	446.093	6999	397
447.70/447.81	447.796	6998	398
449.48/449.51	449.495	6997	399
451.09/451.18	451.164	6996	402
452.78/452.88	452.867	6995	404
454.48/454.59	454.576	6994	407
456.18/456.29	456.279	6993	409
457.88/457.95	457.943	6992	413
459.48/459.60	459.583	6991	414
461.18/461.25	461.234	6990	416
462.78/462.86	462.85	6989	419
464.38/464.47	464.456	6988	420
466.08/466.13	466.118	6987	421
467.78/467.82	467.805	6986	424
469.38/469.48	469.471	6985	425
471.08/471.15	471.135	6984	428
472.78/472.82	472.812	6983	429
474.38/474.49	474.479	6982	430
476.08/476.12	476.105	6981	431
477.78/477.81	477.802	6980	433
479.48/479.51	479.496	6979	434
481.18/481.20	481.189	6978	435
482.78/482.90	482.884	6977	436
484.58/484.60	484.589	6976	439
486.20/486.31	486.299	6975	444
487.88/487.99	487.978	6974	446
489.58/489.68	489.671	6973	447
491.28/491.36	491.348	6972	448
492.89/492.99	492.975	6971	450
494.48/494.59	494.578	6970	452
496.10/496.20	496.184	6969	454
497.68/497.79	497.781	6968	455
499.38/499.45	499.436	6967	456
501.08/501.11	501.102	6966	457
502.69/502.80	502.791	6965	458
504.38/504.45	504.441	6964	459
506.10/506.14	506.13	6963	460
507.78/507.81	507.793	6962	461
509.39/509.46	509.45	6961	465
511.07/511.12	511.107	6960	466
512.77/512.81	512.796	6959	467
514.37/514.47	514.454	6958	468
516.07/516.10	516.09	6957	469
517.67/517.73	517.716	6956	470
519.28/519.37	519.358	6955	471
520.97/521.02	521.009	6954	473
522.67/522.70	522.687	6953	475
524.17/524.29	524.279	6952	476
525.79/525.88	525.869	6951	477
527.37/527.49	527.473	6950	480
528.97/529.09	529.072	6949	483
530.57/530.68	530.663	6948	484
532.27/532.32	532.309	6947	485
533.87/533.99	533.971	6946	486
535.47/535.59	535.576	6945	487
537.07/537.19	537.175	6944	488
538.77/538.85	538.838	6943	495
540.37/540.48	540.467	6942	499
542.07/542.13	542.112	6941	500
543.77/543.81	543.793	6940	501
545.37/545.43	545.416	6939	507
546.97/547.02	547.006	6938	509
548.57/548.62	548.608	6937	512
550.17/550.25	550.238	6936	513
551.77/551.88	551.869	6935	515
553.39/553.47	553.455	6934	516
554.97/555.07	555.06	6933	517
556.69/556.73	556.717	6932	519
558.37/558.41	558.394	6931	520
559.98/560.06	560.05	6930	522
561.57/561.69	561.674	6929	523
563.29/563.33	563.311	6928	528
564.87/564.92	564.908	6927	532
566.49/566.58	566.563	6926	536
568.17/568.23	568.217	6925	538
569.78/569.90	569.887	6924	541
571.47/571.55	571.534	6923	545
573.09/573.17	573.155	6922	548
574.77/574.81	574.798	6921	551
576.39/576.50	576.48	6920	553
578.07/578.17	578.154	6919	554
579.79/579.85	579.839	6918	558
581.47/581.53	581.517	6917	560
583.17/583.21	583.194	6916	562
584.77/584.89	584.872	6915	564
586.57/586.60	586.588	6914	573
588.17/588.29	588.275	6913	577
589.87/589.95	589.93	6912	578
591.57/591.60	591.585	6911	582
593.17/593.27	593.254	6910	587
594.87/594.94	594.924	6909	588
596.57/596.62	596.604	6908	590
598.27/598.30	598.28	6907	597
599.87/599.93	599.912	6906	601
601.47/601.56	601.54	6905	604
603.07/603.14	603.125	6904	606
604.67/604.73	604.716	6903	607
606.27/606.36	606.342	6902	609
607.87/607.98	607.966	6901	613
609.57/609.61	609.591	6900	614
611.17/611.24	611.226	6899	615
612.87/612.95	612.932	6898	622
614.57/614.62	614.6	6897	623
616.17/616.24	616.226	6896	626
617.77/617.82	617.798	6895	627
619.29/619.40	619.384	6894	631
620.87/620.98	620.959	6893	633
622.47/622.56	622.542	6892	635
624.07/624.14	624.118	6891	636
625.67/625.71	625.695	6890	638
627.27/627.31	627.297	6889	641
628.87/628.99	628.97	6888	643
630.57/630.67	630.652	6887	648
632.27/632.34	632.326	6886	650
633.97/634.02	634.007	6885	653
635.67/635.74	635.728	6884	663
637.27/637.35	637.337	6883	666
638.87/638.93	638.911	6882	667
640.57/640.60	640.581	6881	669
642.17/642.26	642.243	6880	670
643.77/643.87	643.857	6879	674
645.37/645.44	645.426	6878	675
646.97/647.02	647.003	6877	678
648.57/648.60	648.579	6876	681
650.09/650.18	650.16	6875	684
651.67/651.76	651.744	6874	687
653.27/653.36	653.343	6873	689
654.87/654.96	654.943	6872	693
656.57/656.63	656.608	6871	696
658.17/658.20	658.185	6870	699
659.67/659.78	659.764	6869	703
661.27/661.36	661.342	6868	706
662.87/662.94	662.927	6867	709
664.57/664.61	664.596	6866	713
666.17/666.24	666.226	6865	714
667.87/667.91	667.894	6864	717
669.47/669.59	669.567	6863	721
671.17/671.22	671.206	6862	723
672.77/672.88	672.86	6861	724
674.57/674.64	674.621	6860	729
676.27/676.37	676.355	6859	736
677.97/678.04	678.017	6858	738
679.57/679.68	679.665	6857	741
681.27/681.34	681.325	6856	744
682.87/682.91	682.892	6855	746
684.47/684.50	684.483	6854	753
685.97/686.07	686.056	6853	756
687.58/687.66	687.643	6852	758
689.17/689.25	689.228	6851	763
690.79/690.84	690.819	6850	770
692.47/692.50	692.48	6849	773
694.09/694.16	694.137	6848	775
695.67/695.78	695.764	6847	777
697.27/697.39	697.374	6846	781
698.87/698.99	698.97	6845	784
700.57/700.64	700.623	6844	787
702.17/702.25	702.231	6843	788
703.77/703.87	703.852	6842	793
705.47/705.50	705.484	6841	795
706.97/707.07	707.054	6840	797
708.67/708.71	708.686	6839	800
710.27/710.32	710.305	6838	803
711.87/711.90	711.876	6837	804
713.37/713.49	713.473	6836	805
714.99/715.11	715.091	6835	812
716.67/716.71	716.693	6834	815
718.17/718.31	718.295	6833	821
719.87/719.93	719.907	6832	823
721.47/721.52	721.499	6831	825
723.07/723.13	723.111	6830	834
724.67/724.72	724.702	6829	839
726.27/726.33	726.312	6828	847
727.87/727.96	727.941	6827	849
729.47/729.57	729.546	6826	853
731.07/731.16	731.137	6825	856
732.77/732.82	732.798	6824	859
734.37/734.41	734.39	6823	862
735.99/736.05	736.028	6822	864
737.67/737.72	737.696	6821	870
739.29/739.34	739.315	6820	875
740.87/740.92	740.897	6819	882
742.50/742.57	742.545	6818	887
744.17/744.20	744.184	6817	891
745.78/745.83	745.81	6816	895
747.37/747.47	747.448	6815	899
749.09/749.13	749.11	6814	912
750.77/750.81	750.794	6813	921
752.38/752.45	752.429	6812	928
753.97/754.07	754.05	6811	931
755.57/755.70	755.676	6810	934
757.27/757.31	757.294	6809	936
758.87/758.94	758.915	6808	937
760.47/760.54	760.521	6807	939
762.07/762.15	762.128	6806	945
763.67/763.75	763.726	6805	947
765.37/765.44	765.416	6804	959
766.97/767.05	767.031	6803	963
768.57/768.66	768.64	6802	964
770.17/770.29	770.269	6801	967
771.76/771.88	771.862	6800	968
773.47/773.50	773.479	6799	970
774.96/775.07	775.044	6798	972
776.59/776.63	776.607	6797	976
778.16/778.24	778.219	6796	977
779.76/779.88	779.859	6795	983
781.36/781.43	781.413	6794	986
782.96/783.00	782.977	6793	992
784.46/784.57	784.549	6792	995
786.16/786.21	786.185	6791	1000
787.76/787.87	787.847	6790	1006
789.46/789.54	789.52	6789	1015
791.06/791.17	791.149	6788	1019
792.66/792.78	792.756	6787	1025
794.28/794.36	794.343	6786	1030
795.86/795.93	795.906	6785	1032
797.48/797.51	797.491	6784	1037
799.06/799.17	799.146	6783	1041
800.78/800.82	800.798	6782	1045
802.36/802.44	802.413	6781	1047
803.96/804.01	803.985	6780	1051
805.46/805.56	805.539	6779	1055
807.06/807.11	807.089	6778	1057
808.58/808.67	808.65	6777	1063
810.16/810.28	810.257	6776	1065
811.78/811.87	811.847	6775	1068
813.36/813.43	813.41	6774	1070
814.96/815.08	815.054	6773	1073
816.56/816.69	816.672	6772	1076
818.16/818.27	818.247	6771	1079
819.76/819.85	819.829	6770	1081
821.36/821.43	821.407	6769	1083
822.96/823.04	823.014	6768	1088
824.56/824.68	824.654	6767	1091
826.26/826.30	826.274	6766	1094
827.86/827.92	827.892	6765	1098
829.48/829.53	829.507	6764	1103
831.06/831.16	831.134	6763	1106
832.68/832.72	832.698	6762	1109
834.26/834.30	834.28	6761	1111
835.86/835.91	835.883	6760	1115
837.46/837.51	837.486	6759	1117
838.96/839.08	839.06	6758	1120
840.66/840.73	840.707	6757	1128
842.26/842.34	842.317	6756	1130
843.86/843.95	843.923	6755	1132
845.46/845.55	845.53	6754	1134
847.16/847.22	847.199	6753	1149
848.76/848.85	848.823	6752	1151
850.38/850.44	850.414	6751	1152
851.96/852.03	852.003	6750	1158
853.46/853.61	853.59	6749	1163
855.16/855.23	855.204	6748	1167
856.76/856.86	856.833	6747	1169
858.36/858.44	858.411	6746	1173
859.96/860.06	860.037	6745	1179
861.56/861.69	861.667	6744	1182
863.26/863.34	863.315	6743	1187
864.86/864.98	864.96	6742	1190
866.46/866.55	866.528	6741	1193
868.06/868.12	868.098	6740	1196
869.66/869.72	869.699	6739	1198
871.28/871.33	871.307	6738	1202
872.76/872.88	872.855	6737	1204
874.36/874.50	874.474	6736	1216
875.96/876.07	876.041	6735	1221
877.56/877.66	877.634	6734	1225
879.16/879.27	879.241	6733	1228
880.76/880.85	880.824	6732	1230
882.36/882.46	882.439	6731	1233
884.06/884.10	884.071	6730	1236
885.66/885.72	885.692	6729	1242
887.26/887.33	887.306	6728	1244
888.88/888.93	888.909	6727	1246
890.46/890.54	890.515	6726	1248
892.08/892.16	892.134	6725	1250
893.76/893.80	893.771	6724	1255
895.26/895.42	895.394	6723	1265
896.96/897.03	897	6722	1272
898.56/898.60	898.575	6721	1281
900.06/900.16	900.137	6720	1287
901.66/901.72	901.692	6719	1289
903.18/903.27	903.241	6718	1293
904.76/904.89	904.867	6717	1304
906.47/906.51	906.482	6716	1305
908.06/908.11	908.086	6715	1309
909.56/909.68	909.649	6714	1316
911.16/911.26	911.23	6713	1320
912.76/912.82	912.794	6712	1324
914.36/914.47	914.445	6711	1331
916.06/916.10	916.071	6710	1333
917.66/917.72	917.691	6709	1335
919.26/919.37	919.339	6708	1345
920.86/920.96	920.93	6707	1347
922.46/922.56	922.533	6706	1353
924.08/924.13	924.104	6705	1359
925.66/925.70	925.672	6704	1365
927.16/927.26	927.233	6703	1369
928.76/928.86	928.83	6702	1372
930.36/930.46	930.433	6701	1375
931.96/932.02	931.989	6700	1377
933.46/933.59	933.561	6699	1378
935.16/935.20	935.177	6698	1382
936.76/936.82	936.793	6697	1390
938.30/938.39	938.363	6696	1392
939.86/939.97	939.946	6695	1396
941.46/941.54	941.517	6694	1398
943.06/943.17	943.147	6693	1404
944.76/944.81	944.782	6692	1411
946.36/946.42	946.395	6691	1423
947.86/947.99	947.965	6690	1427
949.46/949.53	949.502	6689	1429
951.06/951.16	951.135	6688	1436
952.68/952.74	952.716	6687	1438
954.26/954.36	954.336	6686	1444
955.88/955.96	955.929	6685	1447
957.46/957.55	957.525	6684	1450
959.06/959.13	959.102	6683	1453
960.66/960.77	960.741	6682	1461
962.26/962.34	962.317	6681	1465
963.86/963.90	963.873	6680	1468
965.36/965.46	965.431	6679	1478
966.88/967.00	966.974	6678	1480
968.46/968.54	968.517	6677	1483
970.06/970.12	970.094	6676	1489
971.66/971.70	971.669	6675	1492
973.16/973.22	973.196	6674	1496
974.76/974.82	974.796	6673	1499
976.36/976.40	976.376	6672	1501
977.88/977.96	977.936	6671	1504
979.46/979.55	979.52	6670	1506
980.96/981.09	981.062	6669	1509
982.56/982.65	982.626	6668	1513
984.16/984.20	984.174	6667	1518
985.76/985.80	985.772	6666	1525
987.26/987.36	987.327	6665	1531
988.76/988.90	988.872	6664	1534
990.36/990.47	990.442	6663	1538
991.96/992.08	992.048	6662	1544
993.56/993.66	993.629	6661	1545
995.16/995.24	995.21	6660	1547
996.76/996.83	996.797	6659	1557
998.26/998.38	998.347	6658	1560
999.87/999.93	999.897	6657	1562
