17.68/17.70	17.703	7285	0
19.48/19.50	19.5043	7284	1
21.18/21.28	21.282	7283	3
23.09/23.17	23.1702	7282	4
25.20/25.25	25.2467	7281	5
27.58/27.67	27.6708	7280	6
29.38/29.49	29.4873	7279	7
31.18/31.28	31.277	7278	9
33.28/33.34	33.3402	7277	10
35.19/35.29	35.2947	7276	11
37.18/37.24	37.2432	7275	17
38.98/39.08	39.084	7274	18
40.78/40.84	40.842	7273	19
42.58/42.65	42.6467	7272	20
44.28/44.38	44.3786	7271	22
46.09/46.12	46.1166	7270	23
47.78/47.85	47.8538	7269	25
49.89/49.90	49.9005	7268	27
51.70/51.72	51.7165	7267	28
53.49/53.56	53.5604	7266	30
55.59/55.65	55.6534	7265	31
57.69/57.72	57.7174	7264	32
59.49/59.53	59.5251	7263	36
61.29/61.33	61.328	7262	37
63.09/63.13	63.1319	7261	41
64.99/65.00	65.0015	7260	43
66.69/66.78	66.784	7259	44
68.49/68.54	68.5396	7258	46
70.19/70.24	70.2442	7257	47
71.89/71.99	71.9867	7256	50
73.60/73.67	73.6728	7255	52
75.39/75.40	75.3981	7254	54
77.09/77.10	77.0998	7253	55
78.79/78.82	78.8168	7252	56
80.49/80.50	80.5016	7251	57
82.19/82.21	82.2124	7250	58
83.99/84.01	84.004	7249	59
85.89/85.90	85.8974	7248	61
87.78/87.83	87.8244	7247	62
89.48/89.53	89.5312	7246	64
91.19/91.24	91.2418	7245	65
93.18/93.22	93.2141	7244	66
94.98/95.09	95.0899	7243	68
96.88/96.99	96.9918	7242	70
98.68/98.70	98.6983	7241	71
100.58/100.61	100.608	7240	72
102.38/102.46	102.46	7239	76
104.08/104.18	104.182	7238	77
106.29/106.33	106.328	7237	78
108.20/108.23	108.228	7236	79
110.19/110.22	110.217	7235	80
111.89/111.94	111.942	7234	81
113.99/114.07	114.067	7233	84
115.79/115.84	115.839	7232	86
117.49/117.55	117.546	7231	87
119.20/119.22	119.214	7230	88
120.78/120.90	120.898	7229	89
122.49/122.58	122.575	7228	90
124.20/124.29	124.291	7227	91
125.98/126.00	125.998	7226	92
127.68/127.73	127.728	7225	95
129.58/129.60	129.596	7224	96
131.48/131.52	131.518	7223	99
133.18/133.25	133.242	7222	100
134.88/134.92	134.92	7221	102
136.58/136.62	136.618	7220	103
138.28/138.32	138.32	7219	105
139.98/140.04	140.037	7218	106
141.68/141.75	141.743	7217	107
143.39/143.44	143.432	7216	108
145.09/145.14	145.136	7215	109
146.78/146.83	146.828	7214	110
148.49/148.55	148.541	7213	111
150.18/150.26	150.252	7212	112
151.88/151.95	151.942	7211	113
153.58/153.68	153.673	7210	118
155.38/155.40	155.396	7209	122
157.08/157.11	157.107	7208	123
158.78/158.82	158.819	7207	124
160.49/160.53	160.528	7206	125
162.18/162.25	162.246	7205	127
163.89/163.95	163.948	7204	128
165.58/165.60	165.595	7203	130
167.28/167.31	167.304	7202	131
169.18/169.26	169.259	7201	133
171.18/171.25	171.248	7200	134
172.88/172.92	172.91	7199	135
174.58/174.63	174.625	7198	137
176.28/176.35	176.348	7197	144
177.98/178.07	178.06	7196	147
179.68/179.75	179.746	7195	148
181.39/181.44	181.437	7194	150
183.08/183.11	183.104	7193	152
184.69/184.78	184.77	7192	154
186.78/186.86	186.849	7191	155
188.58/188.65	188.646	7190	156
190.29/190.34	190.334	7189	157
192.08/192.14	192.135	7188	158
194.18/194.20	194.194	7187	161
196.18/196.21	196.207	7186	162
197.89/197.93	197.923	7185	164
199.58/199.64	199.632	7184	166
201.38/201.42	201.411	7183	167
203.08/203.12	203.114	7182	168
204.68/204.78	204.776	7180	169
206.38/206.48	206.476	7179	170
208.18/208.23	208.226	7178	174
210.09/210.17	210.164	7177	175
211.98/212.02	212.015	7176	177
213.68/213.72	213.716	7175	179
215.38/215.43	215.419	7174	180
216.98/217.08	217.069	7173	181
218.68/218.74	218.733	7172	182
220.39/220.41	220.401	7171	184
221.98/222.11	222.097	7170	186
223.69/223.79	223.785	7169	187
225.39/225.49	225.481	7168	188
227.38/227.49	227.479	7167	192
229.28/229.33	229.318	7166	193
230.99/231.03	231.018	7165	195
232.68/232.71	232.698	7164	196
234.38/234.41	234.398	7163	198
236.08/236.10	236.089	7162	199
237.78/237.81	237.798	7161	200
239.58/239.64	239.63	7160	201
241.29/241.35	241.336	7159	207
242.99/243.04	243.026	7158	208
244.78/244.85	244.841	7157	211
246.58/246.60	246.591	7156	215
248.18/248.29	248.284	7155	217
250.09/250.19	250.184	7154	218
251.89/251.92	251.91	7153	219
253.48/253.59	253.58	7152	220
255.19/255.29	255.276	7151	222
256.88/256.98	256.966	7150	225
258.88/258.96	258.946	7149	226
260.59/260.68	260.667	7148	228
262.28/262.37	262.364	7147	231
264.28/264.36	264.345	7146	232
266.09/266.18	266.17	7145	233
267.78/267.86	267.847	7144	234
269.49/269.53	269.521	7143	235
271.18/271.22	271.208	7142	236
272.88/272.91	272.895	7141	237
274.58/274.60	274.585	7140	238
276.18/276.25	276.235	7139	239
277.88/277.92	277.912	7138	240
279.58/279.61	279.598	7137	242
281.18/281.27	281.257	7136	243
282.88/282.96	282.944	7135	244
284.58/284.65	284.636	7134	247
286.28/286.32	286.307	7133	248
287.98/288.02	288.012	7132	254
289.68/289.71	289.697	7131	255
291.68/291.71	291.696	7130	256
293.69/293.79	293.774	7129	258
295.48/295.54	295.532	7128	259
297.18/297.22	297.207	7127	260
298.78/298.89	298.876	7126	261
300.48/300.52	300.506	7125	262
302.18/302.21	302.192	7124	263
303.78/303.88	303.866	7123	265
305.48/305.56	305.55	7122	266
307.18/307.23	307.22	7121	267
308.78/308.88	308.866	7120	268
310.48/310.53	310.514	7119	269
312.08/312.18	312.169	7118	270
313.78/313.82	313.803	7117	273
315.38/315.49	315.472	7116	274
317.07/317.16	317.145	7115	275
318.77/318.82	318.809	7114	277
320.37/320.48	320.463	7113	278
322.07/322.14	322.123	7112	279
323.77/323.81	323.801	7111	283
325.37/325.47	325.46	7110	284
327.07/327.15	327.138	7109	287
328.97/329.03	329.016	7108	289
330.67/330.78	330.766	7107	290
332.37/332.45	332.435	7106	292
334.07/334.12	334.104	7105	294
335.67/335.79	335.779	7104	295
337.37/337.47	337.451	7103	296
339.07/339.13	339.12	7102	297
340.77/340.80	340.79	7101	299
342.37/342.48	342.464	7100	300
344.07/344.13	344.119	7099	301
345.77/345.81	345.792	7098	303
347.49/347.59	347.574	7097	305
349.27/349.38	349.368	7096	306
350.97/351.06	351.047	7095	308
353.09/353.15	353.133	7094	309
354.77/354.83	354.812	7093	311
356.39/356.48	356.463	7092	315
358.07/358.14	358.12	7091	316
359.97/360.06	360.045	7090	317
361.79/361.82	361.8	7089	318
363.37/363.50	363.479	7088	322
365.08/365.16	365.141	7087	325
367.08/367.14	367.128	7086	327
368.88/368.92	368.901	7085	330
370.48/370.59	370.572	7084	331
372.18/372.24	372.224	7083	332
373.78/373.90	373.881	7082	334
375.48/375.57	375.553	7081	336
377.18/377.23	377.212	7080	337
378.78/378.89	378.869	7079	338
380.48/380.53	380.517	7078	339
382.08/382.19	382.171	7077	340
383.78/383.86	383.848	7076	342
385.48/385.51	385.497	7075	343
387.08/387.18	387.167	7074	344
388.78/388.86	388.846	7073	348
390.48/390.52	390.499	7072	350
392.07/392.18	392.16	7071	351
393.78/393.83	393.808	7070	352
395.47/395.51	395.488	7069	356
397.08/397.15	397.137	7068	357
398.77/398.82	398.799	7067	360
400.77/400.80	400.781	7066	361
402.48/402.57	402.555	7065	362
404.17/404.24	404.219	7064	365
405.78/405.89	405.872	7063	366
407.47/407.56	407.541	7062	368
409.08/409.21	409.188	7061	369
410.77/410.86	410.845	7060	371
412.48/412.53	412.508	7059	372
414.07/414.19	414.171	7058	373
415.78/415.84	415.825	7057	374
417.37/417.49	417.472	7056	375
419.36/419.43	419.41	7055	378
421.18/421.22	421.199	7054	380
422.76/422.88	422.858	7053	382
424.48/424.54	424.517	7052	383
426.06/426.19	426.172	7051	384
427.78/427.85	427.836	7050	386
429.46/429.54	429.525	7049	391
431.36/431.40	431.38	7048	393
433.16/433.29	433.275	7047	394
435.37/435.41	435.388	7046	397
437.07/437.18	437.156	7045	398
439.07/439.10	439.083	7044	410
441.08/441.18	441.163	7043	411
442.87/442.94	442.918	7042	417
444.67/444.77	444.749	7041	418
446.67/446.75	446.726	7040	421
448.68/448.71	448.691	7039	424
450.47/450.50	450.478	7038	425
452.27/452.35	452.33	7037	426
454.07/454.15	454.132	7036	427
456.07/456.18	456.157	7035	429
457.77/457.88	457.855	7034	430
459.68/459.75	459.725	7033	431
461.57/461.64	461.617	7032	432
463.57/463.60	463.583	7031	433
465.18/465.30	465.279	7030	435
466.97/467.01	466.994	7029	437
468.58/468.69	468.674	7028	438
470.37/470.40	470.378	7027	440
471.97/472.10	472.074	7026	441
473.67/473.78	473.756	7025	447
475.37/475.47	475.447	7024	448
477.28/477.35	477.327	7023	449
479.27/479.35	479.332	7022	451
481.08/481.12	481.1	7021	452
482.78/482.83	482.806	7020	453
484.47/484.54	484.522	7019	457
486.18/486.25	486.226	7018	459
488.07/488.15	488.133	7017	460
489.67/489.76	489.742	7016	461
491.37/491.40	491.38	7015	462
492.97/493.05	493.025	7014	464
494.57/494.68	494.663	7013	465
496.27/496.33	496.304	7012	467
498.18/498.28	498.262	7011	471
499.87/499.93	499.908	7010	472
501.48/501.55	501.528	7009	473
503.07/503.19	503.163	7008	474
504.78/504.84	504.816	7007	478
506.37/506.48	506.46	7006	479
508.08/508.12	508.098	7005	480
509.68/509.76	509.734	7004	481
511.27/511.39	511.368	7002	483
512.97/513.02	512.995	7001	485
514.57/514.65	514.623	7000	486
516.17/516.27	516.248	6999	488
518.08/518.15	518.123	6998	491
519.77/519.83	519.804	6997	492
521.38/521.47	521.452	6996	495
523.07/523.12	523.093	6995	496
524.68/524.75	524.726	6994	498
526.47/526.54	526.518	6993	499
528.07/528.15	528.131	6992	501
529.67/529.74	529.721	6991	502
531.28/531.39	531.364	6990	504
532.87/532.99	532.965	6989	505
534.58/534.62	534.601	6988	506
536.17/536.24	536.215	6987	507
537.78/537.87	537.844	6986	509
539.37/539.47	539.444	6985	510
541.27/541.32	541.294	6984	512
542.97/543.07	543.044	6983	515
544.67/544.70	544.675	6982	519
546.27/546.32	546.301	6981	521
547.97/548.08	548.057	6980	525
549.57/549.67	549.65	6979	526
551.27/551.32	551.295	6978	528
552.86/552.95	552.929	6977	529
554.46/554.59	554.566	6976	530
556.16/556.22	556.199	6975	531
557.76/557.86	557.835	6973	532
559.36/559.49	559.468	6972	533
561.06/561.13	561.103	6971	534
562.66/562.76	562.734	6970	535
564.27/564.36	564.336	6969	537
565.86/565.98	565.955	6968	542
567.47/567.57	567.547	6967	543
569.16/569.20	569.172	6966	545
570.77/570.81	570.787	6965	546
572.36/572.42	572.398	6964	547
573.96/574.05	574.02	6963	548
575.56/575.66	575.634	6962	550
577.16/577.29	577.268	6961	552
578.86/578.92	578.896	6960	553
580.46/580.53	580.508	6959	554
582.06/582.16	582.131	6958	555
583.66/583.79	583.76	6957	557
585.26/585.39	585.366	6956	559
586.96/587.03	587	6955	562
588.56/588.68	588.657	6954	571
590.16/590.29	590.266	6953	578
591.86/591.98	591.954	6952	591
593.46/593.58	593.556	6951	592
595.36/595.47	595.445	6950	597
597.06/597.17	597.146	6949	601
598.76/598.80	598.772	6948	604
600.57/600.67	600.646	6947	606
602.36/602.42	602.391	6946	608
603.96/604.04	604.009	6945	610
605.56/605.65	605.623	6944	611
607.17/607.27	607.248	6943	613
609.06/609.11	609.078	6942	615
610.86/610.92	610.896	6941	617
612.46/612.54	612.512	6940	618
614.06/614.16	614.132	6939	620
615.66/615.79	615.758	6938	622
617.36/617.46	617.436	6937	625
619.27/619.32	619.29	6936	628
620.96/621.04	621.008	6935	630
622.57/622.65	622.618	6934	633
624.36/624.48	624.448	6933	642
626.46/626.51	626.482	6932	644
627.97/628.10	628.073	6931	645
629.66/629.70	629.67	6930	646
631.26/631.33	631.302	6929	651
632.86/632.93	632.897	6928	652
634.46/634.54	634.509	6927	654
636.06/636.16	636.132	6926	659
638.06/638.16	638.128	6925	662
639.66/639.75	639.724	6924	663
641.27/641.35	641.323	6923	665
642.86/642.96	642.928	6922	667
644.46/644.58	644.55	6921	669
646.16/646.20	646.172	6920	671
647.76/647.81	647.78	6919	673
649.36/649.42	649.386	6918	675
650.96/651.05	651.019	6917	688
652.56/652.65	652.621	6916	689
654.16/654.26	654.235	6915	692
655.76/655.89	655.858	6914	696
657.36/657.46	657.432	6913	697
658.96/659.07	659.038	6912	698
660.56/660.67	660.64	6911	699
662.17/662.29	662.263	6910	704
663.76/663.89	663.861	6909	705
665.37/665.49	665.462	6908	706
667.06/667.10	667.071	6907	707
668.67/668.72	668.687	6906	710
670.36/670.49	670.455	6905	712
672.07/672.11	672.079	6904	716
673.66/673.73	673.696	6903	720
675.27/675.32	675.288	6902	721
676.86/676.92	676.892	6901	724
678.46/678.56	678.525	6900	732
680.06/680.16	680.132	6899	735
681.66/681.75	681.721	6898	737
683.26/683.36	683.326	6897	738
684.86/684.97	684.935	6896	739
686.46/686.57	686.543	6895	741
688.06/688.18	688.148	6894	743
689.67/689.79	689.755	6893	745
691.26/691.38	691.353	6892	747
692.87/692.99	692.955	6891	749
694.56/694.60	694.569	6890	751
696.17/696.21	696.176	6889	756
697.76/697.82	697.791	6888	759
699.36/699.41	699.379	6887	760
700.96/701.03	700.994	6886	766
702.56/702.63	702.6	6885	768
704.16/704.23	704.196	6884	769
705.96/706.07	706.039	6883	770
707.76/707.81	707.779	6882	775
709.37/709.42	709.385	6881	778
711.16/711.26	711.232	6880	779
713.17/713.21	713.18	6879	782
714.87/714.91	714.878	6878	784
716.56/716.63	716.601	6877	786
718.17/718.22	718.192	6876	788
719.76/719.82	719.783	6875	790
721.36/721.42	721.388	6874	792
722.86/722.97	722.941	6873	795
724.46/724.56	724.53	6872	797
725.97/726.09	726.053	6871	798
727.66/727.80	727.762	6870	801
729.36/729.42	729.386	6869	807
731.16/731.28	731.249	6868	810
733.06/733.19	733.159	6867	813
734.77/734.86	734.829	6866	816
736.56/736.63	736.599	6865	818
738.26/738.30	738.264	6864	820
739.85/739.97	739.933	6863	823
741.55/741.64	741.605	6862	827
743.47/743.55	743.521	6861	829
745.45/745.56	745.524	6860	841
747.25/747.39	747.353	6859	849
749.07/749.13	749.1	6858	851
750.65/750.79	750.758	6857	855
752.45/752.57	752.539	6856	858
754.65/754.72	754.681	6855	860
756.35/756.41	756.374	6854	863
757.86/757.99	757.96	6853	871
759.55/759.60	759.562	6852	874
761.06/761.20	761.169	6851	878
762.65/762.79	762.758	6850	879
764.25/764.39	764.353	6849	882
765.85/765.98	765.943	6848	884
767.55/767.61	767.572	6847	892
769.05/769.19	769.151	6846	893
770.75/770.80	770.77	6845	898
772.25/772.40	772.36	6844	899
773.85/773.99	773.959	6843	902
775.55/775.63	775.597	6842	915
777.15/777.22	777.187	6841	917
778.76/778.82	778.784	6840	919
780.35/780.40	780.369	6839	922
782.06/782.15	782.115	6838	923
783.65/783.73	783.699	6837	926
785.26/785.33	785.29	6836	930
787.05/787.12	787.084	6835	932
789.06/789.12	789.089	6834	935
790.66/790.73	790.695	6833	939
792.26/792.33	792.298	6832	943
793.76/793.88	793.845	6831	945
795.36/795.48	795.446	6830	948
796.96/797.09	797.057	6829	955
798.66/798.70	798.66	6828	958
800.16/800.27	800.233	6827	960
801.77/801.88	801.848	6826	967
803.36/803.47	803.43	6825	968
804.96/805.05	805.009	6824	971
806.56/806.66	806.624	6823	978
808.16/808.25	808.212	6822	980
809.86/809.96	809.924	6821	983
811.46/811.53	811.49	6820	988
813.06/813.11	813.076	6819	991
814.66/814.71	814.671	6818	994
816.26/816.32	816.284	6817	1002
817.86/817.91	817.872	6816	1005
819.55/819.63	819.59	6815	1007
821.15/821.27	821.233	6814	1008
822.95/823.08	823.04	6813	1013
824.65/824.76	824.727	6812	1023
826.35/826.50	826.463	6811	1024
828.05/828.19	828.15	6810	1025
829.75/829.88	829.839	6809	1028
831.46/831.52	831.485	6808	1030
833.04/833.15	833.111	6807	1033
834.64/834.75	834.71	6806	1038
836.35/836.42	836.385	6805	1039
838.16/838.22	838.18	6804	1041
840.05/840.12	840.084	6803	1043
841.95/842.06	842.018	6802	1052
843.56/843.66	843.62	6801	1054
845.16/845.27	845.234	6800	1064
846.86/846.95	846.912	6799	1068
848.45/848.52	848.478	6798	1074
850.05/850.10	850.06	6797	1077
851.65/851.72	851.678	6796	1084
853.25/853.30	853.265	6795	1090
854.85/854.91	854.867	6794	1098
856.35/856.48	856.441	6793	1100
858.15/858.23	858.195	6792	1106
859.75/859.82	859.776	6791	1111
861.26/861.39	861.35	6790	1113
862.85/862.94	862.899	6789	1116
864.35/864.49	864.454	6788	1117
866.25/866.39	866.346	6787	1120
867.95/868.04	867.998	6786	1122
869.85/869.94	869.903	6785	1127
871.35/871.49	871.449	6784	1131
872.95/873.06	873.015	6783	1134
874.55/874.64	874.598	6782	1138
876.15/876.21	876.174	6781	1140
877.66/877.77	877.727	6780	1143
879.35/879.42	879.383	6779	1146
880.85/881.00	880.958	6778	1147
882.55/882.60	882.557	6777	1154
884.25/884.35	884.312	6776	1156
886.05/886.13	886.093	6775	1159
887.75/887.88	887.842	6774	1160
889.35/889.46	889.422	6773	1162
890.96/891.08	891.038	6772	1174
892.55/892.67	892.629	6771	1179
894.15/894.23	894.192	6770	1182
895.75/895.83	895.79	6769	1190
897.35/897.41	897.371	6768	1196
898.95/899.00	898.962	6767	1202
900.45/900.58	900.536	6766	1205
902.04/902.18	902.14	6765	1213
903.64/903.75	903.708	6764	1218
905.25/905.34	905.294	6763	1226
906.84/906.96	906.92	6762	1241
908.34/908.50	908.46	6761	1244
909.94/910.07	910.032	6760	1246
911.54/911.68	911.638	6759	1251
913.14/913.27	913.229	6758	1257
914.74/914.84	914.798	6757	1262
916.44/916.53	916.487	6756	1267
918.04/918.16	918.114	6755	1268
919.74/919.80	919.753	6754	1272
921.54/921.64	921.593	6753	1274
923.35/923.42	923.377	6752	1279
924.96/925.06	925.014	6751	1284
926.75/926.89	926.846	6750	1288
928.45/928.58	928.535	6749	1291
930.15/930.23	930.184	6748	1295
931.75/931.86	931.816	6747	1297
933.35/933.49	933.445	6746	1302
935.05/935.11	935.068	6745	1304
936.85/936.98	936.94	6744	1307
938.65/938.78	938.735	6743	1320
940.65/940.76	940.719	6742	1322
942.66/942.74	942.698	6741	1330
944.34/944.44	944.399	6740	1334
945.96/946.06	946.02	6739	1336
947.94/948.04	947.993	6738	1338
949.85/949.98	949.938	6737	1340
951.75/951.84	951.801	6736	1342
953.85/953.93	953.885	6735	1346
955.55/955.65	955.609	6734	1350
957.25/957.37	957.323	6733	1353
958.95/959.01	958.962	6732	1357
960.65/960.75	960.711	6731	1361
962.46/962.58	962.533	6730	1364
964.35/964.44	964.398	6729	1366
965.85/965.98	965.937	6728	1373
967.45/967.54	967.499	6727	1375
968.96/969.10	969.058	6726	1377
970.55/970.66	970.619	6725	1381
972.15/972.24	972.192	6724	1385
973.65/973.78	973.738	6723	1389
975.25/975.37	975.327	6722	1395
976.85/976.92	976.879	6721	1400
978.35/978.46	978.419	6720	1403
979.95/980.01	979.969	6719	1406
981.45/981.58	981.532	6718	1409
983.05/983.16	983.114	6717	1417
984.65/984.72	984.674	6716	1419
986.25/986.30	986.251	6715	1424
987.76/987.85	987.807	6714	1427
989.25/989.39	989.342	6713	1431
990.85/990.93	990.88	6712	1434
992.35/992.46	992.41	6711	1435
993.85/993.96	993.914	6710	1437
995.45/995.55	995.502	6709	1444
997.05/997.13	997.089	6708	1453
998.54/998.69	998.642	6707	1458
