17.69/17.73	17.7357	7285	0
19.59/19.64	19.6456	7284	1
21.39/21.48	21.4832	7283	2
23.29/23.39	23.3878	7282	4
25.09/25.19	25.1895	7281	5
26.99/27.00	27.0012	7280	6
28.79/28.83	28.8295	7279	7
30.59/30.65	30.6557	7278	9
32.69/32.73	32.7328	7277	10
34.58/34.60	34.6002	7276	12
36.38/36.43	36.4307	7275	15
38.49/38.56	38.5585	7274	17
40.38/40.47	40.4675	7273	18
42.38/42.44	42.4416	7272	20
44.48/44.58	44.5801	7271	23
46.38/46.40	46.4025	7269	24
48.18/48.22	48.2182	7268	25
49.98/50.05	50.0532	7267	28
52.08/52.12	52.122	7266	29
53.98/54.07	54.0711	7265	31
55.79/55.86	55.8588	7264	32
57.69/57.79	57.7877	7263	34
59.49/59.59	59.593	7262	36
61.39/61.42	61.4198	7261	37
63.39/63.41	63.4119	7260	38
65.29/65.30	65.2953	7259	40
67.10/67.11	67.1119	7258	41
68.89/68.92	68.9202	7257	43
70.89/70.96	70.963	7256	44
72.79/72.88	72.881	7255	45
74.59/74.66	74.6609	7254	46
76.39/76.47	76.4719	7253	48
78.49/78.57	78.5654	7252	49
80.39/80.46	80.458	7251	51
82.19/82.28	82.2781	7250	52
84.29/84.35	84.347	7249	53
86.19/86.27	86.274	7248	54
88.00/88.05	88.0482	7247	55
89.79/89.87	89.8661	7246	56
91.79/91.88	91.8821	7245	57
93.79/93.81	93.8085	7244	58
95.49/95.59	95.5928	7243	60
97.39/97.41	97.4119	7242	61
99.29/99.39	99.3937	7241	62
101.39/101.40	101.397	7240	63
103.39/103.45	103.446	7239	66
105.49/105.54	105.543	7238	67
107.49/107.53	107.525	7237	68
109.28/109.39	109.383	7236	70
111.48/111.57	111.567	7235	71
113.48/113.53	113.524	7234	73
115.58/115.63	115.624	7233	75
117.88/117.90	117.9	7232	76
119.68/119.80	119.794	7231	78
121.58/121.70	121.693	7230	79
123.48/123.50	123.499	7229	80
125.29/125.35	125.345	7228	82
127.28/127.32	127.317	7227	84
129.08/129.12	129.119	7226	85
130.89/130.92	130.916	7225	86
132.99/133.08	133.076	7224	88
135.19/135.26	135.253	7223	89
136.98/137.05	137.043	7222	92
138.79/138.86	138.853	7221	94
140.89/140.94	140.937	7220	96
142.69/142.79	142.789	7219	97
144.49/144.58	144.582	7218	98
146.29/146.39	146.389	7217	99
148.19/148.26	148.257	7216	100
149.99/150.08	150.079	7215	101
151.89/151.91	151.911	7214	104
153.69/153.71	153.703	7213	105
155.49/155.51	155.507	7212	106
157.29/157.31	157.311	7211	109
159.09/159.13	159.128	7210	110
161.09/161.19	161.185	7209	112
162.99/163.06	163.054	7208	114
164.79/164.86	164.86	7207	115
166.59/166.67	166.67	7206	117
168.39/168.48	168.48	7205	118
170.19/170.26	170.253	7204	119
171.99/172.06	172.053	7203	120
173.79/173.89	173.884	7202	123
175.69/175.77	175.767	7201	124
177.49/177.56	177.553	7200	125
179.39/179.40	179.401	7199	126
181.09/181.14	181.141	7198	127
182.79/182.89	182.889	7197	130
184.79/184.87	184.863	7196	131
186.69/186.77	186.768	7195	132
188.78/188.82	188.816	7194	134
190.58/190.64	190.631	7193	135
192.28/192.37	192.364	7192	136
194.08/194.12	194.111	7191	138
196.08/196.14	196.133	7190	140
197.89/197.96	197.957	7189	141
199.68/199.70	199.698	7188	145
201.38/201.46	201.454	7187	148
203.58/203.66	203.657	7186	152
205.38/205.41	205.408	7185	158
207.08/207.15	207.143	7184	159
208.78/208.86	208.855	7183	160
210.48/210.59	210.584	7182	162
212.29/212.34	212.331	7181	164
213.98/214.07	214.069	7180	167
215.78/215.82	215.816	7179	170
217.48/217.56	217.557	7178	172
219.28/219.30	219.292	7177	173
220.99/221.02	221.019	7176	174
222.68/222.77	222.768	7175	175
224.48/224.53	224.52	7174	176
226.18/226.27	226.261	7173	177
227.88/227.98	227.978	7172	179
229.68/229.71	229.708	7171	181
231.38/231.45	231.443	7170	186
233.19/233.28	233.274	7169	187
234.98/235.01	235.002	7168	188
236.68/236.73	236.728	7167	189
238.38/238.46	238.449	7166	190
240.08/240.19	240.182	7165	191
241.99/242.01	242.001	7164	192
243.88/243.99	243.983	7163	193
245.98/246.06	246.058	7162	195
247.88/247.97	247.962	7161	197
249.98/250.05	250.045	7160	198
251.98/252.04	252.036	7159	200
254.09/254.17	254.162	7158	204
255.98/256.08	256.075	7157	207
258.08/258.17	258.167	7156	208
259.98/260.02	260.017	7155	209
262.08/262.12	262.117	7154	212
264.08/264.10	264.094	7153	213
266.09/266.17	266.167	7152	214
268.08/268.12	268.117	7151	216
269.88/269.91	269.905	7150	218
271.78/271.86	271.857	7149	219
273.58/273.65	273.642	7148	220
275.78/275.86	275.848	7147	222
278.08/278.11	278.107	7146	224
279.98/280.05	280.045	7145	225
282.08/282.14	282.13	7144	230
283.98/284.08	284.075	7143	231
285.78/285.82	285.814	7142	233
287.48/287.52	287.513	7141	234
289.19/289.25	289.246	7140	237
291.08/291.16	291.15	7139	240
293.08/293.17	293.158	7138	244
294.98/295.08	295.068	7137	245
296.78/296.87	296.865	7136	246
298.88/298.90	298.895	7135	247
300.68/300.74	300.729	7134	248
302.49/302.53	302.523	7133	249
304.18/304.26	304.249	7132	250
305.88/305.92	305.914	7131	251
307.48/307.57	307.56	7130	252
309.18/309.24	309.231	7129	254
310.88/310.94	310.929	7127	255
312.58/312.64	312.635	7126	257
314.28/314.31	314.304	7125	259
315.98/316.06	316.053	7124	260
317.89/317.96	317.956	7123	261
319.68/319.76	319.753	7122	262
321.48/321.55	321.544	7121	263
323.39/323.48	323.47	7120	265
325.59/325.63	325.625	7119	268
327.58/327.66	327.656	7117	271
329.48/329.55	329.541	7116	272
331.58/331.69	331.678	7115	273
333.88/333.98	333.973	7114	274
335.88/335.95	335.943	7113	278
337.98/338.08	338.069	7112	279
339.98/340.07	340.063	7111	280
341.88/341.96	341.952	7110	281
343.58/343.63	343.62	7109	282
345.18/345.29	345.281	7108	283
346.87/346.92	346.907	7107	284
348.47/348.55	348.538	7106	285
350.18/350.24	350.235	7105	286
351.88/351.93	351.917	7104	287
353.87/353.90	353.89	7103	289
355.77/355.87	355.859	7102	290
357.48/357.54	357.525	7101	291
359.17/359.22	359.208	7100	294
360.87/360.93	360.917	7099	295
362.89/362.97	362.957	7098	297
364.88/364.90	364.885	7097	298
366.78/366.85	366.836	7096	300
368.58/368.65	368.64	7095	303
370.28/370.35	370.337	7094	304
371.98/372.08	372.066	7093	306
373.78/373.80	373.787	7092	307
375.48/375.50	375.491	7091	308
377.19/377.21	377.196	7090	309
378.88/378.92	378.913	7089	310
380.59/380.62	380.614	7088	311
382.28/382.33	382.316	7087	312
383.98/384.02	384.013	7086	313
385.68/385.73	385.715	7085	314
387.37/387.42	387.411	7084	316
389.07/389.12	389.113	7083	317
390.77/390.82	390.808	7082	318
392.47/392.51	392.5	7081	319
394.07/394.19	394.177	7080	320
395.77/395.88	395.872	7079	321
397.47/397.56	397.552	7078	322
399.18/399.26	399.252	7077	324
400.87/400.96	400.947	7076	325
402.58/402.65	402.642	7075	328
404.27/404.34	404.333	7074	329
405.97/406.04	406.031	7073	330
407.67/407.76	407.749	7072	332
409.37/409.45	409.435	7071	333
411.07/411.14	411.124	7070	334
412.87/412.95	412.939	7069	337
414.58/414.64	414.626	7068	338
416.27/416.35	416.337	7067	341
417.98/418.02	418.012	7066	342
419.87/419.98	419.973	7065	343
421.67/421.77	421.76	7064	344
423.38/423.46	423.453	7063	345
425.07/425.15	425.135	7062	346
426.78/426.87	426.853	7061	350
428.47/428.57	428.553	7060	351
430.37/430.47	430.457	7059	352
432.18/432.29	432.273	7058	354
434.17/434.20	434.187	7057	355
435.87/435.98	435.968	7056	356
437.57/437.67	437.653	7054	357
439.27/439.36	439.35	7053	358
440.99/441.06	441.045	7052	360
442.78/442.88	442.871	7051	361
444.78/444.82	444.806	7050	362
446.49/446.59	446.575	7049	363
448.18/448.27	448.254	7048	364
449.89/449.97	449.953	7047	367
451.58/451.64	451.626	7046	369
453.28/453.33	453.315	7045	370
454.98/455.00	454.991	7044	371
456.58/456.68	456.667	7043	372
458.28/458.36	458.343	7042	373
459.98/460.04	460.029	7041	375
461.68/461.73	461.714	7040	376
463.38/463.42	463.403	7039	378
465.08/465.10	465.084	7038	380
466.68/466.77	466.757	7037	381
468.49/468.59	468.575	7036	382
470.18/470.25	470.241	7035	383
471.89/471.94	471.93	7034	384
473.58/473.63	473.613	7033	385
475.28/475.30	475.283	7032	386
476.88/476.98	476.971	7031	388
478.58/478.67	478.652	7030	389
480.28/480.34	480.328	7029	390
481.98/482.01	481.994	7028	392
483.68/483.70	483.687	7027	397
485.28/485.37	485.358	7026	398
486.98/487.05	487.038	7025	401
488.68/488.72	488.702	7024	402
490.28/490.38	490.367	7023	403
491.98/492.06	492.048	7022	405
493.68/493.71	493.699	7021	406
495.28/495.37	495.361	7020	407
497.28/497.32	497.309	7019	409
498.98/499.03	499.019	7018	410
500.68/500.73	500.718	7017	412
502.38/502.43	502.413	7016	413
504.08/504.12	504.11	7015	414
505.78/505.80	505.785	7014	419
507.38/507.45	507.436	7013	420
508.98/509.08	509.069	7012	422
510.68/510.71	510.7	7010	423
512.38/512.40	512.383	7009	425
514.28/514.34	514.322	7008	428
515.98/516.00	515.99	7007	430
517.58/517.68	517.665	7006	432
519.48/519.52	519.505	7005	433
521.18/521.23	521.214	7004	436
522.88/522.93	522.918	7003	439
524.59/524.63	524.614	7002	441
526.27/526.30	526.288	7001	442
527.88/527.99	527.98	7000	443
529.57/529.68	529.667	6999	444
531.28/531.34	531.329	6998	445
532.97/533.00	532.983	6997	446
534.87/534.95	534.939	6996	447
536.68/536.80	536.785	6995	448
538.37/538.46	538.448	6994	450
540.17/540.23	540.217	6993	451
542.07/542.18	542.163	6992	452
544.07/544.10	544.08	6991	462
545.97/546.09	546.07	6990	463
547.87/547.94	547.929	6989	464
549.57/549.61	549.596	6988	465
551.17/551.28	551.26	6987	467
552.87/552.94	552.923	6986	468
554.47/554.58	554.564	6985	469
556.17/556.24	556.224	6984	470
557.77/557.90	557.879	6983	471
559.47/559.57	559.552	6982	472
561.17/561.23	561.21	6981	473
562.77/562.89	562.874	6980	474
564.47/564.54	564.528	6979	475
566.17/566.21	566.191	6978	477
567.77/567.86	567.842	6977	478
569.47/569.51	569.495	6976	479
571.37/571.44	571.42	6975	480
573.17/573.23	573.21	6974	481
575.07/575.18	575.163	6973	484
576.77/576.84	576.825	6972	487
578.48/578.52	578.505	6971	489
580.27/580.31	580.29	6970	490
581.88/581.96	581.939	6969	492
583.57/583.61	583.592	6968	493
585.57/585.63	585.61	6967	496
587.38/587.46	587.44	6966	498
588.97/589.09	589.069	6965	499
590.87/590.99	590.97	6964	500
592.67/592.79	592.777	6963	506
594.37/594.45	594.429	6962	507
596.08/596.11	596.096	6961	508
597.77/597.88	597.867	6960	510
599.48/599.56	599.545	6959	512
601.17/601.23	601.217	6958	513
602.78/602.89	602.87	6957	514
604.47/604.58	604.567	6956	519
606.17/606.28	606.26	6955	523
607.87/607.95	607.936	6954	524
609.57/609.63	609.609	6953	525
611.26/611.30	611.281	6952	526
612.86/612.97	612.952	6951	527
614.77/614.89	614.875	6950	530
616.46/616.55	616.528	6949	531
618.08/618.20	618.18	6948	532
620.07/620.15	620.137	6947	533
621.76/621.81	621.791	6946	535
623.46/623.53	623.509	6945	536
625.16/625.22	625.204	6944	539
626.97/627.08	627.059	6943	541
628.66/628.76	628.74	6942	544
630.36/630.44	630.418	6941	549
631.96/632.09	632.071	6940	552
633.66/633.74	633.723	6939	553
635.26/635.39	635.373	6938	554
636.96/637.05	637.027	6937	556
638.66/638.70	638.68	6936	558
640.26/640.35	640.333	6935	560
641.96/642.00	641.98	6934	563
643.56/643.64	643.617	6933	564
645.16/645.29	645.272	6932	566
646.86/646.92	646.905	6931	567
648.46/648.55	648.536	6930	568
650.16/650.20	650.186	6929	571
651.76/651.86	651.842	6928	572
653.56/653.67	653.65	6927	574
655.26/655.31	655.288	6926	575
657.26/657.31	657.289	6925	577
658.87/658.99	658.971	6924	585
660.86/660.94	660.925	6923	587
662.56/662.68	662.661	6922	588
664.27/664.31	664.294	6921	590
665.86/665.98	665.961	6920	592
667.57/667.65	667.63	6919	595
669.26/669.33	669.308	6918	599
670.87/670.99	670.969	6917	600
672.56/672.66	672.636	6916	602
674.27/674.32	674.305	6915	605
675.96/676.01	675.989	6914	613
677.57/677.63	677.61	6913	615
679.26/679.35	679.334	6912	620
680.96/681.01	680.987	6911	623
682.56/682.60	682.585	6910	625
684.18/684.24	684.224	6909	626
685.96/686.04	686.024	6908	628
687.56/687.67	687.648	6907	634
689.16/689.24	689.221	6906	635
690.67/690.80	690.781	6905	636
692.37/692.40	692.376	6904	638
693.87/693.99	693.971	6903	645
695.57/695.62	695.6	6902	646
697.57/697.62	697.604	6901	648
699.37/699.43	699.406	6900	649
701.17/701.22	701.204	6899	652
703.17/703.25	703.233	6898	658
705.27/705.31	705.289	6897	659
707.07/707.16	707.136	6896	663
708.87/708.96	708.938	6895	666
710.48/710.54	710.52	6894	669
712.07/712.17	712.146	6893	671
713.67/713.75	713.729	6892	675
715.27/715.38	715.358	6891	679
717.18/717.26	717.241	6890	680
718.97/719.02	719	6889	682
720.87/720.93	720.913	6888	684
722.77/722.84	722.818	6887	687
724.57/724.69	724.668	6886	690
726.57/726.63	726.613	6885	693
728.47/728.58	728.56	6884	696
730.38/730.42	730.395	6883	698
732.07/732.13	732.109	6882	699
733.68/733.76	733.743	6881	703
735.66/735.70	735.675	6880	705
737.26/737.39	737.37	6879	710
738.96/739.05	739.033	6878	714
740.66/740.72	740.703	6877	717
742.26/742.38	742.362	6876	719
743.96/744.04	744.022	6875	723
745.67/745.70	745.682	6874	725
747.26/747.35	747.33	6873	726
748.97/749.00	748.982	6872	727
750.56/750.66	750.635	6871	729
752.27/752.30	752.283	6870	730
753.86/753.98	753.96	6869	736
755.57/755.63	755.61	6868	740
757.16/757.20	757.179	6867	742
758.66/758.76	758.736	6866	744
760.26/760.35	760.327	6865	747
761.86/761.90	761.882	6864	749
763.46/763.50	763.474	6863	753
765.06/765.14	765.119	6862	761
766.76/766.80	766.782	6861	770
768.56/768.66	768.641	6860	772
770.36/770.44	770.415	6859	777
771.96/772.10	772.074	6858	783
773.86/773.99	773.963	6857	784
775.66/775.72	775.698	6856	788
777.26/777.34	777.32	6855	789
778.96/779.00	778.973	6854	799
780.56/780.64	780.622	6853	809
782.16/782.26	782.24	6852	811
783.86/783.91	783.891	6851	815
785.56/785.69	785.667	6850	817
787.26/787.34	787.312	6849	823
789.06/789.18	789.158	6848	825
790.96/791.08	791.057	6847	829
792.76/792.81	792.787	6846	832
794.66/794.75	794.725	6845	838
796.46/796.56	796.537	6844	841
798.36/798.48	798.452	6843	845
800.06/800.19	800.165	6842	850
801.77/801.83	801.807	6841	854
803.36/803.47	803.444	6840	856
805.07/805.11	805.081	6839	861
806.66/806.70	806.679	6838	863
808.26/808.32	808.298	6837	865
809.86/809.96	809.937	6836	870
811.46/811.58	811.559	6835	873
813.36/813.41	813.388	6834	876
815.07/815.14	815.116	6833	878
816.96/817.00	816.971	6832	880
818.76/818.88	818.854	6831	882
820.57/820.62	820.593	6830	886
822.36/822.40	822.378	6829	887
824.26/824.37	824.342	6828	889
825.97/826.01	825.985	6827	891
828.06/828.11	828.088	6826	895
829.96/830.02	829.994	6825	899
831.77/831.86	831.838	6824	901
833.37/833.47	833.446	6823	903
835.07/835.10	835.074	6822	905
836.67/836.72	836.694	6821	907
838.47/838.57	838.541	6820	910
840.27/840.40	840.372	6819	912
842.36/842.49	842.469	6818	913
844.16/844.20	844.176	6817	917
846.06/846.19	846.164	6816	920
848.26/848.32	848.296	6815	931
850.56/850.60	850.571	6814	942
852.37/852.42	852.393	6813	943
854.16/854.28	854.25	6812	947
855.86/855.92	855.889	6811	950
857.46/857.51	857.48	6810	953
859.16/859.24	859.217	6809	956
860.76/860.86	860.83	6808	960
862.37/862.44	862.415	6807	966
863.96/864.06	864.038	6806	968
865.86/865.96	865.938	6805	971
867.56/867.67	867.646	6804	973
869.16/869.25	869.221	6803	979
870.76/870.83	870.804	6802	982
872.66/872.70	872.675	6801	984
874.26/874.40	874.376	6800	987
876.16/876.21	876.183	6799	993
877.77/877.84	877.811	6798	995
879.66/879.73	879.706	6797	997
881.56/881.61	881.586	6796	1000
883.17/883.30	883.276	6795	1004
884.86/884.99	884.962	6794	1009
886.57/886.69	886.66	6793	1012
888.46/888.53	888.504	6792	1014
890.46/890.51	890.488	6791	1019
892.07/892.12	892.092	6790	1024
893.66/893.73	893.704	6789	1027
895.37/895.44	895.415	6788	1033
897.16/897.29	897.262	6787	1035
898.96/899.07	899.043	6786	1037
900.66/900.74	900.716	6785	1040
902.46/902.50	902.476	6784	1045
904.17/904.20	904.176	6783	1053
905.86/905.99	905.966	6782	1055
907.76/907.83	907.799	6781	1056
909.57/909.63	909.606	6780	1065
911.26/911.34	911.311	6779	1077
912.87/912.95	912.924	6778	1078
914.56/914.60	914.571	6777	1082
916.17/916.25	916.224	6776	1084
918.06/918.18	918.154	6775	1089
920.15/920.29	920.264	6774	1094
921.95/922.06	922.026	6773	1097
923.86/923.95	923.917	6772	1099
925.75/925.83	925.795	6771	1101
927.65/927.78	927.753	6770	1102
929.46/929.58	929.548	6769	1106
931.15/931.25	931.221	6768	1110
932.95/933.07	933.036	6767	1111
934.65/934.72	934.689	6766	1114
936.25/936.38	936.346	6765	1116
937.95/938.06	938.029	6764	1120
939.65/939.74	939.707	6763	1122
941.46/941.57	941.536	6762	1125
943.15/943.21	943.179	6761	1130
944.95/945.08	945.047	6760	1133
946.96/947.10	947.07	6759	1139
948.85/948.97	948.943	6758	1142
950.65/950.78	950.749	6757	1143
952.57/952.69	952.657	6756	1147
954.35/954.46	954.43	6755	1148
956.05/956.11	956.084	6754	1150
957.96/958.02	957.991	6753	1161
959.85/959.91	959.877	6752	1167
961.56/961.60	961.57	6751	1174
963.26/963.31	963.279	6750	1185
965.06/965.15	965.123	6749	1189
966.87/966.96	966.924	6748	1191
968.56/968.65	968.617	6747	1198
970.17/970.26	970.225	6746	1200
971.96/972.07	972.04	6745	1202
973.76/973.83	973.798	6744	1213
975.46/975.50	975.468	6743	1216
977.16/977.22	977.19	6742	1227
978.86/978.92	978.887	6741	1229
980.65/980.77	980.737	6740	1234
982.65/982.78	982.746	6739	1238
984.36/984.42	984.386	6738	1243
985.95/986.00	985.964	6737	1245
987.45/987.59	987.559	6736	1246
989.25/989.36	989.332	6735	1249
990.85/990.96	990.923	6734	1253
992.65/992.70	992.666	6733	1257
994.45/994.56	994.525	6732	1261
996.05/996.19	996.16	6731	1267
997.76/997.82	997.783	6730	1270
999.36/999.48	999.448	6729	1272
