17.09/17.17	17.1742	7294	0
18.79/18.84	18.8436	7293	1
20.49/20.52	20.5251	7292	2
22.09/22.19	22.1924	7291	3
24.10/24.12	24.1197	7290	4
25.79/25.87	25.868	7289	7
27.69/27.79	27.796	7288	9
29.79/29.81	29.8136	7287	12
31.59/31.63	31.6285	7286	13
33.49/33.55	33.547	7285	15
35.29/35.35	35.3533	7284	16
37.09/37.13	37.1306	7283	17
38.79/38.83	38.8352	7282	18
40.39/40.49	40.4881	7281	19
42.09/42.14	42.1445	7280	20
43.69/43.79	43.7922	7279	21
45.39/45.48	45.4827	7278	24
47.09/47.13	47.1344	7277	26
48.69/48.79	48.7919	7276	27
50.39/50.44	50.4353	7275	29
51.99/52.09	52.0858	7274	30
53.69/53.74	53.7419	7273	31
55.39/55.42	55.4151	7272	34
56.99/57.07	57.0699	7271	35
58.69/58.74	58.7385	7270	36
60.79/60.84	60.8439	7269	37
62.60/62.69	62.6925	7268	39
64.59/64.68	64.6811	7267	40
66.39/66.48	66.4804	7266	42
68.29/68.36	68.3611	7265	43
70.30/70.37	70.3724	7263	44
71.99/72.03	72.0309	7262	46
73.59/73.69	73.6843	7261	47
75.29/75.35	75.3507	7260	48
76.99/77.03	77.0277	7259	49
78.58/78.69	78.6882	7258	50
80.29/80.35	80.3457	7257	51
81.98/82.02	82.0163	7256	52
83.68/83.71	83.7118	7255	53
85.69/85.76	85.7535	7254	54
87.68/87.71	87.7082	7253	55
89.28/89.37	89.3698	7252	56
90.98/91.01	91.0068	7251	57
92.58/92.67	92.6717	7250	59
94.28/94.35	94.3446	7249	61
95.98/96.05	96.049	7248	62
97.68/97.76	97.7549	7247	63
99.38/99.43	99.4246	7245	65
100.98/101.07	101.069	7244	66
102.68/102.73	102.726	7243	67
104.28/104.39	104.385	7242	69
106.08/106.11	106.108	7241	70
107.69/107.78	107.773	7240	71
109.38/109.42	109.412	7239	72
110.99/111.08	111.076	7238	73
112.68/112.76	112.761	7237	74
114.39/114.44	114.434	7236	75
116.08/116.10	116.098	7235	76
117.69/117.77	117.763	7234	77
119.38/119.41	119.407	7233	78
120.99/121.04	121.04	7232	79
122.58/122.69	122.685	7231	80
124.29/124.33	124.321	7230	81
125.88/125.98	125.978	7229	83
127.59/127.64	127.636	7228	85
129.28/129.31	129.309	7227	86
130.98/131.06	131.05	7226	88
132.88/132.91	132.906	7225	89
134.58/134.67	134.66	7224	90
136.29/136.34	136.336	7223	91
137.98/138.00	137.996	7222	92
139.59/139.67	139.666	7221	93
141.28/141.31	141.302	7220	94
142.89/142.96	142.955	7219	95
144.58/144.63	144.628	7218	96
146.19/146.27	146.261	7217	97
147.88/147.94	147.93	7216	98
149.59/149.62	149.611	7215	99
151.18/151.28	151.269	7214	100
152.89/152.91	152.907	7213	101
154.68/154.76	154.756	7212	102
156.28/156.39	156.388	7211	103
157.98/158.03	158.022	7210	104
159.58/159.65	159.646	7209	105
161.28/161.30	161.295	7208	106
162.88/162.96	162.953	7207	107
164.58/164.61	164.599	7206	108
166.18/166.28	166.271	7205	109
167.88/167.94	167.933	7204	110
169.58/169.60	169.59	7203	112
171.18/171.23	171.219	7202	113
172.78/172.87	172.867	7201	114
174.48/174.57	174.557	7200	115
176.18/176.21	176.207	7199	116
177.78/177.87	177.865	7198	118
179.48/179.53	179.521	7197	119
181.18/181.21	181.203	7196	120
182.78/182.86	182.855	7195	121
184.48/184.52	184.515	7194	122
186.08/186.18	186.173	7193	125
187.78/187.82	187.811	7192	126
189.68/189.78	189.768	7191	127
191.68/191.79	191.779	7190	129
193.68/193.78	193.772	7189	130
195.48/195.52	195.508	7188	134
197.28/197.35	197.339	7187	138
198.98/199.06	199.05	7186	139
201.08/201.19	201.178	7185	141
202.88/202.90	202.887	7184	144
204.48/204.59	204.578	7183	146
206.18/206.28	206.271	7182	147
207.97/208.01	207.997	7181	151
209.67/209.71	209.704	7180	153
211.37/211.40	211.386	7179	154
212.97/213.08	213.072	7178	156
214.67/214.77	214.757	7177	157
216.37/216.46	216.445	7176	160
218.07/218.14	218.125	7175	161
219.77/219.84	219.827	7174	163
221.47/221.53	221.518	7173	165
223.37/223.42	223.406	7172	166
225.38/225.45	225.437	7171	167
227.07/227.18	227.167	7170	170
228.78/228.87	228.859	7169	171
231.07/231.10	231.092	7168	174
232.97/233.08	233.074	7167	175
234.88/234.92	234.906	7166	177
236.49/236.59	236.579	7165	178
238.18/238.28	238.266	7164	180
239.88/239.96	239.948	7163	182
241.58/241.69	241.679	7162	184
243.38/243.41	243.399	7161	185
245.38/245.44	245.424	7160	187
247.39/247.47	247.46	7159	188
249.18/249.20	249.184	7158	190
251.38/251.45	251.438	7157	191
253.08/253.13	253.12	7156	195
254.77/254.83	254.816	7155	198
256.47/256.50	256.489	7154	200
258.38/258.44	258.428	7153	201
260.17/260.24	260.229	7152	202
261.87/261.95	261.942	7151	203
263.58/263.65	263.635	7150	204
265.28/265.35	265.334	7149	205
266.98/267.02	267.004	7148	206
268.68/268.72	268.712	7147	207
270.38/270.41	270.398	7145	208
272.08/272.14	272.131	7143	210
273.98/274.04	274.029	7142	211
275.68/275.77	275.755	7141	212
277.68/277.79	277.776	7140	213
279.68/279.75	279.741	7139	214
281.49/281.51	281.498	7138	215
283.18/283.27	283.26	7137	218
284.89/284.93	284.921	7136	220
286.58/286.61	286.598	7135	221
288.48/288.57	288.553	7134	226
290.39/290.45	290.432	7133	227
292.59/292.63	292.621	7132	228
294.58/294.63	294.616	7131	229
296.78/296.80	296.792	7130	230
298.98/299.01	298.993	7129	233
301.07/301.11	301.097	7128	234
302.77/302.83	302.819	7127	235
304.48/304.50	304.486	7126	236
306.18/306.27	306.254	7125	237
308.27/308.33	308.315	7124	238
310.47/310.53	310.512	7123	242
312.28/312.33	312.317	7122	243
313.87/313.97	313.96	7121	244
315.47/315.58	315.568	7120	245
317.17/317.20	317.188	7119	246
318.77/318.84	318.821	7118	247
320.37/320.45	320.434	7117	249
321.97/322.08	322.068	7116	250
323.87/323.96	323.95	7115	252
325.67/325.71	325.696	7114	253
327.27/327.32	327.308	7113	254
328.88/328.92	328.908	7112	256
330.47/330.52	330.508	7111	258
332.08/332.17	332.159	7110	259
333.87/333.90	333.882	7109	260
335.87/335.98	335.968	7108	261
337.77/337.88	337.863	7107	262
339.57/339.65	339.631	7106	264
341.17/341.24	341.225	7105	265
342.77/342.87	342.857	7104	267
344.37/344.47	344.451	7103	268
345.97/346.06	346.049	7102	270
347.58/347.67	347.652	7101	274
349.47/349.51	349.491	7100	275
351.47/351.53	351.51	7099	280
353.17/353.25	353.229	7098	281
354.77/354.86	354.839	7097	283
356.38/356.48	356.465	7096	284
357.97/358.09	358.078	7095	285
359.68/359.74	359.726	7094	286
361.47/361.57	361.552	7093	288
363.07/363.16	363.145	7092	289
364.67/364.75	364.735	7091	290
366.67/366.75	366.734	7090	294
368.37/368.47	368.452	7089	295
370.07/370.12	370.099	7088	299
371.77/371.88	371.858	7087	303
373.77/373.88	373.859	7086	304
375.97/376.08	376.059	7085	306
377.67/377.71	377.696	7084	307
379.27/379.32	379.3	7083	310
380.87/380.94	380.917	7082	313
382.47/382.53	382.508	7081	314
384.07/384.12	384.099	7080	315
385.67/385.71	385.688	7079	316
387.27/387.34	387.32	7078	317
389.28/389.31	389.287	7077	320
391.17/391.27	391.251	7076	321
393.17/393.20	393.18	7075	324
394.78/394.86	394.845	7074	325
396.67/396.75	396.733	7073	327
398.27/398.33	398.314	7072	328
399.87/399.92	399.904	7071	329
401.48/401.52	401.499	7070	331
403.07/403.13	403.107	7069	332
404.68/404.71	404.688	7068	333
406.27/406.33	406.312	7067	336
407.87/407.97	407.951	7066	338
409.47/409.58	409.558	7065	340
411.07/411.19	411.171	7064	341
412.67/412.79	412.774	7063	342
414.27/414.38	414.358	7062	343
416.17/416.25	416.229	7061	344
417.88/417.97	417.946	7060	345
419.47/419.55	419.527	7059	348
421.07/421.17	421.145	7058	349
422.67/422.75	422.726	7057	350
424.58/424.64	424.619	7056	351
426.37/426.40	426.376	7055	353
427.87/427.98	427.956	7054	354
429.56/429.61	429.589	7053	355
431.47/431.59	431.564	7052	356
433.07/433.19	433.169	7051	357
434.67/434.77	434.747	7050	358
436.27/436.37	436.353	7049	359
437.87/437.98	437.957	7048	365
439.47/439.56	439.54	7047	366
441.07/441.14	441.119	7046	368
442.67/442.74	442.72	7045	369
444.47/444.54	444.52	7044	370
446.37/446.46	446.435	7043	373
448.07/448.10	448.074	7042	374
449.57/449.68	449.66	7041	375
451.17/451.28	451.254	7040	380
452.77/452.86	452.838	7039	383
454.36/454.44	454.416	7038	386
455.96/456.01	455.988	7037	387
457.47/457.60	457.577	7036	390
459.06/459.17	459.145	7035	391
460.66/460.76	460.738	7034	392
462.36/462.46	462.439	7033	394
463.96/464.06	464.036	7032	397
465.56/465.64	465.618	7031	401
467.26/467.32	467.295	7030	402
468.96/469.08	469.06	7029	403
470.86/470.96	470.934	7028	405
472.97/473.07	473.048	7027	408
474.56/474.63	474.609	7026	409
476.17/476.23	476.201	7025	410
477.76/477.84	477.815	7024	414
479.36/479.47	479.444	7023	417
481.36/481.41	481.386	7022	419
483.16/483.21	483.187	7021	422
485.07/485.15	485.126	7020	425
486.76/486.82	486.794	7019	427
488.37/488.40	488.378	7018	428
489.96/490.02	489.993	7017	432
491.46/491.60	491.573	7016	433
493.06/493.17	493.145	7015	436
494.66/494.76	494.731	7014	440
496.26/496.37	496.344	7013	442
498.27/498.32	498.294	7012	444
500.06/500.11	500.089	7011	447
501.66/501.76	501.737	7010	448
503.36/503.42	503.396	7009	450
504.96/505.05	505.023	7008	451
506.56/506.67	506.64	7007	453
508.17/508.24	508.218	7006	454
509.76/509.81	509.781	7005	456
511.26/511.39	511.367	7004	457
512.86/512.97	512.939	7003	460
514.46/514.52	514.496	7002	461
515.96/516.09	516.066	7001	464
517.56/517.69	517.665	7000	470
519.17/519.26	519.234	6999	474
520.76/520.82	520.794	6998	475
522.26/522.39	522.362	6997	476
523.86/523.96	523.935	6996	477
525.46/525.53	525.506	6995	481
527.06/527.12	527.091	6994	483
528.66/528.71	528.685	6993	487
530.26/530.31	530.282	6992	489
531.76/531.88	531.856	6991	490
533.37/533.45	533.427	6990	491
534.96/535.02	534.995	6989	493
536.46/536.58	536.554	6988	495
538.06/538.15	538.127	6987	496
539.66/539.71	539.682	6986	498
541.17/541.28	541.253	6985	499
542.76/542.85	542.82	6984	501
544.37/544.42	544.39	6983	505
545.86/545.99	545.96	6982	506
547.46/547.56	547.53	6981	507
549.06/549.12	549.089	6980	509
550.56/550.67	550.646	6979	510
552.16/552.23	552.199	6978	511
553.66/553.79	553.758	6977	513
555.26/555.35	555.323	6976	514
556.86/556.92	556.889	6975	516
558.36/558.49	558.456	6974	518
559.96/560.06	560.034	6973	521
561.55/561.62	561.594	6972	522
563.06/563.18	563.15	6971	524
564.75/564.80	564.769	6970	526
566.36/566.41	566.381	6969	528
567.85/567.96	567.933	6968	529
569.45/569.54	569.511	6967	534
570.95/571.09	571.064	6966	535
572.55/572.65	572.621	6965	536
574.06/574.20	574.166	6964	537
575.65/575.75	575.715	6963	538
577.25/577.32	577.293	6962	546
578.75/578.89	578.859	6961	548
580.35/580.44	580.408	6960	549
581.95/582.01	581.982	6959	554
583.45/583.57	583.537	6958	555
585.06/585.12	585.09	6957	557
586.55/586.68	586.648	6956	559
588.15/588.26	588.23	6955	560
589.75/589.84	589.806	6954	561
591.85/591.90	591.868	6953	562
593.35/593.47	593.437	6952	563
594.96/595.03	595.002	6951	565
596.55/596.68	596.645	6950	568
598.45/598.53	598.499	6949	571
600.46/600.51	600.475	6948	573
602.05/602.17	602.136	6947	574
603.65/603.74	603.71	6946	577
605.25/605.33	605.299	6945	580
606.85/606.90	606.867	6944	582
608.35/608.45	608.413	6943	583
609.95/610.00	609.968	6942	584
611.46/611.56	611.527	6941	585
613.05/613.11	613.079	6940	587
614.55/614.69	614.653	6939	591
616.15/616.25	616.213	6938	593
617.75/617.83	617.799	6937	594
619.26/619.39	619.357	6936	597
620.85/620.93	620.9	6935	598
622.35/622.48	622.449	6934	599
623.95/624.04	624.01	6933	600
625.55/625.63	625.597	6932	601
627.15/627.20	627.162	6931	608
628.75/628.89	628.856	6930	612
630.35/630.49	630.452	6929	613
631.95/632.04	632.01	6928	614
633.46/633.59	633.555	6927	615
635.05/635.15	635.118	6926	616
636.66/636.70	636.661	6925	617
638.16/638.23	638.197	6924	618
639.66/639.79	639.751	6923	619
641.26/641.39	641.354	6922	620
642.86/642.95	642.916	6921	621
644.46/644.52	644.483	6920	623
645.95/646.07	646.036	6919	625
647.55/647.65	647.615	6918	630
649.15/649.20	649.165	6917	632
650.65/650.74	650.701	6916	634
652.16/652.27	652.234	6915	637
653.75/653.82	653.779	6914	640
655.56/655.69	655.651	6913	641
657.35/657.41	657.376	6912	643
658.86/658.95	658.915	6911	644
660.55/660.60	660.565	6910	645
662.06/662.14	662.104	6909	646
663.85/663.93	663.892	6908	647
665.46/665.58	665.543	6907	648
667.45/667.60	667.561	6906	651
669.05/669.15	669.11	6905	652
670.96/671.06	671.026	6904	654
672.65/672.74	672.705	6903	658
674.26/674.35	674.313	6902	660
676.05/676.12	676.078	6901	664
677.65/677.71	677.669	6900	665
679.15/679.27	679.229	6899	666
680.65/680.80	680.759	6898	668
682.25/682.33	682.291	6897	670
683.85/683.96	683.921	6896	672
685.65/685.77	685.736	6895	673
687.46/687.57	687.531	6894	675
689.15/689.24	689.206	6893	678
690.66/690.78	690.746	6892	681
692.35/692.48	692.446	6891	684
694.25/694.31	694.268	6890	687
695.75/695.88	695.843	6889	689
697.36/697.49	697.453	6888	702
698.95/699.03	698.993	6887	705
700.56/700.61	700.566	6886	708
702.25/702.30	702.257	6885	712
703.75/703.87	703.83	6884	713
705.35/705.46	705.419	6883	720
706.95/707.00	706.961	6882	723
708.45/708.58	708.539	6881	726
710.05/710.15	710.108	6880	729
711.56/711.69	711.646	6879	734
713.15/713.28	713.242	6878	739
714.75/714.80	714.758	6877	740
716.35/716.46	716.415	6876	743
718.26/718.35	718.308	6875	745
719.85/719.92	719.882	6874	747
721.35/721.46	721.423	6873	751
722.95/723.01	722.973	6872	754
724.55/724.62	724.578	6871	755
726.05/726.17	726.127	6870	757
727.75/727.85	727.811	6869	759
729.45/729.58	729.542	6868	762
731.75/731.81	731.768	6867	764
733.56/733.67	733.632	6866	767
735.25/735.30	735.263	6865	770
737.05/737.16	737.116	6864	774
738.85/738.92	738.878	6863	776
740.35/740.47	740.431	6862	779
741.95/742.00	741.96	6861	781
743.56/743.62	743.574	6860	787
745.15/745.22	745.179	6859	791
746.65/746.78	746.743	6858	797
748.25/748.33	748.284	6857	799
749.75/749.85	749.809	6856	802
751.65/751.77	751.724	6855	804
753.46/753.54	753.493	6854	806
755.15/755.24	755.194	6853	808
756.76/756.84	756.798	6852	810
758.35/758.42	758.379	6851	812
759.85/759.96	759.917	6850	814
761.35/761.48	761.441	6849	817
762.95/763.02	762.981	6848	823
764.55/764.63	764.591	6847	827
766.15/766.20	766.154	6846	829
767.66/767.73	767.684	6845	832
769.35/769.45	769.41	6844	836
771.14/771.26	771.212	6843	839
772.94/773.06	773.018	6842	845
774.84/774.95	774.909	6841	847
776.45/776.52	776.476	6840	850
777.94/778.04	777.991	6839	852
779.44/779.59	779.549	6838	858
781.04/781.12	781.075	6837	862
782.54/782.65	782.602	6836	865
784.04/784.16	784.117	6835	867
785.54/785.68	785.635	6834	870
787.14/787.21	787.16	6833	874
788.65/788.74	788.694	6832	878
790.14/790.29	790.248	6831	881
791.74/791.85	791.804	6830	884
793.34/793.41	793.362	6829	886
794.84/794.99	794.943	6828	889
796.44/796.57	796.52	6827	891
798.04/798.13	798.086	6826	895
799.55/799.66	799.61	6825	896
801.14/801.20	801.153	6824	904
802.64/802.73	802.687	6823	908
804.14/804.29	804.247	6822	911
806.15/806.28	806.234	6821	920
807.84/807.96	807.913	6820	923
809.45/809.51	809.462	6819	928
810.94/811.02	810.972	6818	931
812.44/812.58	812.533	6817	941
814.04/814.11	814.066	6816	946
815.54/815.69	815.647	6815	952
817.15/817.25	817.206	6814	956
818.64/818.77	818.725	6813	958
820.24/820.32	820.271	6812	961
821.84/821.90	821.852	6811	966
823.44/823.51	823.465	6810	970
825.24/825.38	825.331	6809	973
827.24/827.39	827.343	6808	977
828.94/829.07	829.02	6807	981
830.64/830.72	830.673	6806	986
832.24/832.32	832.271	6805	993
833.84/833.91	833.864	6804	995
835.44/835.54	835.491	6803	1001
837.05/837.12	837.072	6802	1004
838.84/838.91	838.866	6801	1007
840.54/840.67	840.624	6800	1011
842.34/842.48	842.431	6799	1013
844.34/844.43	844.384	6798	1017
845.94/846.00	845.956	6797	1021
847.44/847.58	847.53	6796	1024
849.05/849.13	849.085	6795	1025
850.64/850.70	850.651	6794	1027
852.24/852.30	852.252	6793	1030
853.84/853.96	853.91	6792	1044
855.44/855.59	855.54	6791	1054
857.04/857.15	857.099	6790	1056
858.74/858.88	858.836	6789	1057
860.44/860.57	860.526	6788	1059
862.04/862.17	862.121	6787	1061
863.74/863.81	863.764	6786	1066
865.55/865.67	865.625	6785	1072
867.24/867.39	867.337	6784	1075
868.85/869.00	868.948	6783	1083
870.44/870.56	870.511	6782	1085
872.04/872.13	872.077	6781	1087
873.64/873.73	873.677	6780	1092
875.34/875.46	875.414	6779	1093
877.14/877.28	877.229	6778	1094
879.04/879.16	879.113	6777	1096
881.05/881.12	881.072	6776	1102
882.74/882.85	882.803	6775	1106
884.64/884.73	884.68	6774	1109
886.14/886.29	886.242	6773	1112
887.74/887.85	887.803	6772	1114
889.34/889.42	889.369	6771	1117
890.84/890.99	890.945	6770	1121
892.44/892.55	892.504	6769	1123
894.04/894.12	894.074	6768	1127
895.64/895.72	895.671	6767	1132
897.14/897.27	897.219	6766	1133
898.73/898.83	898.783	6765	1136
900.33/900.40	900.355	6764	1141
901.85/901.98	901.929	6763	1146
903.44/903.53	903.482	6762	1147
904.94/905.09	905.043	6761	1150
906.54/906.65	906.599	6760	1152
908.14/908.21	908.156	6759	1154
909.65/909.77	909.715	6758	1156
911.24/911.34	911.287	6757	1159
912.74/912.90	912.848	6756	1161
914.44/914.51	914.457	6755	1174
915.94/916.07	916.019	6754	1175
917.54/917.62	917.571	6753	1176
919.14/919.23	919.181	6752	1188
920.74/920.80	920.748	6751	1191
922.24/922.36	922.309	6750	1194
923.85/923.97	923.918	6749	1197
925.44/925.52	925.471	6748	1199
927.04/927.12	927.067	6747	1203
928.64/928.71	928.659	6746	1206
930.24/930.34	930.285	6745	1208
931.84/931.95	931.901	6744	1212
933.44/933.56	933.505	6743	1219
935.04/935.14	935.087	6742	1226
936.74/936.82	936.774	6741	1231
938.44/938.53	938.479	6740	1236
940.14/940.27	940.219	6739	1240
941.84/941.99	941.939	6738	1246
943.54/943.70	943.648	6737	1251
945.34/945.42	945.367	6736	1261
947.14/947.22	947.171	6735	1264
949.04/949.15	949.097	6734	1272
950.84/950.98	950.929	6733	1275
952.55/952.63	952.582	6732	1278
954.44/954.59	954.535	6731	1285
956.24/956.36	956.31	6730	1286
957.84/957.98	957.928	6729	1291
959.44/959.55	959.499	6728	1297
961.35/961.44	961.387	6727	1306
962.94/963.05	962.996	6726	1310
964.84/964.90	964.844	6725	1315
966.34/966.47	966.422	6724	1320
967.95/968.04	967.989	6723	1323
969.73/969.83	969.78	6722	1326
971.33/971.43	971.38	6721	1332
972.83/972.98	972.933	6720	1335
974.45/974.54	974.487	6719	1338
976.14/976.22	976.164	6718	1344
977.64/977.78	977.727	6717	1346
979.24/979.37	979.316	6716	1352
980.84/980.93	980.879	6715	1355
982.34/982.49	982.437	6714	1357
983.94/984.08	984.033	6713	1360
985.54/985.65	985.6	6712	1366
987.14/987.24	987.183	6711	1370
988.74/988.84	988.789	6710	1373
990.54/990.68	990.624	6709	1375
992.44/992.59	992.541	6708	1379
994.14/994.29	994.233	6707	1387
995.74/995.84	995.787	6706	1390
997.24/997.38	997.323	6705	1392
998.84/998.95	998.894	6704	1396
