16.99/17.03	17.0281	7285	0
18.70/18.76	18.7637	7284	1
20.39/20.42	20.4188	7283	2
22.10/22.13	22.1336	7282	4
23.79/23.83	23.8285	7281	8
25.49/25.51	25.5075	7280	10
27.09/27.16	27.1638	7279	11
28.79/28.83	28.8355	7278	12
30.49/30.58	30.5863	7277	13
32.19/32.28	32.2835	7276	14
33.89/33.98	33.9784	7275	15
35.59/35.67	35.6701	7274	16
37.29/37.34	37.3389	7273	17
38.99/39.00	38.9975	7272	18
40.59/40.66	40.6609	7271	19
42.29/42.35	42.3465	7270	20
43.89/44.00	44.0013	7269	22
45.59/45.68	45.6785	7268	23
47.30/47.37	47.3706	7267	24
48.99/49.04	49.0452	7266	26
50.70/50.73	50.7331	7265	27
52.39/52.40	52.4024	7264	29
54.00/54.06	54.0633	7263	30
55.79/55.81	55.8083	7262	31
57.49/57.53	57.5342	7261	32
59.19/59.20	59.1961	7260	34
60.79/60.84	60.8453	7259	36
62.39/62.49	62.4917	7258	38
64.19/64.20	64.2007	7257	39
65.79/65.84	65.8436	7256	40
67.49/67.53	67.5293	7255	41
69.19/69.20	69.1977	7254	42
70.89/70.93	70.9267	7253	43
72.49/72.58	72.5807	7252	44
74.19/74.24	74.2356	7251	45
75.79/75.90	75.8961	7250	46
77.49/77.59	77.5887	7249	47
79.20/79.25	79.2542	7248	49
80.89/80.91	80.9103	7247	51
82.50/82.56	82.5576	7246	52
84.19/84.22	84.2213	7245	54
85.80/85.86	85.8616	7244	55
87.49/87.51	87.5094	7243	56
89.10/89.15	89.1505	7242	57
90.69/90.79	90.7934	7241	58
92.40/92.43	92.4343	7240	59
93.99/94.08	94.078	7239	60
95.70/95.74	95.7444	7238	61
97.29/97.39	97.3922	7237	62
99.00/99.04	99.0374	7236	64
100.59/100.68	100.676	7235	65
102.30/102.31	102.312	7234	66
103.89/103.99	103.986	7233	68
105.60/105.65	105.652	7232	70
107.19/107.29	107.287	7231	71
108.90/108.93	108.934	7230	74
110.59/110.62	110.616	7229	77
112.20/112.25	112.246	7228	78
113.89/113.92	113.919	7227	81
115.50/115.59	115.585	7226	84
117.19/117.23	117.225	7225	86
118.80/118.90	118.896	7224	89
120.49/120.54	120.537	7223	90
122.10/122.20	122.2	7222	91
123.79/123.85	123.853	7221	92
125.40/125.49	125.492	7220	93
127.09/127.14	127.139	7219	95
128.80/128.87	128.869	7218	102
130.49/130.59	130.588	7217	104
132.19/132.26	132.255	7216	106
133.89/133.92	133.918	7215	107
135.49/135.59	135.586	7214	109
137.19/137.23	137.23	7213	111
138.79/138.88	138.883	7212	112
140.49/140.59	140.59	7211	113
142.29/142.32	142.319	7210	118
143.89/143.98	143.976	7209	121
145.59/145.61	145.613	7208	122
147.19/147.28	147.282	7207	123
148.89/148.96	148.961	7206	124
150.49/150.59	150.593	7205	125
152.19/152.23	152.229	7204	126
153.89/153.91	153.909	7203	127
155.49/155.58	155.581	7202	128
157.19/157.24	157.235	7201	129
158.79/158.87	158.87	7200	130
160.49/160.53	160.524	7199	131
162.09/162.18	162.174	7198	132
163.79/163.83	163.825	7197	133
165.49/165.52	165.516	7196	134
167.09/167.15	167.153	7195	136
168.69/168.79	168.79	7194	138
170.39/170.43	170.428	7193	140
171.99/172.06	172.057	7192	142
173.69/173.70	173.696	7191	146
175.29/175.33	175.326	7190	147
176.99/177.01	177.004	7189	148
178.59/178.64	178.642	7188	149
180.19/180.29	180.284	7187	150
181.89/181.92	181.915	7186	151
183.49/183.55	183.55	7185	152
185.09/185.19	185.186	7184	153
186.79/186.82	186.817	7183	154
188.39/188.46	188.461	7182	155
190.09/190.13	190.129	7181	156
191.79/191.80	191.798	7180	157
193.39/193.43	193.425	7179	158
194.99/195.07	195.068	7178	162
196.69/196.70	196.695	7177	163
198.29/198.32	198.319	7176	165
199.89/199.94	199.937	7175	166
201.49/201.56	201.558	7174	167
203.19/203.24	203.235	7173	168
204.79/204.85	204.852	7172	170
206.39/206.49	206.485	7171	173
208.09/208.10	208.1	7170	174
209.69/209.75	209.751	7169	175
211.39/211.41	211.409	7168	176
212.99/213.03	213.026	7167	177
214.60/214.66	214.661	7166	179
216.29/216.30	216.297	7165	181
217.90/217.94	217.933	7164	182
219.49/219.59	219.585	7163	183
221.20/221.26	221.252	7162	186
222.79/222.89	222.885	7161	187
224.50/224.51	224.503	7160	189
226.09/226.13	226.127	7159	190
227.70/227.75	227.749	7158	191
229.39/229.45	229.445	7157	192
231.10/231.14	231.137	7156	193
232.79/232.83	232.831	7155	194
234.49/234.53	234.524	7154	195
236.09/236.18	236.172	7153	196
237.79/237.83	237.829	7152	199
239.39/239.48	239.472	7151	200
241.09/241.12	241.113	7150	201
242.79/242.81	242.803	7149	202
244.39/244.44	244.44	7148	203
246.09/246.11	246.106	7147	204
247.69/247.71	247.702	7146	205
249.29/249.33	249.324	7145	206
250.90/250.94	250.932	7144	207
252.49/252.56	252.553	7143	208
254.09/254.17	254.165	7142	209
255.69/255.78	255.778	7141	211
257.40/257.43	257.422	7140	212
258.99/259.06	259.06	7139	215
260.59/260.67	260.666	7138	216
262.29/262.31	262.302	7137	218
263.89/263.95	263.949	7136	219
265.59/265.61	265.605	7135	221
267.19/267.21	267.21	7134	222
268.79/268.83	268.821	7133	223
270.39/270.45	270.45	7132	224
271.99/272.08	272.072	7131	225
273.69/273.72	273.716	7130	231
275.29/275.32	275.32	7129	232
276.89/276.95	276.944	7128	236
278.49/278.59	278.589	7127	238
280.19/280.21	280.202	7126	241
281.78/281.81	281.809	7125	243
283.38/283.46	283.452	7124	245
285.00/285.06	285.058	7123	246
286.58/286.67	286.66	7122	247
288.19/288.27	288.26	7121	249
289.78/289.87	289.866	7120	250
291.49/291.56	291.55	7119	252
293.08/293.15	293.147	7118	253
294.68/294.78	294.777	7117	256
296.28/296.38	296.379	7116	257
297.88/297.99	297.988	7115	258
299.58/299.60	299.593	7114	259
301.18/301.21	301.202	7113	261
302.78/302.82	302.814	7112	262
304.38/304.47	304.466	7111	263
305.98/306.09	306.083	7110	264
307.68/307.70	307.698	7109	266
309.28/309.30	309.292	7108	267
310.88/310.91	310.908	7107	269
312.49/312.52	312.511	7106	271
314.08/314.12	314.112	7105	272
315.69/315.71	315.705	7104	273
317.28/317.31	317.307	7103	274
318.88/318.92	318.916	7102	276
320.48/320.53	320.524	7101	278
322.08/322.14	322.133	7100	282
323.68/323.77	323.76	7099	283
325.38/325.41	325.404	7098	284
326.98/327.00	326.998	7097	286
328.58/328.62	328.611	7096	288
330.18/330.22	330.211	7095	289
331.78/331.81	331.803	7094	290
333.39/333.41	333.404	7093	292
334.98/335.03	335.027	7092	294
336.59/336.62	336.618	7091	296
338.18/338.22	338.211	7090	297
339.78/339.83	339.827	7089	299
341.38/341.44	341.437	7088	300
342.98/343.07	343.065	7087	305
344.58/344.68	344.674	7086	306
346.28/346.30	346.293	7085	307
347.78/347.89	347.886	7084	308
349.48/349.50	349.491	7083	309
351.08/351.11	351.104	7082	312
352.68/352.70	352.692	7081	313
354.29/354.33	354.321	7080	315
355.88/355.97	355.963	7079	319
357.49/357.55	357.547	7078	320
359.18/359.20	359.194	7077	323
360.68/360.79	360.784	7076	324
362.28/362.38	362.371	7075	326
363.88/363.96	363.957	7074	328
365.48/365.56	365.555	7073	331
367.08/367.15	367.138	7072	332
368.78/368.81	368.804	7071	334
370.38/370.44	370.429	7070	335
371.98/372.02	372.015	7069	337
373.58/373.67	373.662	7068	341
375.19/375.27	375.263	7067	346
376.78/376.87	376.86	7066	348
378.49/378.53	378.521	7065	349
380.08/380.18	380.171	7064	352
381.69/381.76	381.757	7063	354
383.28/383.39	383.384	7062	357
384.99/385.01	385.001	7061	363
386.58/386.60	386.591	7060	364
388.08/388.18	388.175	7059	365
389.78/389.81	389.797	7058	372
391.38/391.40	391.387	7057	374
392.88/392.97	392.964	7056	375
394.48/394.59	394.585	7055	380
396.18/396.22	396.207	7054	384
397.78/397.86	397.852	7053	387
399.48/399.52	399.509	7052	388
401.08/401.17	401.166	7051	389
402.78/402.83	402.823	7050	390
404.38/404.46	404.451	7049	392
405.99/406.05	406.042	7048	395
407.68/407.71	407.703	7047	397
409.29/409.37	409.361	7046	398
410.98/411.02	411.015	7045	399
412.59/412.68	412.672	7044	400
414.28/414.34	414.331	7043	402
415.89/415.99	415.982	7042	403
417.58/417.65	417.638	7041	405
419.28/419.30	419.29	7040	406
420.78/420.89	420.885	7039	407
422.39/422.48	422.471	7038	410
423.98/424.06	424.05	7037	411
425.58/425.66	425.656	7036	414
427.28/427.30	427.288	7035	415
428.88/428.95	428.94	7034	416
430.48/430.57	430.563	7033	418
432.08/432.19	432.176	7032	420
433.78/433.83	433.825	7031	424
435.38/435.42	435.412	7030	425
436.88/436.99	436.976	7029	426
438.58/438.65	438.644	7028	431
440.18/440.25	440.245	7027	433
441.78/441.86	441.848	7026	435
443.39/443.45	443.437	7025	436
444.98/445.05	445.036	7024	437
446.59/446.65	446.638	7023	438
448.18/448.24	448.227	7022	440
449.78/449.81	449.795	7021	441
451.38/451.41	451.399	7020	443
452.98/453.02	453.006	7019	447
454.58/454.64	454.632	7018	448
456.18/456.21	456.204	7017	449
457.69/457.78	457.771	7016	451
459.28/459.37	459.36	7015	455
460.89/460.93	460.924	7014	456
462.48/462.51	462.497	7013	459
463.98/464.08	464.065	7012	460
465.58/465.66	465.654	7011	461
467.28/467.31	467.298	7010	463
468.78/468.87	468.862	7009	464
470.38/470.47	470.463	7008	466
471.99/472.05	472.04	7007	471
473.58/473.67	473.659	7006	473
475.19/475.25	475.236	7005	476
476.78/476.82	476.807	7004	479
478.38/478.41	478.403	7003	481
479.98/480.07	480.056	7002	483
481.58/481.64	481.63	7001	485
483.18/483.21	483.195	7000	487
484.68/484.78	484.773	6999	488
486.29/486.39	486.378	6998	490
487.98/488.01	487.998	6997	493
489.49/489.57	489.557	6996	494
491.08/491.15	491.138	6995	496
492.68/492.72	492.713	6994	499
494.28/494.31	494.299	6993	501
495.88/495.91	495.901	6992	503
497.38/497.48	497.474	6991	506
498.98/499.05	499.041	6990	507
500.59/500.61	500.599	6989	508
502.08/502.18	502.169	6988	509
503.68/503.77	503.756	6987	510
505.28/505.35	505.336	6986	512
506.88/506.91	506.903	6985	513
508.48/508.52	508.504	6984	514
509.98/510.07	510.062	6983	515
511.60/511.66	511.647	6982	516
513.18/513.23	513.219	6981	517
514.79/514.82	514.81	6980	520
516.38/516.40	516.393	6979	521
517.88/517.98	517.968	6978	524
519.58/519.60	519.589	6977	527
521.08/521.16	521.146	6976	529
522.68/522.71	522.698	6975	530
524.18/524.28	524.271	6974	531
525.89/525.90	525.892	6973	534
527.38/527.46	527.452	6972	535
528.98/529.02	529.011	6971	538
530.48/530.58	530.568	6970	539
532.08/532.14	532.129	6969	543
533.68/533.70	533.685	6968	545
535.18/535.25	535.235	6967	546
536.68/536.80	536.785	6966	547
538.28/538.37	538.355	6965	549
539.88/539.97	539.96	6964	553
541.48/541.55	541.542	6963	554
543.08/543.11	543.1	6962	555
544.58/544.68	544.669	6961	557
546.18/546.23	546.22	6960	558
547.68/547.78	547.77	6959	560
549.28/549.34	549.326	6958	561
550.88/550.93	550.914	6957	572
552.48/552.52	552.511	6956	576
554.08/554.10	554.087	6955	577
555.58/555.67	555.654	6954	578
557.18/557.22	557.212	6953	580
558.68/558.80	558.79	6952	583
560.28/560.36	560.344	6951	587
561.88/561.95	561.935	6950	591
563.48/563.57	563.558	6949	592
565.18/565.20	565.191	6948	596
566.78/566.81	566.798	6947	600
568.28/568.37	568.358	6946	604
569.88/569.92	569.902	6945	605
571.37/571.46	571.443	6944	606
572.97/573.02	573.009	6943	608
574.57/574.60	574.589	6942	609
576.07/576.18	576.164	6941	611
577.67/577.74	577.726	6940	614
579.27/579.30	579.284	6939	619
580.78/580.84	580.829	6938	621
582.37/582.40	582.391	6937	622
583.87/583.95	583.936	6936	623
585.47/585.50	585.489	6935	624
586.97/587.05	587.036	6934	626
588.58/588.61	588.593	6933	628
590.07/590.16	590.15	6932	630
591.67/591.71	591.7	6931	633
593.17/593.27	593.254	6930	636
594.77/594.80	594.786	6929	637
596.28/596.36	596.348	6928	644
597.87/597.92	597.905	6927	649
599.37/599.46	599.447	6926	651
600.97/601.00	600.985	6925	652
602.47/602.57	602.552	6924	653
604.07/604.12	604.103	6923	655
605.57/605.67	605.661	6922	657
607.18/607.23	607.214	6921	659
608.77/608.80	608.786	6920	662
610.27/610.39	610.376	6919	664
611.87/611.97	611.959	6918	665
613.57/613.61	613.598	6917	670
615.17/615.23	615.211	6916	671
616.77/616.84	616.825	6915	672
618.37/618.45	618.436	6914	673
619.97/620.03	620.02	6913	674
621.48/621.60	621.588	6912	682
623.07/623.13	623.12	6911	683
624.57/624.67	624.655	6910	685
626.17/626.20	626.189	6909	686
627.67/627.75	627.734	6908	689
629.18/629.29	629.27	6907	690
630.77/630.83	630.81	6906	692
632.27/632.36	632.345	6905	693
633.87/633.90	633.885	6904	695
635.37/635.44	635.43	6903	698
636.98/637.03	637.017	6902	700
638.47/638.59	638.578	6901	702
640.07/640.14	640.123	6900	706
641.67/641.70	641.683	6899	707
643.17/643.24	643.226	6898	708
644.68/644.77	644.754	6897	709
646.27/646.37	646.355	6896	724
647.88/647.92	647.906	6895	727
649.47/649.51	649.497	6894	729
651.07/651.13	651.113	6893	731
652.67/652.74	652.726	6892	733
654.27/654.35	654.336	6891	735
655.87/655.96	655.948	6890	738
657.47/657.58	657.564	6889	741
659.07/659.16	659.149	6888	744
660.67/660.75	660.734	6887	748
662.28/662.36	662.345	6886	750
663.87/663.97	663.949	6885	751
665.48/665.57	665.557	6884	753
667.07/667.16	667.147	6883	754
668.67/668.73	668.718	6882	758
670.27/670.35	670.332	6881	761
671.77/671.88	671.868	6880	762
673.37/673.45	673.431	6879	764
674.97/675.03	675.01	6878	766
676.48/676.57	676.551	6877	770
678.07/678.10	678.089	6876	773
679.57/679.66	679.642	6875	779
681.17/681.22	681.203	6874	781
682.67/682.78	682.763	6873	783
684.28/684.31	684.293	6872	785
685.77/685.86	685.843	6871	790
687.37/687.43	687.416	6870	793
688.97/689.03	689.018	6869	800
690.47/690.59	690.57	6868	802
692.07/692.17	692.153	6867	807
693.67/693.77	693.752	6866	813
695.28/695.34	695.328	6865	820
696.87/696.90	696.88	6864	824
698.37/698.44	698.423	6863	827
699.97/700.02	700.007	6862	832
701.67/701.74	701.725	6861	833
703.27/703.38	703.367	6860	837
704.97/705.01	704.992	6859	839
706.57/706.66	706.643	6858	842
708.27/708.33	708.311	6857	845
709.87/709.97	709.952	6856	847
711.47/711.58	711.567	6855	852
713.17/713.20	713.182	6854	853
714.77/714.82	714.804	6853	857
716.37/716.48	716.468	6852	860
718.07/718.11	718.089	6851	862
719.57/719.69	719.675	6850	864
721.27/721.30	721.282	6849	868
722.77/722.90	722.878	6848	872
724.37/724.48	724.458	6847	874
725.97/726.09	726.07	6846	877
727.57/727.67	727.651	6845	881
729.17/729.27	729.248	6844	883
730.77/730.87	730.853	6843	890
732.47/732.50	732.484	6842	891
734.07/734.15	734.129	6841	894
735.67/735.74	735.718	6840	897
737.27/737.35	737.331	6839	900
738.87/738.92	738.904	6838	903
740.47/740.52	740.507	6837	907
742.07/742.14	742.124	6836	908
743.67/743.78	743.764	6835	920
745.37/745.40	745.379	6834	922
746.97/747.04	747.018	6833	925
748.57/748.65	748.63	6832	927
750.17/750.28	750.261	6831	930
751.87/751.93	751.915	6830	938
753.47/753.57	753.549	6829	940
755.17/755.22	755.202	6828	942
756.77/756.87	756.855	6827	945
758.47/758.53	758.507	6826	948
760.07/760.18	760.158	6825	950
761.77/761.84	761.825	6824	956
763.38/763.50	763.482	6823	960
765.07/765.15	765.13	6822	962
766.68/766.79	766.775	6821	964
768.37/768.46	768.444	6820	971
770.17/770.28	770.259	6819	973
771.87/771.92	771.899	6818	979
773.47/773.52	773.503	6817	980
775.07/775.12	775.102	6816	983
776.68/776.78	776.757	6815	988
778.37/778.43	778.412	6814	991
779.98/780.08	780.065	6813	994
781.57/781.69	781.673	6812	998
783.28/783.32	783.297	6811	1002
784.87/784.94	784.923	6810	1003
786.48/786.54	786.526	6809	1006
788.07/788.12	788.101	6808	1007
789.67/789.71	789.688	6807	1013
791.17/791.29	791.267	6806	1015
792.77/792.87	792.852	6805	1021
794.37/794.44	794.423	6804	1023
795.97/796.01	795.987	6803	1024
797.48/797.59	797.569	6802	1029
799.07/799.18	799.162	6801	1034
800.67/800.75	800.734	6800	1036
802.27/802.34	802.317	6799	1038
803.87/803.95	803.929	6798	1040
805.47/805.55	805.529	6797	1044
807.07/807.14	807.116	6796	1045
808.67/808.71	808.692	6795	1048
810.27/810.30	810.283	6794	1050
811.88/811.90	811.883	6793	1056
813.37/813.47	813.454	6792	1059
814.96/815.06	815.039	6791	1063
816.56/816.68	816.656	6790	1065
818.26/818.32	818.296	6789	1078
819.86/819.90	819.884	6788	1083
821.46/821.55	821.533	6787	1097
823.06/823.17	823.152	6786	1103
824.66/824.76	824.739	6785	1105
826.66/826.70	826.684	6784	1114
828.27/828.39	828.374	6783	1116
829.86/829.98	829.962	6782	1122
831.57/831.65	831.631	6781	1124
833.26/833.35	833.33	6780	1127
834.87/834.99	834.974	6779	1140
836.56/836.62	836.604	6778	1143
838.17/838.21	838.194	6777	1146
839.76/839.81	839.789	6776	1149
841.36/841.43	841.406	6775	1155
842.96/843.03	843.009	6774	1158
844.56/844.63	844.606	6773	1166
846.16/846.23	846.207	6772	1169
847.76/847.81	847.789	6771	1171
849.36/849.49	849.466	6770	1176
850.96/851.08	851.057	6769	1178
852.67/852.70	852.676	6768	1179
854.27/854.33	854.306	6767	1186
855.97/856.04	856.014	6766	1195
857.57/857.66	857.639	6765	1201
859.27/859.35	859.333	6764	1203
861.07/861.10	861.078	6763	1208
862.77/862.83	862.81	6762	1214
864.37/864.47	864.454	6761	1219
865.97/866.04	866.016	6760	1221
867.57/867.66	867.636	6759	1225
869.27/869.33	869.308	6758	1228
871.46/871.53	871.513	6757	1243
873.06/873.15	873.13	6756	1246
874.76/874.82	874.795	6755	1248
876.36/876.41	876.385	6754	1258
877.96/878.02	878.003	6753	1263
879.57/879.67	879.65	6752	1269
881.27/881.36	881.335	6751	1271
883.38/883.40	883.382	6750	1279
885.27/885.32	885.297	6749	1280
886.97/887.08	887.054	6748	1288
888.96/889.01	888.988	6747	1291
890.86/890.93	890.908	6746	1293
892.46/892.50	892.481	6745	1297
894.06/894.19	894.172	6744	1301
895.96/896.07	896.044	6743	1309
897.57/897.63	897.61	6742	1311
899.16/899.21	899.192	6741	1313
900.66/900.78	900.76	6740	1317
902.46/902.54	902.515	6739	1328
904.46/904.53	904.508	6738	1333
906.06/906.18	906.161	6737	1336
907.66/907.77	907.745	6736	1339
909.26/909.36	909.336	6735	1342
910.87/910.91	910.89	6734	1345
912.46/912.55	912.526	6733	1348
914.07/914.19	914.168	6732	1354
915.66/915.78	915.757	6731	1357
917.37/917.48	917.46	6730	1361
919.26/919.30	919.273	6729	1364
920.86/920.98	920.96	6728	1366
922.66/922.75	922.728	6727	1380
924.36/924.42	924.392	6726	1381
926.17/926.25	926.23	6725	1386
927.87/927.97	927.946	6724	1387
929.57/929.64	929.62	6723	1394
931.16/931.25	931.224	6722	1400
932.77/932.82	932.799	6721	1404
934.36/934.40	934.381	6720	1406
935.86/935.95	935.926	6719	1407
937.36/937.49	937.471	6718	1409
938.96/939.06	939.034	6717	1414
940.57/940.61	940.588	6716	1419
942.06/942.15	942.128	6715	1423
943.66/943.74	943.718	6714	1426
945.26/945.35	945.321	6713	1428
946.86/946.99	946.961	6712	1432
948.56/948.60	948.575	6711	1434
950.06/950.19	950.167	6710	1440
951.66/951.77	951.744	6709	1443
953.26/953.36	953.338	6708	1447
954.87/954.92	954.892	6707	1450
956.36/956.48	956.451	6706	1455
958.07/958.16	958.133	6705	1470
959.76/959.85	959.821	6704	1473
961.66/961.76	961.732	6703	1477
963.26/963.33	963.308	6702	1480
964.77/964.89	964.869	6701	1483
966.46/966.50	966.477	6700	1486
968.07/968.11	968.083	6699	1487
969.76/969.81	969.785	6698	1489
971.56/971.63	971.601	6697	1496
973.26/973.35	973.327	6696	1499
974.96/975.03	975.004	6695	1507
976.97/977.02	976.999	6694	1510
978.47/978.56	978.537	6693	1512
980.07/980.15	980.129	6692	1518
981.67/981.73	981.701	6691	1520
983.27/983.30	983.274	6690	1526
984.77/984.87	984.846	6689	1529
986.36/986.46	986.432	6688	1531
987.96/988.06	988.039	6687	1533
989.56/989.65	989.628	6686	1538
991.17/991.24	991.214	6685	1545
992.66/992.79	992.767	6684	1550
994.26/994.35	994.328	6683	1554
995.86/995.98	995.952	6682	1558
997.46/997.59	997.566	6681	1562
999.06/999.14	999.113	6680	1566
