16.59/16.68	16.6837	7252	0
18.29/18.34	18.3386	7251	3
19.99/20.02	20.0248	7250	4
21.69/21.71	21.7119	7249	6
23.29/23.36	23.3582	7248	7
24.99/25.08	25.0792	7247	9
26.69/26.75	26.7516	7246	10
28.39/28.44	28.4368	7245	11
30.09/30.11	30.1122	7244	12
31.69/31.78	31.7778	7243	15
33.39/33.45	33.4525	7242	18
35.10/35.11	35.1107	7241	20
36.69/36.77	36.776	7240	21
38.40/38.48	38.4787	7239	22
40.09/40.17	40.176	7238	24
41.80/41.86	41.8616	7237	25
43.49/43.54	43.5411	7236	27
45.19/45.22	45.2207	7235	28
46.89/46.90	46.9038	7234	29
48.49/48.58	48.5802	7233	30
50.19/50.27	50.2665	7232	31
51.89/51.96	51.9561	7231	33
53.59/53.64	53.6424	7230	34
55.29/55.33	55.3296	7229	36
56.99/57.02	57.0234	7228	37
58.69/58.71	58.7111	7227	40
60.29/60.39	60.3905	7226	41
61.99/62.07	62.0663	7225	42
63.70/63.75	63.7469	7224	43
65.39/65.43	65.4313	7223	45
67.10/67.12	67.1193	7222	48
68.79/68.81	68.8061	7221	50
70.49/70.50	70.496	7220	52
72.09/72.17	72.175	7219	53
73.79/73.86	73.8652	7218	54
75.49/75.57	75.5697	7217	58
77.19/77.26	77.2557	7216	60
78.89/78.95	78.9516	7215	61
80.59/80.64	80.6405	7214	62
82.29/82.31	82.3132	7213	63
83.89/83.99	83.9881	7212	64
85.59/85.65	85.6531	7211	65
87.29/87.33	87.3322	7210	67
89.00/89.01	89.0115	7209	68
90.59/90.68	90.6805	7208	69
92.30/92.36	92.363	7207	72
93.99/94.03	94.0278	7206	73
95.60/95.70	95.7001	7205	74
97.29/97.37	97.3668	7204	75
99.00/99.04	99.035	7203	76
100.69/100.71	100.714	7202	77
102.30/102.39	102.394	7201	81
103.99/104.09	104.089	7200	82
105.69/105.77	105.768	7199	83
107.39/107.43	107.432	7198	84
109.19/109.27	109.274	7197	85
111.10/111.11	111.11	7196	88
112.79/112.81	112.805	7195	89
114.40/114.49	114.49	7194	90
116.09/116.16	116.163	7193	91
117.79/117.84	117.838	7192	92
119.49/119.50	119.504	7191	94
121.09/121.19	121.191	7190	96
122.79/122.86	122.86	7189	97
124.49/124.53	124.534	7188	100
126.19/126.20	126.195	7187	101
127.79/127.86	127.861	7186	102
129.49/129.53	129.532	7185	103
131.19/131.21	131.21	7184	106
132.79/132.88	132.877	7183	107
134.49/134.54	134.543	7182	110
136.19/136.21	136.213	7181	111
137.79/137.87	137.87	7180	112
139.49/139.53	139.529	7179	113
141.19/141.21	141.205	7178	115
142.79/142.87	142.864	7177	117
144.49/144.53	144.532	7176	118
146.09/146.19	146.191	7175	119
147.79/147.86	147.859	7174	121
149.50/149.52	149.518	7173	122
151.08/151.18	151.183	7172	123
152.79/152.84	152.842	7171	124
154.48/154.51	154.507	7170	126
156.09/156.18	156.177	7169	127
157.78/157.85	157.845	7168	129
159.49/159.52	159.517	7167	131
161.08/161.17	161.164	7166	132
162.79/162.82	162.815	7165	133
164.38/164.48	164.479	7164	134
166.09/166.13	166.131	7163	136
167.78/167.80	167.798	7162	137
169.39/169.44	169.442	7161	138
171.08/171.10	171.098	7160	140
172.69/172.76	172.757	7159	141
174.38/174.41	174.404	7158	142
175.99/176.08	176.082	7157	144
177.68/177.74	177.738	7156	145
179.29/179.38	179.378	7155	146
180.98/181.09	181.088	7154	149
182.68/182.74	182.736	7153	150
184.38/184.42	184.413	7152	151
185.98/186.07	186.063	7151	153
187.68/187.72	187.717	7150	155
189.28/189.39	189.383	7149	157
190.98/191.04	191.033	7148	158
192.68/192.76	192.758	7147	160
194.38/194.47	194.467	7146	162
196.08/196.12	196.115	7145	164
197.68/197.77	197.766	7144	165
199.38/199.41	199.411	7143	166
200.98/201.06	201.056	7142	167
202.68/202.72	202.712	7141	168
204.28/204.36	204.354	7140	169
205.98/206.00	206.001	7139	171
207.58/207.63	207.623	7138	172
209.28/209.36	209.356	7137	173
210.88/210.98	210.974	7136	174
212.58/212.64	212.637	7135	175
214.18/214.27	214.265	7134	177
215.88/215.93	215.927	7133	178
217.48/217.55	217.55	7132	179
219.18/219.20	219.197	7131	180
220.78/220.85	220.842	7130	182
222.38/222.48	222.472	7129	183
224.08/224.11	224.107	7128	184
225.68/225.76	225.754	7127	186
227.28/227.36	227.36	7126	187
228.98/229.02	229.02	7125	189
230.58/230.64	230.64	7124	190
232.28/232.30	232.301	7123	191
233.88/233.93	233.922	7121	192
235.48/235.57	235.567	7120	193
237.18/237.22	237.213	7119	194
238.78/238.86	238.857	7118	197
240.48/240.50	240.492	7117	198
242.08/242.15	242.147	7116	202
243.68/243.78	243.775	7115	203
245.38/245.41	245.408	7114	204
246.98/247.05	247.041	7113	205
248.59/248.68	248.673	7112	206
250.28/250.31	250.304	7111	207
251.89/251.94	251.933	7110	209
253.48/253.54	253.535	7109	210
255.09/255.15	255.15	7108	211
256.78/256.84	256.84	7107	212
258.39/258.48	258.478	7106	213
260.08/260.11	260.106	7105	215
261.69/261.73	261.726	7104	216
263.28/263.36	263.355	7102	218
264.88/264.97	264.961	7101	219
266.48/266.56	266.56	7100	220
268.08/268.17	268.168	7099	221
269.78/269.81	269.807	7098	222
271.38/271.44	271.432	7097	225
272.98/273.06	273.056	7096	226
274.58/274.69	274.687	7095	228
276.18/276.30	276.29	7094	229
277.88/277.93	277.93	7093	231
279.48/279.56	279.552	7092	236
281.08/281.18	281.17	7091	237
282.78/282.80	282.791	7090	238
284.38/284.40	284.39	7089	239
285.99/286.03	286.023	7088	240
287.58/287.63	287.627	7087	241
289.19/289.25	289.25	7086	243
290.78/290.89	290.887	7085	244
292.38/292.49	292.487	7084	245
294.08/294.12	294.114	7083	247
295.68/295.74	295.73	7082	248
297.28/297.33	297.329	7081	249
298.88/298.96	298.959	7080	252
300.48/300.58	300.577	7079	254
302.08/302.19	302.18	7078	258
303.68/303.78	303.775	7077	259
305.28/305.39	305.381	7076	261
306.89/306.98	306.971	7075	262
308.48/308.58	308.571	7074	263
310.09/310.18	310.179	7073	266
311.78/311.82	311.809	7072	267
313.39/313.41	313.408	7071	270
314.98/315.01	315.007	7070	274
316.58/316.61	316.601	7069	275
318.18/318.20	318.199	7068	278
319.78/319.82	319.814	7067	282
321.38/321.45	321.441	7066	283
322.98/323.03	323.029	7065	284
324.58/324.64	324.638	7064	286
326.18/326.23	326.229	7063	287
327.79/327.83	327.827	7062	288
329.38/329.44	329.429	7061	289
330.99/331.05	331.046	7060	290
332.58/332.66	332.656	7059	291
334.18/334.25	334.248	7058	293
335.78/335.87	335.859	7057	294
337.38/337.48	337.47	7056	295
338.98/339.06	339.053	7055	296
340.58/340.67	340.662	7054	299
342.18/342.26	342.258	7053	300
343.78/343.86	343.852	7052	301
345.39/345.45	345.447	7051	302
346.98/347.04	347.031	7050	303
348.59/348.65	348.643	7049	304
350.18/350.24	350.234	7048	306
351.78/351.84	351.833	7047	309
353.38/353.47	353.46	7046	310
354.98/355.07	355.063	7045	311
356.58/356.66	356.656	7044	313
358.18/358.24	358.235	7043	314
359.78/359.83	359.821	7042	316
361.38/361.41	361.404	7041	317
362.88/362.99	362.984	7040	319
364.48/364.57	364.563	7039	320
366.08/366.16	366.15	7038	322
367.68/367.77	367.765	7037	323
369.28/369.35	369.347	7036	324
370.88/370.93	370.925	7035	325
372.48/372.52	372.514	7034	327
374.08/374.10	374.09	7033	328
375.58/375.68	375.677	7032	331
377.29/377.31	377.302	7031	338
378.78/378.89	378.882	7030	339
380.38/380.48	380.472	7029	340
381.98/382.09	382.085	7028	341
383.58/383.67	383.664	7027	343
385.18/385.26	385.253	7026	345
386.78/386.83	386.826	7025	346
388.38/388.41	388.405	7024	347
389.88/389.99	389.978	7023	348
391.48/391.57	391.561	7022	351
393.08/393.15	393.141	7021	352
394.68/394.72	394.712	7020	353
396.28/396.31	396.298	7019	355
397.78/397.88	397.869	7018	356
399.38/399.47	399.459	7017	359
400.98/401.09	401.079	7016	360
402.58/402.66	402.654	7015	361
404.18/404.25	404.241	7014	365
405.78/405.82	405.809	7013	366
407.38/407.40	407.389	7012	369
408.88/408.97	408.966	7011	370
410.48/410.55	410.54	7010	372
412.08/412.14	412.127	7009	373
413.68/413.70	413.696	7008	374
415.18/415.27	415.265	7007	375
416.78/416.87	416.86	7006	377
418.38/418.46	418.45	7005	378
419.98/420.02	420.016	7004	379
421.58/421.66	421.653	7003	380
423.18/423.25	423.239	7002	381
424.78/424.82	424.812	7001	382
426.28/426.39	426.381	7000	384
427.88/427.98	427.971	6999	391
429.48/429.57	429.564	6998	393
431.08/431.14	431.131	6997	394
432.68/432.73	432.723	6996	399
434.28/434.30	434.292	6995	400
435.78/435.87	435.858	6994	401
437.38/437.43	437.42	6993	402
438.98/439.00	438.988	6992	403
440.48/440.57	440.556	6991	404
442.08/442.13	442.123	6990	405
443.58/443.70	443.686	6989	406
445.18/445.27	445.256	6988	407
446.78/446.83	446.819	6987	408
448.38/448.40	448.389	6986	409
449.88/449.97	449.963	6985	413
451.48/451.54	451.528	6984	415
453.08/453.15	453.138	6983	417
454.68/454.72	454.714	6982	420
456.18/456.29	456.283	6981	421
457.78/457.86	457.85	6980	423
459.38/459.43	459.423	6979	428
460.98/461.04	461.033	6978	429
462.57/462.62	462.613	6977	430
464.18/464.21	464.204	6976	434
465.67/465.78	465.769	6975	437
467.27/467.35	467.339	6974	441
468.87/468.94	468.927	6973	442
470.47/470.51	470.497	6972	443
471.97/472.07	472.057	6971	445
473.57/473.65	473.637	6970	450
475.19/475.21	475.205	6969	453
476.67/476.78	476.765	6968	454
478.27/478.34	478.329	6967	456
479.87/479.90	479.891	6966	457
481.37/481.46	481.451	6964	458
482.97/483.02	483.006	6963	459
484.47/484.58	484.572	6962	460
486.08/486.14	486.128	6961	461
487.67/487.70	487.689	6960	463
489.27/489.30	489.288	6959	465
490.87/490.92	490.913	6958	466
492.37/492.49	492.477	6957	467
493.97/494.06	494.045	6956	469
495.57/495.62	495.605	6955	470
497.08/497.18	497.169	6954	473
498.67/498.73	498.724	6953	474
500.17/500.29	500.278	6952	475
501.77/501.84	501.829	6951	476
503.27/503.39	503.379	6950	477
504.88/504.94	504.931	6949	478
506.37/506.49	506.477	6948	479
507.97/508.04	508.03	6947	481
509.57/509.60	509.59	6946	485
511.07/511.19	511.179	6945	495
512.67/512.76	512.75	6944	497
514.27/514.31	514.301	6943	499
515.78/515.87	515.854	6942	502
517.37/517.42	517.41	6941	503
518.87/518.97	518.962	6940	505
520.47/520.55	520.538	6939	508
522.07/522.14	522.133	6938	510
523.67/523.70	523.691	6937	511
525.17/525.25	525.241	6936	512
526.78/526.81	526.794	6935	514
528.27/528.36	528.351	6934	517
529.87/529.90	529.892	6933	518
531.37/531.48	531.47	6932	525
532.97/533.03	533.022	6931	526
534.48/534.58	534.569	6930	529
536.07/536.14	536.129	6929	535
537.57/537.69	537.683	6928	536
539.17/539.23	539.223	6927	537
540.67/540.79	540.782	6926	539
542.28/542.33	542.323	6925	540
543.77/543.88	543.87	6924	542
545.37/545.43	545.422	6923	544
546.87/546.97	546.961	6922	545
548.47/548.51	548.502	6921	546
549.98/550.06	550.047	6920	547
551.57/551.61	551.602	6919	550
553.18/553.25	553.239	6918	551
554.77/554.80	554.789	6917	552
556.27/556.35	556.336	6916	554
557.77/557.89	557.874	6915	555
559.47/559.52	559.51	6914	556
560.98/561.07	561.058	6913	557
562.57/562.63	562.617	6912	560
564.18/564.22	564.211	6911	561
565.67/565.77	565.754	6910	562
567.28/567.31	567.3	6909	565
568.78/568.86	568.848	6908	567
570.38/570.43	570.418	6907	577
571.89/571.97	571.959	6906	578
573.48/573.54	573.528	6905	583
575.08/575.10	575.089	6904	584
576.58/576.64	576.626	6903	585
578.18/578.26	578.248	6902	587
579.88/579.90	579.886	6901	589
581.38/581.48	581.471	6900	591
582.99/583.01	583	6899	592
584.48/584.59	584.578	6898	593
586.08/586.14	586.132	6897	595
587.58/587.69	587.681	6896	598
589.18/589.23	589.219	6895	600
590.69/590.77	590.76	6894	602
592.28/592.32	592.31	6893	604
593.78/593.85	593.841	6892	605
595.28/595.39	595.376	6891	607
596.88/596.94	596.923	6890	609
598.39/598.47	598.461	6889	611
599.98/600.03	600.014	6888	614
601.48/601.56	601.543	6887	615
603.08/603.10	603.082	6886	618
604.57/604.63	604.619	6885	620
606.08/606.17	606.16	6884	623
607.67/607.73	607.713	6883	627
609.17/609.27	609.252	6882	629
610.77/610.81	610.799	6881	630
612.37/612.41	612.392	6880	631
613.87/613.93	613.919	6879	632
615.37/615.46	615.449	6878	634
616.87/617.00	616.99	6877	638
618.47/618.55	618.539	6876	642
619.97/620.09	620.073	6875	644
621.57/621.62	621.604	6874	645
623.07/623.15	623.136	6873	646
624.57/624.69	624.678	6872	647
626.17/626.27	626.256	6871	651
627.77/627.80	627.79	6870	653
629.27/629.33	629.32	6869	655
630.77/630.86	630.846	6868	657
632.27/632.39	632.376	6867	658
633.87/633.92	633.909	6866	662
635.37/635.45	635.437	6865	664
636.88/636.99	636.976	6864	666
638.47/638.53	638.518	6863	672
639.97/640.06	640.046	6862	673
641.47/641.58	641.567	6861	674
643.07/643.11	643.099	6860	678
644.58/644.64	644.626	6859	679
646.07/646.16	646.146	6858	680
647.57/647.68	647.67	6857	681
649.17/649.21	649.2	6856	683
650.67/650.73	650.72	6855	684
652.18/652.26	652.247	6854	685
653.67/653.79	653.776	6853	688
655.27/655.32	655.301	6852	690
656.77/656.84	656.83	6851	692
658.27/658.36	658.349	6850	693
659.77/659.88	659.866	6849	694
661.37/661.42	661.406	6848	701
662.87/662.94	662.928	6847	703
664.38/664.47	664.45	6846	705
665.87/665.99	665.973	6845	706
667.47/667.53	667.513	6844	710
668.97/669.05	669.036	6843	712
670.47/670.57	670.559	6842	714
672.08/672.13	672.117	6841	715
673.57/673.68	673.666	6840	718
675.17/675.22	675.201	6839	724
676.67/676.77	676.755	6838	728
678.28/678.30	678.285	6837	732
679.78/679.82	679.809	6836	734
681.27/681.36	681.34	6835	737
682.77/682.88	682.866	6834	739
684.37/684.41	684.392	6833	743
685.87/685.96	685.942	6832	751
687.38/687.48	687.462	6831	753
688.97/689.01	688.993	6830	756
690.47/690.54	690.522	6829	759
691.97/692.07	692.058	6828	763
693.57/693.60	693.58	6827	764
695.08/695.12	695.106	6826	766
696.57/696.64	696.626	6825	768
698.07/698.15	698.137	6824	769
699.67/699.71	699.69	6823	771
701.17/701.26	701.242	6822	774
702.67/702.77	702.757	6821	775
704.27/704.31	704.29	6820	779
705.77/705.82	705.802	6819	781
707.28/707.35	707.33	6818	785
708.77/708.88	708.861	6817	787
710.37/710.42	710.401	6816	794
711.87/711.96	711.939	6815	800
713.37/713.49	713.477	6814	804
714.98/715.03	715.016	6813	809
716.47/716.55	716.535	6812	811
718.07/718.11	718.09	6811	820
719.57/719.63	719.613	6810	822
721.17/721.20	721.181	6809	835
722.68/722.71	722.694	6808	837
724.17/724.24	724.227	6807	842
725.67/725.75	725.734	6806	844
727.17/727.25	727.237	6805	845
728.67/728.77	728.751	6804	847
730.17/730.29	730.269	6803	850
731.77/731.82	731.801	6802	854
733.27/733.32	733.307	6801	856
734.78/734.84	734.823	6800	860
736.37/736.40	736.382	6799	871
737.87/737.92	737.902	6798	873
739.37/739.44	739.427	6797	880
740.87/740.96	740.944	6796	882
742.38/742.48	742.467	6795	887
743.97/744.02	744.001	6794	892
745.47/745.55	745.53	6793	898
746.97/747.08	747.059	6792	904
748.57/748.62	748.6	6791	913
750.08/750.12	750.104	6790	915
751.57/751.63	751.61	6789	917
753.07/753.15	753.128	6788	919
754.58/754.66	754.639	6787	922
756.07/756.18	756.163	6786	925
757.67/757.71	757.696	6785	935
759.17/759.22	759.2	6784	937
760.67/760.75	760.73	6783	943
762.18/762.26	762.241	6782	947
763.67/763.76	763.744	6781	949
765.17/765.27	765.257	6780	952
766.77/766.80	766.785	6779	957
768.27/768.32	768.297	6778	959
769.77/769.84	769.818	6777	963
771.27/771.38	771.357	6776	966
772.87/772.90	772.882	6775	971
774.38/774.42	774.405	6774	976
775.87/775.97	775.949	6773	985
777.37/777.48	777.464	6772	988
778.87/778.99	778.973	6771	991
780.47/780.50	780.481	6770	993
781.98/782.01	781.992	6769	997
783.47/783.53	783.513	6768	1001
784.97/785.05	785.032	6767	1007
786.48/786.55	786.527	6766	1008
787.97/788.05	788.03	6765	1010
789.47/789.55	789.531	6764	1013
790.97/791.06	791.045	6763	1018
792.47/792.58	792.562	6762	1021
794.08/794.11	794.092	6761	1025
795.57/795.66	795.643	6760	1030
797.07/797.16	797.144	6759	1031
798.67/798.72	798.701	6758	1043
800.17/800.24	800.224	6757	1050
801.67/801.75	801.728	6756	1054
803.17/803.25	803.234	6755	1057
804.67/804.79	804.77	6754	1066
806.18/806.29	806.272	6753	1069
807.67/807.79	807.776	6752	1072
809.27/809.32	809.301	6751	1080
810.77/810.83	810.809	6750	1083
812.27/812.35	812.335	6749	1088
813.77/813.86	813.842	6748	1092
815.27/815.36	815.337	6747	1094
816.77/816.89	816.868	6746	1096
818.28/818.39	818.366	6745	1098
819.87/819.90	819.876	6744	1101
821.37/821.41	821.392	6743	1108
822.87/822.99	822.975	6742	1132
824.47/824.50	824.481	6741	1135
825.87/825.99	825.973	6740	1137
827.37/827.50	827.476	6739	1142
828.97/829.00	828.983	6738	1146
830.38/830.50	830.476	6737	1148
831.97/832.01	831.992	6736	1154
833.47/833.50	833.484	6735	1156
834.97/835.00	834.978	6734	1158
836.47/836.51	836.487	6733	1162
837.97/838.00	837.983	6732	1164
839.47/839.51	839.492	6731	1170
840.97/841.04	841.016	6730	1172
842.48/842.54	842.518	6729	1174
843.97/844.04	844.024	6728	1177
845.47/845.54	845.519	6727	1180
846.98/847.04	847.017	6726	1183
848.57/848.65	848.634	6725	1214
850.07/850.14	850.122	6724	1216
851.57/851.64	851.621	6723	1218
853.07/853.14	853.125	6722	1223
854.58/854.63	854.61	6721	1225
856.07/856.12	856.1	6720	1227
857.57/857.64	857.616	6719	1234
859.17/859.20	859.178	6718	1236
860.67/860.70	860.675	6717	1239
862.07/862.19	862.172	6716	1243
863.67/863.70	863.678	6715	1247
865.27/865.34	865.317	6714	1282
866.78/866.83	866.813	6713	1286
868.27/868.34	868.32	6712	1288
869.77/869.85	869.827	6711	1291
871.27/871.34	871.316	6710	1294
872.77/872.86	872.837	6709	1301
874.27/874.35	874.334	6708	1307
875.77/875.85	875.826	6707	1310
877.27/877.36	877.34	6706	1315
878.78/878.87	878.845	6705	1321
880.27/880.39	880.373	6704	1332
881.77/881.88	881.855	6703	1334
883.28/883.36	883.341	6702	1336
884.77/884.86	884.84	6701	1340
886.27/886.35	886.328	6700	1342
887.87/887.92	887.896	6699	1346
889.47/889.50	889.482	6698	1348
891.07/891.13	891.104	6697	1350
892.57/892.69	892.669	6696	1360
894.18/894.26	894.24	6695	1380
895.67/895.76	895.741	6694	1383
897.17/897.26	897.238	6693	1388
898.68/898.74	898.718	6692	1390
900.17/900.24	900.218	6691	1393
901.67/901.73	901.713	6690	1397
903.17/903.25	903.228	6689	1407
904.67/904.73	904.713	6688	1409
906.17/906.21	906.191	6687	1411
907.67/907.73	907.711	6686	1423
909.17/909.24	909.219	6685	1425
910.68/910.73	910.704	6684	1427
912.17/912.21	912.19	6683	1429
913.67/913.70	913.674	6682	1432
915.27/915.30	915.277	6681	1444
916.77/916.80	916.782	6680	1449
918.17/918.29	918.265	6679	1452
919.67/919.78	919.754	6678	1455
921.17/921.26	921.241	6677	1459
922.67/922.76	922.737	6676	1466
924.17/924.26	924.239	6675	1475
925.67/925.78	925.763	6674	1477
927.18/927.28	927.255	6673	1482
928.77/928.80	928.774	6672	1490
930.17/930.28	930.256	6671	1493
931.68/931.77	931.752	6670	1499
933.17/933.26	933.239	6669	1504
934.67/934.79	934.768	6668	1511
936.26/936.34	936.314	6667	1523
937.76/937.81	937.79	6666	1526
939.16/939.30	939.273	6665	1530
940.76/940.81	940.785	6664	1539
942.16/942.28	942.257	6663	1541
943.67/943.77	943.752	6662	1546
945.16/945.26	945.238	6661	1550
946.66/946.74	946.713	6660	1552
948.17/948.24	948.214	6659	1556
949.66/949.71	949.689	6658	1559
951.06/951.19	951.165	6657	1562
952.66/952.72	952.696	6656	1574
954.16/954.20	954.174	6655	1578
955.56/955.68	955.661	6654	1583
957.06/957.19	957.166	6653	1587
958.56/958.69	958.664	6652	1591
960.06/960.18	960.155	6651	1598
961.56/961.67	961.643	6650	1605
963.06/963.13	963.107	6649	1606
964.57/964.62	964.601	6648	1611
966.06/966.10	966.075	6647	1614
967.46/967.58	967.553	6646	1618
968.97/969.05	969.022	6645	1619
970.46/970.53	970.509	6644	1626
971.96/972.03	972.008	6643	1633
973.47/973.53	973.509	6642	1644
974.96/975.01	974.987	6641	1648
976.36/976.48	976.452	6640	1650
977.87/977.96	977.934	6639	1653
979.36/979.44	979.417	6638	1658
980.86/980.93	980.909	6637	1660
982.36/982.41	982.386	6636	1663
983.76/983.87	983.85	6635	1665
985.26/985.35	985.331	6634	1670
986.76/986.82	986.795	6633	1672
988.26/988.31	988.282	6632	1677
989.66/989.79	989.771	6631	1684
991.16/991.26	991.234	6630	1686
992.66/992.75	992.722	6629	1693
994.16/994.22	994.191	6628	1697
995.66/995.71	995.683	6627	1705
997.16/997.22	997.197	6626	1711
998.56/998.70	998.672	6625	1713
