17.29/17.30	17.3005	7313	0
19.09/19.10	19.1058	7312	1
20.90/20.95	20.9499	7311	2
22.69/22.70	22.6985	7310	4
24.49/24.50	24.4972	7309	5
26.19/26.26	26.2639	7308	8
27.99/28.04	28.0443	7307	9
29.70/29.78	29.7845	7306	10
31.49/31.54	31.54	7305	11
33.29/33.30	33.3007	7304	14
34.99/35.05	35.0541	7303	15
36.79/36.81	36.8114	7302	16
38.50/38.58	38.5795	7301	17
40.29/40.37	40.3723	7300	18
42.09/42.17	42.1741	7299	20
43.90/43.95	43.951	7298	21
45.69/45.79	45.7881	7297	23
47.59/47.60	47.6039	7296	24
49.29/49.34	49.3428	7295	25
51.09/51.12	51.1223	7294	27
52.90/52.96	52.9554	7293	28
54.69/54.73	54.7279	7292	29
56.49/56.50	56.5045	7291	30
58.20/58.25	58.2525	7290	31
59.99/60.00	60.0026	7289	32
61.70/61.74	61.7403	7288	33
63.39/63.49	63.494	7287	35
65.19/65.28	65.2798	7286	36
67.00/67.08	67.0827	7285	37
68.89/68.91	68.9136	7284	38
70.69/70.74	70.7423	7283	39
72.50/72.53	72.5267	7282	41
74.19/74.27	74.269	7281	42
76.00/76.01	76.014	7280	43
77.69/77.77	77.7736	7279	44
79.49/79.52	79.5238	7278	46
81.30/81.32	81.3238	7277	47
83.09/83.13	83.1334	7276	48
84.80/84.86	84.8593	7275	49
86.59/86.63	86.6244	7274	51
88.29/88.37	88.3702	7273	53
90.10/90.11	90.1127	7272	54
91.79/91.84	91.8392	7271	55
93.50/93.58	93.579	7270	56
95.29/95.35	95.3493	7269	57
97.09/97.18	97.1755	7268	58
99.00/99.01	99.0078	7267	60
100.79/100.85	100.848	7266	64
102.59/102.62	102.617	7265	66
104.29/104.37	104.373	7264	67
106.09/106.11	106.11	7263	68
107.79/107.86	107.855	7262	71
109.49/109.59	109.592	7261	72
111.29/111.34	111.334	7260	73
112.99/113.08	113.079	7259	74
114.78/114.82	114.815	7258	75
116.49/116.56	116.554	7257	76
118.18/118.29	118.29	7256	77
120.00/120.04	120.035	7254	80
121.68/121.78	121.773	7253	81
123.48/123.51	123.512	7252	82
125.18/125.25	125.246	7251	83
126.88/126.99	126.986	7250	85
128.70/128.73	128.724	7249	86
130.38/130.49	130.487	7248	87
132.28/132.32	132.315	7247	91
134.09/134.11	134.108	7246	92
135.78/135.84	135.84	7245	93
137.49/137.58	137.577	7244	94
139.28/139.31	139.309	7243	95
140.98/141.05	141.043	7242	96
142.68/142.77	142.771	7241	97
144.48/144.51	144.504	7240	98
146.19/146.24	146.233	7239	99
147.88/147.96	147.96	7238	100
149.59/149.70	149.699	7237	102
151.38/151.43	151.428	7236	103
153.08/153.17	153.163	7235	105
154.78/154.89	154.882	7234	106
156.58/156.63	156.626	7233	107
158.39/158.46	158.454	7232	111
160.18/160.23	160.231	7231	112
161.98/162.05	162.043	7230	113
163.68/163.80	163.795	7229	114
165.48/165.54	165.54	7228	115
167.30/167.35	167.347	7227	116
169.08/169.11	169.104	7226	118
170.78/170.84	170.835	7225	120
172.48/172.57	172.562	7224	122
174.28/174.30	174.294	7223	123
175.99/176.02	176.016	7222	124
177.78/177.80	177.798	7221	125
179.58/179.62	179.615	7220	128
181.39/181.43	181.421	7219	129
183.18/183.23	183.224	7218	130
184.98/185.03	185.03	7217	131
186.78/186.84	186.832	7216	132
188.58/188.64	188.637	7215	133
190.40/190.44	190.44	7214	134
192.18/192.25	192.249	7213	136
193.98/194.05	194.05	7212	137
195.79/195.86	195.86	7211	140
197.58/197.65	197.649	7210	141
199.28/199.37	199.369	7209	142
201.08/201.16	201.153	7208	144
202.88/202.94	202.938	7207	146
204.70/204.74	204.737	7206	147
206.48/206.54	206.536	7205	148
208.28/208.33	208.321	7204	149
209.99/210.08	210.08	7203	150
211.78/211.88	211.878	7202	151
213.58/213.65	213.646	7201	154
215.28/215.36	215.354	7200	156
217.08/217.15	217.145	7199	158
218.89/218.95	218.941	7198	159
220.68/220.75	220.741	7197	160
222.48/222.54	222.537	7196	161
224.29/224.34	224.337	7195	163
226.08/226.14	226.137	7194	165
227.88/227.94	227.931	7193	166
229.68/229.74	229.731	7192	167
231.48/231.53	231.526	7191	168
233.30/233.33	233.324	7189	170
235.08/235.13	235.124	7188	172
236.88/236.92	236.916	7187	173
238.69/238.71	238.706	7186	174
240.48/240.51	240.501	7185	176
242.28/242.30	242.299	7184	179
243.98/244.08	244.07	7183	180
245.78/245.85	245.846	7182	181
247.60/247.64	247.634	7181	182
249.38/249.43	249.429	7180	184
251.18/251.23	251.226	7179	185
252.99/253.02	253.013	7178	186
254.78/254.82	254.812	7177	190
256.58/256.60	256.599	7176	191
258.28/258.39	258.385	7175	192
260.08/260.19	260.186	7174	195
261.90/261.98	261.973	7173	196
263.68/263.77	263.759	7172	197
265.48/265.55	265.544	7171	198
267.29/267.33	267.328	7170	199
269.08/269.12	269.115	7169	200
270.88/270.91	270.907	7168	202
272.58/272.70	272.694	7167	204
274.38/274.48	274.478	7166	205
276.20/276.27	276.261	7165	206
277.98/278.05	278.046	7164	207
279.78/279.84	279.837	7163	210
281.59/281.63	281.62	7162	211
283.38/283.41	283.406	7161	213
285.18/285.20	285.195	7160	216
286.88/286.99	286.985	7159	218
288.68/288.78	288.77	7158	220
290.50/290.56	290.551	7157	221
292.28/292.34	292.333	7156	222
294.08/294.12	294.113	7155	223
295.79/295.90	295.892	7154	224
297.58/297.68	297.674	7153	226
299.38/299.46	299.451	7152	227
301.18/301.23	301.221	7151	229
302.88/302.98	302.974	7150	230
304.59/304.70	304.692	7149	231
306.28/306.39	306.384	7148	232
307.99/308.09	308.079	7147	234
309.68/309.79	309.781	7146	238
311.48/311.55	311.545	7145	239
313.18/313.28	313.269	7144	240
314.98/315.01	315	7143	241
316.69/316.80	316.789	7142	244
318.48/318.57	318.561	7141	245
320.28/320.31	320.302	7140	246
321.98/322.00	321.992	7139	249
323.68/323.77	323.764	7138	251
325.49/325.55	325.542	7137	252
327.18/327.24	327.231	7136	253
328.89/329.00	328.994	7135	255
330.68/330.77	330.765	7134	256
332.48/332.55	332.537	7133	257
334.28/334.32	334.307	7132	258
335.98/336.06	336.05	7131	259
337.79/337.81	337.806	7130	260
339.48/339.56	339.552	7129	261
341.28/341.33	341.322	7128	262
342.98/343.05	343.042	7127	264
344.68/344.74	344.728	7126	265
346.38/346.49	346.482	7125	266
348.18/348.27	348.257	7124	268
349.98/350.03	350.024	7123	269
351.78/351.83	351.817	7122	275
353.58/353.60	353.588	7120	276
355.28/355.32	355.312	7119	277
356.98/357.09	357.077	7118	278
358.78/358.85	358.84	7117	279
360.58/360.61	360.604	7116	280
362.28/362.38	362.369	7115	281
364.08/364.14	364.126	7114	283
365.88/365.91	365.899	7113	286
367.58/367.67	367.66	7112	287
369.38/369.41	369.405	7111	288
371.08/371.18	371.166	7110	289
372.88/372.96	372.946	7109	293
374.57/374.66	374.648	7108	294
376.29/376.33	376.325	7107	296
377.97/378.01	377.998	7106	299
379.59/379.67	379.662	7105	300
381.27/381.34	381.326	7104	301
382.97/383.06	383.047	7103	302
384.67/384.73	384.722	7102	303
386.37/386.44	386.428	7101	304
388.07/388.19	388.185	7100	305
389.87/389.95	389.942	7099	306
391.69/391.72	391.708	7098	308
393.37/393.48	393.465	7097	309
395.17/395.20	395.188	7096	310
396.77/396.88	396.865	7095	311
398.47/398.55	398.544	7094	313
400.17/400.23	400.219	7093	314
401.87/401.94	401.933	7092	315
403.58/403.67	403.662	7091	316
405.37/405.44	405.433	7090	317
407.09/407.19	407.184	7089	318
408.87/408.91	408.897	7088	319
410.47/410.58	410.574	7087	321
412.17/412.26	412.248	7086	322
413.87/413.93	413.921	7085	323
415.57/415.61	415.6	7084	325
417.17/417.29	417.276	7083	327
418.87/418.96	418.95	7082	328
420.57/420.63	420.619	7081	329
422.28/422.32	422.309	7080	330
423.87/423.97	423.962	7079	331
425.58/425.67	425.66	7078	332
427.37/427.40	427.386	7077	333
428.98/429.07	429.061	7076	335
430.67/430.76	430.744	7075	337
432.39/432.46	432.449	7074	339
434.07/434.12	434.11	7073	340
435.77/435.80	435.793	7072	341
437.37/437.48	437.472	7071	347
439.07/439.17	439.159	7070	348
440.87/440.92	440.91	7069	353
442.57/442.67	442.663	7068	354
444.38/444.43	444.415	7067	355
446.07/446.14	446.127	7066	358
447.79/447.82	447.811	7065	359
449.47/449.57	449.561	7064	360
451.27/451.32	451.304	7063	361
452.97/453.07	453.054	7062	363
454.67/454.79	454.782	7061	364
456.48/456.53	456.513	7060	365
458.17/458.27	458.259	7059	367
459.89/459.92	459.909	7058	368
461.47/461.57	461.561	7057	370
463.19/463.26	463.25	7056	371
464.87/464.98	464.972	7055	374
466.67/466.72	466.711	7054	375
468.27/468.39	468.381	7053	376
469.97/470.04	470.027	7052	378
471.67/471.76	471.743	7051	383
473.37/473.45	473.442	7050	385
475.08/475.11	475.093	7049	387
476.67/476.79	476.781	7048	388
478.48/478.51	478.493	7047	391
480.17/480.24	480.23	7045	392
481.88/481.97	481.958	7044	393
483.67/483.71	483.696	7043	394
485.37/485.42	485.404	7042	400
487.07/487.10	487.085	7041	402
488.77/488.81	488.8	7040	405
490.37/490.49	490.481	7039	406
492.07/492.19	492.181	7038	408
493.88/493.92	493.911	7037	409
495.57/495.61	495.595	7036	411
497.18/497.26	497.249	7035	412
498.87/498.93	498.92	7034	413
500.58/500.68	500.662	7033	415
502.37/502.41	502.399	7032	416
503.97/504.07	504.058	7031	418
505.67/505.73	505.718	7030	421
507.27/507.38	507.37	7029	422
509.07/509.10	509.089	7028	424
510.77/510.84	510.824	7027	427
512.37/512.49	512.472	7026	429
514.07/514.13	514.115	7025	431
515.67/515.77	515.759	7024	432
517.37/517.44	517.427	7023	435
519.08/519.17	519.156	7022	436
520.87/520.90	520.889	7021	439
522.48/522.55	522.531	7020	441
524.17/524.20	524.187	7019	442
525.88/525.94	525.93	7018	445
527.57/527.68	527.663	7016	447
529.37/529.41	529.391	7015	448
531.07/531.13	531.118	7014	449
532.77/532.86	532.844	7013	450
534.48/534.59	534.575	7012	452
536.27/536.31	536.3	7011	453
537.98/538.03	538.014	7010	454
539.67/539.75	539.734	7009	455
541.37/541.40	541.39	7008	456
542.97/543.05	543.036	7007	458
544.67/544.74	544.727	7006	459
546.27/546.39	546.379	7005	462
547.97/548.04	548.025	7004	463
549.67/549.71	549.691	7003	469
551.27/551.35	551.335	7002	470
552.97/553.00	552.986	7001	472
554.57/554.66	554.649	7000	476
556.27/556.38	556.37	6999	478
558.07/558.11	558.091	6998	479
559.67/559.78	559.762	6997	480
561.37/561.43	561.412	6996	482
562.97/563.08	563.06	6995	483
564.67/564.76	564.745	6994	485
566.38/566.45	566.439	6993	486
568.07/568.11	568.094	6992	487
569.68/569.76	569.743	6991	490
571.37/571.43	571.411	6990	492
573.08/573.13	573.118	6989	494
574.67/574.77	574.753	6988	495
576.38/576.41	576.394	6987	497
577.97/578.07	578.056	6986	500
579.68/579.79	579.774	6985	501
581.47/581.51	581.492	6984	502
583.17/583.22	583.209	6983	503
584.87/584.94	584.925	6982	504
586.57/586.66	586.64	6981	505
588.27/588.37	588.356	6980	506
589.97/590.04	590.027	6979	507
591.57/591.69	591.676	6978	509
593.27/593.33	593.309	6977	510
594.98/595.03	595.017	6976	511
596.67/596.75	596.731	6975	512
598.38/598.47	598.452	6974	514
600.07/600.19	600.178	6973	518
601.87/601.91	601.891	6972	519
603.57/603.63	603.609	6971	520
605.27/605.35	605.334	6970	522
606.97/607.06	607.039	6969	524
608.67/608.73	608.715	6967	526
610.38/610.45	610.433	6966	527
612.07/612.16	612.147	6965	528
613.78/613.87	613.857	6964	529
615.47/615.59	615.569	6963	530
617.27/617.30	617.284	6962	532
618.97/619.01	618.993	6961	533
620.67/620.73	620.716	6960	537
622.37/622.45	622.429	6959	539
624.07/624.16	624.142	6958	541
625.78/625.87	625.857	6957	543
627.47/627.58	627.564	6956	544
629.18/629.31	629.291	6955	548
630.97/631.02	630.998	6954	549
632.67/632.72	632.706	6953	550
634.37/634.40	634.385	6952	552
635.97/636.07	636.05	6951	554
637.67/637.77	637.748	6950	555
639.37/639.48	639.461	6949	556
641.06/641.14	641.121	6948	557
642.76/642.83	642.81	6947	559
644.47/644.52	644.505	6946	560
646.16/646.23	646.208	6945	561
647.87/647.93	647.911	6944	562
649.56/649.64	649.622	6943	563
651.28/651.36	651.338	6942	567
652.96/653.04	653.025	6941	569
654.66/654.74	654.726	6940	570
656.36/656.44	656.427	6939	571
658.06/658.16	658.14	6938	574
659.76/659.88	659.861	6937	577
661.46/661.58	661.567	6936	579
663.17/663.30	663.282	6935	582
664.96/665.00	664.985	6934	584
666.57/666.70	666.682	6933	585
668.26/668.33	668.312	6932	586
669.98/670.03	670.01	6931	588
671.56/671.68	671.66	6930	590
673.28/673.33	673.316	6929	591
674.86/674.98	674.96	6928	593
676.47/676.59	676.575	6927	595
678.16/678.23	678.213	6926	597
679.77/679.88	679.863	6925	601
681.46/681.53	681.509	6924	602
683.18/683.24	683.216	6923	605
684.86/684.91	684.891	6922	608
686.56/686.61	686.594	6921	610
688.26/688.32	688.299	6920	613
689.96/690.01	689.994	6919	614
691.56/691.65	691.632	6918	617
693.16/693.27	693.25	6917	619
694.76/694.87	694.855	6916	620
696.46/696.51	696.491	6915	623
698.16/698.24	698.222	6914	640
699.86/699.94	699.924	6913	642
701.56/701.60	701.583	6912	643
703.16/703.24	703.224	6911	645
704.86/704.95	704.929	6910	649
706.56/706.65	706.631	6909	651
708.27/708.34	708.317	6908	652
709.96/710.01	709.985	6907	656
711.57/711.70	711.678	6906	657
713.26/713.38	713.356	6905	659
714.97/715.09	715.068	6904	664
716.66/716.77	716.748	6903	667
718.27/718.40	718.377	6902	671
719.96/720.03	720.009	6901	673
721.68/721.74	721.724	6900	680
723.36/723.41	723.395	6899	682
725.06/725.10	725.077	6898	684
726.66/726.78	726.763	6897	685
728.36/728.47	728.452	6896	686
730.06/730.14	730.12	6895	688
731.76/731.84	731.82	6894	692
733.46/733.53	733.51	6893	694
735.16/735.22	735.204	6892	697
736.87/736.97	736.953	6891	710
738.56/738.67	738.653	6890	715
740.27/740.36	740.339	6889	716
741.96/742.05	742.027	6888	718
743.68/743.74	743.719	6887	720
745.36/745.43	745.412	6886	723
747.06/747.12	747.099	6885	725
748.76/748.80	748.783	6884	726
750.36/750.49	750.467	6883	727
752.06/752.16	752.136	6882	728
753.76/753.85	753.829	6881	729
755.46/755.56	755.54	6880	736
757.16/757.24	757.216	6879	739
758.87/758.91	758.891	6878	743
760.46/760.55	760.529	6877	747
762.06/762.15	762.129	6876	750
763.66/763.75	763.729	6875	753
765.26/765.36	765.334	6874	756
766.96/767.01	766.985	6873	758
768.56/768.69	768.673	6872	761
770.26/770.37	770.353	6871	762
771.96/772.02	772	6870	766
773.56/773.67	773.645	6869	777
775.16/775.27	775.247	6868	781
776.76/776.87	776.849	6867	784
778.36/778.48	778.455	6866	787
780.06/780.16	780.142	6865	789
781.76/781.85	781.828	6864	791
783.46/783.55	783.525	6863	794
785.06/785.19	785.17	6862	795
786.76/786.88	786.863	6861	799
788.46/788.58	788.555	6860	802
790.16/790.25	790.232	6859	803
791.87/791.94	791.918	6858	806
793.56/793.63	793.606	6857	809
795.27/795.33	795.304	6856	813
796.96/797.01	796.985	6855	814
798.57/798.62	798.601	6854	817
800.16/800.24	800.219	6853	822
801.77/801.85	801.824	6852	824
803.36/803.45	803.428	6851	826
804.96/805.06	805.038	6850	829
806.66/806.70	806.675	6849	838
808.26/808.33	808.303	6848	845
809.86/809.93	809.904	6847	847
811.46/811.54	811.52	6846	852
813.06/813.18	813.161	6845	864
814.66/814.79	814.767	6844	866
816.36/816.41	816.391	6843	871
817.96/818.05	818.028	6842	882
819.58/819.66	819.637	6841	886
821.16/821.27	821.243	6840	888
822.77/822.87	822.846	6839	890
824.36/824.49	824.465	6838	896
825.97/826.08	826.06	6837	897
827.56/827.69	827.665	6836	900
829.27/829.32	829.301	6835	909
830.86/830.93	830.91	6834	911
832.46/832.54	832.513	6833	913
834.06/834.15	834.123	6832	917
835.66/835.75	835.73	6831	919
837.26/837.35	837.331	6830	921
838.86/838.96	838.933	6829	924
840.48/840.56	840.535	6828	927
842.06/842.16	842.132	6827	929
843.67/843.75	843.727	6826	931
845.36/845.40	845.38	6825	946
846.87/847.00	846.977	6824	948
848.56/848.61	848.582	6823	951
850.17/850.23	850.203	6822	955
851.76/851.86	851.837	6821	959
853.47/853.54	853.512	6820	964
855.06/855.18	855.155	6819	966
856.77/856.84	856.812	6818	972
858.36/858.44	858.419	6817	976
859.96/860.08	860.058	6816	981
861.56/861.69	861.664	6815	984
863.16/863.29	863.265	6814	988
864.76/864.89	864.869	6813	992
866.46/866.51	866.484	6812	998
868.06/868.13	868.106	6811	1002
869.66/869.72	869.698	6810	1004
871.28/871.36	871.332	6809	1015
872.86/872.95	872.927	6808	1017
874.47/874.56	874.536	6807	1023
876.06/876.15	876.123	6806	1024
877.67/877.76	877.738	6805	1031
879.26/879.37	879.347	6804	1035
880.86/880.99	880.966	6803	1037
882.46/882.59	882.56	6802	1039
884.06/884.18	884.156	6801	1043
885.76/885.87	885.842	6800	1049
887.46/887.53	887.504	6799	1051
889.06/889.20	889.17	6798	1054
890.76/890.89	890.862	6797	1059
892.46/892.58	892.551	6796	1064
894.17/894.25	894.221	6795	1068
895.86/895.92	895.893	6794	1071
897.47/897.58	897.556	6793	1073
899.16/899.24	899.217	6792	1075
900.87/900.92	900.894	6791	1080
902.46/902.59	902.568	6790	1086
904.06/904.19	904.16	6789	1089
905.76/905.81	905.782	6788	1099
907.36/907.41	907.381	6787	1103
908.96/909.00	908.972	6786	1105
910.56/910.70	910.673	6785	1114
912.26/912.38	912.356	6784	1121
913.96/914.05	914.029	6783	1125
915.66/915.71	915.685	6782	1126
917.26/917.36	917.337	6781	1127
918.96/919.03	919.001	6780	1130
920.56/920.70	920.675	6779	1136
922.26/922.36	922.331	6778	1138
923.86/923.94	923.911	6777	1141
925.46/925.52	925.498	6776	1143
927.06/927.16	927.135	6775	1148
928.76/928.84	928.818	6774	1156
930.36/930.50	930.476	6773	1160
931.96/932.09	932.062	6772	1163
933.56/933.67	933.64	6771	1164
935.16/935.25	935.228	6770	1167
936.76/936.85	936.822	6769	1172
938.37/938.46	938.431	6768	1180
939.96/940.03	940.006	6767	1181
941.56/941.61	941.588	6766	1183
943.16/943.20	943.178	6765	1187
944.66/944.80	944.77	6764	1191
946.26/946.38	946.352	6763	1194
947.86/947.97	947.942	6762	1200
949.46/949.55	949.522	6761	1204
951.06/951.16	951.136	6760	1208
952.76/952.81	952.786	6759	1214
954.36/954.45	954.421	6758	1220
956.06/956.11	956.082	6757	1223
957.66/957.77	957.741	6756	1228
959.27/959.38	959.355	6755	1229
960.96/961.04	961.011	6754	1231
962.66/962.70	962.671	6753	1235
964.26/964.35	964.327	6752	1237
965.96/966.01	965.988	6751	1242
967.56/967.67	967.645	6750	1244
969.26/969.33	969.306	6749	1249
970.86/970.99	970.966	6748	1253
972.56/972.66	972.633	6747	1256
974.26/974.31	974.279	6746	1258
975.86/975.97	975.94	6745	1262
977.56/977.61	977.586	6744	1264
979.16/979.27	979.239	6743	1267
980.76/980.89	980.863	6742	1270
982.46/982.50	982.47	6741	1272
984.06/984.10	984.074	6740	1274
985.67/985.75	985.722	6739	1276
987.36/987.40	987.374	6738	1284
988.97/989.08	989.055	6737	1293
990.66/990.70	990.673	6736	1301
992.27/992.35	992.317	6735	1306
993.86/993.92	993.891	6734	1309
995.36/995.50	995.472	6733	1317
996.96/997.08	997.051	6732	1320
998.56/998.64	998.611	6731	1323
