17.19/17.27	17.2758	7296	0
18.99/19.05	19.0528	7295	1
20.69/20.79	20.7872	7294	2
22.50/22.51	22.5104	7293	3
24.20/24.24	24.2403	7292	4
25.99/26.01	26.0161	7291	6
27.69/27.76	27.7649	7290	8
29.49/29.54	29.541	7289	10
31.19/31.29	31.2875	7288	12
33.00/33.03	33.0334	7287	13
34.69/34.76	34.7615	7286	15
36.49/36.54	36.5415	7285	16
38.19/38.29	38.2881	7284	18
39.99/40.03	40.0305	7283	19
41.70/41.75	41.7487	7282	20
43.39/43.48	43.4774	7281	22
45.19/45.22	45.2256	7280	23
46.90/46.95	46.9532	7279	24
48.69/48.70	48.7023	7278	26
50.39/50.43	50.4276	7277	27
52.09/52.17	52.1699	7276	29
53.90/53.90	53.9053	7275	32
55.59/55.63	55.6306	7274	34
57.29/57.35	57.3535	7273	36
59.00/59.07	59.0699	7272	37
60.69/60.78	60.7853	7271	38
62.49/62.52	62.5155	7270	39
64.19/64.23	64.2319	7269	40
65.90/65.96	65.9638	7268	41
67.69/67.73	67.7254	7267	42
69.39/69.46	69.4567	7266	44
71.19/71.20	71.1983	7265	45
72.89/72.97	72.9662	7264	47
74.70/74.71	74.7077	7263	50
76.39/76.44	76.4387	7262	51
78.10/78.15	78.1485	7261	53
79.79/79.86	79.8643	7260	54
81.59/81.61	81.6049	7259	59
83.29/83.32	83.3224	7258	60
84.99/85.05	85.0541	7257	61
86.80/86.82	86.8187	7256	62
88.59/88.61	88.6112	7255	63
90.29/90.34	90.3386	7254	64
91.99/92.08	92.0829	7253	67
93.79/93.82	93.8182	7252	68
95.49/95.54	95.5382	7251	70
97.19/97.28	97.2775	7250	72
99.00/99.04	99.0358	7249	74
100.69/100.74	100.74	7248	75
102.39/102.47	102.473	7247	76
104.09/104.19	104.192	7246	77
105.89/105.94	105.94	7245	78
107.69/107.70	107.703	7244	80
109.39/109.41	109.407	7243	81
111.10/111.16	111.163	7242	83
112.79/112.90	112.899	7241	84
114.59/114.63	114.627	7240	85
116.29/116.35	116.349	7239	87
118.09/118.10	118.096	7238	88
119.79/119.86	119.854	7237	92
121.59/121.65	121.653	7236	95
123.29/123.39	123.385	7235	96
125.09/125.17	125.166	7234	97
126.89/126.92	126.914	7233	98
128.59/128.64	128.636	7232	101
130.29/130.37	130.369	7231	102
131.99/132.09	132.086	7230	103
133.79/133.82	133.815	7229	104
135.49/135.55	135.546	7228	105
137.19/137.28	137.274	7227	106
138.89/138.99	138.992	7226	110
140.59/140.69	140.691	7225	111
142.39/142.40	142.394	7224	112
143.99/144.10	144.096	7223	114
145.79/145.81	145.812	7222	115
147.49/147.53	147.525	7221	117
149.19/149.27	149.268	7220	120
150.89/150.98	150.981	7219	121
152.69/152.74	152.742	7218	123
154.39/154.48	154.479	7217	125
156.09/156.20	156.2	7216	126
157.89/157.91	157.904	7215	128
159.59/159.62	159.621	7214	130
161.29/161.34	161.338	7213	131
162.99/163.07	163.063	7212	132
164.79/164.85	164.849	7211	135
166.59/166.63	166.626	7210	136
168.39/168.41	168.408	7209	138
170.09/170.17	170.169	7208	139
171.89/171.94	171.941	7207	141
173.69/173.72	173.718	7206	142
175.49/175.50	175.499	7205	143
177.29/177.30	177.296	7204	147
178.99/179.06	179.056	7203	149
180.69/180.78	180.774	7202	151
182.49/182.53	182.527	7201	152
184.29/184.30	184.298	7200	155
185.99/186.00	186	7199	157
187.69/187.72	187.713	7198	158
189.49/189.50	189.492	7197	164
191.19/191.20	191.194	7195	167
192.89/192.92	192.92	7194	168
194.59/194.63	194.625	7193	169
196.29/196.32	196.319	7192	170
197.99/198.02	198.015	7191	171
199.69/199.71	199.703	7190	172
201.39/201.40	201.397	7189	173
202.99/203.10	203.093	7188	174
204.79/204.80	204.797	7186	175
206.49/206.50	206.494	7185	177
208.19/208.22	208.213	7184	178
209.88/209.93	209.926	7183	179
211.58/211.68	211.674	7182	180
213.39/213.44	213.438	7181	181
215.19/215.21	215.21	7180	183
216.88/216.90	216.898	7179	184
218.58/218.61	218.605	7177	185
220.28/220.30	220.294	7176	186
221.88/221.98	221.975	7175	187
223.68/223.76	223.751	7174	189
225.39/225.48	225.473	7173	192
227.08/227.17	227.164	7172	193
228.79/228.85	228.841	7171	194
230.48/230.54	230.538	7170	196
232.18/232.26	232.26	7169	197
233.89/233.95	233.944	7168	198
235.58/235.65	235.643	7167	199
237.28/237.39	237.381	7166	201
238.98/239.09	239.084	7165	202
240.68/240.78	240.777	7164	203
242.38/242.47	242.466	7163	204
244.09/244.18	244.178	7162	205
245.78/245.86	245.858	7161	206
247.49/247.56	247.556	7160	208
249.18/249.26	249.255	7159	209
250.88/250.99	250.987	7158	210
252.68/252.73	252.721	7157	212
254.38/254.42	254.412	7156	214
256.08/256.11	256.108	7155	215
257.78/257.85	257.841	7154	216
259.49/259.55	259.547	7153	218
261.18/261.24	261.235	7152	219
262.89/262.96	262.952	7151	221
264.58/264.63	264.627	7150	222
266.28/266.31	266.3	7149	223
267.88/268.00	267.992	7148	224
269.58/269.69	269.682	7147	226
271.29/271.37	271.363	7146	227
272.98/273.05	273.039	7145	229
274.68/274.75	274.748	7144	233
276.38/276.44	276.439	7143	235
278.08/278.13	278.127	7142	237
279.78/279.83	279.823	7141	238
281.49/281.51	281.508	7140	239
283.18/283.20	283.191	7139	240
284.79/284.90	284.894	7138	242
286.58/286.64	286.633	7137	245
288.28/288.32	288.312	7136	246
289.99/290.05	290.049	7135	247
291.68/291.79	291.785	7134	250
293.48/293.51	293.507	7133	251
295.18/295.21	295.209	7132	254
296.89/296.91	296.903	7131	255
298.58/298.63	298.626	7130	258
300.29/300.34	300.336	7129	260
301.98/302.07	302.061	7128	262
303.68/303.73	303.722	7127	263
305.39/305.41	305.4	7126	265
306.98/307.09	307.078	7125	267
308.69/308.79	308.778	7124	268
310.48/310.53	310.527	7123	271
312.18/312.24	312.233	7122	272
313.88/313.99	313.984	7121	275
315.69/315.72	315.714	7120	278
317.38/317.44	317.437	7119	279
319.08/319.13	319.125	7118	280
320.79/320.82	320.817	7117	284
322.48/322.51	322.499	7116	285
324.18/324.21	324.205	7115	288
325.78/325.89	325.881	7114	290
327.48/327.57	327.562	7113	291
329.18/329.29	329.278	7112	293
330.88/330.96	330.949	7111	294
332.58/332.65	332.64	7110	296
334.29/334.32	334.313	7109	297
335.98/336.01	335.997	7108	301
337.69/337.71	337.699	7107	303
339.38/339.41	339.398	7106	305
340.99/341.09	341.077	7105	306
342.68/342.76	342.755	7104	307
344.38/344.42	344.411	7103	308
345.98/346.08	346.077	7102	309
347.68/347.77	347.758	7101	314
349.39/349.45	349.438	7100	317
351.08/351.10	351.097	7099	318
352.68/352.77	352.759	7098	320
354.38/354.44	354.432	7097	321
356.08/356.13	356.123	7096	324
357.78/357.82	357.81	7095	325
359.48/359.51	359.497	7094	326
361.18/361.22	361.209	7093	328
362.89/362.91	362.901	7092	329
364.48/364.57	364.565	7091	330
366.19/366.25	366.246	7090	334
367.88/367.91	367.905	7089	336
369.49/369.57	369.564	7088	337
371.18/371.25	371.245	7087	338
372.89/372.94	372.935	7086	339
374.58/374.60	374.587	7085	340
376.19/376.25	376.242	7084	341
377.88/377.94	377.933	7083	343
379.58/379.62	379.609	7082	344
381.18/381.27	381.26	7081	345
382.98/383.01	382.999	7080	347
384.68/384.72	384.71	7079	348
386.38/386.47	386.459	7078	354
388.08/388.16	388.153	7077	358
389.78/389.86	389.846	7076	359
391.48/391.54	391.527	7075	360
393.18/393.21	393.202	7074	362
394.78/394.90	394.89	7073	363
396.48/396.58	396.573	7072	365
398.19/398.27	398.262	7071	370
399.88/399.93	399.921	7070	371
401.58/401.61	401.597	7069	372
403.17/403.26	403.247	7068	374
404.87/404.93	404.917	7067	376
406.58/406.64	406.628	7066	377
408.27/408.34	408.329	7065	379
409.97/410.03	410.023	7064	380
411.67/411.74	411.726	7063	381
413.37/413.41	413.401	7062	382
415.07/415.10	415.094	7061	384
416.67/416.76	416.75	7060	386
418.37/418.43	418.418	7059	387
420.08/420.15	420.141	7058	390
421.77/421.83	421.82	7057	397
423.38/423.50	423.491	7056	400
425.07/425.16	425.148	7055	402
426.78/426.88	426.868	7054	403
428.47/428.55	428.54	7053	405
430.17/430.20	430.188	7052	406
431.77/431.84	431.832	7051	407
433.38/433.49	433.475	7050	409
435.07/435.16	435.15	7049	410
436.77/436.80	436.787	7048	411
438.37/438.49	438.481	7047	413
440.07/440.15	440.144	7046	414
441.67/441.79	441.779	7045	415
443.37/443.43	443.422	7044	416
445.08/445.11	445.096	7043	417
446.67/446.78	446.765	7042	418
448.38/448.44	448.429	7041	419
449.97/450.09	450.083	7040	421
451.68/451.75	451.736	7039	422
453.27/453.39	453.377	7038	423
454.98/455.03	455.021	7037	424
456.57/456.67	456.66	7036	426
458.28/458.33	458.314	7035	427
459.87/459.96	459.946	7034	428
461.58/461.61	461.596	7033	429
463.17/463.26	463.253	7032	431
464.88/464.91	464.9	7031	432
466.47/466.55	466.542	7030	435
468.18/468.23	468.214	7029	436
469.77/469.88	469.865	7028	438
471.48/471.57	471.563	7027	440
473.17/473.27	473.259	7026	441
474.87/474.98	474.968	7025	442
476.57/476.62	476.61	7024	443
478.27/478.30	478.286	7023	445
479.87/479.95	479.941	7022	447
481.57/481.60	481.588	7021	449
483.17/483.24	483.233	7020	450
484.87/484.93	484.921	7019	452
486.57/486.60	486.584	7018	453
488.17/488.24	488.232	7017	454
489.87/489.90	489.884	7016	456
491.47/491.53	491.52	7015	457
493.07/493.17	493.16	7014	458
494.67/494.79	494.781	7013	460
496.37/496.42	496.408	7012	461
497.97/498.06	498.051	7011	463
499.67/499.73	499.715	7010	465
501.27/501.38	501.365	7009	471
502.97/503.03	503.021	7008	472
504.57/504.69	504.674	7007	473
506.27/506.35	506.334	7006	476
507.97/508.00	507.991	7005	479
509.57/509.65	509.637	7004	480
511.17/511.28	511.272	7003	481
512.87/512.94	512.923	7002	483
514.47/514.58	514.565	7001	485
516.17/516.28	516.272	7000	487
517.87/517.91	517.901	6999	488
519.47/519.53	519.52	6998	489
521.07/521.17	521.156	6997	490
522.67/522.79	522.781	6996	492
524.37/524.42	524.41	6995	493
525.97/526.06	526.045	6994	494
527.58/527.69	527.677	6993	495
529.27/529.33	529.315	6992	496
530.88/530.97	530.96	6991	498
532.47/532.59	532.58	6990	499
534.18/534.22	534.202	6989	501
535.77/535.86	535.848	6988	502
537.48/537.52	537.502	6987	503
539.07/539.19	539.179	6986	508
540.78/540.84	540.829	6985	509
542.37/542.46	542.443	6984	510
543.97/544.09	544.076	6983	511
545.67/545.72	545.705	6982	513
547.27/547.37	547.355	6981	515
548.97/549.02	549.002	6980	518
550.57/550.67	550.66	6979	522
552.27/552.30	552.291	6978	525
553.87/553.94	553.927	6977	526
555.48/555.57	555.557	6976	527
557.17/557.21	557.192	6975	529
558.78/558.85	558.831	6974	531
560.47/560.50	560.482	6973	532
562.08/562.12	562.11	6972	533
563.67/563.74	563.721	6971	534
565.28/565.36	565.35	6970	535
566.87/567.00	566.981	6969	538
568.58/568.64	568.626	6968	543
570.17/570.28	570.262	6967	545
571.88/571.94	571.929	6966	548
573.47/573.57	573.553	6965	550
575.07/575.20	575.182	6964	551
576.77/576.87	576.855	6963	553
578.37/578.49	578.473	6962	554
580.07/580.14	580.121	6961	557
581.67/581.75	581.733	6960	558
583.27/583.37	583.355	6959	559
584.87/584.99	584.972	6958	560
586.57/586.64	586.621	6957	562
588.17/588.27	588.255	6956	565
589.87/589.95	589.932	6955	567
591.47/591.57	591.557	6954	570
593.17/593.20	593.19	6953	571
594.77/594.84	594.821	6952	572
596.37/596.46	596.441	6951	573
597.98/598.08	598.067	6950	575
599.57/599.69	599.673	6949	576
601.28/601.31	601.293	6948	577
602.87/602.92	602.908	6947	579
604.47/604.55	604.539	6946	582
606.08/606.16	606.148	6945	584
607.67/607.79	607.773	6944	586
609.38/609.44	609.429	6943	591
610.97/611.05	611.032	6942	593
612.58/612.69	612.673	6941	594
614.27/614.30	614.289	6940	596
615.88/615.92	615.905	6939	597
617.47/617.55	617.535	6938	599
619.07/619.19	619.172	6937	600
620.77/620.80	620.789	6936	602
622.37/622.43	622.416	6935	605
624.07/624.10	624.084	6934	613
625.67/625.71	625.69	6933	616
627.27/627.31	627.294	6932	617
628.87/628.91	628.897	6931	618
630.47/630.53	630.518	6930	621
632.08/632.15	632.131	6929	622
633.67/633.75	633.732	6928	624
635.37/635.42	635.404	6927	627
637.07/637.10	637.082	6926	629
638.68/638.72	638.705	6925	630
640.27/640.34	640.323	6924	633
641.87/641.96	641.941	6923	634
643.48/643.59	643.573	6922	635
645.17/645.20	645.187	6921	636
646.78/646.82	646.805	6920	639
648.37/648.47	648.456	6919	642
649.98/650.09	650.071	6918	645
651.67/651.70	651.685	6917	646
653.17/653.30	653.284	6916	647
654.87/654.91	654.891	6915	650
656.47/656.53	656.51	6914	653
658.07/658.13	658.113	6913	656
659.67/659.73	659.711	6912	657
661.27/661.34	661.323	6911	659
662.87/662.95	662.929	6910	660
664.47/664.57	664.557	6909	662
666.17/666.21	666.195	6908	664
667.77/667.83	667.809	6907	665
669.37/669.42	669.404	6906	666
670.98/671.03	671.015	6905	667
672.67/672.73	672.709	6904	671
674.28/674.36	674.341	6903	675
675.97/676.03	676.017	6902	677
677.58/677.66	677.638	6901	680
679.17/679.27	679.248	6900	684
680.77/680.85	680.836	6899	686
682.37/682.44	682.427	6898	687
683.97/684.04	684.024	6897	688
685.67/685.70	685.685	6896	691
687.27/687.33	687.312	6895	692
688.87/688.95	688.936	6894	696
690.47/690.57	690.55	6893	697
692.17/692.23	692.214	6892	702
693.77/693.83	693.809	6891	703
695.37/695.43	695.411	6890	705
696.97/697.03	697.01	6889	707
698.57/698.65	698.629	6888	708
700.17/700.25	700.235	6887	709
701.77/701.84	701.826	6886	710
703.37/703.45	703.428	6885	712
704.97/705.07	705.051	6884	713
706.67/706.70	706.678	6883	714
708.27/708.32	708.306	6882	716
709.87/709.97	709.956	6881	718
711.57/711.64	711.619	6880	719
713.27/713.30	713.281	6879	720
714.87/714.97	714.951	6878	723
716.57/716.61	716.59	6877	726
718.17/718.27	718.247	6876	732
719.77/719.89	719.868	6875	734
721.47/721.56	721.545	6874	739
723.17/723.24	723.219	6873	744
724.77/724.88	724.858	6872	746
726.37/726.48	726.461	6871	749
728.07/728.13	728.112	6870	751
729.67/729.75	729.729	6869	754
731.27/731.36	731.345	6868	758
732.97/733.04	733.026	6867	760
734.57/734.63	734.61	6866	762
736.17/736.29	736.269	6865	764
737.77/737.89	737.87	6864	766
739.37/739.49	739.476	6863	769
740.97/741.09	741.074	6862	771
742.57/742.67	742.654	6861	773
744.17/744.26	744.243	6860	775
745.87/745.90	745.885	6859	778
747.47/747.50	747.479	6858	781
748.97/749.09	749.07	6857	783
750.67/750.73	750.708	6856	790
752.27/752.37	752.354	6855	796
753.87/753.98	753.963	6854	798
755.57/755.65	755.627	6853	801
757.17/757.25	757.227	6852	803
758.77/758.89	758.869	6851	806
760.37/760.49	760.47	6850	808
761.97/762.09	762.068	6849	810
763.57/763.69	763.671	6848	814
765.17/765.29	765.273	6847	817
766.87/766.90	766.882	6846	819
768.37/768.50	768.48	6845	822
769.97/770.09	770.071	6844	823
771.67/771.70	771.677	6843	825
773.17/773.29	773.27	6842	827
774.77/774.87	774.854	6841	829
776.37/776.45	776.433	6840	831
777.97/778.09	778.065	6839	834
779.67/779.72	779.704	6838	845
781.27/781.36	781.337	6837	847
782.87/782.99	782.972	6836	851
784.57/784.64	784.62	6835	853
786.17/786.29	786.271	6834	854
787.87/787.92	787.895	6833	856
789.47/789.56	789.54	6832	859
791.07/791.15	791.125	6831	862
792.67/792.76	792.739	6830	865
794.27/794.36	794.338	6829	869
795.87/795.94	795.919	6828	870
797.47/797.54	797.517	6827	871
799.17/799.23	799.206	6826	874
800.97/801.07	801.049	6825	878
802.77/802.85	802.833	6824	879
804.57/804.67	804.653	6823	884
806.37/806.46	806.44	6822	886
808.27/808.38	808.355	6821	890
809.97/810.01	809.985	6820	893
811.57/811.67	811.653	6819	899
813.36/813.49	813.47	6818	901
815.07/815.18	815.154	6817	903
816.96/817.09	817.071	6816	910
818.67/818.74	818.72	6815	912
820.27/820.39	820.366	6814	915
822.07/822.17	822.149	6813	918
823.97/824.01	823.989	6812	919
825.68/825.76	825.739	6811	922
827.37/827.42	827.399	6810	925
829.17/829.28	829.262	6809	929
830.97/831.08	831.059	6808	932
832.87/832.92	832.901	6807	936
834.48/834.56	834.539	6806	939
836.17/836.21	836.184	6805	940
837.78/837.85	837.829	6804	942
839.47/839.51	839.49	6803	949
841.08/841.13	841.11	6802	951
842.87/842.91	842.888	6801	953
844.78/844.82	844.801	6800	955
846.58/846.61	846.584	6799	958
848.37/848.46	848.441	6798	960
850.18/850.23	850.21	6797	965
851.97/852.04	852.02	6796	967
853.67/853.70	853.673	6795	970
855.38/855.42	855.395	6794	973
856.97/857.07	857.043	6793	976
858.68/858.70	858.681	6792	977
860.57/860.60	860.575	6791	981
862.28/862.32	862.293	6790	984
864.07/864.15	864.127	6789	986
865.68/865.74	865.721	6788	991
867.27/867.36	867.334	6787	992
868.88/869.00	868.977	6786	998
870.57/870.64	870.62	6785	1000
872.37/872.47	872.45	6784	1002
874.27/874.33	874.309	6783	1006
876.07/876.14	876.115	6782	1008
877.68/877.77	877.744	6781	1010
879.37/879.45	879.425	6780	1013
881.37/881.46	881.431	6779	1015
882.97/883.07	883.05	6778	1017
884.77/884.80	884.773	6777	1020
886.48/886.56	886.538	6776	1021
888.37/888.48	888.453	6775	1032
890.17/890.26	890.234	6774	1044
892.17/892.24	892.211	6773	1046
893.97/894.02	894	6772	1056
895.67/895.76	895.736	6771	1065
897.37/897.41	897.382	6770	1069
898.97/899.09	899.065	6769	1071
900.57/900.68	900.65	6768	1074
902.27/902.32	902.292	6767	1077
903.87/903.93	903.909	6766	1080
905.47/905.57	905.544	6765	1085
907.07/907.18	907.158	6764	1087
908.77/908.82	908.795	6763	1089
910.47/910.54	910.515	6762	1092
912.07/912.14	912.114	6761	1095
913.87/913.93	913.904	6760	1099
915.47/915.59	915.561	6759	1107
917.17/917.30	917.276	6758	1109
919.06/919.11	919.085	6757	1113
920.67/920.76	920.737	6756	1117
922.36/922.42	922.392	6755	1125
924.16/924.25	924.221	6754	1130
925.96/926.00	925.973	6753	1135
927.66/927.70	927.673	6752	1139
929.26/929.34	929.316	6751	1143
930.86/930.98	930.958	6750	1147
932.76/932.85	932.824	6749	1159
934.46/934.56	934.529	6748	1164
936.36/936.44	936.416	6747	1165
938.06/938.20	938.174	6746	1170
939.76/939.83	939.804	6745	1172
941.36/941.48	941.454	6744	1177
943.06/943.19	943.163	6743	1182
944.86/944.90	944.878	6742	1184
946.46/946.54	946.513	6741	1188
948.26/948.36	948.329	6740	1193
949.96/950.03	950.006	6739	1196
951.66/951.75	951.72	6738	1199
953.26/953.38	953.35	6737	1201
955.27/955.38	955.349	6736	1211
956.97/957.09	957.065	6735	1214
958.66/958.72	958.695	6734	1218
960.46/960.55	960.521	6733	1222
962.26/962.31	962.283	6732	1227
963.86/963.92	963.897	6731	1230
965.56/965.70	965.67	6730	1237
967.36/967.40	967.37	6729	1239
969.07/969.14	969.109	6728	1241
970.87/970.92	970.89	6727	1251
972.76/972.82	972.796	6726	1257
974.36/974.48	974.451	6725	1261
976.16/976.21	976.182	6724	1270
977.77/977.84	977.815	6723	1274
979.36/979.49	979.459	6722	1285
981.07/981.11	981.083	6721	1288
982.76/982.80	982.776	6720	1292
984.56/984.64	984.611	6719	1297
986.27/986.39	986.364	6718	1300
988.16/988.23	988.199	6717	1303
989.87/989.95	989.923	6716	1305
991.56/991.62	991.591	6715	1312
993.17/993.27	993.24	6714	1320
994.86/994.90	994.871	6713	1322
996.47/996.53	996.497	6712	1327
998.06/998.15	998.119	6711	1330
999.66/999.70	999.673	6710	1332
