18.29/18.39	18.3867	7270	0
20.39/20.43	20.4288	7269	2
22.29/22.30	22.3008	7268	4
24.29/24.34	24.3378	7267	5
26.29/26.39	26.3924	7266	7
28.19/28.24	28.2362	7265	13
30.09/30.19	30.1954	7264	14
31.99/32.09	32.0861	7263	15
33.89/33.91	33.9085	7262	16
35.80/35.85	35.8494	7261	17
37.89/37.92	37.9187	7260	18
39.79/39.82	39.8247	7259	19
41.59/41.64	41.6436	7258	20
43.49/43.50	43.5014	7257	21
45.49/45.54	45.5412	7256	22
47.39/47.40	47.4029	7255	23
49.19/49.23	49.2307	7254	24
51.19/51.26	51.2619	7253	25
53.19/53.20	53.1985	7252	26
55.08/55.16	55.1549	7251	27
56.88/56.97	56.9695	7250	29
58.68/58.79	58.7853	7249	30
60.58/60.61	60.6061	7248	32
62.38/62.43	62.4261	7247	33
64.18/64.24	64.2443	7246	34
65.99/66.07	66.0673	7245	35
67.98/68.01	68.0103	7244	36
69.89/69.93	69.9319	7243	37
71.68/71.77	71.7702	7242	40
73.48/73.60	73.6004	7241	41
75.48/75.52	75.5156	7240	42
77.38/77.40	77.3974	7239	43
79.28/79.38	79.3836	7238	45
81.29/81.32	81.3217	7237	46
83.19/83.22	83.2204	7236	47
84.99/85.02	85.0181	7235	48
87.09/87.14	87.1356	7234	49
88.89/88.96	88.9572	7233	50
90.69/90.77	90.7672	7232	51
92.49/92.59	92.5884	7231	52
94.29/94.38	94.383	7230	54
96.09/96.19	96.1931	7229	55
98.09/98.13	98.1319	7228	57
99.88/99.96	99.9571	7227	58
101.68/101.77	101.764	7226	59
103.68/103.76	103.754	7225	60
105.68/105.71	105.711	7224	61
107.48/107.54	107.536	7223	63
109.38/109.40	109.398	7222	67
111.39/111.43	111.429	7221	68
113.20/113.24	113.235	7220	69
115.00/115.02	115.021	7219	70
116.79/116.81	116.807	7218	72
118.49/118.53	118.528	7217	73
120.29/120.33	120.324	7216	75
122.00/122.09	122.09	7215	76
123.79/123.89	123.888	7214	77
125.69/125.70	125.696	7213	78
127.50/127.52	127.514	7212	79
129.39/129.42	129.416	7211	86
131.29/131.32	131.32	7210	87
133.38/133.40	133.401	7209	89
135.48/135.52	135.515	7208	90
137.39/137.46	137.458	7207	91
139.28/139.31	139.302	7206	92
141.08/141.11	141.108	7205	93
142.89/142.91	142.909	7204	95
144.69/144.72	144.715	7203	98
146.48/146.53	146.527	7202	99
148.28/148.34	148.34	7201	100
150.18/150.26	150.253	7200	103
152.28/152.37	152.363	7199	104
154.38/154.40	154.4	7198	105
156.48/156.56	156.557	7197	106
158.48/158.55	158.541	7196	107
160.39/160.40	160.399	7195	108
162.19/162.20	162.197	7194	109
163.99/164.05	164.048	7193	110
165.88/165.98	165.975	7192	111
167.79/167.85	167.846	7191	113
169.69/169.73	169.727	7190	114
171.60/171.61	171.605	7189	116
173.39/173.42	173.415	7188	118
175.50/175.54	175.532	7187	119
177.29/177.35	177.348	7186	120
179.30/179.33	179.324	7185	121
181.49/181.55	181.544	7184	122
183.48/183.59	183.583	7183	123
185.39/185.44	185.438	7182	124
187.18/187.25	187.247	7181	125
189.09/189.18	189.177	7180	126
190.78/190.88	190.876	7179	127
192.78/192.88	192.873	7178	128
194.98/195.04	195.038	7177	129
196.79/196.84	196.837	7176	130
198.68/198.72	198.715	7175	131
200.48/200.54	200.539	7174	132
202.39/202.45	202.448	7173	133
204.18/204.26	204.252	7172	135
206.08/206.11	206.106	7171	136
208.08/208.14	208.133	7170	138
209.99/210.03	210.02	7169	139
211.88/211.92	211.909	7168	140
213.58/213.66	213.65	7167	141
215.38/215.41	215.404	7166	145
217.18/217.20	217.192	7165	146
218.89/218.99	218.982	7164	147
220.68/220.78	220.771	7163	148
222.48/222.51	222.499	7162	151
224.18/224.30	224.294	7161	154
225.98/226.08	226.069	7160	155
227.78/227.83	227.827	7159	156
229.90/229.94	229.93	7158	157
231.68/231.70	231.691	7157	158
233.38/233.46	233.453	7156	160
235.08/235.19	235.188	7155	161
236.88/236.98	236.972	7154	162
238.69/238.77	238.763	7153	164
240.48/240.55	240.539	7152	165
242.28/242.37	242.363	7151	166
244.19/244.24	244.231	7150	167
246.29/246.31	246.303	7149	170
247.98/248.09	248.079	7148	171
249.78/249.87	249.864	7147	172
251.58/251.64	251.636	7146	173
253.38/253.43	253.424	7145	175
255.19/255.22	255.211	7144	176
256.89/256.99	256.983	7143	177
258.68/258.76	258.752	7142	178
260.48/260.52	260.513	7141	180
262.18/262.21	262.207	7140	181
264.08/264.17	264.166	7139	182
265.98/266.05	266.045	7138	183
267.98/268.00	267.991	7137	184
269.78/269.86	269.854	7136	185
271.78/271.83	271.818	7135	186
273.58/273.65	273.639	7134	187
275.38/275.41	275.407	7133	188
277.09/277.18	277.167	7132	189
278.89/278.96	278.951	7131	191
280.78/280.85	280.837	7130	192
282.59/282.63	282.619	7129	194
284.39/284.41	284.403	7128	195
286.08/286.19	286.181	7127	197
287.98/288.03	288.02	7126	199
289.89/289.93	289.919	7125	203
291.78/291.81	291.802	7124	204
293.59/293.62	293.612	7123	205
295.39/295.48	295.467	7122	206
297.08/297.19	297.181	7121	207
298.88/298.90	298.895	7120	209
300.58/300.63	300.621	7119	213
302.28/302.33	302.316	7118	214
303.98/304.03	304.025	7117	215
305.69/305.74	305.726	7116	216
307.38/307.44	307.433	7115	217
309.09/309.14	309.135	7114	218
310.88/310.98	310.971	7113	220
312.58/312.68	312.673	7112	221
314.28/314.39	314.383	7111	222
316.08/316.10	316.092	7110	223
317.68/317.77	317.76	7109	224
319.38/319.46	319.455	7108	226
321.09/321.17	321.161	7107	227
322.77/322.87	322.857	7106	228
324.49/324.57	324.56	7105	229
326.19/326.29	326.275	7104	231
327.87/327.95	327.94	7103	233
329.57/329.64	329.63	7102	234
331.28/331.34	331.327	7101	235
333.08/333.15	333.144	7100	236
334.78/334.86	334.847	7099	237
336.78/336.80	336.786	7098	238
338.48/338.58	338.573	7097	239
340.18/340.27	340.263	7096	240
341.99/342.01	342.001	7095	242
343.68/343.71	343.7	7094	243
345.39/345.46	345.45	7093	244
347.09/347.14	347.128	7092	247
348.78/348.88	348.873	7091	248
350.68/350.71	350.703	7090	249
352.37/352.47	352.456	7089	250
354.08/354.19	354.183	7088	251
355.78/355.90	355.887	7087	252
357.68/357.73	357.72	7086	253
359.59/359.63	359.622	7085	255
361.28/361.34	361.33	7084	256
362.89/362.96	362.947	7083	258
364.69/364.73	364.722	7082	259
366.38/366.42	366.412	7081	261
367.99/368.03	368.023	7080	263
369.58/369.67	369.658	7079	264
371.17/371.28	371.268	7078	265
372.88/372.96	372.948	7077	268
374.87/375.00	374.987	7076	272
376.87/376.93	376.916	7075	273
378.67/378.72	378.709	7074	275
380.58/380.61	380.601	7073	278
382.28/382.35	382.336	7072	280
384.07/384.18	384.167	7071	281
385.87/385.93	385.922	7070	282
387.88/387.98	387.972	7069	283
390.08/390.13	390.116	7068	284
391.78/391.89	391.88	7067	286
393.58/393.64	393.631	7066	287
395.48/395.51	395.497	7065	288
397.18/397.27	397.26	7064	291
399.18/399.23	399.213	7063	292
400.98/401.08	401.066	7062	293
403.07/403.11	403.099	7061	295
404.87/404.98	404.966	7060	296
406.67/406.72	406.712	7059	297
408.37/408.48	408.47	7058	299
410.38/410.40	410.383	7057	300
412.28/412.32	412.306	7056	301
414.28/414.31	414.301	7055	303
415.98/416.00	415.988	7054	304
417.68/417.73	417.715	7053	305
419.28/419.38	419.37	7052	306
420.98/421.06	421.046	7051	308
422.68/422.76	422.744	7050	310
424.38/424.42	424.41	7049	311
425.98/426.05	426.034	7047	317
427.58/427.68	427.669	7046	318
429.58/429.61	429.601	7045	319
431.48/431.53	431.521	7044	320
433.17/433.21	433.199	7043	321
434.97/435.07	435.056	7042	322
436.69/436.75	436.736	7041	323
438.38/438.45	438.434	7040	326
440.07/440.13	440.112	7039	327
441.68/441.77	441.755	7038	329
443.37/443.40	443.387	7037	330
444.98/445.03	445.015	7036	332
446.59/446.64	446.621	7035	333
448.28/448.30	448.291	7034	335
449.97/450.00	449.983	7033	337
451.59/451.68	451.664	7032	338
453.27/453.37	453.354	7031	340
454.97/455.05	455.04	7030	342
456.67/456.73	456.719	7029	344
458.27/458.38	458.364	7028	346
459.97/460.05	460.038	7027	347
461.67/461.76	461.745	7026	352
463.37/463.44	463.426	7025	354
465.07/465.12	465.105	7024	356
466.68/466.73	466.718	7023	359
468.38/468.42	468.404	7022	361
470.08/470.10	470.087	7021	363
471.68/471.79	471.774	7020	366
473.38/473.47	473.454	7019	370
475.08/475.15	475.133	7018	372
476.78/476.81	476.796	7017	373
478.38/478.48	478.466	7016	375
480.08/480.15	480.135	7015	376
481.78/481.83	481.812	7014	378
483.48/483.51	483.496	7013	380
485.08/485.18	485.162	7012	381
486.78/486.84	486.825	7011	382
488.38/488.44	488.424	7010	383
490.08/490.11	490.092	7009	384
491.78/491.82	491.809	7008	385
493.58/493.63	493.618	7007	386
495.38/495.48	495.468	7006	387
497.18/497.21	497.196	7005	388
498.88/498.93	498.918	7004	389
500.68/500.74	500.725	7003	390
502.38/502.47	502.453	7002	393
504.08/504.18	504.165	7001	394
505.88/505.99	505.972	7000	395
507.77/507.85	507.831	6999	396
509.47/509.57	509.555	6998	397
511.27/511.30	511.284	6997	398
512.87/512.97	512.955	6996	399
514.57/514.61	514.598	6995	401
516.27/516.37	516.356	6994	402
518.17/518.25	518.235	6993	404
519.87/519.99	519.97	6992	405
521.67/521.76	521.742	6991	406
523.67/523.75	523.738	6990	408
525.68/525.74	525.725	6989	409
527.48/527.57	527.558	6988	413
529.47/529.51	529.496	6987	416
531.57/531.60	531.587	6986	417
533.57/533.69	533.673	6985	420
535.47/535.51	535.491	6984	421
537.27/537.39	537.369	6983	422
539.28/539.33	539.315	6982	426
540.98/541.09	541.069	6981	427
542.68/542.75	542.729	6980	428
544.38/544.46	544.446	6979	430
546.08/546.20	546.179	6978	432
547.88/547.92	547.9	6977	434
549.58/549.63	549.614	6976	435
551.28/551.35	551.33	6975	436
552.98/553.07	553.053	6974	438
554.67/554.79	554.777	6973	439
556.48/556.53	556.508	6972	442
558.37/558.42	558.398	6971	445
560.17/560.22	560.204	6970	446
561.87/561.94	561.924	6969	447
563.67/563.73	563.709	6968	450
565.57/565.61	565.595	6967	451
567.58/567.64	567.62	6966	452
569.37/569.47	569.453	6965	453
571.37/571.49	571.47	6964	456
573.27/573.34	573.323	6963	458
574.97/575.07	575.05	6962	462
576.67/576.76	576.744	6961	464
578.48/578.51	578.488	6960	470
580.17/580.22	580.204	6959	471
581.88/581.94	581.924	6958	473
583.58/583.65	583.635	6957	474
585.27/585.36	585.342	6956	476
586.97/587.01	586.995	6955	477
588.67/588.74	588.721	6954	478
590.58/590.62	590.598	6953	479
592.27/592.35	592.329	6952	482
593.98/594.05	594.028	6951	484
595.68/595.72	595.699	6950	485
597.37/597.43	597.407	6949	486
598.98/599.08	599.063	6948	487
600.67/600.72	600.699	6947	490
602.47/602.54	602.519	6946	491
604.17/604.24	604.22	6945	492
605.87/605.95	605.934	6944	493
607.57/607.67	607.647	6943	495
609.28/609.34	609.32	6942	496
610.96/611.02	611.004	6941	497
612.76/612.89	612.867	6940	499
614.87/614.92	614.899	6939	500
616.86/616.99	616.971	6938	502
618.66/618.77	618.754	6937	505
620.46/620.51	620.49	6936	511
622.16/622.21	622.192	6935	512
623.96/624.07	624.054	6934	513
625.66/625.77	625.755	6933	514
627.67/627.70	627.68	6932	515
629.47/629.53	629.511	6931	517
631.17/631.22	631.195	6930	520
632.97/633.10	633.077	6929	523
634.87/634.94	634.919	6928	525
636.67/636.76	636.741	6927	526
638.57/638.63	638.605	6926	527
640.27/640.37	640.352	6925	528
642.07/642.19	642.167	6924	529
643.87/643.94	643.919	6923	532
645.67/645.77	645.751	6922	533
647.38/647.48	647.462	6921	535
649.27/649.37	649.35	6920	539
651.18/651.24	651.218	6919	540
652.87/652.94	652.921	6918	542
654.57/654.66	654.64	6917	546
656.27/656.36	656.341	6916	547
657.97/658.08	658.056	6915	550
659.77/659.80	659.783	6914	557
661.37/661.45	661.428	6913	558
663.28/663.34	663.314	6912	559
665.17/665.27	665.25	6911	565
666.86/666.97	666.946	6910	566
668.56/668.67	668.648	6909	567
670.26/670.39	670.363	6908	572
672.08/672.14	672.121	6907	573
673.86/673.94	673.916	6906	575
675.56/675.61	675.586	6905	577
677.26/677.30	677.283	6904	578
678.96/679.00	678.976	6903	579
680.56/680.69	680.668	6902	581
682.26/682.39	682.365	6901	583
684.17/684.23	684.208	6900	586
685.76/685.85	685.826	6899	587
687.38/687.50	687.477	6898	589
689.06/689.17	689.147	6897	597
690.77/690.81	690.789	6896	602
692.36/692.45	692.426	6895	607
694.26/694.30	694.277	6894	611
695.96/696.03	696.005	6893	614
697.66/697.74	697.721	6892	615
699.47/699.52	699.499	6891	618
701.16/701.21	701.192	6890	620
702.88/702.91	702.89	6889	622
704.66/704.73	704.704	6888	623
706.66/706.76	706.741	6887	625
708.67/708.75	708.724	6886	629
710.27/710.39	710.368	6885	632
711.97/712.09	712.063	6884	638
713.88/713.93	713.903	6883	641
715.58/715.69	715.665	6882	643
717.26/717.32	717.295	6881	645
718.96/719.02	719.001	6880	647
720.56/720.66	720.632	6879	650
722.17/722.25	722.229	6878	653
723.77/723.88	723.855	6877	654
725.47/725.52	725.498	6876	657
727.07/727.15	727.123	6875	658
728.66/728.78	728.761	6874	660
730.37/730.42	730.398	6873	663
731.96/732.04	732.014	6872	665
733.46/733.60	733.577	6871	671
735.16/735.22	735.193	6870	675
736.76/736.80	736.774	6869	679
738.26/738.38	738.36	6868	681
739.96/740.07	740.043	6867	685
741.66/741.72	741.695	6866	689
743.26/743.36	743.34	6865	695
745.06/745.18	745.152	6864	698
746.96/747.00	746.977	6863	702
748.57/748.63	748.606	6862	704
750.36/750.44	750.412	6861	708
752.27/752.40	752.379	6860	715
754.27/754.36	754.335	6859	719
755.87/755.97	755.949	6858	723
757.67/757.80	757.779	6857	726
759.57/759.61	759.585	6856	729
761.27/761.32	761.299	6855	730
762.87/762.93	762.902	6854	732
764.47/764.51	764.488	6853	734
765.97/766.09	766.063	6852	739
767.67/767.71	767.688	6851	741
769.27/769.31	769.285	6850	744
770.87/770.94	770.915	6849	747
772.67/772.76	772.738	6848	759
774.37/774.44	774.416	6847	763
776.08/776.19	776.169	6846	764
778.06/778.11	778.081	6845	766
779.77/779.82	779.791	6844	767
781.46/781.56	781.538	6843	772
783.17/783.26	783.233	6842	775
784.96/785.01	784.98	6841	779
786.76/786.84	786.816	6840	781
788.57/788.64	788.617	6839	785
790.36/790.45	790.423	6838	788
792.16/792.28	792.252	6837	791
794.07/794.20	794.17	6836	795
796.16/796.20	796.174	6835	803
798.07/798.19	798.165	6834	806
800.06/800.16	800.135	6833	812
801.77/801.88	801.855	6832	816
803.66/803.71	803.682	6831	821
805.36/805.41	805.388	6830	822
807.16/807.28	807.253	6829	830
808.86/808.95	808.925	6828	832
810.57/810.65	810.628	6827	836
812.26/812.32	812.298	6826	839
814.16/814.25	814.227	6825	844
815.96/816.00	815.975	6824	847
817.87/817.90	817.877	6823	850
819.86/819.95	819.928	6822	854
821.86/821.94	821.918	6821	860
823.56/823.61	823.583	6820	862
825.16/825.28	825.25	6819	864
826.96/827.06	827.033	6818	868
828.66/828.74	828.712	6817	871
830.37/830.42	830.394	6816	874
832.06/832.10	832.072	6815	877
833.77/833.83	833.798	6814	879
835.56/835.66	835.63	6813	882
837.36/837.47	837.443	6812	884
839.17/839.22	839.192	6811	886
840.97/841.09	841.067	6810	889
842.76/842.85	842.825	6809	893
844.67/844.75	844.721	6808	896
846.66/846.73	846.699	6807	900
848.76/848.87	848.846	6806	905
850.46/850.56	850.529	6805	906
852.16/852.22	852.196	6804	908
854.06/854.14	854.113	6803	912
855.96/856.02	855.993	6802	914
857.86/857.99	857.957	6801	916
859.76/859.87	859.843	6800	920
861.46/861.57	861.539	6799	923
863.26/863.30	863.27	6798	926
864.96/865.05	865.021	6797	928
866.76/866.81	866.783	6796	929
868.36/868.41	868.379	6795	931
869.86/869.99	869.965	6794	933
871.56/871.66	871.631	6793	937
873.16/873.27	873.244	6792	941
874.76/874.86	874.83	6791	944
876.36/876.44	876.412	6790	946
878.16/878.20	878.172	6789	947
880.16/880.21	880.181	6788	951
882.07/882.17	882.144	6787	953
883.96/884.09	884.062	6786	957
885.85/885.99	885.965	6785	960
887.56/887.64	887.614	6784	965
889.26/889.37	889.341	6783	971
891.06/891.14	891.106	6782	974
892.76/892.82	892.787	6781	979
894.36/894.48	894.454	6780	981
896.06/896.14	896.11	6779	983
897.76/897.81	897.784	6778	987
899.55/899.60	899.574	6777	996
901.55/901.62	901.586	6776	1001
903.35/903.43	903.404	6775	1005
905.05/905.16	905.126	6774	1006
906.86/906.95	906.919	6773	1008
908.47/908.55	908.519	6772	1011
910.05/910.14	910.106	6771	1015
911.87/911.95	911.917	6770	1019
913.56/913.65	913.616	6769	1022
915.36/915.42	915.394	6768	1024
916.96/917.07	917.037	6767	1029
918.76/918.84	918.811	6766	1032
920.46/920.52	920.487	6765	1036
922.06/922.18	922.15	6764	1038
923.76/923.83	923.803	6763	1041
925.46/925.50	925.472	6762	1044
927.06/927.14	927.104	6761	1047
929.05/929.18	929.147	6760	1052
930.76/930.86	930.832	6759	1055
932.66/932.73	932.703	6758	1061
934.25/934.34	934.307	6757	1063
936.06/936.15	936.116	6756	1067
937.76/937.87	937.837	6755	1072
939.55/939.63	939.594	6754	1074
941.15/941.29	941.259	6753	1078
942.95/943.06	943.025	6752	1082
944.65/944.70	944.67	6751	1085
946.25/946.36	946.33	6750	1088
948.16/948.25	948.223	6749	1092
949.86/949.93	949.893	6748	1095
951.46/951.59	951.562	6747	1098
953.05/953.20	953.167	6746	1101
954.76/954.88	954.85	6745	1106
956.65/956.70	956.668	6744	1107
958.66/958.74	958.704	6743	1116
960.45/960.56	960.529	6742	1121
962.36/962.49	962.46	6741	1126
964.05/964.14	964.107	6740	1128
965.77/965.88	965.846	6739	1132
967.47/967.54	967.51	6738	1137
969.07/969.19	969.159	6737	1140
970.77/970.83	970.802	6736	1146
972.37/972.47	972.435	6735	1148
973.96/974.09	974.056	6734	1150
975.67/975.73	975.698	6733	1152
977.26/977.34	977.303	6732	1153
978.97/979.01	978.976	6731	1159
980.56/980.66	980.627	6730	1161
982.27/982.31	982.279	6729	1166
983.86/983.99	983.956	6728	1174
985.47/985.57	985.534	6727	1177
987.06/987.17	987.136	6726	1179
988.77/988.84	988.806	6725	1183
990.46/990.51	990.479	6724	1189
992.07/992.13	992.101	6723	1191
993.66/993.72	993.682	6722	1198
995.16/995.28	995.244	6721	1201
996.76/996.86	996.828	6720	1204
998.36/998.45	998.413	6719	1206
999.96/1000.06	1000.02	6718	1209
