17.38/17.40	17.4021	7290	0
19.08/19.14	19.1425	7289	2
20.80/20.89	20.8961	7288	3
22.58/22.63	22.6344	7287	4
24.38/24.42	24.4249	7286	5
26.18/26.23	26.2273	7285	6
27.98/28.03	28.0295	7284	7
29.70/29.78	29.786	7283	8
31.48/31.50	31.5031	7282	9
33.28/33.31	33.3086	7281	12
34.98/35.08	35.0777	7280	13
36.78/36.82	36.8188	7279	15
38.50/38.54	38.5406	7278	16
40.18/40.28	40.2813	7277	17
41.98/42.02	42.0221	7276	18
43.68/43.74	43.7411	7275	19
45.38/45.45	45.4513	7274	20
47.08/47.17	47.1752	7273	21
48.88/48.91	48.9126	7272	22
50.60/50.65	50.6552	7271	24
52.28/52.37	52.3755	7270	25
53.99/54.08	54.08	7269	26
55.78/55.83	55.8263	7268	27
57.48/57.56	57.5561	7267	28
59.29/59.33	59.3301	7266	30
60.98/61.08	61.0801	7265	31
62.79/62.80	62.8001	7264	33
64.48/64.58	64.5767	7263	34
66.28/66.31	66.3123	7262	36
67.98/68.03	68.0328	7261	38
69.68/69.75	69.7455	7260	39
71.39/71.48	71.4764	7259	40
73.18/73.20	73.2007	7258	41
74.89/74.91	74.913	7257	42
76.58/76.64	76.6382	7256	43
78.28/78.36	78.3617	7255	44
80.08/80.10	80.1018	7254	45
81.78/81.81	81.8108	7253	47
83.49/83.53	83.5282	7252	49
85.18/85.24	85.2437	7251	50
86.90/86.96	86.9633	7250	51
88.68/88.73	88.7296	7249	54
90.38/90.46	90.4584	7248	56
92.18/92.23	92.2345	7247	57
93.98/94.09	94.0917	7246	59
95.78/95.81	95.8134	7245	60
97.48/97.53	97.532	7244	61
99.18/99.27	99.2671	7243	62
100.88/100.99	100.987	7242	63
102.68/102.70	102.698	7241	64
104.39/104.44	104.436	7240	65
106.08/106.17	106.167	7239	66
107.81/107.90	107.899	7238	67
109.58/109.60	109.597	7237	68
111.28/111.30	111.303	7236	69
112.98/113.00	113.002	7235	70
114.68/114.76	114.759	7234	71
116.38/116.49	116.485	7233	72
118.18/118.27	118.269	7232	73
119.98/120.03	120.027	7231	75
121.68/121.74	121.743	7230	77
123.38/123.45	123.452	7229	78
125.08/125.15	125.146	7228	79
126.78/126.85	126.85	7227	80
128.48/128.58	128.583	7226	81
130.28/130.36	130.363	7225	82
132.09/132.11	132.107	7224	84
133.78/133.89	133.888	7223	85
135.58/135.66	135.659	7222	86
137.28/137.36	137.36	7221	87
139.08/139.10	139.094	7220	88
140.80/140.87	140.872	7219	89
142.58/142.65	142.653	7218	90
144.38/144.43	144.429	7217	92
146.08/146.13	146.124	7216	93
147.78/147.82	147.821	7215	94
149.49/149.59	149.584	7214	105
151.18/151.29	151.287	7213	106
152.90/152.99	152.987	7212	107
154.68/154.70	154.697	7211	108
156.38/156.41	156.406	7210	109
158.08/158.19	158.183	7209	110
159.88/159.96	159.956	7208	111
161.59/161.63	161.63	7207	112
163.28/163.36	163.361	7206	115
165.09/165.16	165.154	7205	119
166.88/166.93	166.929	7204	120
168.58/168.62	168.617	7203	121
170.28/170.32	170.319	7202	122
171.98/172.03	172.029	7201	124
173.69/173.71	173.707	7200	125
175.38/175.40	175.402	7199	126
176.99/177.09	177.092	7198	127
178.68/178.79	178.787	7197	128
180.48/180.56	180.558	7196	129
182.18/182.25	182.248	7195	130
183.88/183.94	183.935	7194	131
185.58/185.66	185.66	7193	132
187.38/187.43	187.428	7192	133
189.09/189.19	189.192	7190	135
190.88/190.94	190.939	7189	136
192.58/192.66	192.659	7188	138
194.28/194.34	194.338	7187	140
195.98/196.02	196.02	7186	141
197.68/197.71	197.71	7185	143
199.38/199.42	199.419	7184	145
201.08/201.14	201.14	7183	147
202.78/202.82	202.813	7182	148
204.49/204.52	204.512	7181	150
206.18/206.20	206.196	7180	151
207.79/207.89	207.888	7179	152
209.48/209.58	209.58	7178	155
211.28/211.36	211.358	7177	158
213.08/213.12	213.12	7176	159
214.78/214.89	214.886	7175	161
216.48/216.60	216.593	7174	162
218.28/218.30	218.299	7173	163
220.00/220.06	220.061	7172	164
221.78/221.83	221.827	7171	166
223.48/223.59	223.588	7170	167
225.28/225.36	225.358	7169	169
226.98/227.08	227.08	7168	170
228.69/228.77	228.769	7167	171
230.38/230.46	230.456	7166	172
232.10/232.14	232.136	7165	173
233.78/233.81	233.81	7164	176
235.40/235.49	235.481	7163	177
237.08/237.16	237.154	7162	178
238.78/238.82	238.817	7161	179
240.38/240.48	240.48	7160	180
242.18/242.22	242.218	7158	182
243.88/243.99	243.989	7157	184
245.68/245.75	245.75	7156	186
247.39/247.48	247.474	7155	187
249.18/249.24	249.231	7154	188
250.88/250.99	250.986	7153	189
252.68/252.75	252.743	7152	190
254.48/254.52	254.518	7151	195
256.19/256.21	256.208	7150	196
257.78/257.88	257.878	7149	197
259.49/259.57	259.566	7148	199
261.18/261.24	261.237	7147	200
262.90/262.92	262.913	7146	202
264.58/264.62	264.613	7145	203
266.28/266.37	266.362	7144	204
267.98/268.07	268.065	7143	205
269.68/269.76	269.756	7142	206
271.38/271.44	271.437	7141	207
273.08/273.13	273.129	7140	208
274.78/274.81	274.808	7139	210
276.48/276.53	276.524	7138	211
278.19/278.28	278.276	7137	212
279.98/280.03	280.026	7136	213
281.68/281.74	281.733	7135	214
283.38/283.46	283.459	7134	215
285.18/285.22	285.214	7133	217
286.88/286.91	286.906	7132	218
288.48/288.58	288.571	7131	220
290.18/290.23	290.22	7130	221
291.88/291.93	291.925	7129	223
293.48/293.60	293.596	7128	226
295.28/295.30	295.296	7127	227
296.89/296.98	296.978	7126	228
298.58/298.68	298.679	7125	234
300.38/300.43	300.426	7124	235
302.08/302.19	302.181	7123	237
303.78/303.85	303.842	7122	238
305.48/305.52	305.515	7121	239
307.18/307.21	307.206	7120	241
308.88/308.96	308.954	7119	242
310.58/310.63	310.622	7118	244
312.18/312.30	312.292	7117	246
313.88/313.96	313.956	7116	247
315.58/315.63	315.627	7115	249
317.18/317.29	317.289	7114	250
318.89/318.97	318.96	7113	252
320.58/320.67	320.668	7112	253
322.30/322.34	322.338	7111	254
323.98/324.00	323.99	7110	255
325.60/325.70	325.69	7109	256
327.38/327.44	327.431	7108	257
329.08/329.18	329.177	7107	259
330.78/330.84	330.833	7106	261
332.48/332.51	332.499	7105	262
334.08/334.16	334.159	7104	263
335.78/335.82	335.813	7103	264
337.38/337.46	337.454	7102	265
339.08/339.13	339.123	7101	266
340.68/340.79	340.788	7100	267
342.38/342.45	342.443	7099	268
344.08/344.12	344.109	7098	269
345.68/345.78	345.77	7097	270
347.38/347.45	347.448	7096	271
349.08/349.15	349.144	7095	274
350.79/350.81	350.804	7094	275
352.38/352.49	352.486	7093	277
354.09/354.15	354.14	7092	278
355.78/355.85	355.845	7091	279
357.50/357.53	357.52	7090	281
359.08/359.19	359.187	7089	282
360.88/360.90	360.897	7088	283
362.48/362.55	362.546	7087	284
364.18/364.21	364.2	7086	285
365.78/365.88	365.873	7085	286
367.48/367.58	367.569	7084	287
369.28/369.32	369.316	7083	292
370.98/371.06	371.051	7082	294
372.68/372.79	372.779	7081	295
374.48/374.51	374.507	7080	296
376.20/376.24	376.236	7079	297
377.88/377.97	377.963	7078	298
379.58/379.67	379.662	7077	300
381.28/381.32	381.314	7076	301
382.88/382.97	382.961	7075	302
384.58/384.65	384.645	7074	303
386.28/386.31	386.301	7073	304
387.98/388.02	388.011	7072	305
389.68/389.70	389.694	7071	306
391.28/391.34	391.335	7070	307
392.88/392.99	392.984	7069	308
394.58/394.64	394.634	7068	309
396.18/396.28	396.276	7067	310
397.88/397.93	397.923	7066	312
399.58/399.65	399.644	7064	315
401.28/401.38	401.377	7063	318
403.08/403.10	403.092	7062	319
404.68/404.75	404.741	7061	320
406.38/406.42	406.412	7060	322
407.98/408.09	408.083	7059	323
409.68/409.73	409.725	7058	324
411.28/411.36	411.354	7057	326
412.98/413.03	413.023	7056	327
414.70/414.75	414.742	7055	328
416.38/416.46	416.447	7054	329
418.01/418.10	418.094	7053	330
419.68/419.74	419.727	7052	333
421.38/421.40	421.394	7051	336
423.08/423.13	423.121	7050	338
424.68/424.77	424.763	7049	339
426.38/426.49	426.479	7048	340
428.08/428.16	428.147	7047	341
429.78/429.86	429.847	7046	342
431.38/431.49	431.483	7045	345
433.08/433.12	433.114	7044	347
434.78/434.80	434.792	7043	350
436.48/436.53	436.524	7042	354
438.18/438.25	438.239	7041	355
439.88/439.96	439.954	7040	356
441.58/441.68	441.672	7038	358
443.30/443.40	443.386	7037	359
445.08/445.12	445.114	7036	364
446.68/446.77	446.756	7035	365
448.28/448.39	448.38	7034	367
449.98/450.02	450.009	7033	371
451.58/451.66	451.651	7032	374
453.20/453.29	453.285	7031	375
454.88/454.95	454.94	7030	377
456.50/456.58	456.574	7029	381
458.18/458.20	458.188	7028	382
459.79/459.87	459.86	7027	385
461.48/461.50	461.489	7026	386
463.09/463.12	463.11	7025	387
464.67/464.76	464.755	7024	388
466.28/466.39	466.384	7023	389
467.97/468.04	468.031	7022	394
469.70/469.75	469.739	7021	395
471.37/471.45	471.445	7020	396
473.08/473.17	473.159	7019	398
474.77/474.87	474.864	7018	399
476.47/476.58	476.569	7017	400
478.17/478.29	478.277	7016	402
479.87/479.99	479.985	7015	404
481.57/481.63	481.616	7014	405
483.17/483.26	483.249	7013	406
484.87/484.97	484.961	7012	408
486.57/486.69	486.682	7011	412
488.28/488.38	488.369	7010	413
489.97/490.05	490.038	7009	414
491.69/491.73	491.716	7008	415
493.27/493.36	493.35	7007	419
494.88/495.01	494.996	7006	420
496.57/496.62	496.612	7005	422
498.18/498.24	498.231	7004	424
499.87/499.92	499.913	7003	425
501.60/501.65	501.642	7002	431
503.27/503.31	503.3	7001	433
504.90/504.94	504.928	7000	434
506.47/506.55	506.54	6999	435
508.08/508.22	508.206	6998	436
509.77/509.89	509.879	6997	438
511.49/511.52	511.512	6996	439
513.07/513.15	513.136	6995	440
514.68/514.76	514.754	6994	441
516.37/516.47	516.455	6993	443
517.98/518.09	518.083	6992	445
519.67/519.74	519.727	6991	446
521.39/521.44	521.428	6990	448
523.07/523.15	523.14	6989	453
524.78/524.85	524.838	6988	454
526.47/526.55	526.538	6987	456
528.17/528.21	528.196	6986	459
529.77/529.83	529.82	6985	460
531.38/531.48	531.473	6984	462
533.07/533.13	533.121	6983	465
534.77/534.83	534.815	6982	466
536.47/536.54	536.526	6981	468
538.17/538.23	538.219	6980	469
539.87/539.93	539.922	6979	472
541.57/541.65	541.64	6978	478
543.17/543.30	543.284	6977	479
544.87/544.98	544.964	6976	480
546.58/546.68	546.666	6975	483
548.27/548.38	548.364	6974	485
549.88/550.01	549.997	6973	488
551.57/551.68	551.668	6972	491
553.30/553.38	553.364	6971	493
554.97/555.07	555.061	6970	495
556.68/556.76	556.751	6969	496
558.37/558.45	558.442	6968	497
560.07/560.15	560.133	6967	498
561.77/561.84	561.824	6966	499
563.47/563.53	563.516	6965	500
565.17/565.22	565.21	6964	502
566.87/566.92	566.904	6963	503
568.58/568.61	568.6	6962	506
570.27/570.30	570.292	6961	508
571.88/572.00	571.99	6960	511
573.67/573.70	573.684	6959	513
575.29/575.40	575.385	6958	516
576.97/577.08	577.07	6957	517
578.68/578.73	578.72	6956	518
580.27/580.34	580.327	6955	519
581.89/581.99	581.975	6954	521
583.57/583.64	583.625	6953	523
585.19/585.28	585.27	6952	526
586.87/586.90	586.889	6951	527
588.38/588.51	588.501	6950	530
590.07/590.14	590.123	6949	532
591.68/591.75	591.74	6948	534
593.27/593.37	593.361	6947	536
594.87/594.98	594.963	6946	538
596.57/596.66	596.65	6945	539
598.28/598.35	598.335	6944	540
599.87/599.99	599.975	6943	542
601.47/601.59	601.573	6942	545
603.07/603.18	603.167	6941	546
604.67/604.79	604.78	6940	547
606.37/606.40	606.383	6939	549
607.97/608.00	607.99	6938	550
609.57/609.62	609.604	6937	554
611.17/611.23	611.218	6936	557
612.78/612.84	612.828	6935	558
614.37/614.46	614.448	6934	559
615.99/616.07	616.059	6933	560
617.57/617.68	617.665	6932	561
619.18/619.28	619.267	6931	562
620.77/620.89	620.881	6930	564
622.48/622.55	622.538	6929	566
624.17/624.24	624.222	6928	568
625.78/625.91	625.901	6927	569
627.47/627.59	627.579	6926	570
629.19/629.27	629.254	6925	571
630.87/630.95	630.941	6924	573
632.57/632.63	632.618	6923	574
634.27/634.32	634.301	6922	577
635.87/635.96	635.944	6921	579
637.47/637.57	637.559	6920	580
639.18/639.24	639.228	6919	582
640.87/640.91	640.9	6918	583
642.57/642.62	642.607	6917	589
644.17/644.24	644.222	6916	590
645.77/645.82	645.803	6915	591
647.37/647.42	647.402	6914	593
648.99/649.09	649.073	6913	594
650.67/650.76	650.743	6912	596
652.29/652.35	652.336	6911	597
653.87/653.94	653.927	6910	599
655.48/655.56	655.544	6909	602
657.17/657.23	657.216	6908	603
658.78/658.90	658.887	6907	604
660.47/660.59	660.58	6906	609
662.19/662.24	662.226	6905	611
663.77/663.83	663.818	6904	612
665.38/665.44	665.428	6903	616
666.97/667.03	667.019	6902	617
668.68/668.71	668.695	6901	619
670.27/670.38	670.367	6900	621
671.98/672.09	672.075	6899	628
673.67/673.76	673.743	6898	629
675.39/675.43	675.411	6897	630
676.97/677.05	677.034	6896	632
678.58/678.66	678.65	6895	633
680.17/680.26	680.246	6894	635
681.77/681.84	681.82	6893	636
683.37/683.43	683.411	6892	639
684.97/685.03	685.014	6891	643
686.57/686.60	686.588	6890	644
688.07/688.18	688.163	6889	645
689.69/689.76	689.74	6888	646
691.27/691.35	691.331	6887	647
692.88/692.95	692.935	6886	650
694.47/694.54	694.528	6885	652
696.07/696.13	696.109	6884	653
697.67/697.71	697.694	6883	654
699.17/699.28	699.263	6882	655
700.87/700.90	700.886	6881	656
702.47/702.59	702.571	6880	661
704.07/704.17	704.158	6879	662
705.77/705.83	705.818	6878	663
707.47/707.50	707.486	6877	665
709.07/709.11	709.098	6876	667
710.67/710.74	710.727	6875	668
712.27/712.38	712.367	6874	669
713.89/713.97	713.956	6873	670
715.57/715.60	715.583	6872	674
717.08/717.18	717.169	6871	676
718.67/718.78	718.767	6870	680
720.27/720.37	720.355	6869	681
721.87/721.95	721.934	6868	682
723.47/723.53	723.515	6867	684
725.07/725.11	725.095	6866	687
726.67/726.71	726.695	6865	690
728.27/728.30	728.286	6864	692
729.77/729.89	729.876	6863	694
731.38/731.49	731.469	6862	699
732.97/733.08	733.067	6861	701
734.57/734.66	734.642	6860	704
736.17/736.23	736.211	6859	705
737.77/737.83	737.81	6858	709
739.37/739.45	739.435	6857	721
740.97/741.06	741.044	6856	729
742.57/742.65	742.634	6855	733
744.17/744.24	744.227	6854	736
745.79/745.86	745.844	6853	745
747.37/747.44	747.421	6852	746
748.98/749.02	748.998	6851	748
750.57/750.60	750.579	6850	751
752.07/752.19	752.177	6849	754
753.67/753.78	753.759	6848	756
755.37/755.41	755.39	6847	758
756.97/757.03	757.008	6846	760
758.57/758.60	758.581	6845	764
760.17/760.23	760.216	6844	767
761.77/761.89	761.873	6843	769
763.47/763.55	763.537	6842	774
765.07/765.19	765.177	6841	777
766.69/766.77	766.755	6840	780
768.36/768.43	768.408	6839	786
769.98/770.04	770.026	6838	787
771.56/771.62	771.598	6837	790
773.06/773.20	773.187	6836	793
774.66/774.79	774.769	6835	800
776.26/776.37	776.357	6834	803
777.96/778.00	777.98	6833	811
779.46/779.57	779.556	6832	813
781.08/781.17	781.15	6831	820
782.67/782.75	782.729	6830	822
784.29/784.32	784.305	6829	824
785.87/785.93	785.911	6828	828
787.37/787.50	787.483	6827	833
788.97/789.07	789.051	6826	835
790.57/790.64	790.617	6825	840
792.17/792.22	792.202	6824	843
793.77/793.81	793.796	6823	845
795.29/795.39	795.367	6822	847
796.97/797.01	796.993	6821	850
798.59/798.67	798.653	6820	855
800.27/800.34	800.32	6819	861
801.89/801.99	801.974	6818	864
803.57/803.67	803.653	6817	873
805.19/805.28	805.263	6816	876
806.77/806.86	806.841	6815	881
808.38/808.42	808.406	6814	885
809.97/810.05	810.034	6813	890
811.57/811.62	811.6	6812	892
813.17/813.20	813.18	6811	894
814.77/814.83	814.809	6810	896
816.37/816.45	816.434	6809	899
817.97/818.07	818.051	6808	903
819.57/819.69	819.67	6807	906
821.27/821.33	821.315	6806	909
822.87/822.99	822.966	6805	912
824.57/824.63	824.614	6804	914
826.17/826.29	826.268	6803	918
827.87/827.92	827.905	6802	919
829.47/829.57	829.552	6801	921
831.17/831.21	831.193	6800	923
832.77/832.87	832.851	6799	927
834.47/834.52	834.503	6798	932
836.07/836.13	836.11	6797	935
837.67/837.74	837.723	6796	943
839.28/839.32	839.302	6795	947
840.87/840.91	840.895	6794	950
842.37/842.48	842.456	6793	951
843.97/844.09	844.067	6792	959
845.57/845.65	845.631	6791	963
847.17/847.21	847.194	6790	965
848.67/848.77	848.749	6789	967
850.29/850.37	850.349	6788	971
851.87/851.99	851.969	6787	978
853.47/853.56	853.535	6786	982
855.07/855.13	855.113	6785	985
856.57/856.69	856.668	6784	987
858.17/858.26	858.239	6783	989
859.77/859.85	859.829	6782	996
861.37/861.41	861.391	6781	999
862.97/863.00	862.976	6780	1001
864.47/864.56	864.543	6779	1003
866.07/866.13	866.109	6778	1005
867.67/867.72	867.698	6777	1008
869.17/869.28	869.255	6776	1012
870.77/870.84	870.82	6775	1015
872.37/872.45	872.433	6774	1023
873.97/874.02	874	6773	1027
875.59/875.62	875.601	6772	1034
877.07/877.19	877.165	6771	1040
878.67/878.77	878.749	6770	1046
880.27/880.33	880.308	6769	1048
881.87/881.92	881.899	6768	1053
883.37/883.47	883.45	6767	1055
884.97/885.04	885.015	6766	1057
886.47/886.58	886.558	6765	1059
888.07/888.15	888.133	6764	1063
889.67/889.72	889.702	6763	1066
891.17/891.30	891.274	6762	1071
892.77/892.89	892.865	6761	1080
894.37/894.45	894.43	6760	1083
895.97/896.02	895.994	6759	1085
897.47/897.58	897.559	6758	1088
899.17/899.22	899.202	6757	1092
900.78/900.85	900.829	6756	1094
902.37/902.48	902.459	6755	1096
903.97/904.07	904.048	6754	1103
905.57/905.62	905.601	6753	1105
907.07/907.19	907.164	6752	1108
908.67/908.75	908.724	6751	1110
910.27/910.34	910.32	6750	1114
911.77/911.90	911.881	6749	1117
913.47/913.50	913.482	6748	1119
915.07/915.15	915.125	6747	1124
916.66/916.77	916.751	6746	1126
918.26/918.40	918.382	6745	1129
919.96/920.04	920.013	6744	1132
921.56/921.67	921.65	6743	1137
923.26/923.31	923.286	6742	1139
924.86/924.94	924.918	6741	1142
926.46/926.59	926.565	6740	1148
928.06/928.19	928.165	6739	1152
929.76/929.82	929.795	6738	1156
931.36/931.46	931.438	6737	1161
932.96/933.09	933.07	6736	1171
934.56/934.64	934.623	6735	1173
936.17/936.22	936.198	6734	1177
937.67/937.78	937.758	6733	1181
939.28/939.35	939.332	6732	1187
940.77/940.89	940.871	6731	1191
942.37/942.44	942.417	6730	1195
943.87/943.99	943.972	6729	1197
945.47/945.52	945.499	6728	1198
946.98/947.06	947.033	6727	1200
948.57/948.60	948.578	6726	1203
950.07/950.15	950.123	6725	1210
951.67/951.77	951.748	6724	1212
953.37/953.40	953.381	6723	1217
954.97/955.02	955	6722	1219
956.57/956.65	956.626	6721	1221
958.17/958.27	958.251	6720	1224
959.87/959.90	959.873	6719	1236
961.39/961.46	961.438	6718	1238
962.97/963.01	962.986	6717	1242
964.47/964.56	964.533	6716	1245
966.07/966.11	966.089	6715	1248
967.67/967.71	967.686	6714	1252
969.17/969.26	969.236	6713	1256
970.77/970.89	970.87	6712	1265
972.39/972.45	972.43	6711	1267
973.97/974.01	973.983	6710	1272
975.47/975.56	975.54	6709	1278
977.07/977.16	977.138	6708	1293
978.67/978.73	978.703	6707	1300
980.17/980.28	980.261	6706	1303
981.77/981.85	981.824	6705	1309
983.28/983.40	983.376	6704	1315
984.87/984.93	984.911	6703	1318
986.47/986.52	986.494	6702	1321
988.07/988.11	988.087	6701	1329
989.57/989.66	989.638	6700	1332
991.17/991.23	991.204	6699	1339
992.67/992.78	992.758	6698	1344
994.28/994.33	994.306	6697	1346
995.87/995.90	995.875	6696	1348
997.47/997.51	997.486	6695	1359
998.97/999.04	999.017	6694	1363
