6.60/6.63	6.63217	863	0
7.19/7.29	7.2953	862	1
7.89/7.96	7.95707	861	2
8.59/8.62	8.61733	860	3
9.19/9.28	9.27819	859	4
9.99/10.09	10.088	858	7
10.79/10.83	10.836	857	8
11.39/11.48	11.485	856	9
12.09/12.12	12.1241	855	10
12.69/12.77	12.7706	854	11
13.39/13.42	13.4194	853	12
13.99/14.05	14.056	852	13
14.69/14.71	14.7096	851	14
15.29/15.35	15.3469	850	15
15.89/15.98	15.9839	849	16
16.59/16.62	16.6255	848	17
17.19/17.25	17.2542	847	18
17.79/17.88	17.8793	846	19
18.49/18.52	18.5192	845	20
19.09/19.15	19.1565	844	22
19.69/19.78	19.777	843	23
20.39/20.41	20.4076	842	24
21.00/21.05	21.0482	841	25
21.59/21.67	21.673	840	26
22.19/22.29	22.2954	839	27
22.89/22.93	22.9309	838	28
23.49/23.55	23.5542	837	29
24.19/24.27	24.2763	836	31
24.79/24.89	24.894	835	32
25.49/25.54	25.5385	834	33
26.09/26.16	26.1625	833	34
26.69/26.78	26.7794	832	35
27.39/27.41	27.4109	831	37
27.99/28.02	28.0241	830	38
28.60/28.63	28.6322	829	39
29.19/29.26	29.2605	828	41
29.79/29.88	29.8851	827	43
30.49/30.50	30.5006	826	44
31.09/31.11	31.11	825	45
31.69/31.71	31.7115	824	47
32.29/32.30	32.3045	823	48
32.79/32.90	32.9012	822	49
33.49/33.52	33.5182	821	50
34.09/34.14	34.1405	820	53
34.79/34.83	34.8345	819	54
35.39/35.44	35.4431	818	55
35.99/36.05	36.0474	817	56
36.59/36.66	36.664	816	58
37.19/37.27	37.2757	815	60
37.79/37.86	37.8628	814	62
38.40/38.46	38.4576	813	64
39.09/39.12	39.1167	812	66
39.69/39.72	39.7167	811	68
40.29/40.31	40.3114	810	69
40.89/40.94	40.9455	809	71
41.49/41.59	41.5893	808	75
42.19/42.22	42.2204	807	78
42.79/42.84	42.8371	806	79
43.39/43.48	43.4783	805	80
44.19/44.27	44.2726	804	82
44.99/45.01	45.0133	803	83
45.69/45.77	45.7687	802	85
46.39/46.42	46.4252	801	88
46.99/47.01	47.0138	800	89
47.59/47.61	47.6128	799	91
48.19/48.21	48.2133	798	92
48.79/48.81	48.8115	797	94
49.39/49.41	49.4154	796	97
49.99/50.01	50.0088	795	99
50.59/50.61	50.6137	794	102
51.29/51.33	51.3331	793	104
51.99/52.08	52.0852	792	106
52.79/52.89	52.8914	791	108
53.59/53.65	53.6512	790	109
54.19/54.27	54.2736	789	112
54.89/54.96	54.9579	788	115
55.59/55.68	55.6845	787	118
56.19/56.24	56.2434	786	121
56.79/56.81	56.8091	785	124
57.29/57.36	57.3639	784	127
57.89/57.94	57.9414	783	130
58.49/58.53	58.5337	782	136
58.99/59.09	59.0951	781	139
59.59/59.66	59.6635	780	142
60.40/60.42	60.4214	779	147
60.89/60.99	60.9944	778	150
61.50/61.56	61.565	777	153
62.09/62.13	62.1338	776	156
62.60/62.69	62.6934	775	159
63.19/63.27	63.2734	774	164
63.80/63.83	63.832	773	166
64.39/64.42	64.4165	772	173
64.90/64.97	64.9745	771	176
65.49/65.59	65.5879	770	179
66.09/66.15	66.1491	769	182
66.69/66.71	66.7121	768	183
67.29/67.30	67.2999	767	186
67.79/67.86	67.8604	766	189
68.39/68.44	68.4381	765	194
68.99/69.04	69.0385	764	201
69.59/69.61	69.6114	763	203
70.09/70.18	70.1815	762	206
70.69/70.79	70.7919	761	216
71.29/71.35	71.3463	760	217
71.89/71.91	71.9099	759	218
72.39/72.47	72.467	758	219
72.99/73.04	73.0369	757	221
73.49/73.59	73.5931	756	224
74.09/74.16	74.1592	755	226
74.70/74.72	74.7182	754	230
75.19/75.27	75.2698	753	233
75.80/75.83	75.8335	752	236
76.39/76.40	76.3977	751	240
76.90/76.95	76.9496	750	245
77.49/77.50	77.5008	749	248
78.00/78.05	78.0527	748	253
78.59/78.60	78.5977	747	257
79.10/79.16	79.1551	746	261
79.59/79.69	79.6887	745	264
80.20/80.24	80.2389	744	269
80.69/80.78	80.7838	743	271
81.30/81.34	81.3411	742	277
81.79/81.88	81.882	741	279
82.40/82.45	82.4538	740	286
82.99/83.03	83.0325	739	296
83.60/83.64	83.6436	738	309
84.19/84.26	84.2584	737	319
84.79/84.80	84.7984	736	322
85.29/85.36	85.3563	735	327
85.89/85.91	85.9067	734	330
86.39/86.45	86.447	733	332
86.99/87.01	87.01	732	338
87.49/87.54	87.5422	731	340
88.09/88.19	88.1851	730	344
88.69/88.79	88.7915	729	346
89.29/89.35	89.3511	728	352
89.89/89.91	89.9061	727	357
90.39/90.48	90.479	726	364
90.99/91.05	91.0543	725	371
91.59/91.63	91.6315	724	380
92.09/92.19	92.1934	723	387
92.69/92.72	92.7243	722	390
93.29/93.31	93.3107	721	400
93.79/93.86	93.8601	720	404
94.50/94.52	94.522	719	415
94.99/95.05	95.0538	718	420
95.60/95.65	95.6533	717	434
96.19/96.26	96.2581	716	448
96.80/96.82	96.8143	715	453
97.29/97.38	97.3793	714	461
97.99/98.04	98.0376	713	481
98.48/98.59	98.5874	712	487
99.09/99.15	99.154	711	495
99.68/99.74	99.7436	710	506
100.28/100.35	100.352	709	520
100.88/100.92	100.915	708	530
101.48/101.57	101.566	707	556
101.98/102.06	102.062	706	558
102.58/102.63	102.625	705	567
103.08/103.18	103.179	704	574
103.68/103.74	103.743	703	584
104.18/104.28	104.28	702	590
104.88/104.92	104.916	701	609
105.38/105.48	105.479	700	619
105.98/106.02	106.022	699	625
106.48/106.59	106.586	698	636
107.08/107.14	107.135	697	642
107.79/107.87	107.872	696	681
108.38/108.41	108.407	695	688
108.98/109.07	109.071	694	692
109.58/109.62	109.621	693	700
110.09/110.17	110.172	692	709
110.68/110.72	110.723	691	717
111.48/111.53	111.527	690	759
111.98/112.05	112.044	689	762
112.78/112.84	112.837	688	808
113.48/113.53	113.533	687	837
113.98/114.07	114.073	686	845
114.58/114.62	114.614	685	853
115.08/115.15	115.151	684	859
115.78/115.86	115.861	683	889
116.28/116.38	116.374	682	893
116.78/116.87	116.865	681	895
117.38/117.40	117.396	680	903
118.08/118.10	118.096	679	932
118.58/118.61	118.612	678	938
119.18/119.22	119.223	677	955
119.89/119.92	119.918	676	987
120.58/120.66	120.661	675	1032
121.28/121.33	121.327	674	1057
121.78/121.80	121.799	673	1060
122.38/122.49	122.493	672	1093
123.48/123.50	123.5	671	1180
123.98/124.05	124.053	670	1193
125.18/125.25	125.249	669	1305
125.88/125.96	125.961	668	1322
126.39/126.48	126.474	667	1330
127.18/127.23	127.228	666	1374
127.88/127.93	127.928	665	1408
129.08/129.12	129.117	664	1513
129.79/129.83	129.828	663	1550
130.58/130.64	130.636	662	1602
131.38/131.43	131.426	661	1646
132.08/132.10	132.094	660	1672
132.58/132.60	132.602	659	1679
133.38/133.42	133.415	658	1725
134.09/134.19	134.186	657	1767
136.48/136.59	136.583	656	2055
136.98/137.07	137.063	655	2059
137.49/137.54	137.543	654	2062
138.99/139.04	139.037	653	2208
139.79/139.88	139.879	652	2261
140.59/140.64	140.638	651	2295
141.38/141.44	141.434	650	2343
143.88/143.92	143.92	649	2644
147.48/147.59	147.589	648	3143
148.88/148.92	148.916	647	3266
151.98/152.02	152.016	646	3646
153.99/154.02	154.013	645	3854
154.48/154.52	154.519	644	3864
155.48/155.59	155.587	643	3958
156.78/156.82	156.816	642	4079
158.69/158.70	158.701	641	4287
163.59/163.65	163.647	640	4898
164.29/164.36	164.358	639	4938
166.88/166.90	166.893	638	5238
167.28/167.34	167.34	637	5241
167.78/167.88	167.875	636	5256
173.70/173.80	173.8	635	6042
178.39/178.41	178.406	634	6686
180.69/180.73	180.723	633	6963
181.29/181.39	181.389	632	6974
183.69/183.75	183.75	631	7274
186.68/186.70	186.699	630	7661
197.28/197.32	197.321	629	9193
198.88/199.00	198.998	628	9365
203.18/203.24	203.236	627	9921
204.69/204.77	204.768	626	10085
208.08/208.10	208.099	625	10511
213.98/214.03	214.029	624	11321
214.39/214.47	214.47	623	11325
220.19/220.29	220.284	622	12115
221.10/221.16	221.156	621	12174
222.48/222.57	222.569	620	12315
226.78/226.84	226.837	619	12869
229.38/229.49	229.49	618	13186
230.78/230.80	230.799	617	13307
231.78/231.87	231.868	616	13390
240.18/240.29	240.282	615	14508
245.88/245.94	245.937	614	15217
268.18/268.21	268.201	613	18446
273.48/273.52	273.516	612	19118
297.08/297.18	297.174	611	22427
298.78/298.85	298.847	610	22574
303.78/303.85	303.842	609	23191
320.48/320.58	320.577	608	25533
326.69/326.70	326.696	607	26333
328.38/328.43	328.421	606	26517
338.18/338.27	338.267	605	27839
339.68/339.77	339.759	604	27991
510.88/510.94	510.924	603	52419
564.37/564.48	564.464	602	60024
652.07/652.12	652.107	601	72110
670.37/670.48	670.462	600	74526
675.17/675.20	675.182	599	75058
