6.29/6.32	6.32731	840	0
6.89/6.97	6.9744	839	1
7.60/7.62	7.62043	838	2
8.19/8.28	8.28318	836	3
8.80/8.89	8.8956	835	4
9.49/9.51	9.50996	834	5
10.09/10.11	10.1143	833	6
10.69/10.72	10.721	832	7
11.29/11.35	11.3488	830	8
11.89/11.97	11.9754	829	9
12.49/12.58	12.5812	828	10
13.19/13.20	13.2065	827	11
13.79/13.81	13.8155	826	12
14.39/14.40	14.4073	825	13
14.99/15.02	15.0268	824	14
15.59/15.63	15.6321	823	15
16.19/16.23	16.2322	822	16
16.79/16.82	16.8249	821	17
17.39/17.42	17.419	820	18
17.99/18.02	18.0267	819	19
18.59/18.63	18.6347	818	20
19.19/19.24	19.2395	817	21
19.79/19.84	19.8428	816	22
20.39/20.44	20.4414	815	23
20.99/21.03	21.0279	814	24
21.59/21.60	21.6057	813	25
22.09/22.19	22.1942	812	26
22.79/22.80	22.803	811	27
23.39/23.40	23.4054	810	28
23.89/23.99	23.9899	809	29
24.49/24.59	24.5954	808	33
25.09/25.18	25.1805	807	34
25.69/25.75	25.7536	806	35
26.30/26.32	26.3268	805	36
26.89/26.91	26.9098	804	38
27.40/27.48	27.4853	803	39
27.99/28.08	28.0776	802	41
28.60/28.64	28.6468	801	43
29.19/29.23	29.2333	800	45
29.79/29.81	29.81	799	47
30.29/30.37	30.3748	798	49
30.89/30.94	30.9412	797	51
31.49/31.50	31.5003	796	52
31.99/32.06	32.0658	795	54
32.59/32.65	32.6518	794	56
33.19/33.24	33.244	793	58
33.79/33.83	33.8319	792	60
34.39/34.40	34.398	791	63
34.89/34.99	34.9923	790	67
35.49/35.54	35.5439	789	68
36.09/36.12	36.1185	788	70
36.59/36.67	36.6746	787	71
37.19/37.24	37.2376	786	73
37.79/37.81	37.8151	785	75
38.29/38.38	38.3858	784	77
38.89/38.95	38.9537	783	79
39.49/39.52	39.5189	782	81
39.99/40.08	40.0839	781	84
40.59/40.65	40.6561	780	88
41.19/41.23	41.2298	779	90
41.89/41.98	41.9776	778	93
42.49/42.53	42.5319	777	95
43.09/43.12	43.1198	776	99
43.69/43.71	43.7077	775	103
44.29/44.38	44.3801	774	106
45.09/45.13	45.1359	773	109
45.79/45.87	45.8711	772	114
46.49/46.56	46.5635	771	115
47.09/47.12	47.1221	770	119
47.59/47.69	47.6876	769	124
48.19/48.24	48.2384	768	126
48.69/48.79	48.7916	767	128
49.29/49.37	49.3661	766	132
49.89/49.94	49.9361	765	135
50.39/50.48	50.4841	764	139
50.99/51.03	51.0299	763	141
51.49/51.60	51.5962	762	144
52.09/52.14	52.1389	761	146
52.59/52.68	52.6802	760	147
53.19/53.21	53.2151	759	150
53.69/53.74	53.7407	758	152
54.19/54.29	54.287	757	157
54.79/54.82	54.8247	756	158
55.29/55.38	55.3818	755	160
55.89/55.91	55.9061	754	161
56.59/56.62	56.6164	753	168
57.09/57.18	57.1853	752	174
57.69/57.72	57.7218	751	179
58.29/58.33	58.3274	750	189
58.89/58.93	58.9333	749	199
59.49/59.50	59.4972	748	205
59.99/60.00	60.0009	747	206
60.49/60.53	60.5255	746	209
60.99/61.06	61.0641	745	211
61.59/61.62	61.6206	744	216
62.09/62.16	62.1584	743	218
62.69/62.71	62.7108	742	223
63.19/63.24	63.2398	741	226
63.69/63.78	63.776	740	231
64.29/64.31	64.3141	739	237
64.89/64.92	64.9211	738	253
65.39/65.49	65.4877	737	260
65.89/65.99	65.992	736	261
66.49/66.52	66.5222	735	265
66.99/67.06	67.0636	734	269
67.49/67.59	67.5911	733	274
67.99/68.09	68.0923	732	276
68.59/68.63	68.6285	731	281
69.19/69.21	69.2056	730	289
69.89/69.98	69.9824	729	294
70.69/70.70	70.6975	728	300
71.19/71.28	71.2825	727	309
71.79/71.85	71.8466	726	317
72.39/72.43	72.4276	725	327
72.99/73.07	73.0702	724	348
73.59/73.62	73.6181	723	355
74.29/74.32	74.3213	722	365
74.79/74.84	74.8381	721	369
75.29/75.34	75.3348	720	372
75.79/75.88	75.8772	719	381
76.39/76.41	76.4065	718	388
76.89/76.92	76.9244	717	392
77.39/77.49	77.4871	716	403
77.99/78.03	78.0265	715	412
78.48/78.56	78.5601	714	418
79.19/79.25	79.2507	713	423
79.78/79.82	79.8221	712	432
80.29/80.35	80.346	711	439
80.78/80.86	80.8572	710	444
81.48/81.50	81.4975	709	456
82.18/82.24	82.2385	708	481
82.68/82.74	82.7433	707	485
83.18/83.28	83.2835	706	492
83.78/83.80	83.7956	705	497
84.18/84.27	84.2656	704	498
84.88/84.92	84.9176	703	511
85.58/85.68	85.6768	702	522
86.28/86.35	86.3464	701	530
86.89/86.94	86.9362	700	539
87.38/87.49	87.486	699	551
88.08/88.11	88.1107	698	568
88.58/88.61	88.6071	697	572
89.09/89.13	89.1279	696	578
89.68/89.74	89.7426	695	599
90.19/90.23	90.2237	694	601
90.78/90.85	90.8466	693	625
91.48/91.51	91.5135	692	652
91.98/92.02	92.0206	691	661
92.48/92.57	92.5698	690	672
92.98/93.04	93.0409	689	674
93.58/93.62	93.6151	688	692
94.08/94.14	94.1391	687	702
94.88/94.90	94.8997	686	745
95.69/95.72	95.7182	685	800
96.88/96.96	96.9542	684	891
97.48/97.57	97.5652	683	912
97.98/98.07	98.0666	682	920
98.68/98.70	98.7002	681	947
99.18/99.23	99.2289	680	956
99.88/99.98	99.98	679	998
100.48/100.51	100.505	678	1009
100.98/101.06	101.056	677	1024
101.78/101.83	101.832	676	1069
102.30/102.36	102.36	675	1083
102.89/102.90	102.896	674	1096
103.49/103.59	103.592	673	1129
103.99/104.05	104.051	672	1133
104.59/104.67	104.666	671	1157
105.29/105.36	105.355	670	1174
106.09/106.16	106.155	669	1203
106.89/106.98	106.973	668	1235
107.80/107.81	107.81	667	1259
109.09/109.14	109.139	666	1340
109.59/109.67	109.667	665	1354
110.09/110.18	110.173	664	1365
110.89/110.96	110.959	663	1408
111.89/111.98	111.981	662	1493
112.68/112.74	112.738	661	1541
113.29/113.32	113.314	660	1563
114.18/114.28	114.28	659	1637
114.68/114.76	114.753	658	1644
115.28/115.33	115.331	657	1668
116.18/116.26	116.253	656	1739
116.68/116.76	116.758	655	1751
117.18/117.21	117.211	654	1756
117.88/117.98	117.978	653	1810
118.58/118.62	118.617	652	1839
119.28/119.33	119.327	651	1881
119.89/119.92	119.917	650	1903
120.38/120.46	120.456	649	1919
121.68/121.71	121.705	648	2025
124.08/124.18	124.177	647	2276
126.58/126.61	126.611	646	2521
127.38/127.47	127.468	645	2583
128.79/128.82	128.818	644	2707
129.39/129.40	129.397	643	2726
130.09/130.17	130.164	642	2773
130.59/130.64	130.637	641	2778
132.79/132.81	132.802	640	3039
133.59/133.66	133.659	639	3087
135.19/135.29	135.285	638	3235
138.49/138.52	138.514	637	3659
139.19/139.29	139.285	636	3700
140.59/140.70	140.699	635	3809
141.49/141.55	141.544	634	3859
142.28/142.38	142.372	633	3908
146.98/147.00	146.998	632	4501
155.09/155.12	155.115	631	5552
155.88/155.90	155.893	630	5592
161.78/161.88	161.871	629	6374
165.08/165.14	165.135	628	6798
165.99/166.10	166.098	627	6875
168.48/168.57	168.568	626	7171
168.98/169.03	169.02	625	7176
178.48/178.50	178.498	624	8370
182.88/182.93	182.919	623	8961
190.68/190.71	190.704	622	10141
206.38/206.50	206.489	621	12444
207.58/207.62	207.618	620	12520
211.98/212.06	212.055	619	13067
212.88/212.92	212.913	618	13095
214.28/214.30	214.291	617	13178
251.48/251.55	251.54	616	18650
265.28/265.32	265.31	615	20414
265.77/265.85	265.839	614	20419
316.78/316.86	316.848	613	28416
344.58/344.62	344.605	612	32540
345.58/345.67	345.661	611	32639
357.27/357.34	357.325	610	34335
374.47/374.58	374.563	609	36693
375.97/376.00	375.985	608	36844
405.37/405.42	405.401	607	40970
409.08/409.10	409.089	606	41442
414.26/414.35	414.332	605	42114
418.98/419.07	419.054	604	42750
452.36/452.42	452.4	603	47358
463.87/463.90	463.885	602	48839
558.27/558.32	558.296	601	62153
598.57/598.66	598.639	600	67808
598.97/599.09	599.065	599	67813
642.66/642.70	642.677	598	73707
646.67/646.73	646.707	597	74170
652.86/652.96	652.939	596	74915
658.36/658.47	658.447	595	75450
727.36/727.42	727.392	594	85321
796.37/796.49	796.462	593	94886
798.76/798.88	798.85	592	95165
868.45/868.51	868.475	591	105045
