6.49/6.60	6.59715	850	0
7.18/7.25	7.24825	849	1
7.98/8.02	8.01734	848	2
8.69/8.76	8.76521	846	3
9.38/9.43	9.42787	845	5
9.98/10.09	10.0915	844	6
10.68/10.75	10.7522	843	7
11.38/11.41	11.4138	842	8
11.99/12.07	12.0738	841	9
12.78/12.82	12.8261	840	10
13.38/13.48	13.4787	839	11
14.08/14.14	14.1375	838	12
14.68/14.79	14.7867	837	13
15.39/15.44	15.4419	836	14
15.98/16.08	16.0833	835	15
16.68/16.73	16.7356	834	16
17.28/17.38	17.3825	833	17
18.08/18.15	18.1482	832	18
18.69/18.79	18.7925	831	19
19.38/19.41	19.4136	830	20
19.98/20.05	20.0527	829	21
20.58/20.69	20.6948	828	23
21.28/21.34	21.3368	827	24
21.89/21.97	21.9692	826	25
22.58/22.61	22.6141	825	27
23.18/23.25	23.2538	824	29
23.78/23.88	23.8806	823	30
24.48/24.51	24.5073	822	31
25.08/25.19	25.1961	821	32
25.78/25.88	25.8854	820	33
26.48/26.51	26.5131	819	34
27.08/27.14	27.1395	818	35
27.68/27.77	27.7685	817	36
28.38/28.40	28.4005	816	37
28.98/29.02	29.0238	815	38
29.59/29.64	29.6415	814	39
30.18/30.27	30.2672	813	40
30.79/30.89	30.8891	812	41
31.38/31.49	31.4922	811	42
32.18/32.22	32.2174	810	44
32.78/32.81	32.8154	809	46
33.38/33.41	33.4132	808	47
33.99/34.01	34.0088	807	48
34.58/34.60	34.604	806	50
35.09/35.20	35.2006	805	52
35.68/35.78	35.7821	804	53
36.29/36.38	36.384	803	55
36.88/36.98	36.981	802	58
37.48/37.56	37.5592	801	59
38.18/38.24	38.2386	800	61
38.98/39.05	39.0477	799	63
39.68/39.76	39.7621	798	65
40.28/40.36	40.359	797	67
40.98/41.03	41.0281	796	71
41.58/41.63	41.6306	794	73
42.18/42.23	42.2356	793	75
42.79/42.83	42.8258	792	77
43.38/43.49	43.4927	791	79
44.19/44.23	44.2264	790	81
45.00/45.02	45.0187	789	83
45.69/45.70	45.7016	788	85
46.29/46.35	46.3468	787	87
47.09/47.10	47.1013	786	88
47.79/47.82	47.8165	785	92
48.49/48.50	48.5038	783	97
49.09/49.12	49.1163	782	100
49.69/49.70	49.7024	781	103
50.29/50.30	50.3019	780	106
50.89/50.98	50.9805	779	108
51.49/51.59	51.5854	778	111
52.29/52.33	52.3327	777	115
52.99/53.09	53.086	776	119
53.80/53.89	53.8914	775	122
54.59/54.61	54.6063	774	129
55.09/55.19	55.191	773	131
55.69/55.77	55.7745	772	133
56.29/56.37	56.3674	771	136
56.89/56.94	56.9427	770	139
57.49/57.59	57.5929	769	142
58.09/58.18	58.1794	768	145
58.89/58.90	58.9036	767	150
59.40/59.48	59.4849	766	153
59.99/60.06	60.063	765	155
60.59/60.68	60.677	764	162
61.19/61.25	61.2548	763	165
61.79/61.88	61.8824	762	175
62.39/62.46	62.4622	761	179
62.99/63.05	63.0544	760	185
63.49/63.59	63.5874	759	186
64.09/64.14	64.1413	758	187
64.69/64.78	64.7848	757	188
65.29/65.39	65.3908	756	192
65.90/65.95	65.9544	755	193
66.49/66.53	66.5308	754	197
67.10/67.11	67.1082	753	201
67.59/67.66	67.6622	752	205
68.20/68.24	68.2388	751	209
68.79/68.87	68.8677	750	221
69.39/69.46	69.4589	749	226
69.99/70.06	70.0617	748	233
70.59/70.61	70.6069	747	235
71.09/71.16	71.1575	746	237
71.69/71.74	71.7439	745	247
72.29/72.36	72.358	744	256
72.89/72.90	72.8967	743	257
73.39/73.44	73.4353	742	259
73.99/74.02	74.0154	741	266
74.59/74.60	74.5988	740	271
75.09/75.17	75.1703	739	277
75.69/75.70	75.702	738	279
76.29/76.34	76.3381	737	294
76.90/76.90	76.9044	736	299
77.39/77.47	77.4732	735	306
78.00/78.03	78.0252	734	311
78.59/78.63	78.6337	733	322
79.10/79.19	79.1883	732	329
79.69/79.71	79.7077	731	332
80.20/80.26	80.264	730	341
80.79/80.84	80.8354	729	347
81.49/81.53	81.5255	728	352
82.09/82.10	82.0981	727	358
82.59/82.65	82.6453	726	363
83.09/83.19	83.1872	725	369
83.79/83.84	83.8417	724	392
84.49/84.51	84.5072	723	417
84.99/85.08	85.0782	722	426
85.59/85.63	85.6296	721	430
86.19/86.24	86.2398	720	443
86.80/86.81	86.8086	719	454
87.29/87.34	87.3409	718	458
87.90/87.91	87.9048	717	470
88.38/88.45	88.4505	716	475
88.88/88.99	88.9929	715	481
89.48/89.57	89.5671	714	490
90.09/90.15	90.1512	713	501
90.58/90.69	90.693	712	505
91.19/91.25	91.2505	711	511
91.78/91.82	91.8237	710	520
92.29/92.37	92.3661	709	529
92.88/92.91	92.9048	708	538
93.39/93.43	93.426	707	544
93.88/93.95	93.9486	706	551
94.38/94.49	94.4852	705	560
94.98/95.01	95.0114	704	566
95.48/95.56	95.5608	703	577
96.08/96.16	96.1544	702	593
96.58/96.68	96.678	701	600
97.18/97.25	97.2525	700	616
97.68/97.79	97.7926	699	624
98.28/98.34	98.3403	698	634
98.78/98.82	98.8145	697	635
99.28/99.36	99.3619	696	644
99.78/99.84	99.8385	695	646
100.48/100.56	100.559	694	683
101.09/101.20	101.2	693	707
101.78/101.86	101.859	692	733
102.29/102.39	102.385	691	742
102.88/102.97	102.972	690	756
103.58/103.67	103.671	689	792
104.08/104.19	104.193	688	799
104.98/105.01	105.013	687	852
105.78/105.81	105.813	686	896
106.28/106.36	106.358	685	904
106.78/106.84	106.841	684	906
107.58/107.60	107.596	683	946
108.08/108.15	108.148	682	956
108.79/108.85	108.845	681	984
109.29/109.38	109.379	680	991
109.90/109.92	109.92	679	998
110.39/110.42	110.414	678	1001
111.10/111.17	111.169	677	1040
111.79/111.80	111.797	676	1062
112.29/112.30	112.295	675	1066
112.89/112.97	112.973	674	1092
113.49/113.50	113.5	673	1101
114.09/114.15	114.148	672	1126
114.79/114.82	114.82	671	1156
115.89/115.92	115.92	670	1252
116.49/116.55	116.545	669	1281
117.79/117.83	117.827	668	1403
118.49/118.52	118.518	667	1437
119.59/119.69	119.693	666	1545
120.19/120.23	120.232	665	1559
120.79/120.85	120.847	664	1584
121.29/121.30	121.297	663	1586
121.79/121.85	121.852	662	1602
122.29/122.38	122.378	661	1614
122.79/122.87	122.864	660	1618
123.69/123.73	123.732	659	1673
124.39/124.40	124.399	658	1704
124.89/124.99	124.985	657	1720
126.09/126.10	126.1	656	1822
126.89/126.93	126.932	655	1873
127.69/127.70	127.702	654	1918
128.29/128.39	128.392	653	1950
128.79/128.86	128.861	652	1953
129.98/130.00	130.003	651	2056
130.48/130.53	130.524	650	2068
133.18/133.20	133.203	649	2420
134.28/134.30	134.294	648	2518
135.98/136.00	136	647	2707
136.68/136.79	136.792	646	2756
137.58/137.63	137.625	645	2809
138.38/138.40	138.399	644	2852
139.98/140.08	140.074	643	3029
140.48/140.53	140.525	642	3031
141.58/141.66	141.658	641	3132
142.08/142.11	142.106	640	3134
143.18/143.25	143.251	639	3229
147.18/147.25	147.25	638	3744
148.88/148.95	148.949	637	3911
149.38/149.50	149.499	636	3925
150.28/150.34	150.335	635	3975
151.08/151.15	151.151	634	4028
152.08/152.19	152.191	633	4110
152.89/152.97	152.964	632	4155
154.68/154.70	154.694	631	4323
158.08/158.17	158.167	630	4754
164.28/164.30	164.293	629	5570
166.39/166.45	166.445	628	5807
175.08/175.17	175.165	627	7004
176.48/176.58	176.572	626	7130
178.58/178.69	178.683	625	7336
179.49/179.55	179.547	624	7394
180.29/180.33	180.329	623	7423
181.69/181.70	181.701	622	7508
183.49/183.54	183.537	621	7662
184.39/184.46	184.457	620	7727
186.99/187.05	187.048	619	8044
224.99/225.04	225.032	618	13505
227.88/227.97	227.97	617	13860
229.68/229.75	229.744	616	14044
230.18/230.28	230.277	615	14049
251.08/251.12	251.115	614	16981
260.48/260.54	260.533	613	18285
273.18/273.22	273.213	612	20014
276.38/276.46	276.45	611	20384
316.58/316.64	316.629	610	26164
330.48/330.51	330.499	609	28151
330.88/330.94	330.933	608	28156
331.98/332.10	332.09	607	28255
447.28/447.37	447.355	606	44812
453.77/453.89	453.881	605	45609
460.88/460.97	460.961	604	46512
471.97/472.00	471.991	603	48032
481.08/481.10	481.086	602	49249
495.87/495.96	495.944	601	51325
497.18/497.29	497.279	600	51455
507.17/507.24	507.221	599	52770
566.38/566.41	566.393	598	60965
579.77/579.89	579.872	597	62718
622.06/622.14	622.125	596	68389
630.47/630.56	630.542	595	69447
926.63/926.70	926.644	594	111123
939.43/939.59	939.536	593	112825
944.14/944.26	944.205	592	113379
