6.49/6.60	6.60144	848	0
7.19/7.27	7.26939	847	1
7.89/7.94	7.9414	846	3
8.59/8.61	8.60871	845	4
9.19/9.27	9.27408	844	5
9.99/10.03	10.0308	843	6
10.59/10.65	10.6555	842	7
11.19/11.26	11.2613	841	8
11.79/11.88	11.8852	840	9
12.49/12.52	12.5174	839	10
13.09/13.19	13.1952	838	11
13.79/13.84	13.838	837	12
14.39/14.48	14.4768	836	13
14.99/15.08	15.0783	835	14
15.69/15.72	15.7198	834	15
16.29/16.33	16.3331	833	16
16.89/16.93	16.934	832	17
17.49/17.57	17.573	831	18
18.29/18.32	18.3194	830	19
18.89/18.98	18.9811	829	20
19.59/19.62	19.6208	828	21
20.19/20.26	20.2657	827	22
20.79/20.90	20.9009	826	23
21.49/21.55	21.5469	824	24
22.09/22.18	22.1842	823	25
22.79/22.82	22.8227	822	26
23.39/23.45	23.4464	821	27
23.99/24.07	24.0699	820	28
24.69/24.70	24.6989	819	29
25.29/25.33	25.331	818	30
25.89/25.98	25.9804	817	31
26.59/26.62	26.6246	816	32
27.39/27.42	27.4174	815	33
27.99/28.03	28.0314	814	34
28.59/28.67	28.6694	813	37
29.49/29.52	29.5181	812	38
30.19/30.24	30.2436	811	39
30.79/30.85	30.8542	810	40
31.39/31.47	31.4685	809	41
32.09/32.10	32.1036	808	44
32.59/32.69	32.6875	807	45
33.19/33.29	33.2925	806	46
33.79/33.86	33.8655	805	47
34.39/34.46	34.4624	804	48
34.99/35.06	35.0613	803	50
35.69/35.71	35.7095	802	53
36.29/36.31	36.3136	800	54
36.89/36.94	36.9436	799	55
37.49/37.56	37.5626	798	57
38.09/38.16	38.1653	797	58
38.69/38.77	38.7756	796	61
39.29/39.38	39.385	795	62
39.89/39.99	39.9879	794	64
40.59/40.62	40.6171	793	67
41.19/41.23	41.2357	792	69
41.79/41.84	41.842	791	71
42.39/42.44	42.4423	790	72
42.99/43.07	43.066	789	75
43.59/43.67	43.671	788	77
44.19/44.26	44.2593	787	78
44.79/44.84	44.8396	786	80
45.39/45.44	45.4393	785	81
45.99/46.05	46.0475	784	83
46.59/46.65	46.6555	783	85
47.19/47.27	47.2665	782	89
47.79/47.87	47.8753	781	92
48.39/48.45	48.4537	780	93
48.99/49.07	49.074	779	95
49.59/49.67	49.675	778	99
50.19/50.29	50.2933	777	101
50.89/50.91	50.9107	776	108
51.49/51.50	51.4978	775	112
52.09/52.13	52.1284	774	116
52.69/52.74	52.7424	773	118
53.29/53.31	53.3141	772	120
53.79/53.90	53.9007	771	122
54.39/54.50	54.4959	770	126
55.09/55.11	55.1055	769	133
55.69/55.70	55.699	768	137
56.29/56.32	56.3178	767	141
56.89/56.91	56.9079	766	144
57.39/57.49	57.488	765	147
57.99/58.07	58.0704	764	150
58.59/58.64	58.6425	763	154
59.19/59.23	59.2342	762	159
59.79/59.86	59.8584	761	163
60.39/60.42	60.4237	760	166
60.99/61.02	61.0187	759	168
61.49/61.60	61.5985	758	171
62.09/62.19	62.195	757	174
62.69/62.79	62.7854	756	178
63.29/63.38	63.3791	755	183
63.89/63.95	63.9463	754	186
64.49/64.51	64.5124	753	188
65.09/65.11	65.107	752	191
65.69/65.71	65.7099	751	195
66.19/66.27	66.2742	750	198
66.79/66.85	66.8485	749	199
67.39/67.42	67.4195	748	200
67.99/68.01	68.0054	747	205
68.49/68.55	68.5544	746	206
69.09/69.10	69.0974	745	207
69.59/69.66	69.6622	744	208
70.19/70.22	70.2163	743	211
70.69/70.78	70.7837	742	213
71.29/71.39	71.388	741	221
71.89/71.99	71.9855	740	226
72.49/72.56	72.5641	739	231
73.09/73.12	73.1193	738	233
73.69/73.71	73.7091	737	237
74.29/74.32	74.3241	736	249
74.79/74.87	74.873	735	252
75.39/75.46	75.463	734	257
75.99/76.08	76.0799	733	270
76.59/76.66	76.6638	732	277
77.19/77.24	77.24	731	284
77.69/77.78	77.7839	730	287
78.29/78.35	78.3509	729	289
78.89/78.91	78.9064	728	295
79.39/79.45	79.4525	727	300
79.99/80.01	80.0133	726	305
80.49/80.57	80.5718	725	310
81.09/81.12	81.1149	724	313
81.69/81.70	81.6969	723	319
82.19/82.26	82.2634	722	325
82.69/82.79	82.7918	721	331
83.29/83.37	83.3709	720	338
83.99/84.05	84.0529	719	362
84.59/84.62	84.6235	718	370
85.19/85.24	85.2441	717	385
85.79/85.82	85.8151	716	395
86.39/86.45	86.4545	715	408
86.99/87.04	87.0404	714	419
87.59/87.62	87.6235	713	425
88.09/88.15	88.153	712	431
88.69/88.71	88.7117	711	437
89.29/89.31	89.3095	710	448
89.89/89.90	89.9039	709	457
90.39/90.47	90.4702	708	465
90.99/91.05	91.0507	707	477
91.59/91.66	91.664	706	491
92.19/92.25	92.2508	705	501
92.79/92.85	92.8466	704	517
93.29/93.38	93.3831	703	524
93.99/94.01	94.0085	702	544
94.49/94.56	94.5571	701	555
94.99/95.09	95.0859	700	560
95.69/95.78	95.7836	699	584
96.29/96.33	96.3259	698	593
96.89/96.94	96.9394	697	608
97.69/97.79	97.7924	696	659
98.39/98.47	98.4687	695	687
99.09/99.11	99.1064	694	711
99.59/99.65	99.6447	693	716
100.19/100.24	100.238	692	727
100.69/100.79	100.791	691	735
101.29/101.38	101.379	690	751
101.89/101.97	101.971	689	769
102.49/102.51	102.505	688	779
102.99/103.04	103.039	687	787
103.59/103.69	103.689	686	811
104.49/104.55	104.547	685	863
105.09/105.18	105.181	684	883
105.59/105.68	105.675	683	885
106.09/106.17	106.173	682	887
106.69/106.75	106.745	681	898
107.69/107.73	107.728	680	942
108.29/108.35	108.344	679	963
108.89/108.91	108.905	678	976
109.59/109.60	109.599	677	1013
109.99/110.08	110.079	676	1016
110.59/110.68	110.68	675	1037
111.49/111.59	111.588	674	1096
112.09/112.14	112.134	673	1107
112.69/112.72	112.716	672	1121
113.29/113.39	113.391	671	1147
114.49/114.51	114.509	670	1244
115.89/115.91	115.904	669	1376
116.79/116.88	116.876	668	1451
117.89/117.99	117.985	667	1534
118.69/118.78	118.781	666	1584
119.69/119.80	119.799	665	1664
120.29/120.37	120.373	664	1680
121.29/121.34	121.343	663	1751
121.79/121.85	121.853	662	1754
122.29/122.33	122.327	661	1758
123.09/123.15	123.147	660	1806
123.59/123.64	123.634	659	1811
124.78/124.84	124.841	658	1914
125.39/125.48	125.483	657	1939
125.99/126.02	126.018	656	1951
126.49/126.52	126.521	655	1960
127.88/127.98	127.976	654	2116
129.58/129.65	129.65	653	2299
130.79/130.86	130.858	652	2411
131.89/131.95	131.951	651	2496
134.89/134.91	134.908	650	2846
135.78/135.87	135.868	649	2911
138.28/138.34	138.337	648	3146
139.08/139.15	139.145	647	3194
139.59/139.69	139.688	646	3208
143.78/143.86	143.862	645	3789
144.98/145.09	145.092	644	3912
145.98/146.00	145.993	643	3980
146.68/146.74	146.733	642	4026
147.48/147.56	147.555	641	4080
149.68/149.77	149.772	640	4323
150.39/150.47	150.466	639	4364
151.49/151.52	151.513	638	4440
162.29/162.35	162.352	637	5997
162.89/162.99	162.986	636	6003
164.59/164.69	164.682	635	6162
165.89/166.00	165.992	634	6272
166.59/166.61	166.603	633	6285
169.08/169.12	169.117	632	6608
170.78/170.89	170.887	631	6811
171.68/171.71	171.711	630	6867
177.09/177.19	177.187	629	7597
177.69/177.74	177.732	628	7614
178.68/178.70	178.694	627	7696
181.49/181.52	181.514	626	8035
203.98/204.06	204.058	625	11232
207.98/208.01	208.006	624	11707
218.89/218.93	218.921	623	13211
227.59/227.64	227.635	622	14471
228.89/228.99	228.982	621	14582
237.98/238.00	237.996	620	15815
239.28/239.31	239.307	619	15932
241.58/241.64	241.637	618	16159
268.08/268.18	268.176	617	19896
276.09/276.16	276.153	616	20931
276.68/276.73	276.724	615	20948
295.28/295.38	295.375	614	23648
295.89/295.91	295.902	613	23657
305.08/305.19	305.18	612	24912
329.58/329.61	329.605	611	28259
333.98/334.02	334.012	610	28748
337.77/337.88	337.87	609	29224
339.97/340.08	340.073	608	29461
360.38/360.42	360.411	607	32223
364.48/364.57	364.561	606	32689
474.77/474.89	474.879	605	48537
478.87/478.98	478.961	604	49041
538.98/539.03	539.011	603	57688
609.87/609.94	609.924	602	67631
613.97/614.03	614.01	601	68085
772.66/772.71	772.681	600	91447
785.37/785.49	785.462	599	93192
794.76/794.83	794.808	598	94423
802.26/802.30	802.278	597	95457
809.17/809.27	809.244	596	96365
818.37/818.47	818.44	595	97609
