6.59/6.65	6.65241	852	0
7.29/7.30	7.30117	851	1
7.89/7.95	7.95487	850	2
8.59/8.61	8.61045	849	3
9.19/9.26	9.26601	848	4
9.89/9.92	9.91872	847	5
10.49/10.56	10.5646	846	6
11.19/11.21	11.2117	845	7
11.79/11.85	11.8536	844	8
12.39/12.49	12.4935	843	9
13.09/13.14	13.1379	842	10
13.69/13.77	13.7747	841	11
14.39/14.43	14.4274	840	12
14.99/15.07	15.0681	839	13
15.69/15.70	15.7057	838	14
16.29/16.34	16.3402	837	15
16.89/16.98	16.9771	836	16
17.59/17.61	17.6136	835	17
18.19/18.24	18.2375	834	18
18.79/18.88	18.8775	833	19
19.49/19.50	19.5062	832	20
20.09/20.13	20.1361	831	21
20.69/20.76	20.7621	830	22
21.29/21.38	21.3859	829	23
21.99/22.02	22.0177	828	24
22.59/22.67	22.6716	827	25
23.29/23.31	23.3136	826	26
23.89/23.94	23.9444	825	27
24.49/24.57	24.575	824	28
25.09/25.19	25.1949	822	30
25.79/25.81	25.8104	821	31
26.39/26.42	26.4236	820	32
26.99/27.03	27.0341	819	33
27.59/27.66	27.6636	818	36
28.19/28.27	28.2739	817	37
28.89/28.90	28.8999	816	41
29.49/29.50	29.504	815	42
30.09/30.11	30.1128	814	44
30.69/30.74	30.7396	813	45
31.29/31.35	31.3549	812	46
31.89/31.96	31.9637	811	47
32.49/32.58	32.5802	810	49
33.09/33.18	33.1824	809	50
33.69/33.78	33.7824	807	51
34.39/34.40	34.3965	806	53
34.99/35.00	34.9978	805	54
35.59/35.61	35.6061	804	56
36.19/36.21	36.2112	803	58
36.79/36.82	36.8184	802	60
37.39/37.42	37.4201	801	62
37.99/38.02	38.0175	800	64
38.59/38.62	38.619	799	67
39.19/39.21	39.2155	798	69
39.79/39.80	39.8056	797	71
40.39/40.40	40.3972	796	73
40.99/41.01	41.0073	795	75
41.59/41.60	41.6009	794	77
42.09/42.19	42.1916	793	78
42.69/42.78	42.7787	792	80
43.39/43.41	43.4073	791	88
43.99/44.01	44.0073	790	93
44.59/44.60	44.5965	789	94
45.09/45.18	45.1829	788	96
45.69/45.76	45.765	787	98
46.29/46.36	46.3592	786	100
46.89/46.96	46.9586	785	103
47.59/47.60	47.5968	784	114
48.09/48.17	48.1724	783	115
48.69/48.76	48.7591	782	118
49.29/49.35	49.3534	781	121
49.89/49.94	49.941	780	124
50.49/50.51	50.5147	779	126
51.09/51.10	51.1023	778	129
51.59/51.69	51.6856	777	132
52.19/52.28	52.2792	776	136
52.79/52.86	52.8595	775	140
53.39/53.44	53.4446	774	142
53.99/54.04	54.0373	773	144
54.59/54.62	54.6161	772	147
55.09/55.19	55.1934	771	150
55.69/55.79	55.7941	770	155
56.39/56.41	56.4058	769	162
56.89/56.99	56.9873	768	165
57.49/57.56	57.5606	767	168
58.09/58.13	58.1288	766	170
58.69/58.70	58.6955	765	172
59.19/59.27	59.2684	764	177
59.79/59.83	59.835	763	179
60.29/60.40	60.3996	762	180
60.89/60.97	60.9685	761	184
61.49/61.56	61.5644	760	188
62.09/62.13	62.1335	759	189
62.59/62.68	62.6814	758	190
63.19/63.24	63.2405	757	193
63.79/63.82	63.822	756	199
64.29/64.39	64.3889	755	203
64.89/64.96	64.9566	754	206
65.49/65.52	65.5249	753	210
66.09/66.11	66.1141	752	217
66.69/66.70	66.6984	751	225
67.19/67.26	67.2585	750	229
67.69/67.79	67.7924	749	231
68.29/68.34	68.3393	748	232
68.89/68.90	68.8961	747	236
69.39/69.47	69.4712	746	243
69.99/70.03	70.0309	745	247
70.59/70.65	70.6496	744	261
71.19/71.23	71.2327	743	270
71.79/71.80	71.7996	742	273
72.29/72.33	72.3342	741	275
72.89/72.92	72.9166	740	283
73.39/73.49	73.4913	739	291
73.99/74.06	74.059	738	297
74.59/74.64	74.635	737	302
75.19/75.24	75.2352	736	307
75.79/75.81	75.8069	735	310
76.39/76.40	76.3995	734	314
76.89/76.97	76.9649	733	319
77.49/77.52	77.5177	732	323
77.99/78.10	78.0989	731	331
78.59/78.66	78.6571	730	335
79.19/79.25	79.2461	729	345
79.79/79.83	79.8251	728	356
80.29/80.39	80.3893	727	362
81.09/81.11	81.1067	726	391
81.59/81.67	81.6651	725	397
82.09/82.19	82.1933	724	400
82.69/82.79	82.7893	723	409
83.29/83.33	83.3291	722	414
83.79/83.87	83.867	721	417
84.39/84.40	84.3996	720	421
84.89/84.99	84.9877	719	431
85.49/85.56	85.5622	718	437
86.09/86.15	86.1451	717	443
86.69/86.71	86.7062	716	447
87.19/87.23	87.232	715	448
87.69/87.79	87.7888	714	454
88.29/88.33	88.3327	713	461
88.79/88.89	88.889	712	468
89.39/89.43	89.426	711	475
90.09/90.11	90.1076	710	500
90.69/90.70	90.7014	709	514
91.19/91.24	91.2413	708	518
91.79/91.87	91.8671	707	533
92.39/92.42	92.415	706	540
92.89/92.97	92.9733	705	548
93.69/93.74	93.7407	704	586
94.29/94.32	94.3183	703	595
94.89/94.94	94.936	702	607
95.59/95.62	95.6173	701	626
96.09/96.17	96.1734	700	633
96.89/96.93	96.9292	699	672
97.49/97.57	97.5717	698	695
98.09/98.14	98.1415	697	705
98.69/98.76	98.7625	696	723
99.29/99.36	99.3603	695	739
100.09/100.17	100.168	694	784
100.89/100.98	100.977	693	836
101.49/101.53	101.526	692	846
101.99/102.03	102.026	691	849
102.49/102.57	102.565	690	857
103.29/103.39	103.384	689	902
103.99/104.04	104.036	688	923
104.49/104.59	104.59	687	931
105.09/105.13	105.131	686	941
106.09/106.12	106.114	685	1014
106.79/106.86	106.854	684	1045
107.29/107.38	107.382	683	1051
107.79/107.88	107.876	682	1053
108.38/108.41	108.408	681	1062
108.89/108.92	108.92	680	1069
109.39/109.49	109.486	679	1081
109.99/110.09	110.084	678	1098
110.58/110.69	110.688	677	1118
111.19/111.20	111.198	676	1123
111.68/111.70	111.702	675	1127
112.19/112.23	112.228	674	1136
112.68/112.71	112.711	673	1140
113.19/113.26	113.255	672	1151
113.68/113.78	113.782	671	1158
114.48/114.59	114.589	670	1212
115.08/115.18	115.174	669	1228
115.68/115.74	115.737	668	1242
116.88/116.91	116.906	667	1352
117.48/117.54	117.535	666	1376
118.58/118.62	118.618	665	1471
119.18/119.20	119.202	664	1487
119.68/119.77	119.765	663	1499
120.58/120.62	120.614	662	1559
122.49/122.51	122.511	661	1777
123.29/123.35	123.345	660	1835
124.09/124.12	124.116	659	1879
124.59/124.67	124.665	658	1892
125.49/125.53	125.53	657	1947
127.19/127.27	127.265	656	2143
129.49/129.54	129.534	655	2410
130.29/130.36	130.362	654	2458
131.39/131.40	131.395	653	2546
132.29/132.39	132.389	652	2628
132.89/132.91	132.911	651	2637
134.59/134.69	134.69	650	2836
135.69/135.77	135.768	649	2936
136.40/136.42	136.421	648	2959
139.19/139.24	139.239	647	3311
139.60/139.70	139.694	646	3314
140.80/140.82	140.814	645	3410
142.19/142.23	142.228	644	3547
142.79/142.90	142.899	643	3581
143.69/143.75	143.745	642	3638
144.29/144.35	144.35	641	3657
145.39/145.46	145.454	640	3752
147.49/147.58	147.581	639	3996
148.09/148.14	148.141	638	4015
148.89/148.93	148.924	637	4069
149.39/149.42	149.417	636	4079
150.39/150.40	150.397	635	4159
152.08/152.13	152.13	634	4360
152.58/152.60	152.596	633	4365
155.98/156.08	156.073	632	4824
158.58/158.67	158.67	631	5133
160.08/160.10	160.093	630	5267
161.59/161.60	161.601	629	5424
162.79/162.86	162.856	628	5539
171.49/171.60	171.593	627	6731
172.08/172.19	172.183	626	6754
174.19/174.27	174.267	625	6999
176.09/176.15	176.142	624	7200
177.89/177.90	177.892	623	7386
179.79/179.89	179.882	622	7599
182.39/182.41	182.41	621	7884
183.39/183.46	183.452	620	7967
184.69/184.72	184.72	619	8075
202.19/202.20	202.195	618	10601
205.99/206.03	206.023	617	11059
212.89/212.91	212.903	616	12018
213.69/213.79	213.781	615	12082
242.58/242.64	242.63	614	16315
268.88/268.95	268.941	613	20090
270.98/271.04	271.031	612	20336
272.38/272.47	272.463	611	20473
289.78/289.82	289.809	610	22907
290.48/290.56	290.555	609	22951
304.78/304.83	304.818	608	24983
310.28/310.33	310.321	607	25677
310.68/310.74	310.736	606	25679
337.08/337.12	337.114	605	29501
381.98/382.02	382.005	604	36094
386.38/386.43	386.421	603	36657
389.98/390.04	390.033	602	37125
402.48/402.53	402.52	601	38839
527.47/527.57	527.553	600	56968
551.67/551.73	551.709	599	60362
646.27/646.30	646.28	598	74397
805.36/805.47	805.443	597	97776
807.06/807.14	807.114	596	97947
809.76/809.85	809.829	595	98244
819.37/819.43	819.403	594	99491
825.06/825.17	825.141	593	100200
835.76/835.82	835.795	592	101605
