6.98/7.01	7.01483	866	0
7.59/7.70	7.69854	865	1
8.28/8.39	8.38738	864	2
8.98/9.07	9.07138	863	3
9.68/9.79	9.78658	862	4
10.38/10.46	10.4631	861	5
11.08/11.15	11.1468	860	6
11.78/11.83	11.8298	859	8
12.48/12.50	12.4991	858	9
13.19/13.21	13.2074	857	10
13.88/13.99	13.9867	856	12
14.58/14.63	14.6312	855	13
15.18/15.25	15.2497	854	14
15.78/15.88	15.8822	853	15
16.49/16.58	16.5852	852	16
17.18/17.22	17.2203	851	17
17.78/17.84	17.8379	850	18
18.38/18.48	18.4811	849	19
19.08/19.12	19.1216	848	20
19.69/19.76	19.761	847	21
20.28/20.39	20.3882	846	22
20.98/21.02	21.0241	845	23
21.58/21.66	21.6593	844	24
22.18/22.29	22.286	843	25
22.88/22.91	22.9083	842	26
23.48/23.54	23.5365	841	28
24.09/24.16	24.1573	840	29
24.68/24.79	24.7862	839	30
25.29/25.40	25.3954	838	31
25.98/26.01	26.0123	837	32
26.58/26.63	26.6314	836	33
27.18/27.24	27.2428	835	34
27.78/27.86	27.8576	834	35
28.38/28.47	28.4685	833	36
28.98/29.06	29.0571	832	37
29.59/29.66	29.6604	831	39
30.18/30.26	30.2564	830	40
30.79/30.86	30.8639	829	41
31.38/31.48	31.4789	828	42
32.08/32.10	32.1024	827	44
32.68/32.70	32.6977	826	45
33.28/33.33	33.3283	825	47
33.88/33.95	33.946	824	49
34.48/34.56	34.5569	823	50
35.09/35.17	35.1689	822	52
35.68/35.77	35.7654	821	54
36.29/36.38	36.3794	820	56
36.98/37.00	36.9954	819	58
37.58/37.60	37.6023	818	59
38.18/38.20	38.2028	817	61
38.78/38.82	38.8156	816	64
39.38/39.42	39.418	815	65
39.98/40.04	40.0356	814	67
40.59/40.64	40.6354	813	68
41.18/41.25	41.2455	812	70
41.79/41.85	41.8443	811	71
42.38/42.44	42.4404	810	73
42.98/43.04	43.0408	809	75
43.58/43.63	43.6257	808	77
44.18/44.23	44.2332	807	80
44.78/44.83	44.8248	806	81
45.38/45.42	45.4197	805	88
45.98/46.02	46.0169	804	90
46.68/46.78	46.7824	803	92
47.48/47.56	47.5614	802	94
48.18/48.24	48.2378	801	96
48.78/48.84	48.8354	800	99
49.39/49.44	49.4353	799	102
49.98/50.02	50.0227	798	104
50.59/50.62	50.6142	797	106
51.08/51.18	51.1836	796	108
51.69/51.76	51.7618	795	110
52.28/52.35	52.3473	794	112
52.88/52.94	52.9359	793	114
53.58/53.61	53.6095	792	128
54.18/54.20	54.195	791	133
54.78/54.81	54.8041	790	139
55.28/55.37	55.3719	789	141
55.88/56.00	55.9968	788	146
56.68/56.78	56.781	787	149
57.38/57.45	57.4442	786	150
58.08/58.12	58.1159	785	152
58.68/58.70	58.696	784	154
59.18/59.27	59.2686	783	156
59.78/59.84	59.8418	782	160
60.39/60.41	60.4132	781	162
60.98/61.00	60.9952	780	165
61.49/61.58	61.5765	779	169
62.08/62.17	62.1669	778	174
62.69/62.72	62.7164	777	177
63.19/63.29	63.292	776	180
63.79/63.86	63.8569	775	182
64.39/64.43	64.4251	774	185
64.99/65.00	64.9984	773	188
65.49/65.58	65.5745	772	191
66.09/66.15	66.1461	771	194
66.69/66.74	66.7394	770	199
67.29/67.30	67.3018	769	202
67.79/67.87	67.8716	768	206
68.39/68.44	68.441	767	211
68.99/69.01	69.0037	766	214
69.49/69.57	69.5726	765	217
70.09/70.18	70.178	764	225
70.69/70.74	70.7382	763	228
71.29/71.38	71.3814	762	229
71.89/71.97	71.9632	761	234
72.49/72.54	72.5378	760	240
73.09/73.11	73.1097	759	246
73.69/73.76	73.7577	758	249
74.29/74.32	74.3182	757	254
74.89/74.90	74.9006	756	262
75.39/75.45	75.4459	755	264
75.89/75.99	75.9873	754	266
76.49/76.55	76.5506	753	270
77.09/77.13	77.1305	752	277
77.69/77.71	77.7079	751	284
78.19/78.27	78.2629	750	288
78.69/78.79	78.7913	749	291
79.29/79.33	79.3283	748	296
79.79/79.87	79.8646	747	299
80.39/80.44	80.4345	746	305
80.89/80.99	80.987	745	310
81.49/81.53	81.5252	744	313
81.99/82.09	82.0833	743	318
82.59/82.63	82.6235	742	322
83.19/83.20	83.1924	741	327
83.89/83.98	83.9783	740	340
84.59/84.63	84.6228	739	346
85.29/85.31	85.3108	738	353
85.89/85.91	85.9042	737	360
86.39/86.48	86.4752	736	368
87.19/87.27	87.2711	735	383
87.79/87.81	87.8018	734	387
88.29/88.35	88.3491	733	392
88.88/88.90	88.8945	732	397
89.38/89.46	89.4518	731	405
89.88/89.99	89.9857	730	410
90.48/90.52	90.5118	729	414
91.08/91.11	91.1078	728	426
91.68/91.73	91.73	727	442
92.19/92.25	92.2505	726	448
92.69/92.79	92.7877	725	454
93.29/93.34	93.3329	724	460
93.89/93.93	93.9293	723	472
94.39/94.48	94.4811	722	479
94.99/95.02	95.0204	721	484
95.49/95.60	95.5975	720	497
96.09/96.16	96.152	719	504
96.70/96.79	96.7842	718	520
97.29/97.34	97.3331	717	528
97.80/97.86	97.859	716	531
98.49/98.56	98.5549	715	562
99.09/99.12	99.1117	714	574
99.69/99.73	99.728	713	593
100.19/100.28	100.275	712	602
100.89/100.93	100.926	711	608
101.39/101.47	101.47	710	614
101.99/102.04	102.039	709	625
102.69/102.73	102.722	708	653
103.49/103.54	103.537	707	678
104.09/104.10	104.096	706	691
104.59/104.63	104.628	705	697
105.50/105.59	105.587	704	767
106.18/106.25	106.243	703	791
106.78/106.83	106.825	702	806
107.48/107.56	107.559	701	836
107.98/108.08	108.079	700	841
108.58/108.66	108.656	699	854
109.08/109.17	109.164	698	858
109.68/109.78	109.773	697	874
110.38/110.50	110.49	696	906
110.99/111.07	111.065	695	920
111.58/111.67	111.662	694	937
112.09/112.20	112.197	693	944
112.68/112.72	112.719	692	951
113.19/113.24	113.235	691	958
113.88/113.95	113.946	690	983
114.98/115.00	114.994	689	1028
115.49/115.55	115.547	688	1032
116.28/116.37	116.368	687	1064
116.88/116.98	116.977	686	1082
118.18/118.28	118.278	685	1205
118.69/118.77	118.766	684	1209
119.28/119.34	119.337	683	1216
119.98/120.06	120.051	682	1233
120.48/120.57	120.561	681	1239
121.08/121.19	121.187	680	1241
121.68/121.70	121.691	679	1246
122.09/122.17	122.164	678	1249
122.58/122.66	122.65	677	1253
123.28/123.34	123.339	676	1283
123.88/123.91	123.902	675	1298
124.38/124.40	124.396	674	1302
125.08/125.13	125.128	673	1339
125.58/125.60	125.598	672	1341
126.08/126.17	126.163	671	1355
126.58/126.65	126.642	670	1358
127.08/127.13	127.123	669	1361
127.59/127.61	127.601	668	1365
128.69/128.76	128.759	667	1472
129.38/129.47	129.467	666	1510
130.18/130.22	130.219	665	1553
130.79/130.81	130.803	664	1575
131.98/132.08	132.076	663	1698
132.48/132.59	132.586	662	1705
133.18/133.26	133.256	661	1733
133.78/133.81	133.809	660	1749
134.38/134.47	134.46	659	1778
135.08/135.10	135.095	658	1808
136.28/136.38	136.37	657	1924
137.28/137.35	137.34	656	2002
138.18/138.23	138.221	655	2070
138.88/138.99	138.984	654	2114
141.68/141.72	141.716	653	2448
142.78/142.88	142.877	652	2547
143.78/143.84	143.833	651	2617
145.09/145.13	145.123	650	2741
147.08/147.18	147.174	649	2964
147.78/147.84	147.835	648	2993
149.38/149.45	149.443	647	3156
150.18/150.24	150.23	646	3208
151.58/151.63	151.618	645	3344
152.18/152.26	152.25	644	3369
153.38/153.44	153.431	643	3469
153.89/153.94	153.933	642	3479
156.38/156.40	156.392	641	3774
159.39/159.44	159.428	640	4145
161.18/161.27	161.261	639	4348
161.88/161.91	161.907	638	4381
163.28/163.38	163.369	637	4527
163.89/163.95	163.942	636	4546
164.48/164.58	164.568	635	4577
167.28/167.30	167.293	634	4905
169.08/169.11	169.106	633	5100
175.08/175.12	175.117	632	5868
175.99/176.06	176.055	631	5940
177.58/177.66	177.653	630	6100
178.68/178.72	178.71	629	6192
179.88/179.95	179.94	628	6303
180.39/180.42	180.412	627	6310
181.39/181.44	181.427	626	6391
182.68/182.76	182.747	625	6518
184.58/184.61	184.605	624	6722
189.09/189.11	189.105	623	7295
190.19/190.25	190.24	622	7396
191.39/191.44	191.429	621	7507
194.59/194.65	194.645	620	7902
198.48/198.54	198.528	619	8390
198.88/198.99	198.979	618	8397
217.27/217.31	217.299	617	11069
217.78/217.81	217.798	616	11078
226.77/226.82	226.809	615	12353
263.07/263.13	263.122	614	17496
266.58/266.67	266.662	613	17938
285.98/286.02	286.011	612	20649
370.68/370.76	370.745	611	32584
371.87/371.91	371.893	610	32662
383.88/383.95	383.935	609	34324
384.78/384.88	384.865	608	34387
385.68/385.74	385.725	607	34452
390.98/391.05	391.029	606	35146
397.98/398.00	397.986	605	36108
403.17/403.27	403.253	604	36770
411.57/411.64	411.619	603	37811
456.57/456.65	456.635	602	44069
456.97/457.08	457.058	601	44073
533.48/533.55	533.522	600	54792
539.57/539.61	539.59	599	55597
543.87/543.98	543.955	598	56160
569.26/569.30	569.277	597	59676
596.07/596.15	596.12	596	63381
621.26/621.37	621.343	595	66916
888.05/888.19	888.155	594	105365
890.75/890.82	890.775	593	105647
896.15/896.27	896.227	592	106319
