6.29/6.37	6.36719	846	0
6.89/6.99	6.99111	844	1
7.49/7.60	7.60105	843	2
8.19/8.21	8.20919	842	3
8.80/8.81	8.81567	841	4
9.39/9.42	9.41887	840	5
9.99/10.05	10.0492	839	6
10.59/10.66	10.6571	838	7
11.19/11.26	11.2598	837	8
11.79/11.86	11.8612	836	9
12.39/12.46	12.4605	835	10
12.99/13.06	13.0592	834	11
13.59/13.67	13.6677	833	13
14.20/14.27	14.2765	832	15
14.79/14.88	14.8777	831	16
15.40/15.47	15.4734	830	17
15.99/16.07	16.0687	829	18
16.59/16.66	16.6631	828	19
17.19/17.25	17.2524	827	20
17.79/17.87	17.8692	826	21
18.39/18.48	18.4856	825	22
18.99/19.07	19.0748	824	24
19.59/19.66	19.6609	823	25
20.19/20.25	20.2495	822	26
20.80/20.83	20.8297	821	27
21.39/21.41	21.4162	820	28
22.00/22.03	22.029	819	31
22.59/22.61	22.6065	818	32
23.10/23.18	23.1838	817	33
23.69/23.77	23.771	816	35
24.29/24.36	24.3624	815	37
24.89/24.95	24.9471	814	40
25.49/25.52	25.5189	813	41
26.09/26.10	26.1009	812	43
26.59/26.68	26.6785	811	45
27.19/27.25	27.2543	810	47
27.79/27.87	27.873	808	51
28.39/28.45	28.4517	807	53
28.99/29.02	29.0182	806	55
29.49/29.60	29.5965	805	58
30.09/30.16	30.1623	804	59
30.70/30.75	30.7463	803	60
31.29/31.34	31.3431	802	62
31.90/31.94	31.9395	801	64
32.49/32.51	32.5122	800	65
33.00/33.07	33.07	799	66
33.59/33.63	33.6351	798	68
34.19/34.21	34.2102	797	69
34.79/34.80	34.7997	796	71
35.29/35.39	35.3933	795	73
35.89/35.98	35.9809	794	75
36.49/36.57	36.5694	793	77
37.09/37.15	37.1535	792	79
37.69/37.74	37.7385	791	81
38.29/38.34	38.339	790	86
38.89/38.92	38.9187	789	87
39.39/39.50	39.503	788	89
40.09/40.11	40.1134	787	95
40.60/40.69	40.6923	786	97
41.19/41.27	41.2748	785	99
41.80/41.87	41.866	784	102
42.39/42.46	42.4634	783	106
42.99/43.05	43.0473	782	109
43.59/43.63	43.6325	781	112
44.09/44.19	44.186	780	114
44.69/44.73	44.7346	779	117
45.19/45.27	45.2751	778	119
45.79/45.84	45.8436	777	123
46.39/46.42	46.4187	776	126
46.89/46.98	46.9789	775	129
47.49/47.52	47.519	774	131
47.99/48.06	48.0645	773	134
48.59/48.60	48.6027	772	136
49.09/49.14	49.1454	771	139
49.69/49.70	49.7004	770	143
50.19/50.24	50.2456	769	147
50.69/50.78	50.7797	768	149
51.29/51.32	51.3193	767	152
51.79/51.87	51.8666	766	156
52.39/52.42	52.4199	765	162
52.89/52.96	52.9594	764	165
53.49/53.54	53.54	763	170
54.09/54.11	54.1062	762	173
54.59/54.67	54.6727	761	177
55.19/55.23	55.2259	760	179
55.69/55.76	55.7623	759	182
56.19/56.28	56.2763	758	183
56.79/56.81	56.8083	757	187
57.29/57.32	57.3202	756	188
57.79/57.86	57.8583	755	192
58.39/58.40	58.4012	754	197
58.89/58.94	58.9357	753	201
59.40/59.47	59.4726	752	206
59.99/60.06	60.0592	751	213
60.59/60.61	60.6109	750	215
61.19/61.21	61.2065	749	224
61.69/61.77	61.7738	748	230
62.29/62.38	62.3838	747	243
62.89/62.96	62.9646	746	249
63.49/63.50	63.5005	745	251
63.99/64.06	64.0637	744	256
64.59/64.62	64.6158	743	260
65.09/65.17	65.1684	742	263
65.69/65.73	65.7317	741	269
66.19/66.27	66.2677	740	274
66.79/66.80	66.8037	739	279
67.29/67.36	67.3628	738	285
67.79/67.88	67.8847	737	288
68.39/68.41	68.4089	736	293
68.89/68.92	68.9165	735	296
69.39/69.43	69.4334	734	300
69.89/69.96	69.9634	733	303
70.49/70.52	70.5176	732	308
70.99/71.06	71.0605	731	312
71.50/71.57	71.5742	730	315
72.09/72.11	72.1096	729	322
72.60/72.65	72.6537	728	330
73.09/73.18	73.1832	727	336
73.70/73.72	73.7222	726	342
74.19/74.24	74.2409	725	345
74.70/74.77	74.7687	724	352
75.19/75.29	75.2871	723	357
75.80/75.81	75.807	722	363
76.29/76.34	76.3353	721	371
76.79/76.89	76.8893	720	381
77.39/77.43	77.4297	719	391
77.89/77.96	77.9626	718	397
78.49/78.56	78.5601	717	413
79.10/79.11	79.1078	716	420
79.69/79.77	79.7707	715	445
80.30/80.32	80.3155	714	452
80.79/80.86	80.8593	713	459
81.40/81.42	81.4167	712	469
81.89/81.99	81.9852	711	479
82.49/82.51	82.5055	710	483
82.98/83.05	83.0494	709	495
83.49/83.57	83.5728	708	503
84.08/84.11	84.1098	707	512
84.59/84.67	84.6645	706	524
85.08/85.16	85.1609	705	528
85.69/85.73	85.7261	704	542
86.18/86.26	86.2583	703	547
86.68/86.79	86.7936	702	558
87.28/87.33	87.3246	701	567
87.89/87.92	87.9188	700	586
88.38/88.47	88.4723	699	598
88.88/88.94	88.9423	698	601
89.38/89.42	89.4227	697	604
89.88/89.90	89.9003	696	607
90.28/90.37	90.3732	695	609
91.19/91.26	91.2627	694	677
91.69/91.78	91.7801	693	687
92.49/92.51	92.5084	692	728
93.19/93.23	93.2294	691	769
93.79/93.87	93.8707	690	796
94.60/94.66	94.6586	689	844
95.09/95.15	95.1455	688	846
95.79/95.83	95.8284	687	874
96.29/96.33	96.3324	686	879
96.80/96.88	96.8824	685	893
97.39/97.47	97.4693	684	913
97.99/98.06	98.0549	683	931
98.49/98.59	98.5873	682	939
99.19/99.25	99.2484	681	963
100.10/100.17	100.17	680	1042
100.69/100.70	100.695	679	1054
101.59/101.68	101.676	678	1145
102.30/102.32	102.317	677	1176
102.69/102.77	102.771	676	1179
103.30/103.31	103.305	675	1193
103.79/103.88	103.878	674	1214
104.50/104.54	104.541	673	1248
104.99/105.05	105.046	672	1257
105.60/105.62	105.62	671	1278
106.09/106.13	106.129	670	1288
106.70/106.75	106.753	669	1316
107.29/107.33	107.327	668	1338
107.80/107.86	107.86	667	1351
108.49/108.56	108.562	666	1387
108.99/109.05	109.045	665	1392
110.39/110.41	110.411	664	1523
111.00/111.04	111.04	663	1549
111.59/111.60	111.599	662	1565
112.69/112.75	112.753	661	1668
113.59/113.60	113.594	660	1726
114.09/114.14	114.135	659	1738
114.69/114.77	114.764	658	1762
115.29/115.35	115.345	657	1779
115.79/115.87	115.864	656	1787
116.69/116.73	116.727	655	1846
118.49/118.52	118.515	654	2032
119.29/119.30	119.297	653	2081
119.79/119.83	119.829	652	2092
120.78/120.86	120.855	651	2175
122.19/122.22	122.223	650	2299
122.98/123.02	123.02	649	2345
123.38/123.48	123.479	648	2349
124.29/124.33	124.329	647	2408
125.29/125.34	125.343	646	2492
127.28/127.31	127.313	645	2713
127.78/127.87	127.873	644	2728
129.38/129.40	129.401	643	2881
130.79/130.85	130.85	642	3027
133.09/133.12	133.114	641	3294
133.88/133.97	133.971	640	3354
135.89/135.94	135.941	639	3576
136.49/136.55	136.545	638	3604
138.29/138.36	138.357	637	3817
139.69/139.75	139.746	636	3950
140.88/140.90	140.902	635	4057
145.19/145.26	145.258	634	4631
147.08/147.12	147.115	633	4828
148.28/148.33	148.325	632	4933
149.38/149.42	149.422	631	5023
153.89/153.95	153.947	630	5645
154.68/154.75	154.748	629	5697
155.38/155.40	155.4	628	5727
159.49/159.55	159.545	627	6232
160.49/160.56	160.555	626	6312
165.88/165.99	165.987	625	7064
167.58/167.64	167.634	624	7243
169.78/169.83	169.825	623	7504
173.69/173.73	173.73	622	8024
178.28/178.33	178.328	621	8604
178.88/178.95	178.942	620	8634
182.38/182.47	182.463	619	9072
224.49/224.54	224.539	618	15546
225.69/225.73	225.722	617	15665
226.09/226.15	226.145	616	15669
227.89/227.93	227.92	615	15867
246.29/246.38	246.376	614	18601
247.49/247.56	247.555	613	18717
251.58/251.61	251.607	612	19247
256.29/256.33	256.32	611	19823
266.19/266.24	266.23	610	21199
269.68/269.71	269.701	609	21661
289.58/289.65	289.646	608	24610
294.48/294.58	294.573	607	25272
540.78/540.87	540.857	606	63396
547.58/547.67	547.651	605	64292
562.88/562.95	562.939	604	66390
564.08/564.17	564.154	603	66495
566.58/566.62	566.607	602	66760
662.18/662.21	662.195	601	81059
695.36/695.41	695.391	600	86005
703.97/704.03	704.011	599	87235
713.37/713.47	713.453	598	88538
717.08/717.20	717.18	597	89008
734.87/734.92	734.902	596	91513
798.26/798.36	798.342	595	100823
841.66/841.78	841.761	594	106754
