6.49/6.56	6.55878	847	0
7.09/7.19	7.18721	846	1
7.80/7.82	7.82179	845	4
8.39/8.44	8.44504	844	5
8.99/9.05	9.05556	843	6
9.59/9.66	9.66671	842	7
10.19/10.28	10.2825	841	8
10.89/10.92	10.9173	840	9
11.49/11.53	11.5327	839	10
12.10/12.14	12.1421	838	11
12.69/12.75	12.7539	837	12
13.30/13.37	13.3681	836	14
13.89/13.97	13.9738	835	15
14.49/14.59	14.5958	834	16
15.19/15.21	15.2139	833	18
15.79/15.81	15.8112	832	19
16.39/16.43	16.427	831	20
16.99/17.03	17.0349	830	21
17.60/17.64	17.6452	829	22
18.19/18.24	18.2414	828	23
18.80/18.84	18.8371	827	24
19.39/19.43	19.4284	826	25
19.99/20.02	20.0226	825	26
20.59/20.61	20.6137	824	27
21.19/21.21	21.2162	823	28
21.79/21.83	21.8321	822	29
22.39/22.43	22.4325	821	30
22.99/23.01	23.0162	820	31
23.59/23.61	23.6121	819	33
24.20/24.22	24.2208	818	35
24.79/24.83	24.8301	817	36
25.40/25.42	25.4199	816	37
25.99/26.00	25.9982	815	38
26.50/26.58	26.5776	814	39
27.09/27.15	27.1549	813	40
27.69/27.75	27.7531	812	46
28.29/28.34	28.3387	811	50
28.89/28.92	28.918	810	52
29.49/29.50	29.4994	809	54
29.99/30.07	30.0759	808	56
30.59/30.65	30.6546	807	58
31.19/31.22	31.2205	806	59
31.79/31.81	31.8062	805	61
32.29/32.38	32.3815	804	63
32.89/32.98	32.9801	803	67
33.49/33.56	33.5628	802	69
34.10/34.16	34.1593	801	71
34.69/34.75	34.7503	800	73
35.30/35.32	35.3225	799	74
35.89/35.90	35.9059	798	77
36.40/36.49	36.4873	797	81
36.99/37.05	37.0521	796	83
37.59/37.62	37.6177	795	85
38.09/38.17	38.1752	794	87
38.69/38.75	38.7499	793	88
39.29/39.30	39.3051	792	90
39.79/39.89	39.8905	791	94
40.39/40.48	40.4791	790	99
40.99/41.04	41.0398	789	101
41.59/41.61	41.6113	788	104
42.09/42.16	42.1643	787	106
42.69/42.72	42.7237	786	108
43.19/43.27	43.2735	785	110
43.79/43.84	43.8384	784	113
44.39/44.40	44.4053	783	116
44.89/44.97	44.9705	782	120
45.49/45.53	45.5295	781	122
45.99/46.08	46.0782	780	124
46.59/46.63	46.6273	779	127
47.09/47.19	47.1862	778	130
47.69/47.77	47.772	777	138
48.29/48.31	48.3106	776	140
48.79/48.88	48.8843	775	146
49.39/49.43	49.4354	774	149
49.89/49.99	49.9909	773	152
50.49/50.55	50.5466	772	156
51.09/51.11	51.1133	771	160
51.59/51.66	51.6606	770	163
52.19/52.22	52.2161	769	167
52.69/52.78	52.7803	768	169
53.29/53.33	53.332	767	172
53.79/53.87	53.8687	766	174
54.39/54.41	54.4084	765	176
54.89/54.98	54.9785	764	184
55.49/55.52	55.5241	763	188
55.99/56.07	56.0682	762	190
56.59/56.63	56.6274	761	195
57.09/57.17	57.1657	760	197
57.69/57.71	57.7116	759	200
58.19/58.24	58.2431	758	201
58.69/58.79	58.7897	757	204
59.29/59.32	59.3252	756	208
59.79/59.88	59.8791	755	213
60.39/60.41	60.4097	754	214
60.89/60.94	60.9448	753	219
61.39/61.47	61.4675	752	221
61.99/62.00	62.0025	751	226
62.49/62.57	62.5683	750	235
62.99/63.10	63.0952	749	238
63.59/63.60	63.602	748	239
64.09/64.13	64.135	747	243
64.59/64.65	64.6495	746	245
65.19/65.21	65.2095	745	250
65.69/65.75	65.7547	744	253
66.29/66.31	66.3065	743	257
66.79/66.84	66.8383	742	262
67.29/67.37	67.3739	741	266
67.79/67.87	67.8742	740	267
68.30/68.38	68.3808	739	268
68.89/68.90	68.9024	738	271
69.40/69.46	69.4589	737	279
69.89/69.99	69.9945	736	286
70.50/70.51	70.5133	735	289
70.99/71.03	71.0324	734	293
71.50/71.54	71.5373	733	295
72.09/72.14	72.1351	732	308
72.60/72.67	72.6739	731	315
73.19/73.23	73.2289	730	323
73.70/73.77	73.77	729	330
74.29/74.31	74.3147	728	337
74.80/74.81	74.8101	727	339
75.29/75.33	75.3322	726	344
75.79/75.86	75.8556	725	347
76.39/76.41	76.4091	724	353
76.89/76.98	76.9823	723	363
77.49/77.51	77.5061	722	367
77.99/78.04	78.0377	721	372
78.49/78.55	78.5453	720	375
79.09/79.20	79.2001	719	399
79.69/79.75	79.7519	718	407
80.19/80.30	80.302	717	416
80.79/80.86	80.8583	716	422
81.40/81.42	81.4149	715	434
81.89/81.92	81.9241	714	440
82.60/82.63	82.626	713	473
83.09/83.15	83.1482	712	480
83.60/83.69	83.692	711	490
84.09/84.19	84.1911	710	493
84.70/84.73	84.7256	709	498
85.19/85.28	85.2771	708	507
85.80/85.83	85.8308	707	518
86.29/86.39	86.3907	706	527
86.90/86.92	86.9168	705	534
87.39/87.42	87.4175	704	539
87.89/87.95	87.9449	703	550
88.39/88.45	88.4509	702	556
88.89/88.98	88.9836	701	566
89.49/89.53	89.5321	700	576
89.99/90.06	90.0584	699	582
90.49/90.59	90.5909	698	589
91.09/91.11	91.1125	697	597
91.59/91.64	91.6401	696	605
92.09/92.17	92.1683	695	611
92.69/92.78	92.7787	694	629
93.29/93.37	93.3647	693	643
93.99/94.02	94.0169	692	667
94.49/94.54	94.543	691	673
94.99/95.03	95.0263	690	675
95.59/95.61	95.6105	689	691
96.09/96.15	96.1515	688	700
96.69/96.73	96.7321	687	713
97.39/97.47	97.4657	686	749
98.00/98.05	98.0529	685	765
98.59/98.62	98.6153	684	776
99.00/99.11	99.1069	683	779
99.59/99.60	99.5955	682	782
100.10/100.20	100.196	681	800
100.79/100.80	100.797	680	816
101.30/101.33	101.326	679	825
101.79/101.89	101.886	678	836
102.89/102.91	102.907	677	912
103.50/103.52	103.522	676	934
104.19/104.20	104.196	675	966
104.60/104.68	104.674	674	969
105.19/105.29	105.289	673	989
106.09/106.12	106.124	672	1047
106.59/106.69	106.689	671	1063
107.09/107.17	107.165	670	1066
108.49/108.56	108.56	669	1211
109.39/109.46	109.458	668	1278
110.29/110.36	110.357	667	1352
111.59/111.67	111.669	666	1495
112.19/112.29	112.285	665	1520
112.79/112.80	112.802	664	1528
113.49/113.52	113.521	663	1567
114.09/114.10	114.103	662	1587
114.69/114.79	114.789	661	1619
115.29/115.39	115.384	660	1639
115.89/115.94	115.936	659	1654
116.70/116.72	116.715	658	1701
117.80/117.84	117.842	657	1803
118.48/118.59	118.589	656	1840
120.00/120.03	120.028	655	1987
120.48/120.54	120.534	654	1996
120.99/121.01	121.004	653	2000
121.68/121.77	121.773	652	2043
123.19/123.26	123.254	651	2197
124.18/124.26	124.261	650	2277
124.78/124.82	124.814	649	2292
126.98/127.07	127.065	648	2565
128.58/128.65	128.649	647	2728
129.38/129.40	129.4	646	2775
130.09/130.19	130.185	645	2824
131.00/131.08	131.073	644	2886
132.29/132.32	132.316	643	3003
132.98/133.00	133.003	642	3037
133.98/134.01	134.008	641	3114
134.38/134.48	134.477	640	3120
135.68/135.70	135.701	639	3239
141.89/141.99	141.983	638	4062
142.38/142.44	142.441	637	4065
142.99/143.02	143.022	636	4083
143.58/143.67	143.669	635	4114
147.18/147.20	147.193	634	4584
152.68/152.72	152.713	633	5302
153.08/153.16	153.16	632	5308
154.10/154.12	154.121	631	5380
154.68/154.78	154.782	630	5411
155.39/155.43	155.432	629	5442
156.08/156.17	156.172	628	5489
157.40/157.43	157.43	627	5607
160.38/160.40	160.398	626	5987
164.38/164.44	164.432	625	6501
169.19/169.24	169.236	624	7126
170.69/170.79	170.783	623	7301
173.29/173.34	173.334	622	7594
177.59/177.68	177.676	621	8159
178.09/178.15	178.146	620	8169
179.09/179.16	179.16	619	8251
179.79/179.87	179.862	618	8291
193.59/193.67	193.667	617	10340
199.58/199.62	199.619	616	11175
212.40/212.46	212.456	615	13026
233.38/233.49	233.48	614	16066
234.68/234.74	234.735	613	16192
235.39/235.42	235.418	612	16231
236.88/236.99	236.982	611	16390
239.18/239.24	239.23	610	16665
243.48/243.52	243.518	609	17244
271.88/271.94	271.931	608	21602
333.59/333.68	333.673	607	30907
346.38/346.46	346.454	606	32765
348.18/348.20	348.194	605	32955
352.58/352.66	352.65	604	33531
378.18/378.29	378.28	603	37191
499.07/499.19	499.175	602	55681
500.58/500.67	500.661	601	55835
512.07/512.18	512.169	600	57461
584.87/584.96	584.948	599	68422
587.17/587.27	587.256	598	68702
587.97/588.06	588.042	597	68754
593.98/594.07	594.057	596	69569
598.07/598.19	598.172	595	70096
811.37/811.44	811.42	594	101998
832.36/832.41	832.389	593	104978
972.36/972.51	972.478	592	126377
976.66/976.75	976.725	591	126918
