7.18/7.21	7.2092	853	0
7.78/7.88	7.88529	852	1
8.58/8.64	8.64207	851	2
9.39/9.43	9.42909	850	3
10.09/10.10	10.1023	849	4
10.79/10.90	10.8993	848	5
11.49/11.54	11.539	847	6
12.11/12.17	12.1673	846	7
12.69/12.79	12.7937	845	8
13.39/13.42	13.4186	844	9
13.99/14.04	14.041	843	10
14.59/14.67	14.6693	842	12
15.19/15.29	15.2907	841	13
15.89/15.92	15.925	840	14
16.51/16.56	16.5572	839	15
17.09/17.18	17.1794	838	16
17.79/17.81	17.8077	837	17
18.49/18.60	18.6008	836	18
19.39/19.40	19.4008	835	19
20.09/20.12	20.1235	834	20
20.69/20.74	20.737	833	21
21.29/21.36	21.3626	832	22
21.91/21.98	21.9782	831	23
22.49/22.59	22.5943	830	24
23.19/23.21	23.2093	829	25
23.79/23.82	23.8239	828	26
24.39/24.43	24.435	827	27
24.99/25.04	25.0437	826	28
25.59/25.65	25.6467	825	29
26.19/26.25	26.2512	824	30
26.79/26.87	26.8662	823	31
27.41/27.50	27.5021	822	32
28.09/28.14	28.14	821	34
28.79/28.84	28.8427	820	35
29.39/29.45	29.448	819	36
29.99/30.05	30.0482	818	38
30.59/30.65	30.6471	817	39
31.19/31.25	31.2486	816	40
31.81/31.87	31.8735	815	42
32.39/32.47	32.4724	814	44
33.01/33.08	33.0847	813	45
33.69/33.79	33.7877	812	47
34.49/34.59	34.5936	811	49
35.39/35.41	35.411	810	54
35.99/36.09	36.0895	809	55
36.89/36.94	36.936	808	60
37.69/37.78	37.7828	807	61
38.51/38.59	38.589	806	63
39.29/39.36	39.3557	805	64
40.09/40.12	40.1166	804	65
40.79/40.89	40.8948	803	67
41.59/41.60	41.5972	802	69
42.29/42.36	42.3566	801	71
43.09/43.14	43.1422	800	73
43.91/43.95	43.9499	799	75
44.59/44.67	44.6681	798	77
45.19/45.26	45.2613	797	80
45.79/45.84	45.8401	796	82
46.39/46.43	46.4263	795	83
46.99/47.01	47.0057	794	86
47.59/47.60	47.5966	793	90
48.09/48.18	48.1844	792	92
48.69/48.77	48.7656	791	95
49.29/49.35	49.3492	790	98
49.89/49.93	49.9258	789	100
50.51/50.54	50.5396	788	103
51.09/51.13	51.1317	787	106
51.61/51.71	51.7052	786	109
52.19/52.28	52.2781	785	111
52.81/52.85	52.8511	784	113
53.39/53.43	53.4317	783	118
53.99/54.01	54.0078	782	121
54.49/54.57	54.5717	781	123
55.09/55.14	55.1385	780	126
55.69/55.74	55.7404	779	131
56.29/56.31	56.3082	778	132
56.79/56.88	56.8813	777	135
57.39/57.46	57.4544	776	138
57.99/58.06	58.0565	775	146
58.59/58.63	58.6329	774	150
59.09/59.19	59.1936	773	152
59.69/59.80	59.7942	772	158
60.29/60.36	60.3598	771	161
60.89/60.93	60.9328	770	166
61.39/61.49	61.4904	769	167
61.99/62.06	62.0544	768	171
62.61/62.62	62.6189	767	176
63.09/63.17	63.1718	766	178
63.71/63.73	63.728	765	181
64.29/64.31	64.3057	764	188
64.81/64.86	64.8615	763	191
65.39/65.42	65.4179	762	192
66.19/66.21	66.2109	761	200
66.79/66.86	66.8637	760	204
67.59/67.61	67.6087	759	205
68.29/68.37	68.3666	758	209
69.09/69.15	69.146	757	212
69.79/69.88	69.8771	756	214
70.49/70.59	70.5932	755	226
71.09/71.13	71.1297	754	229
71.59/71.68	71.6764	753	233
72.19/72.20	72.1993	752	234
72.69/72.72	72.7198	751	235
73.19/73.25	73.2498	750	237
73.79/73.83	73.8305	749	243
74.29/74.38	74.3831	748	247
74.89/74.95	74.9508	747	253
75.49/75.53	75.5277	746	262
75.99/76.07	76.0724	745	267
76.59/76.64	76.6426	744	274
77.19/77.21	77.211	743	281
77.69/77.76	77.7586	742	287
78.29/78.30	78.2993	741	292
78.79/78.86	78.8596	740	300
79.39/79.43	79.4293	739	308
79.99/80.00	79.9968	738	312
80.49/80.53	80.5329	737	313
81.09/81.19	81.192	736	329
81.69/81.75	81.7476	735	332
82.41/82.49	82.4893	734	341
83.09/83.10	83.1027	733	343
83.61/83.62	83.6189	732	348
84.09/84.16	84.1554	731	353
84.61/84.69	84.6848	730	360
85.19/85.25	85.2457	729	371
85.71/85.80	85.7993	728	379
86.29/86.33	86.3238	727	384
86.81/86.86	86.856	726	391
87.29/87.38	87.3815	725	399
87.79/87.91	87.9062	724	405
88.39/88.47	88.4707	723	418
89.01/89.06	89.0556	722	434
89.49/89.59	89.5854	721	441
89.99/90.10	90.0997	720	446
90.59/90.66	90.6548	719	455
91.21/91.29	91.2888	718	476
91.79/91.82	91.8165	717	481
92.31/92.34	92.341	716	488
92.89/92.90	92.8961	715	499
93.51/93.54	93.5365	714	510
93.99/94.04	94.0418	713	515
94.51/94.57	94.5701	712	526
94.99/95.07	95.0651	711	531
95.49/95.58	95.5734	710	537
96.49/96.56	96.5627	709	626
96.99/97.07	97.0726	708	634
97.49/97.56	97.5596	707	639
97.99/98.07	98.064	706	645
98.49/98.57	98.5687	705	650
99.09/99.10	99.1014	704	659
99.59/99.62	99.6158	703	667
100.11/100.14	100.141	702	676
100.59/100.67	100.667	701	684
101.21/101.22	101.217	700	698
101.69/101.75	101.752	699	708
102.21/102.22	102.215	698	710
102.69/102.74	102.735	697	718
103.31/103.38	103.381	696	743
103.99/104.01	104.004	695	771
104.41/104.49	104.489	694	776
105.09/105.14	105.14	693	810
105.69/105.71	105.704	692	828
106.49/106.52	106.514	691	887
107.39/107.40	107.401	690	955
107.89/107.90	107.897	689	961
108.91/108.96	108.956	688	1013
109.49/109.56	109.56	687	1017
110.29/110.36	110.359	686	1080
111.11/111.13	111.123	685	1131
111.69/111.70	111.698	684	1148
112.79/112.80	112.795	683	1258
113.21/113.26	113.256	682	1261
113.89/113.95	113.948	681	1303
114.41/114.49	114.49	680	1316
114.99/115.05	115.044	679	1333
115.50/115.59	115.586	678	1344
116.09/116.11	116.109	677	1351
116.51/116.60	116.597	676	1358
117.09/117.10	117.099	675	1366
117.60/117.65	117.648	674	1381
118.19/118.20	118.2	673	1398
118.89/118.97	118.967	672	1444
120.19/120.22	120.22	671	1575
120.79/120.88	120.882	670	1608
121.39/121.40	121.401	669	1618
123.49/123.56	123.559	668	1902
124.59/124.68	124.676	667	2005
125.59/125.61	125.61	666	2084
126.59/126.67	126.664	665	2178
127.51/127.53	127.524	664	2246
128.09/128.15	128.151	663	2273
129.09/129.16	129.154	662	2356
129.89/129.92	129.915	661	2373
130.69/130.75	130.747	660	2427
131.29/131.36	131.359	659	2438
133.59/133.67	133.662	658	2601
134.29/134.33	134.329	657	2622
134.99/135.05	135.046	656	2659
135.69/135.73	135.722	655	2687
136.49/136.55	136.542	654	2706
137.09/137.19	137.185	653	2713
138.51/138.59	138.586	652	2840
138.99/139.06	139.054	651	2846
140.99/141.04	141.04	650	3038
141.80/141.84	141.836	649	3061
143.58/143.65	143.643	648	3251
144.10/144.18	144.173	647	3265
145.10/145.19	145.185	646	3342
145.68/145.74	145.735	645	3358
146.08/146.18	146.179	644	3361
148.98/149.09	149.091	643	3692
149.50/149.55	149.547	642	3697
149.88/149.98	149.971	641	3701
150.60/150.70	150.697	640	3747
152.90/152.96	152.951	639	4033
158.40/158.42	158.416	638	4786
158.79/158.85	158.85	637	4790
165.49/165.56	165.553	636	5777
170.99/171.04	171.031	635	6534
172.19/172.27	172.268	634	6650
177.49/177.50	177.499	633	7399
179.79/179.86	179.856	632	7691
180.30/180.38	180.374	631	7710
181.50/181.59	181.582	630	7826
181.99/182.02	182.014	629	7831
183.19/183.21	183.204	628	7944
189.39/189.43	189.427	627	8833
189.99/190.02	190.014	626	8856
192.09/192.11	192.103	625	9112
192.40/192.51	192.506	624	9115
196.80/196.85	196.846	623	9701
199.69/199.70	199.693	622	10072
201.69/201.77	201.765	621	10331
203.40/203.45	203.447	620	10531
206.70/206.75	206.743	619	10980
207.09/207.17	207.165	618	10985
226.88/226.95	226.946	617	13958
259.50/259.57	259.567	616	19093
262.28/262.35	262.347	615	19442
264.18/264.25	264.242	614	19673
267.48/267.58	267.57	613	20099
270.59/270.66	270.654	612	20473
274.68/274.74	274.728	611	21012
279.88/279.91	279.902	610	21696
320.78/320.87	320.859	609	27911
354.88/354.99	354.976	608	32875
359.48/359.54	359.525	607	33490
361.47/361.51	361.495	606	33720
363.57/363.63	363.618	605	33958
381.88/381.96	381.946	604	36568
424.98/425.07	425.057	603	43103
455.78/455.89	455.879	602	47549
462.28/462.38	462.366	601	48437
580.27/580.36	580.344	600	65935
634.47/634.59	634.573	599	73647
781.67/781.72	781.7	598	94731
788.58/788.64	788.614	597	95662
827.76/827.80	827.775	596	101224
834.16/834.26	834.24	595	102080
835.76/835.84	835.816	594	102251
864.77/864.88	864.852	593	106219
873.86/873.95	873.923	592	107443
