6.29/6.34	6.34424	849	0
6.99/7.01	7.00982	848	1
7.60/7.68	7.67936	847	2
8.29/8.34	8.34386	846	3
8.99/9.00	9.00035	845	4
9.59/9.66	9.66569	844	5
10.29/10.34	10.3464	843	6
11.00/11.02	11.0238	842	7
11.59/11.69	11.6946	841	8
12.29/12.34	12.338	840	9
12.89/12.98	12.9858	839	10
13.59/13.63	13.6305	838	11
14.20/14.29	14.2937	837	12
14.89/14.93	14.9317	836	13
15.49/15.56	15.5646	835	14
16.19/16.20	16.2062	834	15
16.79/16.85	16.8533	833	16
17.39/17.49	17.4901	832	17
18.09/18.13	18.1319	831	18
18.70/18.76	18.7642	830	19
19.29/19.39	19.3908	829	20
19.99/20.01	20.0133	828	21
20.59/20.64	20.6465	827	22
21.19/21.26	21.266	826	23
21.79/21.89	21.8943	825	24
22.49/22.52	22.5238	824	26
23.10/23.15	23.1538	823	27
23.69/23.78	23.7796	822	28
24.39/24.40	24.4044	821	30
25.00/25.02	25.0239	820	31
25.59/25.64	25.6406	819	32
26.19/26.25	26.2549	818	33
26.79/26.87	26.8732	816	34
27.50/27.51	27.5156	815	37
28.09/28.13	28.1317	814	40
28.69/28.75	28.7486	813	41
29.29/29.39	29.3867	812	42
29.99/30.03	30.0268	811	44
30.59/30.63	30.6363	810	46
31.19/31.25	31.2505	809	48
31.80/31.87	31.8692	808	50
32.39/32.49	32.4898	807	53
33.09/33.13	33.1267	806	55
33.69/33.76	33.7648	805	57
34.39/34.41	34.4069	804	60
34.99/35.05	35.0536	803	63
35.59/35.68	35.6815	802	65
36.30/36.31	36.3156	801	67
36.89/36.95	36.9478	800	69
37.49/37.58	37.5824	799	71
38.19/38.21	38.2118	798	73
38.78/38.81	38.8061	797	75
39.38/39.42	39.4239	796	78
39.98/40.01	40.012	795	80
40.60/40.61	40.6122	794	82
41.18/41.22	41.2189	793	85
41.79/41.83	41.829	792	87
42.38/42.42	42.42	791	89
42.98/43.01	43.0066	790	90
43.58/43.61	43.6136	789	92
44.18/44.21	44.2063	788	94
44.79/44.82	44.8226	787	96
45.38/45.45	45.4515	786	100
45.98/46.07	46.0716	785	103
46.58/46.68	46.678	784	104
47.19/47.28	47.2812	783	105
47.78/47.87	47.8695	782	108
48.39/48.45	48.4497	781	110
48.98/49.03	49.0353	780	112
49.58/49.65	49.6481	779	119
50.18/50.23	50.2305	778	121
50.78/50.82	50.8176	777	124
51.39/51.41	51.4094	776	129
51.88/51.98	51.9805	775	131
52.49/52.56	52.5649	774	134
53.08/53.18	53.1842	773	143
53.68/53.75	53.7515	772	145
54.28/54.36	54.3558	771	149
54.89/54.95	54.9532	770	152
55.48/55.53	55.5285	769	156
55.99/56.10	56.1013	768	159
56.58/56.68	56.6829	767	163
57.19/57.24	57.241	766	164
57.68/57.79	57.7954	765	165
58.29/58.36	58.3652	764	166
58.88/58.95	58.9492	763	172
59.48/59.52	59.5168	762	175
60.08/60.12	60.1166	761	181
60.58/60.67	60.6673	760	182
61.18/61.24	61.2442	759	186
61.78/61.83	61.8314	758	190
62.28/62.39	62.3947	757	191
62.88/62.97	62.9741	756	197
63.49/63.52	63.5251	755	199
63.98/64.09	64.0871	754	202
64.59/64.66	64.6557	753	206
65.18/65.23	65.2287	752	211
65.78/65.80	65.7957	751	218
66.28/66.36	66.3597	750	224
66.88/66.93	66.9321	749	227
67.48/67.55	67.5499	748	239
68.09/68.12	68.1172	747	243
68.58/68.68	68.6756	746	246
69.19/69.24	69.2393	745	250
69.68/69.77	69.7693	744	251
70.29/70.33	70.3269	743	255
70.78/70.88	70.8817	742	259
71.39/71.48	71.4835	741	271
71.98/72.06	72.065	740	276
72.59/72.63	72.6303	739	281
73.08/73.18	73.1801	738	284
73.70/73.74	73.7386	737	289
74.28/74.30	74.2998	736	294
74.79/74.86	74.8551	735	298
75.38/75.45	75.4513	734	305
75.98/76.03	76.0303	733	311
76.58/76.65	76.6514	732	320
77.18/77.20	77.2038	731	325
77.68/77.76	77.7588	730	330
78.28/78.31	78.3113	729	333
78.78/78.87	78.8703	728	339
79.38/79.47	79.4679	727	352
79.99/80.06	80.0646	726	360
80.78/80.82	80.8243	725	391
81.29/81.37	81.3742	724	393
81.88/81.99	81.9943	723	406
82.49/82.56	82.5576	722	411
83.08/83.11	83.113	721	418
83.68/83.78	83.7761	720	437
84.28/84.32	84.3163	719	442
84.88/84.90	84.897	718	452
85.49/85.52	85.5164	717	472
85.98/86.07	86.069	716	481
86.59/86.66	86.6639	715	493
87.18/87.29	87.291	714	513
87.78/87.88	87.8833	713	523
88.38/88.44	88.4424	712	529
88.99/89.01	89.0145	711	539
89.48/89.56	89.5588	710	546
90.09/90.15	90.145	709	559
90.68/90.73	90.7275	708	570
91.19/91.28	91.2829	707	580
91.78/91.81	91.8127	706	586
92.29/92.40	92.4019	705	599
92.88/92.97	92.9674	704	608
93.49/93.52	93.5146	703	617
93.98/94.06	94.0545	702	626
94.49/94.57	94.5722	701	629
95.08/95.18	95.1822	700	640
95.69/95.71	95.7067	699	643
96.18/96.29	96.286	698	654
96.79/96.81	96.8096	697	657
97.28/97.33	97.3334	696	660
97.98/98.07	98.0649	695	690
98.58/98.60	98.595	694	694
99.18/99.23	99.2247	693	711
99.68/99.77	99.774	692	719
100.28/100.33	100.331	691	726
100.78/100.90	100.897	690	739
101.58/101.67	101.665	689	784
102.38/102.41	102.411	688	823
102.88/102.94	102.938	687	829
103.58/103.69	103.687	686	863
104.19/104.23	104.226	685	869
104.68/104.78	104.782	684	880
105.18/105.30	105.297	683	884
105.78/105.88	105.881	682	900
106.39/106.47	106.473	681	918
106.88/106.97	106.974	680	923
107.38/107.46	107.46	679	924
107.98/108.05	108.049	678	936
108.59/108.62	108.619	677	946
109.28/109.35	109.35	676	979
109.89/109.92	109.92	675	991
111.09/111.12	111.12	674	1099
111.68/111.74	111.737	673	1120
112.19/112.25	112.25	672	1126
113.19/113.28	113.281	671	1218
113.88/113.93	113.933	670	1243
114.58/114.61	114.604	669	1265
115.39/115.50	115.503	668	1328
116.08/116.15	116.145	667	1351
116.88/116.90	116.902	666	1396
118.08/118.17	118.173	665	1519
119.39/119.43	119.431	664	1647
120.59/120.68	120.676	663	1774
121.19/121.21	121.205	662	1783
121.89/122.00	122.002	661	1832
122.59/122.61	122.613	660	1853
123.19/123.24	123.236	659	1876
124.19/124.27	124.268	658	1959
125.09/125.10	125.098	657	2008
125.59/125.61	125.605	656	2016
127.09/127.15	127.15	655	2174
127.89/127.91	127.909	654	2221
129.69/129.80	129.797	653	2431
130.49/130.57	130.571	652	2484
131.09/131.15	131.145	651	2502
131.59/131.62	131.616	650	2507
132.09/132.18	132.183	649	2525
132.89/132.93	132.928	648	2568
136.09/136.16	136.159	647	3000
136.59/136.63	136.631	646	3005
137.28/137.40	137.399	645	3040
138.88/138.91	138.908	644	3170
140.98/141.01	141.007	643	3432
142.18/142.26	142.263	642	3566
142.78/142.86	142.855	641	3585
143.79/143.89	143.891	640	3679
145.58/145.65	145.647	639	3879
146.48/146.56	146.56	638	3946
150.29/150.38	150.376	637	4439
151.09/151.12	151.114	636	4480
151.80/151.89	151.891	635	4531
152.29/152.36	152.354	634	4536
153.19/153.27	153.267	633	4603
160.79/160.88	160.881	632	5769
161.29/161.36	161.355	631	5777
165.49/165.59	165.59	630	6355
166.69/166.74	166.734	629	6464
168.30/168.37	168.371	628	6641
168.89/168.95	168.945	627	6661
178.10/178.14	178.138	626	7980
178.59/178.68	178.678	625	7992
182.50/182.52	182.514	624	8463
183.60/183.64	183.64	623	8566
185.09/185.15	185.143	622	8720
191.79/191.84	191.841	621	9622
194.28/194.38	194.377	620	9930
194.78/194.85	194.847	619	9938
205.59/205.66	205.653	618	11457
207.48/207.56	207.561	617	11667
213.18/213.29	213.291	616	12441
215.68/215.77	215.765	615	12729
219.99/220.06	220.058	614	13292
268.88/268.92	268.918	613	20424
273.68/273.70	273.696	612	21048
274.08/274.13	274.124	611	21052
281.98/282.02	282.018	610	22066
312.99/313.03	313.021	609	26733
334.18/334.23	334.226	608	29648
336.28/336.31	336.306	607	29877
345.08/345.12	345.111	606	31029
345.58/345.68	345.678	605	31053
348.28/348.33	348.322	604	31373
372.38/372.47	372.46	603	34783
379.98/380.06	380.058	602	35803
705.68/705.73	705.716	601	84248
712.08/712.12	712.111	600	85108
733.07/733.14	733.124	599	88190
817.37/817.46	817.446	598	100818
820.77/820.89	820.873	597	101234
949.37/949.49	949.476	596	120148
