0.00/0.13	0.058375	128	0
0.00/0.13	0.059288	127	4
0.00/0.13	0.059552	126	5
0.00/0.13	0.059902	125	7
0.00/0.13	0.064427	124	31
0.00/0.13	0.065779	123	38
0.00/0.18	0.178821	120	680
0.00/0.18	0.179044	118	681
0.00/0.18	0.180003	117	686
0.79/0.81	0.813658	115	4461
1.89/1.93	1.93077	114	11109
1.99/2.01	2.01136	113	11569
1.99/2.01	2.01557	112	11593
1.99/2.01	2.0158	111	11594
1.99/2.02	2.01599	110	11595
1.99/2.02	2.021	109	11624
1.99/2.02	2.02236	108	11632
2.38/2.46	2.46294	107	14288
2.38/2.49	2.48753	106	14434
2.38/2.49	2.4881	105	14437
36.10/36.18	36.1776	104	218684
36.10/36.18	36.1782	103	218687
36.10/36.20	36.204	102	218846
36.99/37.02	37.0222	101	224027
763.37/763.44	763.424	100	4621447
999.47/1000.02	6038071
