0.00/0.07	0.061059	134	0
0.00/0.07	0.061389	133	1
0.00/0.07	0.06212	132	5
0.00/0.07	0.062364	131	6
0.00/0.07	0.06305	130	9
0.00/0.07	0.063275	129	10
0.00/0.07	0.063517	128	11
0.00/0.08	0.06747	126	33
0.00/0.08	0.068919	125	40
0.00/0.08	0.070087	124	46
0.68/0.70	0.68792	120	3481
1.08/1.30	1.2854	119	6882
1.08/1.30	1.286	118	6885
1.08/1.30	1.2862	117	6886
1.78/1.85	1.84168	115	10086
1.78/1.85	1.84194	114	10087
1.78/1.85	1.84336	113	10095
1.78/1.87	1.85972	111	10188
3.38/3.41	3.39833	109	19355
3.38/3.44	3.43149	108	19558
3.48/3.59	3.57364	107	20405
6.38/6.73	6.71565	106	39524
10.78/10.82	10.8108	105	65014
14.27/14.30	14.2914	104	86926
14.98/15.09	15.0802	103	91934
16.07/16.18	16.1699	102	98731
23.57/23.61	23.5981	101	145142
221.56/221.69	221.67	100	1355312
999.94/1000.04	6114667
