0.00/0.07	0.065237	133	0
0.00/0.07	0.066358	132	4
0.00/0.07	0.0666	131	5
0.00/0.07	0.066846	130	6
0.00/0.07	0.067072	128	7
0.00/0.07	0.067646	127	10
0.00/0.07	0.067858	126	11
0.00/0.07	0.068062	125	12
0.00/0.08	0.068698	124	15
0.00/0.08	0.068948	123	16
0.00/0.08	0.069338	122	18
0.00/0.08	0.069712	121	20
0.00/0.08	0.069931	120	21
0.00/0.08	0.071819	119	31
0.00/0.08	0.074519	116	47
0.00/0.08	0.075796	115	54
0.00/0.38	0.371161	114	1895
0.00/0.38	0.371437	113	1896
0.00/0.38	0.371792	112	1898
0.00/0.38	0.372142	111	1900
0.38/0.48	0.47786	110	2547
0.38/0.49	0.48243	109	2575
2.58/2.72	2.71297	108	16651
12.18/12.23	12.2217	107	77319
15.78/16.20	16.1888	106	102003
15.78/16.20	16.1892	105	102005
16.98/17.04	17.0333	104	107243
31.10/31.11	31.1065	103	195860
36.38/36.63	36.6202	102	230667
108.98/109.50	109.491	101	681301
999.90/1000.03	6120044
