0.03/0.05	0.057216	132	0
0.03/0.05	0.057502	131	1
0.03/0.05	0.057814	130	2
0.03/0.05	0.058039	129	3
0.03/0.06	0.058284	128	4
0.03/0.06	0.058486	127	5
0.03/0.06	0.05869	126	6
0.03/0.06	0.059685	125	11
0.03/0.06	0.060075	124	13
0.03/0.06	0.060292	123	14
0.03/0.06	0.061007	122	18
0.03/0.06	0.061213	121	19
0.03/0.06	0.062818	120	28
0.03/0.06	0.063045	119	29
0.03/0.07	0.074726	118	95
0.10/0.13	0.137136	117	462
0.20/0.29	0.295278	116	1421
0.49/0.51	0.509752	115	2695
0.49/0.51	0.509975	114	2696
0.49/0.51	0.510189	113	2697
2.72/2.75	2.75547	111	16358
2.72/2.75	2.75645	110	16364
2.72/2.76	2.76535	109	16419
2.72/2.76	2.76605	108	16423
2.79/2.82	2.81948	106	16753
2.99/3.08	3.08462	105	18381
3.99/4.06	4.06008	104	24565
11.58/11.61	11.6169	103	71704
26.69/26.96	26.9663	102	166832
29.69/29.72	29.7248	101	184104
299.78/300.00	299.993	100	1847651
999.98/1000.03	6137293
