0.00/0.06	0.058335	136	0
0.00/0.06	0.05868	135	1
0.00/0.06	0.058944	134	2
0.00/0.06	0.059189	133	3
0.00/0.06	0.060469	131	10
0.00/0.06	0.062628	130	22
0.00/0.06	0.062823	129	23
0.00/0.06	0.064276	128	30
0.00/0.06	0.064692	127	32
0.00/0.06	0.065961	126	39
0.10/0.16	0.161812	124	584
0.10/0.16	0.162257	123	586
0.10/0.16	0.162665	122	588
0.10/0.16	0.162911	120	589
0.10/0.16	0.163296	119	591
0.10/0.16	0.163618	118	592
0.20/0.28	0.282077	117	1294
0.40/0.44	0.443451	116	2241
0.40/0.44	0.443793	115	2243
0.50/0.51	0.510354	113	2645
3.68/3.77	3.77174	112	22565
3.68/3.77	3.77207	111	22566
3.68/3.77	3.77237	110	22568
3.68/3.77	3.77261	109	22569
3.78/4.02	4.02737	108	24158
4.08/4.15	4.14894	106	24916
7.59/7.70	7.70289	105	47097
8.99/9.00	9.00526	104	55215
11.88/11.93	11.9344	103	73406
13.08/13.13	13.131	102	80925
63.88/64.20	64.2052	101	394455
303.58/304.00	303.994	100	1866113
999.96/1000.02	6167905
