0.00/0.06	0.056687	132	0
0.00/0.06	0.057023	131	1
0.00/0.06	0.057264	130	2
0.00/0.06	0.058829	127	10
0.00/0.06	0.059244	126	12
0.00/0.06	0.059477	125	13
0.00/0.06	0.059871	124	15
0.00/0.06	0.06009	123	16
0.00/0.07	0.060917	121	20
0.00/0.07	0.064192	120	38
0.00/0.07	0.064409	119	39
0.00/0.07	0.064598	118	40
0.00/0.07	0.065999	117	48
0.00/0.08	0.074292	116	96
0.00/0.08	0.079555	115	125
0.00/0.08	0.079838	114	126
0.00/0.14	0.137636	112	472
0.19/0.21	0.202815	111	869
0.19/0.21	0.203095	110	870
0.88/0.90	0.897171	109	5082
5.78/5.86	5.85855	108	34662
7.48/7.50	7.49361	107	44523
8.89/8.98	8.97421	106	52760
10.09/10.15	10.1503	104	59750
10.49/10.84	10.8313	103	63793
12.79/12.85	12.8455	102	75986
318.67/318.73	318.716	101	1927001
336.37/336.45	336.429	100	2036251
999.99/1000.10	6095918
