0.00/0.07	0.070373	134	0
0.00/0.07	0.07067	133	1
0.00/0.07	0.070953	131	2
0.00/0.07	0.07119	130	3
0.00/0.07	0.072347	129	9
0.00/0.07	0.072575	128	10
0.00/0.07	0.072794	126	11
0.00/0.07	0.073216	125	13
0.00/0.07	0.073644	124	15
0.00/0.07	0.073859	123	16
0.00/0.07	0.074282	122	18
0.00/0.07	0.074488	121	19
0.00/0.08	0.084589	120	77
0.00/0.22	0.21996	119	852
0.00/0.22	0.220193	118	853
0.00/0.22	0.220389	117	854
0.24/0.25	0.250445	115	1030
1.09/1.44	1.44225	114	8278
1.09/1.44	1.4425	113	8279
1.52/1.59	1.59667	112	9226
1.52/1.59	1.59687	111	9227
1.78/1.88	1.88365	110	10961
3.99/4.52	4.52008	109	27046
6.29/6.36	6.35686	108	38430
6.29/6.36	6.36417	107	38472
21.09/21.11	21.1064	106	127000
29.18/29.59	29.5944	105	179045
31.79/31.87	31.8676	104	193262
32.09/32.12	32.1251	103	194894
39.49/39.63	39.6297	102	241187
387.18/387.22	387.206	101	2347292
754.97/755.35	755.329	100	4564424
999.96/1000.03	6031091
