0.00/0.06	0.059419	134	0
0.00/0.06	0.059799	133	1
0.00/0.06	0.060062	132	2
0.00/0.06	0.060303	131	3
0.00/0.06	0.060505	130	4
0.00/0.06	0.060694	129	5
0.00/0.06	0.063363	127	19
0.00/0.06	0.063592	126	20
0.00/0.06	0.063784	125	21
0.00/0.06	0.064028	124	22
0.00/0.06	0.06422	122	23
0.00/0.06	0.064472	121	24
0.00/0.06	0.064719	120	25
0.00/0.06	0.065813	119	31
0.00/0.06	0.066008	118	32
0.00/0.07	0.06758	117	40
0.00/0.07	0.067786	116	41
0.00/0.07	0.068009	115	42
0.00/0.12	0.12214	114	364
0.59/0.64	0.643203	113	3514
0.59/0.66	0.661083	112	3625
0.59/0.66	0.661463	111	3627
0.59/0.69	0.694118	110	3825
0.59/0.69	0.694328	109	3826
0.59/0.69	0.695193	108	3831
0.90/0.91	0.910102	107	5177
0.90/0.91	0.910372	106	5178
2.08/2.15	2.15275	105	12869
20.55/20.63	20.629	104	125555
20.55/20.63	20.6314	103	125569
23.69/23.77	23.7719	102	145246
24.89/25.02	25.0174	101	153135
270.68/270.71	270.706	100	1656724
999.96/1000.03	6101312
