0.00/0.07	0.072596	129	0
0.00/0.07	0.072934	128	1
0.00/0.07	0.073161	127	2
0.00/0.07	0.073374	126	3
0.00/0.07	0.07365	125	4
0.00/0.07	0.074632	124	9
0.00/0.07	0.074945	123	10
0.00/0.07	0.07644	122	18
0.00/0.08	0.077223	121	22
0.00/0.08	0.079983	120	37
0.00/0.08	0.080185	119	38
0.00/0.08	0.08038	118	39
0.00/0.08	0.081255	117	44
0.00/0.08	0.0815	115	45
0.00/0.08	0.082038	114	48
0.00/0.08	0.083246	113	55
0.00/0.08	0.085073	112	66
0.00/0.08	0.085663	111	69
0.00/0.09	0.08858	110	86
0.11/0.18	0.186542	109	677
0.11/0.19	0.188286	108	687
0.20/0.24	0.241001	107	1009
7.29/7.31	7.31267	106	43690
7.91/7.94	7.94213	105	47549
8.30/8.30	8.30355	104	49831
9.59/9.61	9.60718	103	57915
9.59/9.62	9.62046	102	58000
134.78/134.86	134.865	101	817715
135.48/135.62	135.624	100	822425
999.57/1000.02	6064814
