0.00/0.07	0.059375	135	0
0.00/0.07	0.059933	134	2
0.00/0.07	0.060694	133	6
0.00/0.07	0.061119	132	8
0.00/0.07	0.061548	131	10
0.00/0.07	0.061842	130	11
0.00/0.07	0.06246	129	14
0.00/0.07	0.062837	128	16
0.00/0.07	0.063046	127	17
0.00/0.07	0.064751	125	26
0.00/0.07	0.065153	123	28
0.00/0.08	0.066092	122	33
0.00/0.08	0.073157	121	74
0.00/0.08	0.073585	120	76
0.00/0.09	0.082968	119	130
0.00/0.09	0.083382	117	132
0.00/0.09	0.083829	116	134
0.00/0.09	0.08477	115	139
0.00/0.09	0.084965	114	140
0.00/0.09	0.085405	113	142
0.00/0.10	0.085773	112	144
0.00/0.10	0.087309	111	153
0.00/0.10	0.087898	110	156
0.00/0.10	0.092203	109	180
0.58/0.67	0.661764	108	3727
0.58/0.67	0.662999	107	3734
2.18/2.25	2.24136	106	13528
3.18/3.23	3.21728	105	19549
4.98/5.08	5.06832	104	31072
8.58/8.65	8.63543	103	53218
9.18/9.28	9.26912	102	57173
126.17/126.70	126.69	101	774142
128.97/129.04	129.022	100	788728
999.94/1000.04	6116526
