0.09/0.13	0.131578	246	0
0.09/0.14	0.138717	245	3
0.09/0.14	0.145593	244	6
0.09/0.15	0.152159	243	7
0.09/0.16	0.159419	242	12
0.09/0.16	0.166585	241	17
0.09/0.17	0.173835	240	22
0.19/0.21	0.208545	239	204
0.19/0.21	0.214975	238	205
0.19/0.30	0.305518	237	748
0.19/0.74	0.741126	236	3556
0.19/0.79	0.78955	235	3860
0.88/0.90	0.902312	234	4622
1.09/1.19	1.19134	233	6661
1.09/1.19	1.19727	232	6664
1.69/1.75	1.75434	231	10559
2.89/2.99	2.99197	230	18984
2.99/3.05	3.0547	229	19390
3.20/3.32	3.3273	228	21292
3.20/3.35	3.35424	227	21434
4.09/4.18	4.18188	226	27222
5.30/5.36	5.36308	225	35302
5.49/5.55	5.55196	224	36592
5.59/5.68	5.67839	223	37379
8.39/8.43	8.43031	222	56587
1000.06/1000.10	592.366	61933558	6716218
