0.70/0.85	0.766328	1131	0
0.70/0.85	0.767004	1128	4
0.70/0.85	0.767254	1127	6
0.70/0.85	0.7677	1126	9
0.70/0.85	0.768102	1124	12
0.70/0.85	0.768271	1123	13
0.70/0.85	0.768925	1122	17
0.70/0.85	0.769291	1121	20
0.70/0.85	0.769725	1120	23
0.70/0.85	0.769893	1119	24
0.70/0.85	0.770673	1118	29
0.70/0.85	0.771165	1117	31
0.70/0.85	0.771966	1115	39
0.70/0.85	0.772196	1114	40
0.70/0.85	0.772477	1113	42
0.70/0.85	0.772772	1111	44
0.70/0.85	0.773014	1110	46
0.70/0.86	0.773995	1109	51
0.70/0.86	0.774252	1108	53
0.70/0.86	0.775072	1107	60
0.70/0.86	0.775598	1106	65
0.70/0.86	0.775818	1105	67
0.70/0.86	0.776099	1104	69
0.70/0.86	0.776398	1103	71
0.70/0.86	0.777096	1102	76
0.70/0.86	0.777518	1101	79
0.70/0.86	0.777792	1100	81
0.70/0.86	0.778563	1099	84
0.70/0.86	0.779338	1098	93
0.70/0.86	0.779851	1097	96
0.70/0.86	0.780249	1096	99
0.70/0.86	0.780706	1095	103
0.70/0.86	0.781221	1092	107
0.70/0.86	0.781702	1091	110
0.70/0.86	0.782155	1090	113
0.70/0.87	0.783771	1087	126
0.70/0.87	0.784076	1086	128
0.70/0.87	0.784263	1085	129
0.70/0.87	0.784411	1083	130
0.70/0.87	0.785026	1080	135
0.70/0.87	0.78547	1078	138
0.70/0.87	0.786075	1076	142
0.70/0.87	0.78729	1075	153
0.70/0.87	0.787918	1074	157
0.70/0.87	0.788743	1072	163
0.70/0.87	0.78933	1070	168
0.70/0.87	0.790108	1069	172
0.70/0.87	0.790749	1068	177
0.70/0.87	0.792254	1066	189
0.70/0.87	0.792823	1064	194
0.70/0.88	0.794575	1060	208
0.70/0.88	0.79609	1058	222
0.70/0.88	0.797103	1057	227
0.70/0.88	0.79757	1056	229
0.70/0.88	0.798539	1054	238
0.70/0.88	0.800742	1052	259
0.70/0.88	0.801035	1051	261
0.70/0.88	0.801547	1050	266
0.70/0.88	0.802116	1047	269
0.70/0.88	0.803091	1045	279
0.70/0.89	0.804053	1044	285
0.70/0.89	0.80652	1041	302
0.70/0.89	0.807217	1040	307
0.70/0.89	0.80845	1038	315
0.70/0.89	0.80993	1036	331
0.70/0.89	0.810398	1035	335
0.70/0.89	0.810725	1034	338
0.70/0.89	0.811916	1031	349
0.70/0.89	0.812146	1030	351
0.70/0.89	0.812924	1029	356
0.70/0.90	0.815185	1027	377
0.70/0.90	0.817391	1025	389
0.70/0.90	0.818038	1024	395
0.70/0.90	0.819001	1022	402
0.70/0.90	0.819604	1021	408
0.70/0.90	0.819867	1020	410
0.70/0.90	0.820561	1019	415
0.70/0.90	0.821362	1018	421
0.70/0.90	0.821848	1017	425
0.70/0.90	0.822798	1014	434
0.82/0.91	0.828118	1013	481
0.82/0.91	0.828932	1012	488
0.82/0.91	0.831118	1011	512
0.82/0.91	0.831678	1009	516
0.82/0.91	0.831967	1008	519
0.82/0.91	0.832852	1007	527
0.82/0.92	0.836108	1005	547
0.82/0.92	0.840314	1002	579
0.82/0.92	0.84302	999	610
0.82/0.93	0.84394	998	618
0.82/0.93	0.844635	996	622
0.82/0.93	0.846481	995	635
0.82/0.93	0.848416	994	649
0.82/0.93	0.848912	993	653
0.82/0.93	0.8519	992	677
0.82/0.95	0.864339	991	680
0.82/0.95	0.865382	990	689
0.82/0.95	0.868572	989	708
0.82/0.95	0.869421	988	716
0.82/0.95	0.869647	987	718
0.82/0.95	0.870889	986	730
0.82/0.95	0.871816	985	739
0.82/0.95	0.872596	984	743
0.82/0.95	0.873336	983	750
0.82/0.96	0.875161	982	763
0.82/0.96	0.875788	981	769
0.82/0.96	0.876018	980	770
0.82/0.96	0.882645	978	808
0.82/0.97	0.885741	977	838
0.82/0.97	0.888956	975	866
0.82/0.98	0.903338	973	980
0.82/0.99	0.904023	972	988
0.82/0.99	0.906115	969	1008
0.82/0.99	0.908756	967	1027
0.82/0.99	0.910682	966	1043
0.90/1.00	0.923462	964	1126
0.90/1.01	0.926523	962	1157
0.90/1.01	0.927002	961	1162
0.90/1.01	0.92756	960	1168
0.90/1.01	0.928575	959	1178
0.90/1.01	0.9298	957	1188
0.90/1.03	0.945899	956	1337
0.90/1.03	0.950157	955	1380
0.90/1.04	0.96353	953	1492
0.90/1.05	0.964684	952	1500
0.90/1.05	0.967028	950	1525
0.90/1.10	1.01421	948	1886
0.90/1.10	1.01535	947	1895
0.90/1.10	1.01817	945	1921
0.90/1.12	1.03539	943	2047
0.90/1.12	1.04245	942	2105
0.90/1.13	1.04871	940	2148
0.90/1.15	1.07271	939	2328
0.90/1.16	1.07987	938	2383
0.90/1.17	1.08396	936	2424
0.90/1.18	1.09901	935	2515
0.90/1.19	1.10616	933	2581
0.90/1.19	1.11161	932	2632
0.90/1.19	1.11312	931	2648
0.90/1.21	1.13193	930	2765
0.90/1.25	1.16894	927	3010
0.90/1.26	1.17642	926	3067
0.90/1.26	1.18188	924	3111
0.90/1.26	1.18273	923	3118
0.90/1.27	1.18751	922	3158
0.90/1.32	1.23961	920	3501
0.90/1.32	1.23999	919	3505
1.23/1.35	1.26588	918	3670
1.34/1.44	1.35856	915	4212
1.34/1.44	1.35939	914	4218
1.34/1.48	1.40127	912	4433
1.34/1.48	1.40287	911	4451
1.34/1.49	1.40587	910	4482
1.34/1.49	1.41101	909	4524
1.60/1.79	1.7092	905	6128
1.70/1.81	1.72621	904	6253
1.70/1.84	1.75849	902	6402
1.80/1.97	1.89051	900	7329
1.90/2.01	1.93095	898	7573
1.90/2.06	1.97565	897	7875
2.10/2.23	2.14891	896	8854
2.20/2.33	2.24765	895	9439
2.20/2.54	2.46089	894	10621
3.11/3.22	3.14082	893	13950
3.11/3.24	3.15486	891	14026
3.60/3.93	3.85195	889	16865
3.60/4.16	4.07524	888	18040
3.60/4.16	4.07631	887	18049
3.60/4.22	4.1356	884	18481
5.00/5.10	5.02254	882	22653
5.00/5.11	5.02709	880	22697
5.10/5.51	5.43164	879	24783
5.10/5.51	5.43237	878	24790
5.70/5.83	5.74822	876	26292
5.70/5.83	5.75116	875	26316
8.70/8.84	8.76169	874	37039
8.80/8.94	8.86267	873	37524
16.70/16.89	16.8125	872	69680
17.11/17.54	17.4553	870	72558
18.01/18.16	18.074	869	75195
18.60/18.80	18.7168	868	78156
18.60/19.02	18.9386	867	79219
22.50/22.64	22.5546	865	92725
24.10/24.23	24.1458	864	98355
24.10/24.26	24.1788	862	98553
27.41/27.69	27.6028	861	111204
27.41/27.89	27.8075	858	112298
42.31/42.66	42.5794	857	156158
42.31/42.67	42.5904	856	156228
42.31/42.71	42.6276	855	156477
42.31/42.95	42.8649	853	157537
59.70/59.80	59.7187	851	210230
66.20/66.45	66.3692	850	233818
83.90/84.40	84.3113	849	288180
135.70/135.83	135.747	847	434925
135.70/135.87	135.787	846	435106
150.15/150.29	150.205	845	470021
151.10/151.53	151.439	844	473328
151.10/151.55	151.465	843	473446
156.80/156.91	156.826	842	489686
159.60/159.71	159.62	841	500338
161.20/161.31	161.22	839	506985
161.40/162.20	162.108	837	510448
173.30/173.41	173.317	836	547212
217.99/218.15	218.059	835	662949
232.49/232.63	232.542	834	708034
232.59/232.78	232.688	833	708907
232.59/232.80	232.705	832	709040
234.20/234.37	234.275	831	715466
234.30/234.42	234.326	829	715791
362.59/362.77	362.68	828	1062777
399.79/399.97	399.877	827	1154865
502.58/502.98	502.881	826	1396216
543.58/543.76	543.653	825	1492997
615.87/616.04	615.932	824	1643043
617.38/618.04	617.929	823	1650097
627.07/627.27	627.155	822	1671486
681.37/681.72	681.607	821	1805959
691.57/691.76	691.646	820	1832372
1000.09/1000.40	********Debuging CoveringArray::optimize*********
1000.09/1000.40	total size : 820
1000.09/1000.40	********End of Debuing CoveringArray::optimize********
