0.59/0.65	0.652988	1152	0
0.59/0.65	0.653625	1151	4
0.59/0.65	0.654162	1148	7
0.59/0.65	0.65488	1147	12
0.59/0.65	0.655048	1145	13
0.59/0.65	0.65542	1144	15
0.59/0.65	0.655612	1143	16
0.59/0.65	0.656409	1138	20
0.59/0.65	0.656578	1137	21
0.59/0.65	0.657321	1136	27
0.59/0.66	0.657808	1135	31
0.59/0.66	0.658114	1134	33
0.59/0.66	0.658592	1133	36
0.59/0.66	0.659294	1131	42
0.59/0.66	0.659613	1130	45
0.59/0.66	0.660207	1129	50
0.59/0.66	0.66045	1128	52
0.59/0.66	0.661157	1127	57
0.59/0.66	0.661554	1124	59
0.59/0.66	0.662048	1123	63
0.59/0.66	0.662924	1121	72
0.59/0.66	0.663224	1120	75
0.59/0.66	0.663393	1119	76
0.59/0.66	0.664312	1116	81
0.59/0.66	0.66458	1115	83
0.59/0.66	0.66504	1114	87
0.59/0.66	0.665765	1112	93
0.59/0.66	0.665919	1111	94
0.59/0.66	0.666119	1110	96
0.59/0.66	0.666418	1109	99
0.59/0.66	0.667048	1108	103
0.59/0.66	0.667477	1107	106
0.59/0.67	0.668075	1105	112
0.59/0.67	0.668383	1103	114
0.59/0.67	0.66886	1102	119
0.59/0.67	0.66977	1101	123
0.59/0.67	0.67076	1100	129
0.59/0.67	0.671544	1099	135
0.59/0.67	0.672661	1098	143
0.59/0.67	0.67282	1097	144
0.59/0.67	0.672961	1096	145
0.59/0.67	0.674004	1094	153
0.59/0.67	0.674537	1093	158
0.59/0.67	0.675266	1092	161
0.59/0.67	0.676338	1090	171
0.59/0.67	0.677123	1089	179
0.59/0.67	0.677597	1088	183
0.59/0.68	0.678618	1086	191
0.59/0.68	0.679155	1084	197
0.59/0.68	0.679447	1083	200
0.59/0.68	0.679693	1082	202
0.59/0.68	0.679965	1081	205
0.59/0.68	0.681111	1079	211
0.59/0.68	0.682368	1078	220
0.59/0.68	0.68273	1077	222
0.59/0.68	0.68371	1076	229
0.59/0.68	0.684165	1074	232
0.59/0.68	0.684756	1072	238
0.59/0.68	0.685028	1071	240
0.59/0.68	0.685416	1070	243
0.59/0.68	0.686128	1068	249
0.59/0.68	0.686578	1067	252
0.59/0.69	0.689061	1065	271
0.59/0.69	0.689971	1062	278
0.59/0.69	0.690576	1061	284
0.59/0.69	0.691041	1060	290
0.59/0.69	0.69155	1058	294
0.59/0.69	0.692856	1056	303
0.59/0.69	0.693549	1055	308
0.59/0.69	0.694158	1054	313
0.59/0.69	0.695046	1052	321
0.59/0.69	0.695707	1051	326
0.59/0.69	0.696318	1050	329
0.59/0.69	0.697742	1046	345
0.69/0.70	0.699178	1045	353
0.69/0.70	0.69998	1044	360
0.69/0.70	0.70043	1043	365
0.69/0.70	0.701274	1042	371
0.69/0.70	0.701668	1041	374
0.69/0.70	0.702691	1040	381
0.69/0.70	0.703087	1039	384
0.69/0.70	0.703244	1038	385
0.69/0.70	0.703533	1037	388
0.69/0.70	0.706044	1034	407
0.69/0.70	0.706381	1032	410
0.69/0.71	0.708606	1030	432
0.69/0.71	0.710583	1027	445
0.69/0.71	0.711646	1025	451
0.69/0.71	0.712813	1023	462
0.69/0.71	0.713747	1022	472
0.69/0.71	0.714739	1019	482
0.69/0.71	0.716903	1017	504
0.69/0.71	0.717475	1016	509
0.69/0.72	0.718483	1014	519
0.69/0.72	0.718927	1013	522
0.69/0.72	0.719624	1011	528
0.69/0.72	0.720048	1009	531
0.69/0.72	0.720933	1008	539
0.69/0.72	0.722333	1007	552
0.69/0.72	0.722808	1006	556
0.69/0.72	0.724529	1005	569
0.69/0.72	0.72658	1003	585
0.69/0.72	0.727466	1001	593
0.69/0.73	0.728953	1000	602
0.69/0.73	0.73062	998	620
0.69/0.73	0.732647	997	638
0.69/0.73	0.732979	996	641
0.69/0.74	0.73917	994	695
0.69/0.74	0.740271	993	710
0.69/0.74	0.742819	990	734
0.69/0.74	0.74319	989	737
0.69/0.74	0.743946	988	743
0.69/0.74	0.746911	987	770
0.69/0.75	0.748559	986	787
0.69/0.75	0.749668	985	798
0.69/0.75	0.750102	983	802
0.69/0.75	0.752113	981	820
0.69/0.75	0.752268	980	821
0.69/0.75	0.752605	979	824
0.69/0.75	0.754776	978	843
0.69/0.75	0.75753	976	866
0.69/0.76	0.760777	975	903
0.69/0.77	0.771356	973	985
0.69/0.77	0.773075	972	1004
0.69/0.77	0.775719	970	1030
0.69/0.77	0.776399	968	1035
0.69/0.77	0.777523	966	1045
0.69/0.78	0.780871	965	1082
0.69/0.78	0.782592	964	1097
0.69/0.78	0.786849	963	1143
0.69/0.79	0.788491	962	1159
0.69/0.79	0.794938	960	1208
0.69/0.79	0.797604	959	1237
0.79/0.82	0.821064	957	1385
0.79/0.82	0.825932	954	1419
0.79/0.83	0.828197	953	1442
0.79/0.83	0.832214	952	1481
0.79/0.85	0.854841	950	1652
0.79/0.86	0.864073	948	1713
0.79/0.87	0.871178	947	1759
0.79/0.88	0.880327	945	1840
0.79/0.88	0.881853	944	1855
0.79/0.88	0.883125	943	1869
0.79/0.89	0.890085	942	1925
0.79/0.89	0.893907	941	1956
0.79/0.89	0.895032	939	1967
0.79/0.89	0.895722	938	1973
0.88/0.90	0.902124	937	2035
0.88/0.90	0.902647	935	2038
0.88/0.93	0.936168	933	2274
0.88/0.94	0.942655	932	2325
0.88/0.94	0.944099	931	2339
0.88/0.95	0.947829	929	2374
0.88/0.95	0.954872	928	2441
0.88/0.97	0.970776	926	2563
0.88/0.97	0.971591	925	2570
0.88/0.97	0.972755	923	2579
0.88/0.98	0.982158	921	2657
0.88/0.98	0.982747	920	2660
0.88/0.99	0.993168	919	2732
0.88/0.99	0.99613	918	2758
0.88/1.02	1.02246	916	2958
0.88/1.04	1.0472	915	3125
0.88/1.06	1.06763	914	3285
0.88/1.14	1.1414	911	3737
0.88/1.20	1.1988	909	4035
0.88/1.24	1.24578	908	4330
0.88/1.25	1.2527	907	4377
0.88/1.25	1.25618	906	4407
0.88/1.26	1.25927	904	4435
1.49/1.53	1.53442	903	5781
1.49/1.56	1.56147	901	5992
1.59/1.62	1.62586	900	6427
1.59/1.62	1.62638	899	6434
1.59/1.63	1.63224	897	6478
1.59/1.67	1.67364	895	6784
1.59/1.67	1.67426	894	6789
1.68/1.73	1.7371	893	7139
1.89/1.95	1.95289	892	8221
1.99/2.03	2.03043	890	8728
2.29/2.35	2.3524	889	10391
2.29/2.36	2.36487	888	10481
2.89/2.95	2.95692	887	13143
2.89/2.96	2.96129	886	13178
2.99/3.03	3.03077	884	13632
3.19/3.25	3.25008	882	14861
3.69/3.98	3.98098	879	17692
3.69/3.98	3.98365	878	17720
4.29/4.36	4.36756	877	19237
4.39/4.41	4.40852	876	19474
5.48/5.51	5.51354	875	24374
6.29/6.55	6.54982	873	29369
7.69/7.93	7.93685	872	35483
11.59/11.73	11.7325	870	50026
12.29/12.35	12.3556	868	52692
12.49/12.57	12.5694	867	53850
12.69/12.79	12.7887	866	55248
12.90/12.90	12.9059	865	55913
13.29/13.39	13.3957	864	58017
16.19/16.25	16.2557	863	69793
17.39/17.46	17.4603	861	75200
17.89/17.96	17.9575	860	77559
23.11/23.14	23.1441	859	98420
23.79/23.84	23.8422	857	101711
41.48/41.56	41.5585	856	162633
41.48/41.57	41.5699	855	162733
44.49/44.52	44.525	854	175671
44.49/44.52	44.5254	853	175674
45.98/46.09	46.0877	851	182497
49.29/49.30	49.3038	850	195707
49.70/49.71	49.7142	848	197751
54.38/54.45	54.4477	847	215956
55.00/55.02	55.0173	844	218845
88.49/88.51	88.5095	843	323735
100.69/100.71	100.704	841	368203
101.09/101.14	101.144	840	370440
101.39/101.43	101.43	839	371649
113.99/114.09	114.092	838	414682
114.51/114.56	114.558	837	417097
178.89/178.98	178.98	835	588634
228.09/228.18	228.174	833	757314
228.68/228.72	228.715	832	759690
245.58/245.60	245.596	831	815959
246.50/246.57	246.563	829	820759
418.98/419.07	419.061	827	1240419
450.68/450.73	450.726	826	1331274
450.88/450.93	450.926	825	1332429
569.48/569.57	569.555	824	1646171
598.68/598.78	598.764	823	1716416
650.29/650.36	650.344	822	1854723
692.88/692.94	692.92	821	1976356
836.86/836.97	836.947	820	2308048
908.58/908.65	908.628	819	2483718
915.56/915.66	915.64	818	2509107
