0.58/0.63	0.630309	1129	0
0.58/0.63	0.630607	1128	2
0.58/0.63	0.630869	1126	4
0.58/0.63	0.631111	1124	6
0.58/0.63	0.63158	1123	11
0.58/0.63	0.631892	1122	14
0.58/0.63	0.632296	1120	17
0.58/0.63	0.632556	1118	19
0.58/0.63	0.632797	1116	21
0.58/0.63	0.633339	1115	24
0.58/0.63	0.633484	1114	25
0.58/0.63	0.633725	1113	27
0.58/0.63	0.633853	1112	28
0.58/0.63	0.634118	1111	29
0.58/0.63	0.634469	1110	31
0.58/0.63	0.635408	1108	37
0.58/0.63	0.636104	1106	42
0.58/0.63	0.636541	1105	46
0.58/0.64	0.637075	1104	51
0.58/0.64	0.6373	1103	53
0.58/0.64	0.637608	1102	56
0.58/0.64	0.638655	1099	63
0.58/0.64	0.639553	1097	69
0.58/0.64	0.639751	1096	71
0.58/0.64	0.640133	1093	73
0.58/0.64	0.640632	1092	77
0.58/0.64	0.641109	1091	81
0.58/0.64	0.641349	1090	83
0.58/0.64	0.64177	1089	86
0.58/0.64	0.642139	1088	89
0.58/0.64	0.64298	1087	95
0.58/0.64	0.64342	1086	100
0.58/0.64	0.644	1085	106
0.58/0.64	0.644466	1084	110
0.58/0.64	0.645586	1083	121
0.58/0.64	0.645715	1082	122
0.58/0.64	0.646673	1081	131
0.58/0.65	0.647498	1080	138
0.58/0.65	0.64782	1078	140
0.58/0.65	0.648057	1077	142
0.58/0.65	0.648439	1076	145
0.58/0.65	0.648919	1075	149
0.58/0.65	0.64953	1074	153
0.58/0.65	0.649803	1073	155
0.58/0.65	0.650021	1071	157
0.58/0.65	0.650291	1070	159
0.58/0.65	0.650765	1066	164
0.58/0.65	0.651	1065	166
0.58/0.65	0.65192	1064	171
0.58/0.65	0.652429	1063	176
0.58/0.65	0.652888	1062	179
0.58/0.65	0.653342	1059	181
0.58/0.65	0.653878	1057	186
0.58/0.65	0.654938	1055	197
0.58/0.65	0.656281	1053	204
0.58/0.66	0.658125	1051	220
0.58/0.66	0.658536	1050	224
0.58/0.66	0.659527	1047	232
0.58/0.66	0.66011	1046	239
0.58/0.66	0.660395	1045	242
0.58/0.66	0.661447	1044	248
0.58/0.66	0.66253	1042	255
0.58/0.66	0.663972	1040	264
0.58/0.66	0.66457	1039	270
0.58/0.66	0.665251	1038	278
0.58/0.66	0.66573	1036	283
0.58/0.67	0.666809	1035	294
0.58/0.67	0.667793	1034	305
0.58/0.67	0.670068	1029	330
0.58/0.67	0.670488	1027	334
0.58/0.67	0.670721	1026	336
0.58/0.67	0.672739	1024	350
0.58/0.67	0.675271	1021	376
0.58/0.68	0.677394	1019	390
0.58/0.68	0.677838	1017	395
0.58/0.68	0.680071	1015	417
0.58/0.68	0.680682	1014	424
0.58/0.68	0.682061	1013	438
0.58/0.68	0.683139	1012	446
0.58/0.68	0.683432	1011	448
0.58/0.68	0.684379	1009	457
0.58/0.68	0.686617	1007	478
0.58/0.69	0.687694	1006	486
0.58/0.69	0.689572	1004	503
0.58/0.69	0.69014	1003	507
0.58/0.69	0.692369	1002	526
0.58/0.69	0.692741	1001	529
0.58/0.69	0.694538	1000	543
0.58/0.69	0.694892	999	546
0.58/0.69	0.695495	997	552
0.58/0.69	0.696017	996	558
0.68/0.70	0.697059	994	568
0.68/0.70	0.698191	993	578
0.68/0.70	0.702781	990	621
0.68/0.70	0.70472	988	640
0.68/0.70	0.705001	987	643
0.68/0.71	0.707553	985	673
0.68/0.71	0.711767	982	715
0.68/0.71	0.712054	980	718
0.68/0.71	0.713131	979	729
0.68/0.71	0.713574	978	733
0.68/0.71	0.714796	977	748
0.68/0.72	0.721158	976	803
0.68/0.72	0.723808	975	832
0.68/0.72	0.726363	974	857
0.68/0.73	0.728072	973	872
0.68/0.73	0.729532	971	886
0.68/0.74	0.739833	969	953
0.68/0.74	0.740974	968	962
0.68/0.74	0.741692	967	968
0.68/0.75	0.749902	965	1033
0.68/0.75	0.75066	964	1042
0.68/0.75	0.751478	962	1049
0.68/0.75	0.756331	960	1089
0.68/0.76	0.759346	958	1120
0.68/0.77	0.767823	956	1188
0.68/0.77	0.774824	954	1238
0.68/0.78	0.777288	953	1265
0.68/0.78	0.779888	952	1286
0.68/0.78	0.782521	951	1312
0.68/0.78	0.783585	948	1326
0.68/0.78	0.784031	947	1330
0.68/0.79	0.796344	946	1431
0.78/0.81	0.813937	945	1557
0.78/0.81	0.815221	943	1568
0.78/0.82	0.81788	941	1595
0.78/0.82	0.821391	939	1630
0.78/0.83	0.828287	937	1688
0.78/0.83	0.828532	936	1690
0.78/0.83	0.835827	935	1756
0.78/0.83	0.836034	934	1758
0.78/0.85	0.849593	932	1873
0.78/0.89	0.890432	930	2147
0.88/0.92	0.917273	929	2386
0.88/0.95	0.951231	927	2567
0.88/0.95	0.951428	926	2569
0.88/0.95	0.954331	925	2601
0.88/0.95	0.955318	924	2610
0.88/0.98	0.984747	922	2809
0.88/0.99	0.994985	921	2886
1.00/1.08	1.08252	919	3321
1.00/1.09	1.0955	917	3430
1.10/1.13	1.13105	914	3699
1.10/1.14	1.1369	913	3754
1.10/1.14	1.13924	912	3771
1.10/1.15	1.15666	910	3896
1.10/1.16	1.15771	909	3906
1.18/1.23	1.23007	906	4318
1.18/1.26	1.261	905	4498
1.28/1.30	1.29824	904	4778
1.28/1.30	1.29923	903	4790
1.28/1.47	1.47437	898	5720
1.28/1.55	1.55096	896	6279
1.88/1.96	1.96016	895	8436
1.88/1.96	1.96344	893	8460
2.09/2.12	2.12274	890	9247
2.19/2.24	2.23767	888	9883
2.19/2.24	2.24167	887	9922
2.19/2.27	2.2697	886	10080
2.59/2.84	2.84301	884	12937
2.59/2.85	2.84756	883	12971
2.93/2.98	2.98402	881	13758
2.93/2.98	2.98466	880	13764
2.99/3.02	3.01996	879	14004
2.99/3.03	3.0292	878	14011
3.19/3.29	3.28901	877	15032
3.39/3.42	3.41832	876	15707
3.39/3.42	3.42449	875	15745
4.29/4.33	4.33088	873	19994
5.39/5.40	5.3971	872	23919
5.49/5.73	5.72743	871	25573
6.99/7.10	7.10373	870	31519
7.89/7.95	7.94822	869	35169
7.89/7.98	7.98107	868	35371
7.99/8.00	7.99938	867	35482
8.29/8.34	8.34574	865	37255
12.89/13.30	13.3021	864	56562
19.15/19.26	19.2573	863	76238
20.62/20.66	20.6585	861	82221
20.98/21.05	21.0528	860	84238
24.59/24.69	24.6936	859	97221
26.89/26.95	26.9476	858	106856
28.79/28.84	28.8443	857	115893
34.89/34.97	34.9745	856	134879
35.89/35.93	35.935	855	138619
40.28/40.32	40.3233	853	154491
40.28/40.38	40.3804	852	154789
40.28/40.39	40.3938	851	154872
48.09/48.23	48.2343	849	181663
84.49/84.53	84.5297	848	290739
85.09/85.30	85.297	847	293702
130.89/131.38	131.376	846	428296
132.29/132.82	132.816	845	434865
134.88/134.93	134.929	844	442038
139.68/139.73	139.725	843	458422
140.01/140.22	140.215	842	460948
142.79/142.93	142.931	841	472059
147.98/148.07	148.072	840	490026
149.20/149.23	149.231	838	494427
163.55/163.64	163.642	837	536948
163.55/163.66	163.662	836	537119
164.78/164.80	164.8	834	541420
177.58/177.63	177.625	833	576824
183.99/184.11	184.105	832	598709
183.99/184.16	184.157	831	599049
195.18/195.23	195.226	830	630968
195.28/195.32	195.32	829	631471
272.88/273.27	273.265	827	834729
292.08/292.14	292.135	826	895876
305.97/306.02	306.016	825	936062
311.98/312.03	312.025	824	956540
354.20/354.47	354.46	823	1047035
365.98/366.03	366.017	822	1087566
365.98/366.03	366.019	821	1087578
479.18/479.20	479.192	820	1361813
523.77/523.84	523.822	819	1482025
523.77/523.91	523.892	818	1482432
1000.03/1000.29	********Debuging CoveringArray::optimize*********
1000.03/1000.29	total size : 818
1000.03/1000.29	********End of Debuing CoveringArray::optimize********
