0.69/0.70	0.702941	1128	0
0.69/0.70	0.7038	1126	3
0.69/0.70	0.704057	1125	5
0.69/0.70	0.704435	1124	8
0.69/0.70	0.704851	1123	11
0.69/0.70	0.705238	1122	13
0.69/0.70	0.705487	1120	15
0.69/0.70	0.705945	1118	18
0.69/0.70	0.706235	1117	20
0.69/0.70	0.706762	1116	25
0.69/0.70	0.70701	1115	27
0.69/0.71	0.707339	1114	29
0.69/0.71	0.707773	1113	32
0.69/0.71	0.708068	1112	35
0.69/0.71	0.708929	1111	40
0.69/0.71	0.709483	1110	45
0.69/0.71	0.709615	1109	46
0.69/0.71	0.710338	1108	52
0.69/0.71	0.710766	1106	55
0.69/0.71	0.711103	1105	58
0.69/0.71	0.711667	1103	63
0.69/0.71	0.712407	1101	68
0.69/0.71	0.71267	1100	70
0.69/0.71	0.713033	1099	73
0.69/0.71	0.713316	1098	75
0.69/0.71	0.713553	1097	77
0.69/0.71	0.714103	1096	82
0.69/0.71	0.714484	1093	85
0.69/0.71	0.71481	1092	89
0.69/0.71	0.715185	1091	92
0.69/0.71	0.716306	1089	101
0.69/0.71	0.716755	1087	106
0.69/0.72	0.717458	1086	112
0.69/0.72	0.718204	1084	118
0.69/0.72	0.718742	1083	122
0.69/0.72	0.719286	1082	126
0.69/0.72	0.720082	1080	134
0.69/0.72	0.720812	1079	140
0.69/0.72	0.721324	1078	144
0.69/0.72	0.721634	1077	146
0.69/0.72	0.721954	1076	149
0.69/0.72	0.72291	1075	161
0.69/0.72	0.723342	1074	165
0.69/0.72	0.723848	1072	169
0.69/0.72	0.72467	1069	177
0.69/0.72	0.725355	1068	184
0.69/0.72	0.725905	1066	191
0.69/0.72	0.726417	1065	197
0.69/0.73	0.72766	1063	205
0.69/0.73	0.728479	1062	212
0.69/0.73	0.729088	1061	217
0.69/0.73	0.730115	1058	224
0.69/0.73	0.73112	1056	233
0.69/0.73	0.732267	1053	243
0.69/0.73	0.732395	1052	244
0.69/0.73	0.733663	1050	257
0.69/0.73	0.734053	1048	260
0.69/0.73	0.734836	1047	265
0.69/0.73	0.735425	1045	271
0.69/0.73	0.735861	1044	275
0.69/0.73	0.736279	1043	279
0.69/0.73	0.736939	1042	285
0.69/0.74	0.737767	1041	296
0.69/0.74	0.739711	1039	312
0.69/0.74	0.739953	1038	314
0.69/0.74	0.74059	1037	322
0.69/0.74	0.741303	1036	327
0.69/0.74	0.743185	1034	345
0.69/0.74	0.744547	1032	353
0.69/0.74	0.745449	1028	362
0.69/0.74	0.747205	1026	379
0.69/0.75	0.748547	1024	388
0.69/0.75	0.749863	1023	404
0.69/0.75	0.750458	1022	409
0.69/0.75	0.751027	1021	415
0.69/0.75	0.751971	1020	424
0.69/0.75	0.753188	1019	433
0.69/0.75	0.754476	1018	444
0.69/0.76	0.757864	1017	462
0.69/0.76	0.759222	1016	476
0.69/0.76	0.760224	1015	481
0.69/0.76	0.76076	1014	488
0.69/0.76	0.761647	1013	494
0.69/0.76	0.762278	1012	502
0.69/0.76	0.762901	1011	508
0.69/0.76	0.763549	1010	516
0.69/0.76	0.765497	1009	534
0.69/0.76	0.766139	1008	542
0.69/0.77	0.769083	1006	564
0.69/0.77	0.769661	1005	571
0.69/0.77	0.770129	1004	576
0.69/0.77	0.771693	1003	591
0.69/0.77	0.773572	1000	609
0.69/0.77	0.774204	999	615
0.69/0.77	0.774693	998	620
0.69/0.77	0.77627	996	635
0.69/0.78	0.778174	994	658
0.69/0.78	0.778638	993	664
0.69/0.78	0.779031	992	668
0.69/0.78	0.7792	991	669
0.69/0.78	0.780752	989	683
0.69/0.78	0.781983	988	697
0.69/0.78	0.783987	987	717
0.69/0.78	0.784948	986	725
0.69/0.79	0.787329	984	748
0.69/0.79	0.790162	982	781
0.69/0.79	0.790991	981	789
0.69/0.79	0.793318	980	814
0.69/0.79	0.794327	979	826
0.79/0.80	0.800725	976	881
0.79/0.80	0.801342	975	886
0.79/0.80	0.803854	974	907
0.79/0.80	0.804392	973	911
0.79/0.80	0.80507	972	916
0.79/0.80	0.806167	971	928
0.79/0.80	0.806944	970	935
0.79/0.81	0.808285	969	944
0.79/0.81	0.809211	968	948
0.79/0.81	0.810789	967	967
0.79/0.81	0.811378	966	972
0.79/0.81	0.812834	965	982
0.79/0.81	0.814796	964	996
0.79/0.81	0.815757	962	1004
0.79/0.82	0.825212	960	1091
0.79/0.83	0.836512	959	1195
0.79/0.84	0.839174	958	1221
0.79/0.84	0.842068	956	1254
0.79/0.84	0.843071	955	1265
0.79/0.84	0.844484	954	1275
0.79/0.84	0.845139	953	1282
0.79/0.85	0.848359	951	1305
0.79/0.85	0.850187	950	1327
0.79/0.86	0.865539	949	1471
0.79/0.86	0.865864	948	1474
0.79/0.86	0.867202	946	1487
0.79/0.87	0.87142	945	1537
0.79/0.87	0.873636	943	1565
0.79/0.88	0.882207	941	1641
0.79/0.88	0.88417	940	1661
0.79/0.89	0.897126	939	1765
0.89/0.90	0.90155	937	1807
0.89/0.91	0.907887	935	1855
0.89/0.92	0.921967	934	1965
0.89/0.92	0.924764	933	1990
0.89/0.94	0.942943	931	2136
0.89/0.96	0.957724	928	2257
0.89/0.96	0.964653	926	2303
0.89/0.96	0.965817	925	2311
0.89/0.99	0.989916	924	2490
0.89/0.99	0.991321	923	2502
0.99/1.01	1.00888	922	2638
0.99/1.01	1.00918	921	2640
0.99/1.04	1.03913	919	2836
0.99/1.04	1.04252	916	2873
0.99/1.08	1.08444	914	3143
1.09/1.10	1.10006	913	3238
1.24/1.28	1.28227	911	3832
1.24/1.29	1.29418	910	3908
1.24/1.30	1.30155	909	3977
1.24/1.31	1.31167	908	4050
1.24/1.31	1.31443	907	4072
1.24/1.31	1.3153	906	4077
1.24/1.33	1.33368	905	4220
1.24/1.34	1.33965	903	4267
1.24/1.35	1.35517	901	4407
1.36/1.36	1.36322	900	4467
1.36/1.39	1.39382	899	4646
1.36/1.45	1.44836	898	4991
1.36/1.45	1.45036	897	5008
1.59/1.65	1.65698	896	6250
1.69/1.77	1.77164	893	6979
1.79/1.80	1.79919	892	7141
1.99/2.09	2.08796	891	8580
2.09/2.18	2.17963	890	9074
2.09/2.19	2.19675	889	9209
2.94/2.99	2.99273	888	12929
3.29/3.30	3.29797	887	14487
3.29/3.38	3.38358	885	15000
3.39/3.41	3.40762	883	15136
3.39/3.44	3.43843	881	15363
3.49/3.51	3.51651	880	15804
3.83/4.05	4.05423	878	17734
5.77/5.78	5.78669	876	25315
6.60/6.72	6.71744	875	29387
6.60/7.05	7.0557	873	31157
9.39/9.44	9.44478	871	40339
9.39/9.45	9.45084	869	40392
12.38/12.61	12.6115	868	52186
19.18/19.24	19.2405	867	74425
19.78/19.86	19.8595	865	77360
21.08/21.17	21.1672	863	83106
23.69/23.71	23.7072	861	92423
23.69/23.71	23.7093	860	92443
23.89/23.97	23.9751	858	93813
24.39/24.51	24.5089	857	96044
25.79/26.07	26.0686	856	102245
25.79/26.08	26.0842	855	102332
25.79/26.21	26.2141	854	103021
34.39/34.49	34.4941	852	128488
43.69/44.02	44.0243	851	158804
45.22/45.67	45.6721	850	165442
45.89/45.95	45.9511	849	166842
45.89/45.95	45.9514	848	166845
46.39/46.48	46.4853	847	169203
56.99/57.27	57.2698	846	204120
56.99/57.47	57.4725	845	205166
58.29/58.33	58.3276	844	208868
60.53/60.57	60.572	842	217485
62.11/62.19	62.1896	841	224015
63.62/63.68	63.6847	840	230726
65.49/65.56	65.5584	837	238260
65.49/65.59	65.5919	836	238473
93.69/93.78	93.777	835	320974
183.68/184.25	184.246	834	488871
391.68/391.75	391.738	833	897035
391.87/391.99	391.98	832	898148
488.37/488.47	488.455	831	1181254
488.77/489.27	489.248	830	1184029
497.57/497.66	497.646	829	1214153
530.56/531.17	531.149	828	1316118
560.17/560.27	560.252	827	1392018
570.67/570.73	570.705	826	1428272
571.76/571.82	571.799	825	1432943
571.76/571.82	571.8	824	1432952
572.17/572.28	572.262	823	1434678
576.77/577.13	577.11	822	1451558
579.77/580.04	580.021	821	1461347
585.66/586.11	586.089	819	1482559
588.56/588.67	588.65	818	1490606
704.66/704.72	704.697	817	1758679
999.86/1000.30	********Debuging CoveringArray::optimize*********
999.86/1000.30	total size : 817
999.86/1000.30	********End of Debuing CoveringArray::optimize********
