0.69/0.75	0.754764	1127	0
0.69/0.75	0.754967	1126	1
0.69/0.75	0.755277	1124	3
0.69/0.75	0.755594	1122	5
0.69/0.75	0.7559	1121	8
0.69/0.75	0.756376	1119	11
0.69/0.76	0.756958	1118	14
0.69/0.76	0.757264	1117	17
0.69/0.76	0.757514	1116	19
0.69/0.76	0.758002	1114	22
0.69/0.76	0.758334	1112	25
0.69/0.76	0.758813	1108	29
0.69/0.76	0.759368	1107	33
0.69/0.76	0.759668	1106	35
0.69/0.76	0.760403	1104	41
0.69/0.76	0.76096	1103	45
0.69/0.76	0.761706	1101	50
0.69/0.76	0.762138	1100	53
0.69/0.76	0.762356	1099	55
0.69/0.76	0.762643	1098	57
0.69/0.76	0.763176	1097	61
0.69/0.76	0.763347	1096	62
0.69/0.76	0.76378	1095	66
0.69/0.76	0.764846	1092	74
0.69/0.76	0.765252	1091	77
0.69/0.76	0.765555	1090	79
0.69/0.76	0.765745	1089	80
0.69/0.76	0.766082	1088	83
0.69/0.76	0.766494	1086	85
0.69/0.77	0.76695	1085	89
0.69/0.77	0.767294	1084	92
0.69/0.77	0.767763	1083	96
0.69/0.77	0.768884	1082	104
0.69/0.77	0.770253	1079	114
0.69/0.77	0.77099	1078	118
0.69/0.77	0.771175	1076	119
0.69/0.77	0.77183	1074	124
0.69/0.77	0.772422	1070	127
0.69/0.77	0.773285	1069	132
0.69/0.77	0.773791	1068	136
0.69/0.77	0.774034	1067	138
0.69/0.77	0.774521	1066	141
0.69/0.77	0.775042	1064	144
0.69/0.77	0.775557	1063	147
0.69/0.77	0.776239	1061	152
0.69/0.78	0.77704	1060	160
0.79/0.80	0.798973	1059	163
0.79/0.80	0.799243	1058	165
0.79/0.80	0.799499	1057	167
0.79/0.80	0.800023	1056	171
0.79/0.80	0.80125	1055	178
0.79/0.80	0.801522	1054	180
0.79/0.80	0.801992	1052	184
0.79/0.80	0.80264	1051	190
0.79/0.80	0.803439	1050	197
0.79/0.80	0.803755	1048	199
0.79/0.80	0.805885	1044	218
0.79/0.81	0.806923	1043	228
0.79/0.82	0.817459	1041	242
0.79/0.82	0.818268	1040	250
0.79/0.82	0.819261	1039	260
0.79/0.82	0.820529	1038	275
0.79/0.82	0.821295	1037	285
0.79/0.82	0.823892	1034	305
0.79/0.82	0.824497	1032	311
0.79/0.82	0.825004	1031	314
0.79/0.82	0.82558	1030	320
0.79/0.83	0.828062	1029	339
0.79/0.83	0.828845	1027	347
0.79/0.83	0.829245	1026	350
0.79/0.83	0.830055	1025	358
0.79/0.83	0.830682	1023	364
0.79/0.83	0.831776	1021	375
0.79/0.83	0.832398	1020	381
0.79/0.83	0.835328	1017	410
0.79/0.84	0.836893	1015	425
0.79/0.85	0.846934	1012	488
0.79/0.85	0.8498	1011	518
0.79/0.85	0.850391	1010	524
0.79/0.85	0.851686	1009	540
0.79/0.85	0.852507	1007	547
0.79/0.85	0.854038	1006	566
0.79/0.85	0.854386	1005	568
0.79/0.85	0.854789	1004	572
0.79/0.86	0.858297	1001	608
0.79/0.86	0.859913	1000	625
0.79/0.86	0.861048	999	637
0.79/0.86	0.862973	998	659
0.79/0.86	0.86362	996	665
0.79/0.86	0.864077	994	670
0.79/0.86	0.86483	992	678
0.79/0.87	0.86722	991	703
0.79/0.87	0.86939	989	724
0.79/0.87	0.871141	988	743
0.79/0.87	0.872379	987	758
0.79/0.87	0.873997	986	771
0.79/0.87	0.874842	984	779
0.79/0.87	0.87553	983	787
0.79/0.87	0.876253	982	792
0.79/0.87	0.876545	981	794
0.79/0.88	0.877591	979	804
0.79/0.88	0.878686	978	816
0.79/0.88	0.884197	977	861
0.79/0.89	0.887162	976	890
0.79/0.89	0.888159	975	898
0.79/0.89	0.888807	974	902
0.79/0.89	0.889707	973	911
0.79/0.89	0.891872	971	931
0.79/0.89	0.893245	970	943
0.79/0.89	0.894044	968	950
0.79/0.89	0.894717	967	955
0.79/0.89	0.895973	966	965
0.79/0.90	0.897921	965	986
0.89/0.90	0.902703	963	1029
0.89/0.90	0.903428	962	1036
0.89/0.90	0.904371	961	1045
0.89/0.92	0.91753	958	1159
0.89/0.92	0.919774	956	1178
0.89/0.92	0.922446	955	1200
0.89/0.93	0.928776	954	1243
0.89/0.93	0.931797	953	1268
0.89/0.93	0.93329	952	1280
0.89/0.93	0.934753	951	1292
0.89/0.94	0.937512	950	1326
0.89/0.94	0.938106	949	1333
0.89/0.95	0.946804	946	1411
0.89/0.95	0.947039	945	1413
0.89/0.95	0.948355	944	1430
0.89/0.95	0.949506	943	1439
0.89/0.95	0.949658	942	1440
0.89/0.95	0.950447	941	1450
0.89/0.95	0.951375	940	1461
0.89/1.00	1.00199	938	1855
0.89/1.01	1.01366	934	1949
0.89/1.01	1.01446	933	1955
0.89/1.02	1.02495	930	2041
0.89/1.02	1.02646	929	2054
0.89/1.03	1.03025	928	2083
1.03/1.04	1.04496	927	2185
1.03/1.07	1.07524	924	2356
1.03/1.11	1.11065	922	2560
1.03/1.11	1.11342	921	2583
1.03/1.15	1.14869	918	2867
1.03/1.20	1.20122	917	3184
1.29/1.35	1.3528	913	3916
1.29/1.36	1.36091	912	3981
1.29/1.36	1.36142	911	3986
1.79/1.83	1.83648	909	6538
1.79/1.88	1.87903	907	6847
1.79/1.88	1.87924	906	6849
1.89/1.92	1.92141	905	7101
2.09/2.30	2.30066	904	8969
2.09/2.31	2.31201	903	9057
2.09/2.37	2.37091	902	9407
2.09/2.38	2.38437	901	9517
2.45/2.51	2.51629	900	10207
2.59/2.60	2.60237	897	10821
2.59/2.60	2.60536	896	10842
2.59/2.64	2.64479	895	11080
2.59/2.68	2.68229	894	11301
2.69/2.73	2.72902	893	11572
2.69/2.73	2.73016	892	11578
2.69/2.74	2.74415	890	11696
3.39/3.65	3.648	889	15804
3.39/3.65	3.65009	888	15824
4.29/4.30	4.30329	884	18722
4.29/4.31	4.31279	883	18727
4.39/4.41	4.41207	881	19295
6.29/6.47	6.47218	879	27538
6.74/6.81	6.80712	872	29413
6.74/6.86	6.86529	871	29788
6.74/6.86	6.86571	870	29792
9.83/9.88	9.88031	868	39708
10.68/10.89	10.8911	867	43429
16.29/16.37	16.3752	865	63139
21.72/21.76	21.7651	864	82890
27.09/27.40	27.3967	862	101322
31.59/31.62	31.6181	861	117287
44.99/45.08	45.0794	860	160286
46.39/46.49	46.4929	859	166300
46.49/46.56	46.565	858	166690
46.49/46.58	46.5851	856	166869
85.87/85.89	85.8915	855	283353
96.49/96.50	96.4975	853	318950
112.09/112.37	112.364	852	370713
124.48/124.73	124.726	850	406263
128.38/128.49	128.49	849	419012
134.28/134.30	134.293	848	440223
134.48/134.51	134.504	846	441264
135.08/135.22	135.221	845	444854
135.98/136.03	136.023	844	448328
136.12/136.51	136.51	842	450386
150.18/150.23	150.223	840	494449
153.99/154.25	154.244	839	510177
161.49/161.89	161.883	838	538915
161.49/161.99	161.987	837	539579
171.59/171.69	171.689	836	570261
194.98/195.00	194.994	835	632856
205.98/206.49	206.49	834	670194
273.98/274.00	273.996	833	852905
277.48/277.52	277.513	832	865546
442.78/442.82	442.809	831	1278461
442.78/442.88	442.863	830	1278775
443.01/443.26	443.244	829	1280849
498.37/498.52	498.506	828	1423689
503.77/503.88	503.862	827	1441290
528.33/528.38	528.362	826	1516396
633.48/633.63	633.613	825	1739922
634.87/635.10	635.08	824	1746274
648.17/648.28	648.261	823	1785735
789.66/789.91	789.885	822	2059394
793.77/793.80	793.779	821	2073608
800.96/801.04	801.014	820	2095964
801.57/801.98	801.952	819	2099884
802.97/803.07	803.046	818	2104073
812.52/812.59	812.562	817	2135411
946.86/947.31	947.281	816	2419013
