0.59/0.65	0.649484	1135	0
0.59/0.65	0.64973	1134	1
0.59/0.65	0.649964	1133	3
0.59/0.65	0.650397	1131	6
0.59/0.65	0.65065	1130	9
0.59/0.65	0.65168	1128	16
0.59/0.65	0.652358	1127	21
0.59/0.65	0.652752	1126	24
0.59/0.65	0.653088	1125	27
0.59/0.65	0.653258	1124	28
0.59/0.65	0.653553	1121	30
0.59/0.65	0.653952	1120	32
0.59/0.65	0.654368	1119	34
0.59/0.65	0.654929	1118	41
0.59/0.65	0.655634	1115	45
0.59/0.65	0.656066	1114	49
0.59/0.65	0.65664	1112	54
0.59/0.66	0.656918	1111	57
0.59/0.66	0.657475	1110	61
0.59/0.66	0.658664	1108	67
0.59/0.66	0.659336	1106	73
0.59/0.66	0.659704	1105	76
0.59/0.66	0.660077	1103	79
0.59/0.66	0.661312	1100	89
0.59/0.66	0.661881	1099	93
0.59/0.66	0.662416	1098	97
0.59/0.66	0.66293	1095	101
0.59/0.66	0.663407	1093	104
0.59/0.66	0.66402	1091	111
0.59/0.66	0.664475	1090	115
0.59/0.66	0.66501	1088	119
0.59/0.66	0.666134	1087	128
0.59/0.66	0.666479	1086	130
0.59/0.67	0.667354	1083	138
0.59/0.67	0.667892	1081	143
0.59/0.67	0.668235	1079	145
0.59/0.67	0.668461	1078	147
0.59/0.67	0.668864	1077	151
0.59/0.67	0.66943	1075	157
0.59/0.67	0.66963	1074	159
0.59/0.67	0.670112	1072	164
0.59/0.67	0.670537	1071	167
0.59/0.67	0.671174	1070	172
0.59/0.67	0.671838	1069	177
0.59/0.67	0.672542	1068	184
0.59/0.67	0.672755	1067	186
0.59/0.67	0.67324	1064	189
0.59/0.67	0.673506	1063	192
0.59/0.67	0.674619	1062	200
0.59/0.67	0.675092	1061	204
0.59/0.67	0.675436	1060	207
0.59/0.67	0.67577	1059	210
0.59/0.67	0.676312	1057	214
0.59/0.68	0.676841	1056	221
0.59/0.68	0.677383	1054	226
0.59/0.68	0.678035	1053	232
0.59/0.68	0.678498	1052	236
0.59/0.68	0.678895	1051	240
0.59/0.68	0.67989	1050	248
0.59/0.68	0.680234	1049	251
0.59/0.68	0.680841	1048	257
0.59/0.69	0.695656	1047	264
0.59/0.69	0.696022	1046	268
0.59/0.69	0.696703	1045	275
0.69/0.70	0.697481	1043	281
0.69/0.70	0.697594	1042	282
0.69/0.70	0.699036	1040	296
0.69/0.70	0.699494	1038	300
0.69/0.70	0.699981	1035	305
0.69/0.70	0.701216	1034	314
0.69/0.70	0.702013	1033	319
0.69/0.70	0.702141	1032	320
0.69/0.70	0.702534	1030	323
0.69/0.70	0.704207	1028	340
0.69/0.70	0.7051	1027	346
0.69/0.71	0.706825	1025	361
0.69/0.71	0.70725	1023	365
0.69/0.71	0.708054	1022	373
0.69/0.71	0.709397	1021	384
0.69/0.71	0.70984	1020	389
0.69/0.71	0.71186	1019	409
0.69/0.71	0.712773	1017	418
0.69/0.71	0.713541	1015	425
0.69/0.71	0.713749	1014	427
0.69/0.71	0.714153	1013	429
0.69/0.71	0.715295	1012	440
0.69/0.71	0.715688	1011	444
0.69/0.72	0.717239	1009	458
0.69/0.72	0.71821	1008	470
0.69/0.72	0.718942	1006	478
0.69/0.72	0.719422	1005	482
0.69/0.72	0.720233	1004	489
0.69/0.72	0.72093	1003	496
0.69/0.72	0.722386	1001	507
0.69/0.72	0.726695	997	537
0.69/0.73	0.733879	996	583
0.69/0.73	0.736483	995	605
0.69/0.74	0.737219	994	612
0.69/0.74	0.737858	993	617
0.69/0.74	0.738772	992	625
0.69/0.74	0.739824	990	637
0.69/0.74	0.741213	988	656
0.69/0.74	0.741785	987	662
0.69/0.74	0.744014	986	684
0.69/0.75	0.747688	985	712
0.69/0.75	0.750245	984	730
0.69/0.75	0.751657	982	747
0.69/0.76	0.759581	980	807
0.69/0.76	0.765498	979	860
0.69/0.76	0.765846	978	863
0.69/0.77	0.768275	977	883
0.69/0.77	0.774757	975	955
0.69/0.77	0.775776	974	964
0.69/0.78	0.777084	972	974
0.69/0.78	0.777685	971	978
0.69/0.78	0.779833	969	1000
0.69/0.78	0.786392	967	1057
0.69/0.79	0.787011	966	1063
0.69/0.79	0.790297	964	1099
0.69/0.79	0.793441	963	1134
0.79/0.80	0.798922	962	1171
0.79/0.80	0.800097	961	1183
0.79/0.81	0.811119	960	1307
0.79/0.81	0.812644	959	1324
0.79/0.81	0.814641	958	1343
0.79/0.82	0.818171	957	1366
0.79/0.83	0.834737	955	1495
0.79/0.83	0.836747	954	1516
0.79/0.84	0.837446	952	1523
0.79/0.84	0.842075	951	1564
0.79/0.84	0.843588	949	1575
0.79/0.85	0.846848	948	1605
0.79/0.85	0.848575	947	1622
0.79/0.86	0.856794	946	1681
0.79/0.86	0.864546	945	1753
0.79/0.87	0.866994	943	1773
0.79/0.87	0.867443	942	1777
0.88/0.90	0.903198	940	2001
0.88/0.95	0.951227	937	2278
0.88/0.96	0.958648	936	2323
0.88/0.97	0.974256	934	2434
0.98/1.01	1.01062	933	2667
1.08/1.12	1.12625	931	3397
1.08/1.13	1.12746	930	3411
1.08/1.13	1.13153	928	3443
1.08/1.24	1.2373	927	3955
1.08/1.24	1.23802	926	3959
1.08/1.28	1.28064	923	4226
1.08/1.28	1.28381	922	4251
1.08/1.35	1.34958	921	4626
1.08/1.44	1.44338	919	5076
1.59/1.61	1.60723	918	5990
1.59/1.64	1.6371	917	6191
1.78/1.83	1.8354	915	7195
1.78/1.84	1.84147	914	7242
1.78/1.84	1.84215	913	7246
1.78/1.84	1.84262	912	7250
2.82/2.85	2.85609	910	11848
2.82/2.86	2.86471	909	11921
2.82/2.91	2.90965	906	12221
3.09/3.16	3.16396	902	13580
3.09/3.18	3.18584	901	13729
3.09/3.19	3.18772	900	13745
3.79/4.26	4.25951	899	18450
4.69/4.72	4.71889	897	20429
4.89/4.99	4.98792	895	21832
5.19/5.33	5.33168	893	23418
5.76/5.81	5.80892	891	25760
6.69/7.11	7.11382	889	31399
7.58/7.68	7.68522	885	34366
8.19/8.52	8.526	884	38541
9.28/9.36	9.36351	882	42467
9.48/9.52	9.5167	880	43263
9.48/9.52	9.51801	879	43270
9.48/9.52	9.51816	878	43271
9.48/9.53	9.52931	877	43344
9.68/9.72	9.72402	875	44327
9.68/9.72	9.72549	874	44338
10.39/10.41	10.4134	872	47473
10.39/10.41	10.4137	871	47475
10.79/10.81	10.8161	870	49383
12.08/12.12	12.1233	869	54702
13.18/13.29	13.2924	868	60163
14.19/14.22	14.2212	867	64243
19.98/20.08	20.0845	866	85891
20.78/20.87	20.8738	865	89245
22.11/22.17	22.1676	864	94085
23.20/23.56	23.562	863	100108
28.78/28.82	28.8187	861	120226
28.88/29.40	29.3962	860	122782
37.79/37.82	37.8206	859	154857
37.79/38.19	38.1875	858	156657
38.49/38.55	38.5521	856	158491
38.49/38.56	38.5633	855	158562
48.99/49.07	49.0665	854	192708
53.14/53.16	53.1597	853	207018
53.99/54.28	54.2764	852	211634
57.69/57.73	57.7263	851	224031
69.89/69.97	69.9703	850	262329
72.69/72.79	72.7924	848	272230
72.79/72.82	72.8146	847	272376
72.79/72.83	72.826	846	272451
83.58/84.03	84.0299	845	308917
86.48/86.82	86.8154	843	320417
87.88/87.99	87.9853	842	325574
87.98/88.14	88.1336	841	326215
87.98/88.14	88.1339	840	326217
87.98/88.14	88.1389	839	326260
97.59/97.60	97.5993	838	357267
141.18/141.28	141.271	836	488881
146.58/146.65	146.644	835	507364
153.08/153.25	153.245	834	526430
211.58/211.68	211.673	832	679901
211.78/211.82	211.812	831	680659
211.78/212.13	212.123	830	682076
212.16/212.19	212.177	829	682351
214.78/215.11	215.101	828	690471
224.98/225.25	225.24	827	713625
264.88/264.90	264.891	826	807814
430.18/430.25	430.236	825	1221602
470.87/471.08	471.058	824	1314208
470.87/471.48	471.459	823	1315699
578.56/578.68	578.661	821	1611973
659.20/659.27	659.246	820	1790215
728.66/728.77	728.739	819	1925752
922.35/922.46	922.427	818	2307282
925.89/925.95	925.911	817	2316772
