0.59/0.64	0.639144	1132	0
0.59/0.64	0.639859	1131	5
0.59/0.64	0.640013	1130	6
0.59/0.64	0.640274	1129	8
0.59/0.64	0.641284	1127	15
0.59/0.64	0.641408	1126	16
0.59/0.64	0.641703	1125	18
0.59/0.64	0.641957	1124	20
0.59/0.64	0.642604	1122	24
0.59/0.64	0.642874	1120	26
0.59/0.64	0.643078	1119	27
0.59/0.64	0.643493	1116	31
0.59/0.64	0.643974	1115	35
0.59/0.64	0.644114	1114	36
0.59/0.64	0.644255	1113	37
0.59/0.64	0.644456	1112	38
0.59/0.64	0.645303	1111	44
0.59/0.64	0.646659	1108	57
0.59/0.64	0.647342	1107	62
0.59/0.65	0.647659	1105	64
0.59/0.65	0.647797	1104	65
0.59/0.65	0.64801	1103	67
0.59/0.65	0.64891	1101	76
0.59/0.65	0.649396	1099	81
0.59/0.65	0.649742	1096	84
0.59/0.65	0.650606	1095	90
0.59/0.65	0.650869	1094	92
0.59/0.65	0.651306	1093	95
0.59/0.65	0.651853	1092	99
0.59/0.65	0.652126	1091	102
0.59/0.65	0.652395	1090	104
0.59/0.65	0.653049	1087	111
0.59/0.65	0.653487	1086	114
0.59/0.65	0.653922	1083	118
0.59/0.65	0.655037	1081	127
0.59/0.65	0.655607	1079	131
0.59/0.65	0.656151	1078	138
0.59/0.65	0.656821	1077	144
0.59/0.65	0.657178	1076	147
0.59/0.66	0.657666	1075	150
0.59/0.66	0.658232	1073	155
0.59/0.66	0.658505	1072	157
0.59/0.66	0.65892	1071	162
0.59/0.66	0.659581	1070	170
0.59/0.66	0.660964	1068	180
0.59/0.66	0.661693	1066	187
0.59/0.66	0.662507	1064	194
0.59/0.66	0.663057	1063	197
0.59/0.66	0.663677	1062	202
0.59/0.66	0.664083	1061	205
0.59/0.66	0.664252	1060	207
0.59/0.66	0.665596	1058	220
0.59/0.66	0.66663	1055	230
0.59/0.66	0.666832	1054	232
0.59/0.66	0.667508	1053	239
0.59/0.67	0.668605	1049	251
0.59/0.67	0.668976	1048	255
0.59/0.67	0.669178	1047	257
0.59/0.67	0.670075	1045	266
0.59/0.67	0.670801	1042	274
0.59/0.67	0.671895	1041	285
0.59/0.67	0.672807	1039	292
0.59/0.67	0.673369	1038	297
0.59/0.67	0.674217	1036	304
0.59/0.67	0.674638	1035	309
0.59/0.67	0.674878	1034	311
0.59/0.67	0.675968	1033	320
0.59/0.67	0.676624	1032	326
0.59/0.67	0.67746	1031	335
0.59/0.68	0.678532	1030	346
0.59/0.68	0.68022	1028	355
0.59/0.68	0.681176	1026	365
0.59/0.68	0.683945	1025	385
0.59/0.68	0.684391	1024	389
0.59/0.68	0.684863	1022	394
0.59/0.68	0.687521	1020	416
0.59/0.69	0.688617	1019	428
0.59/0.69	0.689361	1018	433
0.59/0.69	0.689997	1017	439
0.59/0.69	0.691167	1016	450
0.59/0.69	0.69129	1015	451
0.59/0.69	0.691639	1014	454
0.59/0.69	0.692119	1013	459
0.59/0.69	0.693065	1012	466
0.59/0.69	0.694003	1011	477
0.59/0.69	0.694609	1010	484
0.69/0.70	0.698241	1009	511
0.69/0.70	0.699096	1008	520
0.69/0.70	0.699544	1007	524
0.69/0.70	0.70041	1005	531
0.69/0.70	0.700818	1004	535
0.69/0.70	0.702534	1003	550
0.69/0.70	0.702764	1002	553
0.69/0.70	0.703347	1000	558
0.69/0.70	0.707436	997	585
0.69/0.71	0.708004	996	589
0.69/0.71	0.708294	995	592
0.69/0.71	0.709542	994	606
0.69/0.71	0.710197	993	613
0.69/0.71	0.714501	992	648
0.69/0.72	0.719485	991	693
0.69/0.72	0.722134	989	713
0.69/0.72	0.722913	988	720
0.69/0.72	0.723822	987	727
0.69/0.72	0.724845	986	736
0.69/0.72	0.725784	985	744
0.69/0.72	0.726243	984	747
0.69/0.73	0.728006	983	769
0.69/0.73	0.728403	982	772
0.69/0.73	0.728707	981	775
0.69/0.73	0.732707	979	811
0.69/0.73	0.735157	978	834
0.69/0.73	0.736874	976	850
0.69/0.74	0.7379	975	864
0.69/0.74	0.74286	974	911
0.69/0.75	0.747828	973	969
0.69/0.75	0.749322	972	982
0.69/0.75	0.750695	971	994
0.69/0.75	0.755103	969	1029
0.69/0.75	0.755921	968	1040
0.69/0.76	0.764058	967	1098
0.69/0.76	0.766486	966	1129
0.69/0.77	0.768365	965	1150
0.69/0.77	0.769807	964	1160
0.69/0.77	0.773558	961	1200
0.69/0.77	0.777041	960	1227
0.69/0.77	0.777304	959	1229
0.69/0.78	0.785106	956	1309
0.69/0.80	0.804527	955	1459
0.80/0.81	0.815317	954	1568
0.80/0.82	0.826809	951	1652
0.80/0.83	0.827735	950	1658
0.80/0.83	0.829915	949	1678
0.80/0.83	0.831794	948	1696
0.80/0.83	0.83335	947	1712
0.80/0.83	0.834357	946	1725
0.80/0.83	0.835015	945	1731
0.80/0.84	0.84428	944	1814
0.80/0.86	0.866798	943	1975
0.80/0.88	0.88213	942	2083
0.80/0.89	0.892291	940	2149
0.89/0.90	0.906868	939	2252
0.89/0.91	0.909978	938	2278
0.89/0.93	0.92776	937	2401
0.89/0.93	0.928069	936	2404
0.89/0.97	0.967553	933	2708
0.89/0.97	0.974475	931	2768
0.89/0.98	0.977857	930	2803
0.89/0.99	0.989848	929	2892
0.99/1.00	0.99807	928	2945
0.99/1.01	1.01249	927	3069
0.99/1.01	1.01368	926	3081
0.99/1.03	1.02755	924	3182
0.99/1.06	1.06583	923	3420
0.99/1.08	1.08383	922	3569
0.99/1.08	1.08413	921	3571
0.99/1.10	1.10482	920	3698
1.10/1.16	1.15808	917	3979
1.29/1.33	1.33525	914	5073
1.49/1.58	1.58665	912	6254
1.59/1.62	1.62045	910	6515
1.59/1.64	1.6411	908	6659
1.59/1.65	1.65415	907	6760
1.69/1.72	1.72022	905	7077
1.89/1.92	1.92106	902	8171
2.00/2.10	2.09962	899	9252
2.11/2.12	2.1223	897	9410
2.11/2.16	2.16743	896	9741
2.11/2.19	2.19701	895	9931
2.11/2.20	2.20192	894	9973
2.11/2.22	2.22493	893	10126
2.23/2.33	2.3334	890	10830
2.40/2.44	2.44099	888	11468
2.40/2.45	2.45677	887	11587
2.79/2.86	2.86143	886	13540
3.79/3.83	3.83206	885	18782
3.79/3.83	3.83711	884	18784
4.19/4.22	4.22451	883	20683
4.29/4.37	4.37413	882	21421
4.84/5.27	5.27163	880	25509
8.15/8.15	8.1499	877	36309
8.15/8.16	8.16192	876	36386
8.19/8.23	8.23063	875	36744
8.19/8.23	8.23598	874	36781
8.29/8.38	8.38392	873	37643
8.29/8.38	8.38454	872	37647
9.70/9.77	9.77572	871	43903
10.49/10.59	10.5938	869	47517
11.09/11.13	11.1294	867	50114
11.89/12.02	12.0266	866	53771
21.89/21.98	21.9861	865	86839
23.79/24.28	24.2849	863	95950
35.78/35.84	35.846	861	137090
36.49/36.59	36.5868	860	140723
50.49/50.75	50.755	859	193315
50.49/50.75	50.7561	858	193320
57.78/57.80	57.7997	857	219646
57.99/58.37	58.3739	855	222360
58.69/58.72	58.7246	854	224058
65.49/65.63	65.6317	853	247292
66.39/66.44	66.4398	850	251030
68.39/68.78	68.7791	849	260113
93.19/93.24	93.243	848	335771
94.89/94.92	94.9234	847	340946
95.09/95.11	95.1095	846	341974
116.69/116.78	116.78	845	420232
117.39/117.60	117.602	844	424016
118.79/119.02	119.014	843	430477
118.79/119.02	119.019	842	430512
119.79/119.84	119.835	841	433259
121.08/121.10	121.099	840	438133
122.68/122.77	122.77	839	444985
160.48/160.90	160.898	838	565643
161.29/161.30	161.295	836	567350
162.99/163.09	163.085	835	575174
181.39/181.78	181.774	834	628447
181.89/181.93	181.93	832	629080
182.68/182.77	182.767	831	633095
267.58/267.61	267.604	830	873953
316.58/316.90	316.896	829	1020946
322.48/322.50	322.488	828	1033836
330.08/330.20	330.197	827	1054700
398.88/398.93	398.923	826	1198868
402.47/402.52	402.505	825	1210982
408.48/408.74	408.727	824	1232267
412.98/413.43	413.415	823	1245497
415.38/415.41	415.403	822	1252511
497.08/497.10	497.083	821	1462827
