0.58/0.64	0.638392	1138	0
0.58/0.64	0.638733	1137	3
0.58/0.64	0.639169	1136	6
0.58/0.64	0.639401	1135	8
0.58/0.64	0.640129	1132	14
0.58/0.64	0.640625	1131	17
0.58/0.64	0.641035	1130	20
0.58/0.64	0.64156	1129	24
0.58/0.64	0.641746	1128	25
0.58/0.64	0.642025	1127	27
0.58/0.64	0.642485	1125	30
0.58/0.64	0.642622	1124	31
0.58/0.64	0.642842	1123	33
0.58/0.64	0.643488	1120	39
0.58/0.64	0.644367	1119	48
0.58/0.64	0.645142	1118	55
0.58/0.64	0.647075	1117	63
0.58/0.65	0.6486	1114	72
0.58/0.65	0.64895	1112	75
0.58/0.65	0.649417	1111	79
0.58/0.65	0.650055	1110	86
0.58/0.65	0.650434	1109	89
0.58/0.65	0.650657	1108	91
0.58/0.65	0.651131	1107	95
0.58/0.65	0.651607	1106	99
0.58/0.65	0.651739	1105	100
0.58/0.65	0.651919	1104	102
0.58/0.65	0.65281	1101	109
0.58/0.65	0.653096	1100	112
0.58/0.65	0.653812	1099	117
0.58/0.65	0.654254	1098	120
0.58/0.65	0.654713	1096	125
0.58/0.65	0.655064	1095	128
0.58/0.65	0.655785	1093	133
0.58/0.65	0.656017	1092	135
0.58/0.65	0.65742	1090	146
0.58/0.66	0.657889	1089	150
0.58/0.66	0.658342	1087	154
0.58/0.66	0.658762	1086	157
0.58/0.66	0.660479	1084	175
0.58/0.66	0.661017	1083	179
0.58/0.66	0.662325	1082	191
0.58/0.66	0.662555	1081	193
0.58/0.66	0.662924	1080	195
0.58/0.66	0.663361	1079	199
0.58/0.66	0.663622	1078	201
0.58/0.66	0.66391	1077	204
0.58/0.66	0.664615	1076	208
0.58/0.66	0.665269	1075	214
0.58/0.66	0.665795	1073	217
0.58/0.66	0.666662	1071	223
0.58/0.66	0.666797	1070	224
0.58/0.66	0.667128	1069	229
0.58/0.67	0.667925	1068	235
0.58/0.67	0.668687	1065	240
0.58/0.67	0.668967	1064	243
0.58/0.67	0.669742	1062	248
0.58/0.67	0.670429	1060	255
0.58/0.67	0.670776	1059	258
0.58/0.67	0.672381	1058	276
0.58/0.67	0.673334	1057	285
0.58/0.67	0.67345	1056	286
0.58/0.67	0.674267	1054	294
0.58/0.67	0.674901	1052	300
0.58/0.67	0.675092	1051	302
0.58/0.67	0.676162	1049	311
0.58/0.67	0.676374	1048	313
0.58/0.67	0.677062	1046	320
0.58/0.68	0.677792	1045	327
0.58/0.68	0.678152	1044	329
0.58/0.68	0.678406	1043	331
0.58/0.68	0.679036	1041	338
0.58/0.68	0.679406	1040	341
0.58/0.68	0.680218	1039	346
0.58/0.68	0.682424	1035	366
0.58/0.68	0.684726	1034	385
0.58/0.68	0.685611	1033	392
0.58/0.68	0.686588	1032	398
0.58/0.68	0.686727	1031	399
0.58/0.69	0.688284	1030	410
0.58/0.69	0.688783	1029	415
0.58/0.69	0.689762	1028	426
0.58/0.69	0.690446	1027	432
0.58/0.69	0.690661	1026	433
0.58/0.69	0.691086	1025	436
0.58/0.69	0.69231	1024	445
0.58/0.69	0.693466	1022	451
0.68/0.70	0.699111	1018	518
0.68/0.70	0.699544	1017	521
0.68/0.70	0.700492	1016	529
0.68/0.70	0.701391	1015	538
0.68/0.70	0.701859	1013	542
0.68/0.70	0.703956	1012	567
0.68/0.70	0.705111	1009	575
0.68/0.70	0.705796	1006	581
0.68/0.71	0.70777	1004	602
0.68/0.71	0.708525	1003	606
0.68/0.71	0.708816	1002	609
0.68/0.71	0.709422	1001	613
0.68/0.71	0.710455	1000	620
0.68/0.71	0.711028	998	625
0.68/0.71	0.711819	997	633
0.68/0.71	0.712736	996	643
0.68/0.71	0.715354	994	665
0.68/0.71	0.716977	993	680
0.68/0.72	0.717969	991	690
0.68/0.72	0.719007	990	699
0.68/0.72	0.720235	988	712
0.68/0.72	0.720597	987	716
0.68/0.72	0.724977	984	749
0.68/0.72	0.725242	983	752
0.68/0.72	0.726312	982	761
0.68/0.72	0.726828	981	767
0.68/0.73	0.729236	980	792
0.68/0.73	0.729905	978	797
0.68/0.74	0.743362	976	873
0.68/0.74	0.743565	975	875
0.68/0.74	0.745984	974	905
0.68/0.74	0.746691	973	913
0.68/0.74	0.74712	972	918
0.68/0.75	0.750627	970	949
0.68/0.75	0.754584	969	988
0.68/0.75	0.755312	968	995
0.68/0.75	0.756688	967	1009
0.68/0.76	0.758625	965	1025
0.68/0.76	0.759017	964	1028
0.68/0.76	0.761892	963	1046
0.68/0.76	0.762696	962	1055
0.68/0.76	0.763381	961	1060
0.68/0.76	0.763496	960	1061
0.68/0.77	0.775087	957	1170
0.68/0.77	0.775618	955	1176
0.68/0.79	0.788953	953	1279
0.68/0.79	0.790393	951	1290
0.79/0.80	0.800534	950	1295
0.79/0.84	0.846775	949	1589
0.79/0.85	0.848283	948	1608
0.79/0.85	0.848872	947	1612
0.79/0.85	0.849396	946	1618
0.79/0.85	0.850137	945	1626
0.79/0.85	0.851553	943	1641
0.79/0.88	0.88643	939	1898
0.79/0.89	0.888068	938	1914
0.89/0.91	0.910809	932	2108
0.89/0.92	0.919969	929	2184
0.89/0.93	0.929157	928	2252
0.89/0.93	0.929671	927	2257
0.89/0.94	0.939642	925	2339
0.89/0.95	0.951362	922	2440
0.89/0.96	0.961871	920	2536
0.89/0.99	0.993948	917	2740
0.99/1.00	1.00051	915	2806
0.99/1.04	1.04134	914	3023
0.99/1.04	1.04599	913	3061
0.99/1.05	1.04881	911	3091
0.99/1.09	1.09569	910	3470
1.09/1.10	1.10405	908	3551
1.09/1.13	1.13634	907	3766
1.09/1.15	1.14922	906	3884
1.09/1.15	1.15104	905	3896
1.09/1.15	1.15618	904	3948
1.09/1.19	1.18968	902	4229
1.39/1.49	1.48927	899	5715
1.49/1.50	1.49825	897	5804
1.79/1.83	1.83298	892	7246
1.79/1.83	1.8347	891	7262
1.79/1.84	1.84738	890	7343
1.99/2.03	2.03298	889	8232
1.99/2.05	2.0478	888	8336
2.19/2.33	2.3365	887	9884
2.79/2.86	2.86447	886	12693
3.09/3.11	3.11071	883	14132
3.19/3.29	3.29334	882	14997
3.39/3.42	3.41951	881	15577
3.61/3.63	3.62817	880	16681
4.49/4.56	4.56108	877	21685
4.49/4.56	4.56404	876	21712
4.59/4.61	4.61121	872	22023
4.79/4.83	4.83472	871	23170
4.79/4.83	4.83567	870	23177
15.29/15.61	15.6087	869	61067
15.29/15.61	15.6136	868	61102
18.19/18.73	18.7309	866	73086
18.19/18.73	18.7316	865	73091
21.19/21.81	21.8147	863	85235
22.90/23.05	23.0505	862	90651
25.59/25.64	25.6373	861	100461
33.09/33.27	33.271	860	120776
36.09/36.23	36.2332	859	131234
40.48/40.57	40.567	858	146224
43.18/43.22	43.2168	856	157496
43.18/43.23	43.2278	853	157565
56.48/56.69	56.6945	852	197102
63.89/64.24	64.2397	851	223128
64.79/64.83	64.8264	850	225856
64.79/64.83	64.8272	849	225861
67.89/67.90	67.9	848	238339
67.99/68.06	68.0593	847	239239
109.28/109.46	109.454	846	353759
109.28/109.46	109.456	845	353774
109.28/109.46	109.459	844	353791
135.88/135.91	135.904	842	430908
136.78/136.89	136.892	841	434663
137.38/137.84	137.835	840	438913
150.69/150.83	150.824	839	482945
183.77/183.79	183.787	838	570419
187.29/187.39	187.384	837	584605
235.68/235.79	235.786	836	731948
258.48/258.54	258.535	835	797229
291.27/291.70	291.693	833	889675
295.77/296.13	296.122	832	906060
313.90/313.96	313.946	830	956946
314.68/314.74	314.732	829	960401
359.18/359.55	359.54	828	1087526
482.67/483.11	483.093	827	1352200
492.07/492.16	492.143	826	1381962
492.07/492.18	492.158	825	1382062
578.26/578.80	578.782	824	1587318
579.77/579.86	579.839	823	1591531
815.16/815.46	815.429	822	2142461
836.86/836.99	836.954	821	2213754
836.96/837.05	837.017	820	2214075
995.95/996.38	996.337	818	2548550
996.51/996.58	996.539	817	2549613
