0.59/0.69	0.691143	1122	0
0.59/0.69	0.691365	1121	1
0.59/0.69	0.691806	1120	5
0.59/0.69	0.69197	1119	6
0.59/0.69	0.692566	1118	10
0.59/0.69	0.692798	1117	12
0.59/0.69	0.693333	1114	16
0.59/0.69	0.693467	1113	17
0.59/0.69	0.694402	1110	22
0.59/0.69	0.694532	1109	23
0.59/0.69	0.694783	1108	25
0.59/0.69	0.69506	1107	28
0.59/0.69	0.695582	1106	33
0.59/0.69	0.695716	1105	34
0.59/0.69	0.696109	1102	38
0.59/0.69	0.696255	1101	39
0.59/0.69	0.696691	1100	44
0.69/0.70	0.697281	1097	49
0.69/0.70	0.697885	1096	52
0.69/0.70	0.69857	1095	56
0.69/0.70	0.698903	1094	59
0.69/0.70	0.699434	1093	62
0.69/0.70	0.699631	1092	63
0.69/0.70	0.700459	1091	68
0.69/0.70	0.701188	1089	73
0.69/0.70	0.701701	1087	76
0.69/0.70	0.702277	1085	80
0.69/0.70	0.702645	1084	82
0.69/0.70	0.702815	1083	83
0.69/0.70	0.703708	1082	88
0.69/0.70	0.704146	1081	94
0.69/0.70	0.704351	1080	96
0.69/0.70	0.704807	1079	101
0.69/0.70	0.705046	1078	103
0.69/0.70	0.706009	1075	112
0.69/0.70	0.706637	1073	117
0.69/0.71	0.707158	1072	120
0.69/0.71	0.707576	1071	124
0.69/0.71	0.709425	1067	138
0.69/0.71	0.710022	1065	145
0.69/0.71	0.71046	1063	150
0.69/0.71	0.711313	1062	158
0.69/0.71	0.712175	1061	167
0.69/0.71	0.712304	1060	168
0.69/0.71	0.712739	1059	173
0.69/0.71	0.712872	1058	174
0.69/0.71	0.713458	1057	182
0.69/0.71	0.713989	1056	187
0.69/0.71	0.714121	1055	188
0.69/0.71	0.714895	1054	194
0.69/0.71	0.715666	1053	202
0.69/0.71	0.715929	1052	204
0.69/0.71	0.716544	1051	211
0.69/0.72	0.71707	1050	217
0.69/0.72	0.717261	1049	219
0.69/0.72	0.717622	1048	223
0.69/0.72	0.718985	1047	240
0.69/0.72	0.719431	1046	243
0.69/0.72	0.719994	1045	248
0.69/0.72	0.720449	1044	252
0.69/0.72	0.721117	1043	259
0.69/0.72	0.72161	1042	262
0.69/0.72	0.721939	1041	266
0.69/0.72	0.722488	1040	273
0.69/0.72	0.723491	1037	280
0.69/0.72	0.724137	1036	285
0.69/0.72	0.724636	1035	290
0.69/0.72	0.725823	1032	299
0.69/0.72	0.726378	1031	304
0.69/0.73	0.727708	1030	314
0.69/0.73	0.728552	1029	319
0.69/0.73	0.730235	1028	337
0.69/0.73	0.73076	1027	343
0.69/0.73	0.730879	1026	344
0.69/0.73	0.731028	1025	345
0.69/0.73	0.731802	1024	352
0.69/0.73	0.732756	1023	363
0.69/0.73	0.733816	1022	375
0.69/0.73	0.734899	1021	386
0.69/0.73	0.735188	1019	388
0.69/0.73	0.7366	1018	400
0.69/0.74	0.73744	1017	408
0.69/0.74	0.738668	1016	423
0.69/0.74	0.739992	1015	437
0.69/0.74	0.740331	1014	440
0.69/0.74	0.743573	1012	470
0.69/0.74	0.744568	1011	478
0.69/0.74	0.745151	1010	485
0.69/0.74	0.746449	1008	498
0.69/0.75	0.747919	1003	511
0.69/0.75	0.748897	1001	520
0.69/0.75	0.749835	1000	527
0.69/0.75	0.753498	998	569
0.69/0.75	0.755402	995	587
0.69/0.75	0.756661	994	600
0.69/0.76	0.757317	993	604
0.69/0.76	0.757497	992	605
0.69/0.76	0.758159	991	612
0.69/0.76	0.7623	989	649
0.69/0.76	0.763687	988	665
0.69/0.76	0.764081	987	669
0.69/0.78	0.778468	985	771
0.69/0.78	0.779373	984	781
0.69/0.78	0.779984	983	787
0.69/0.78	0.78071	982	795
0.69/0.78	0.783464	980	821
0.79/0.80	0.804057	977	899
0.79/0.81	0.815404	976	970
0.79/0.82	0.818726	973	998
0.79/0.82	0.822725	972	1034
0.79/0.82	0.824077	971	1048
0.79/0.82	0.824686	970	1055
0.79/0.84	0.838369	967	1100
0.79/0.85	0.855069	964	1199
0.79/0.85	0.855542	963	1203
0.79/0.87	0.867242	962	1292
0.79/0.87	0.868267	961	1301
0.79/0.87	0.871123	960	1325
0.79/0.88	0.881614	958	1409
0.79/0.88	0.885976	957	1444
0.79/0.89	0.88863	955	1467
0.79/0.89	0.894078	953	1512
0.89/0.90	0.898796	952	1555
0.89/0.92	0.918771	948	1667
0.89/0.92	0.919065	947	1670
0.89/0.93	0.931219	946	1758
0.89/0.93	0.934408	945	1787
0.89/0.93	0.936796	944	1807
0.89/0.99	0.989962	943	2108
0.89/0.99	0.990602	942	2113
0.98/1.00	1.00245	940	2215
0.98/1.00	1.00296	939	2219
0.98/1.01	1.01062	936	2285
0.98/1.01	1.01367	935	2315
0.98/1.03	1.03329	933	2461
0.98/1.03	1.03498	931	2477
0.98/1.06	1.06169	930	2654
0.98/1.06	1.06215	929	2658
0.98/1.06	1.06465	928	2685
1.08/1.11	1.1144	924	3080
1.08/1.12	1.12142	923	3142
1.08/1.15	1.14715	922	3354
1.08/1.15	1.15092	919	3387
1.08/1.17	1.1683	918	3530
1.18/1.21	1.20809	914	3807
1.18/1.21	1.21089	913	3831
1.18/1.25	1.25503	911	4145
1.18/1.32	1.32014	909	4457
1.18/1.35	1.35074	908	4623
1.37/1.40	1.4049	907	4933
1.49/1.55	1.54832	906	5693
1.49/1.55	1.55426	905	5748
1.49/1.59	1.59388	903	6064
1.59/1.62	1.6198	902	6245
1.90/1.91	1.91188	900	7897
1.99/2.01	2.0095	896	8567
1.99/2.05	2.04957	895	8845
1.99/2.06	2.06556	893	8963
2.09/2.12	2.11987	892	9297
2.09/2.12	2.12012	891	9299
2.19/2.28	2.28295	890	10182
2.19/2.29	2.28769	889	10225
2.19/2.29	2.29427	888	10288
2.29/2.39	2.38808	886	10876
2.39/2.41	2.41505	885	11068
2.39/2.43	2.4359	884	11225
2.39/2.47	2.47313	883	11476
2.39/2.48	2.47885	882	11521
2.99/3.08	3.08359	880	14572
3.80/3.99	3.98807	879	18818
4.30/4.31	4.31658	878	20322
4.48/4.56	4.56615	877	21812
4.69/4.77	4.7734	876	22917
4.89/4.96	4.96227	875	23978
4.89/4.98	4.98207	873	24107
4.99/5.00	5.00346	872	24235
4.99/5.01	5.01004	870	24273
4.99/5.05	5.05	869	24519
6.69/6.73	6.72815	868	32008
6.69/7.03	7.03227	867	33505
8.19/8.33	8.32848	865	39251
8.19/8.41	8.41201	864	39748
8.19/8.51	8.50782	862	40324
9.19/9.24	9.23726	860	43746
9.29/9.37	9.37025	859	44461
10.89/10.98	10.9766	858	50483
11.54/11.60	11.6037	857	53059
11.54/11.61	11.6099	856	53109
11.54/11.61	11.611	855	53116
13.69/13.72	13.7176	854	60714
13.79/13.88	13.8788	853	61509
19.99/20.18	20.1811	852	81582
37.29/37.35	37.3466	851	132771
37.39/37.49	37.4944	849	133535
37.59/37.67	37.6725	848	134581
37.79/38.15	38.1462	847	136800
37.79/38.22	38.2172	846	137252
38.79/38.81	38.8099	844	139737
38.99/39.01	39.0144	842	140556
47.59/47.65	47.6533	841	165295
64.59/64.81	64.8059	840	221396
91.09/91.13	91.131	839	298960
109.29/109.56	109.557	838	358205
129.39/129.44	129.435	836	424424
134.91/135.23	135.224	835	444519
135.19/135.41	135.409	834	445512
135.89/135.90	135.894	832	447768
136.36/136.77	136.763	831	451075
136.36/136.77	136.768	830	451109
241.28/241.38	241.372	829	730020
277.88/278.20	278.191	828	827380
284.68/284.72	284.71	827	851539
316.68/317.11	317.097	826	957028
325.57/325.62	325.606	825	985645
332.98/333.07	333.061	824	1010392
332.98/333.09	333.081	823	1010516
333.08/333.10	333.087	822	1010562
347.38/347.40	347.392	821	1053813
357.18/357.40	357.386	820	1083766
370.57/371.07	371.06	819	1116975
660.06/660.14	660.122	818	1758971
680.56/680.68	680.66	817	1818323
905.85/905.96	905.925	816	2217771
