0.59/0.66	0.664394	1138	0
0.59/0.66	0.664909	1137	4
0.59/0.66	0.665229	1136	6
0.59/0.66	0.665365	1135	7
0.59/0.66	0.665814	1134	10
0.59/0.66	0.666008	1133	12
0.59/0.67	0.666588	1131	15
0.59/0.67	0.667052	1130	19
0.59/0.67	0.667172	1129	20
0.59/0.67	0.667619	1127	23
0.59/0.67	0.668039	1126	26
0.59/0.67	0.668573	1125	31
0.59/0.67	0.669017	1124	36
0.59/0.67	0.669304	1123	38
0.59/0.67	0.670268	1122	45
0.59/0.67	0.670677	1120	49
0.59/0.67	0.67101	1117	51
0.59/0.67	0.671656	1114	56
0.59/0.67	0.672107	1113	60
0.59/0.67	0.672594	1112	64
0.59/0.67	0.672711	1111	65
0.59/0.67	0.673046	1110	68
0.59/0.67	0.67366	1109	72
0.59/0.67	0.674159	1106	76
0.59/0.67	0.674294	1105	77
0.59/0.67	0.674576	1104	79
0.59/0.67	0.675055	1103	82
0.59/0.67	0.675446	1102	87
0.59/0.67	0.675813	1101	89
0.59/0.67	0.676295	1100	92
0.59/0.67	0.676532	1099	94
0.59/0.68	0.676893	1098	96
0.59/0.68	0.677438	1097	101
0.59/0.68	0.67772	1096	104
0.59/0.68	0.678234	1095	109
0.59/0.68	0.678526	1094	111
0.59/0.68	0.679194	1091	117
0.59/0.68	0.679607	1089	121
0.59/0.68	0.680128	1088	125
0.59/0.68	0.680505	1087	128
0.59/0.68	0.680794	1086	131
0.59/0.68	0.68134	1085	136
0.59/0.68	0.681738	1083	139
0.59/0.68	0.681879	1082	140
0.59/0.68	0.682181	1080	143
0.59/0.68	0.68277	1078	149
0.59/0.68	0.683873	1077	159
0.59/0.68	0.684084	1076	161
0.59/0.68	0.684485	1075	164
0.59/0.68	0.684843	1074	167
0.59/0.68	0.685505	1073	173
0.59/0.68	0.686419	1071	178
0.59/0.69	0.687276	1069	188
0.59/0.69	0.68768	1068	191
0.59/0.69	0.688074	1067	195
0.59/0.69	0.690022	1066	210
0.59/0.69	0.690863	1064	217
0.59/0.69	0.691482	1063	223
0.59/0.69	0.691908	1062	229
0.59/0.69	0.692365	1060	233
0.59/0.69	0.693294	1059	241
0.59/0.69	0.693712	1057	244
0.59/0.69	0.694062	1056	247
0.59/0.69	0.694469	1054	251
0.59/0.69	0.695495	1052	258
0.59/0.69	0.696461	1051	268
0.69/0.70	0.697148	1049	275
0.69/0.70	0.699053	1048	290
0.69/0.70	0.699695	1047	297
0.69/0.70	0.700864	1046	311
0.69/0.70	0.701736	1045	320
0.69/0.70	0.703676	1043	336
0.69/0.70	0.70453	1042	341
0.69/0.71	0.70729	1039	363
0.69/0.71	0.707639	1038	367
0.69/0.71	0.708495	1036	374
0.69/0.71	0.709407	1035	382
0.69/0.71	0.709639	1034	384
0.69/0.71	0.711889	1033	403
0.69/0.71	0.712464	1032	409
0.69/0.71	0.712848	1031	412
0.69/0.71	0.715533	1030	431
0.69/0.72	0.721351	1029	484
0.69/0.72	0.721697	1027	487
0.69/0.72	0.72265	1025	497
0.69/0.73	0.726633	1022	530
0.69/0.73	0.727733	1021	540
0.69/0.73	0.728119	1020	543
0.69/0.73	0.728585	1018	546
0.69/0.73	0.729166	1017	549
0.69/0.73	0.732236	1016	576
0.69/0.73	0.733791	1014	592
0.69/0.73	0.734334	1013	598
0.69/0.73	0.736536	1011	617
0.69/0.74	0.737614	1010	629
0.69/0.74	0.738384	1009	637
0.69/0.74	0.73998	1008	651
0.69/0.74	0.740334	1007	655
0.69/0.75	0.750945	1006	658
0.69/0.75	0.751385	1005	663
0.69/0.75	0.752658	1004	675
0.69/0.75	0.754905	1002	700
0.69/0.75	0.755361	1001	704
0.69/0.76	0.758058	1000	735
0.69/0.76	0.761285	999	774
0.69/0.76	0.762246	998	786
0.69/0.76	0.765067	997	815
0.69/0.77	0.766638	996	834
0.69/0.77	0.769381	994	854
0.69/0.77	0.770998	992	874
0.69/0.77	0.772733	990	895
0.69/0.78	0.778694	989	948
0.69/0.79	0.787914	988	1037
0.69/0.79	0.788241	987	1040
0.69/0.79	0.788867	986	1046
0.69/0.79	0.790206	985	1061
0.79/0.80	0.799916	984	1143
0.79/0.80	0.802802	983	1173
0.79/0.81	0.808767	982	1220
0.79/0.81	0.811516	981	1249
0.79/0.81	0.812691	980	1262
0.79/0.81	0.815473	979	1296
0.79/0.82	0.81813	977	1317
0.79/0.82	0.81991	976	1331
0.79/0.82	0.820789	975	1340
0.79/0.82	0.821285	974	1343
0.79/0.82	0.822827	972	1359
0.79/0.82	0.824286	971	1376
0.79/0.83	0.830254	970	1440
0.79/0.83	0.831041	969	1451
0.79/0.84	0.837372	968	1510
0.79/0.85	0.847356	967	1593
0.79/0.85	0.854269	966	1655
0.79/0.85	0.855425	965	1668
0.79/0.86	0.858289	964	1690
0.79/0.86	0.859035	963	1698
0.79/0.88	0.879935	961	1861
0.79/0.88	0.886036	960	1927
0.89/0.90	0.901419	959	2030
0.89/0.90	0.905861	957	2084
0.89/0.91	0.913733	955	2153
0.89/0.91	0.915881	954	2173
0.89/0.91	0.916049	953	2174
0.89/0.92	0.918258	952	2196
0.89/0.92	0.918903	951	2200
0.89/0.92	0.923202	950	2242
0.89/0.92	0.925086	949	2260
0.89/0.93	0.927228	948	2282
0.89/0.93	0.927711	947	2287
0.89/0.93	0.928596	946	2296
0.89/0.93	0.929806	945	2305
0.89/0.93	0.930135	944	2308
0.89/0.94	0.943077	943	2427
0.99/1.02	1.02575	941	2919
0.99/1.08	1.08054	939	3249
0.99/1.08	1.08195	938	3262
1.09/1.10	1.09748	935	3377
1.09/1.10	1.09926	934	3395
1.09/1.18	1.18198	931	3954
1.19/1.22	1.22429	930	4299
1.19/1.23	1.229	929	4344
1.19/1.23	1.22918	928	4345
1.19/1.26	1.25743	925	4537
1.19/1.29	1.29269	923	4816
1.29/1.30	1.30625	921	4937
1.29/1.31	1.31115	920	4989
1.29/1.32	1.31883	919	5048
1.29/1.36	1.35986	916	5318
1.29/1.37	1.37352	914	5410
1.29/1.37	1.37625	912	5437
1.29/1.38	1.37997	911	5466
1.29/1.49	1.48828	909	5991
1.29/1.49	1.49198	907	6024
1.29/1.49	1.49525	906	6049
1.29/1.51	1.51494	904	6193
1.79/1.85	1.85448	902	7741
1.79/1.85	1.85637	901	7756
2.09/2.14	2.14582	900	9520
2.09/2.19	2.18785	897	9781
2.09/2.19	2.19245	896	9821
2.59/2.79	2.79194	893	12479
2.59/2.79	2.79537	892	12507
3.08/3.12	3.12016	891	13844
3.08/3.17	3.17028	889	14136
3.89/3.96	3.96416	888	18112
3.89/3.97	3.9754	887	18217
3.89/3.98	3.97801	886	18246
4.55/4.60	4.59946	885	20910
6.89/6.94	6.94181	884	30691
6.99/7.06	7.06315	883	31285
7.99/8.09	8.09336	882	35920
8.29/8.35	8.35061	881	37367
8.29/8.38	8.3804	880	37571
8.49/9.05	9.05377	878	40193
8.49/9.05	9.05437	877	40199
10.18/10.54	10.5402	876	46017
10.89/10.99	10.9943	874	48231
10.99/11.01	11.0151	873	48361
11.49/11.71	11.7139	871	50892
14.09/14.19	14.1932	870	61138
15.59/15.68	15.6786	869	66765
19.49/19.54	19.5388	867	80833
56.02/56.07	56.0729	866	201842
59.98/60.46	60.4535	865	215268
64.39/64.90	64.901	862	232037
66.50/66.52	66.5211	861	238822
68.89/68.95	68.9509	858	248281
80.78/81.11	81.1069	856	289175
105.69/105.79	105.781	854	368714
106.50/106.53	106.522	853	372040
110.38/110.69	110.68	852	386858
116.29/116.41	116.407	850	402278
117.09/117.19	117.182	849	405933
127.69/127.73	127.722	848	437852
127.69/127.77	127.761	847	438108
175.18/175.41	175.398	846	569750
177.08/177.19	177.186	844	575532
184.58/184.66	184.656	843	601595
185.28/185.38	185.376	841	605167
185.38/185.43	185.418	840	605437
209.08/209.10	209.088	839	663645
229.38/229.40	229.387	838	725799
231.86/231.88	231.871	837	734119
273.55/273.57	273.562	836	865944
274.38/274.69	274.68	835	870511
306.77/306.84	306.829	834	971793
314.08/314.10	314.088	832	992191
338.55/338.64	338.629	831	1065387
339.58/339.90	339.884	830	1071085
339.58/340.13	340.113	829	1072210
344.78/344.86	344.843	828	1088614
501.96/502.01	501.984	827	1491977
502.17/502.28	502.263	826	1493449
502.17/502.29	502.264	825	1493458
556.67/556.75	556.727	824	1631609
712.65/712.70	712.674	823	1968681
733.65/733.72	733.691	822	2020530
827.75/828.01	827.974	821	2225445
839.15/839.28	839.248	820	2267561
855.85/856.20	856.165	819	2308219
868.45/868.56	868.522	818	2342960
995.34/995.82	995.772	817	2576953
