0.08/0.11	0.102478	420	0
0.08/0.12	0.113646	419	3
0.08/0.14	0.126792	418	4
0.08/0.15	0.14018	417	7
0.08/0.16	0.152663	416	10
0.08/0.17	0.163804	415	12
0.08/0.18	0.174263	414	14
0.18/0.20	0.185887	413	23
0.18/0.20	0.195377	412	25
0.18/0.21	0.203998	411	26
0.18/0.22	0.212907	410	30
0.18/0.23	0.222542	409	38
0.18/0.24	0.23087	408	42
0.18/0.25	0.238969	407	45
0.18/0.26	0.247494	406	50
0.18/0.27	0.258183	405	66
0.18/0.28	0.266869	404	72
0.18/0.29	0.284625	403	124
0.28/0.30	0.292756	402	127
0.28/0.32	0.307175	401	162
0.28/0.32	0.314678	400	163
999.95/1000.06	629.204	125227971	6355558
