0.09/0.28	0.280064	237	0
0.09/0.28	0.28394	236	2
0.09/0.29	0.288033	235	5
0.09/0.29	0.291876	234	7
0.09/0.29	0.29677	233	12
0.09/0.30	0.304942	232	32
0.09/0.31	0.311148	231	42
0.09/0.31	0.315528	230	44
0.09/0.32	0.320318	229	49
0.09/0.32	0.325508	228	56
0.09/0.33	0.331955	227	69
0.09/0.33	0.3365	226	73
0.09/0.35	0.355688	225	147
0.09/0.37	0.369397	224	188
0.36/0.37	0.374683	223	197
0.39/0.40	0.398344	222	277
0.39/0.41	0.409376	221	308
0.39/0.41	0.415493	220	322
0.39/0.42	0.422132	219	338
0.39/0.45	0.450794	218	437
0.39/0.48	0.484288	217	562
0.69/0.71	0.709121	216	1379
0.69/0.76	0.760295	215	1615
1000.05/1000.10	133.238	54112196	3988420
