0.16/0.31	0.180224	1128	0
0.16/0.32	0.184715	1127	2
0.16/0.32	0.18962	1126	7
0.16/0.33	0.193901	1125	8
0.16/0.33	0.198291	1124	10
0.16/0.34	0.203297	1123	11
0.16/0.34	0.20824	1122	16
0.16/0.35	0.213525	1121	24
0.16/0.35	0.219932	1120	38
0.16/0.36	0.225299	1119	46
0.16/0.37	0.232827	1118	65
0.16/0.37	0.239542	1117	80
0.16/0.38	0.246972	1116	101
0.16/0.39	0.252167	1115	108
0.16/0.39	0.257465	1114	116
0.26/0.40	0.261803	1113	118
0.26/0.40	0.267483	1112	128
0.26/0.41	0.273072	1111	138
0.26/0.41	0.279192	1110	151
0.26/0.44	0.300832	1109	259
0.26/0.44	0.30593	1108	266
0.26/0.45	0.313281	1107	286
0.26/0.45	0.318217	1106	291
0.26/0.46	0.326666	1105	318
0.26/0.48	0.342808	1104	392
0.36/0.51	0.37205	1103	545
0.36/0.57	0.438906	1102	931
0.36/0.58	0.447455	1101	959
0.46/0.64	0.503765	1100	1280
999.83/1000.16	5959216
