0.00/0.18	0.179208	1125	0
0.00/0.18	0.184626	1124	7
0.00/0.19	0.191736	1122	25
0.00/0.19	0.1972	1121	32
0.00/0.20	0.202769	1120	40
0.00/0.21	0.210475	1119	62
0.00/0.21	0.215909	1118	70
0.00/0.22	0.222096	1117	83
0.00/0.22	0.227	1116	88
0.00/0.23	0.23283	1115	97
0.00/0.24	0.24221	1114	129
0.00/0.25	0.251799	1113	162
0.00/0.26	0.25905	1112	181
0.00/0.26	0.266425	1111	200
0.00/0.27	0.274552	1110	224
0.00/0.28	0.283705	1109	254
0.00/0.28	0.288258	1108	256
0.00/0.30	0.304888	1107	332
0.00/0.31	0.309469	1106	335
0.00/0.31	0.316346	1105	351
0.00/0.32	0.325132	1104	379
0.00/0.33	0.330334	1103	385
0.00/0.34	0.343578	1102	440
0.00/0.34	0.348396	1101	445
0.00/0.45	0.453942	1100	1056
999.97/1000.02	5729214
