0.20/0.21	0.213378	1142	0
0.20/0.21	0.218077	1141	2
0.20/0.22	0.223071	1140	7
0.20/0.22	0.227381	1139	8
0.20/0.23	0.231847	1138	10
0.20/0.23	0.236135	1137	11
0.20/0.24	0.240762	1136	14
0.20/0.24	0.245373	1134	16
0.20/0.25	0.249658	1133	17
0.20/0.25	0.254437	1132	20
0.20/0.26	0.259183	1131	24
0.20/0.26	0.263644	1130	26
0.20/0.26	0.267906	1129	27
0.20/0.27	0.27233	1128	29
0.20/0.27	0.277676	1127	35
0.20/0.28	0.282934	1126	42
0.20/0.28	0.28851	1125	51
0.20/0.29	0.293258	1124	55
0.20/0.29	0.298148	1123	59
0.29/0.30	0.302556	1122	61
0.29/0.30	0.307289	1121	65
0.29/0.31	0.311514	1120	66
0.29/0.31	0.31662	1119	72
0.29/0.32	0.322371	1118	82
0.29/0.32	0.327219	1117	87
0.29/0.33	0.332446	1116	93
0.29/0.33	0.33746	1115	99
0.29/0.34	0.345564	1114	123
0.29/0.35	0.350066	1113	126
0.29/0.35	0.354556	1112	129
0.29/0.36	0.362432	1111	152
0.29/0.37	0.371094	1110	179
0.29/0.38	0.379145	1109	202
0.29/0.38	0.383324	1108	203
0.29/0.39	0.391702	1107	229
0.29/0.39	0.397482	1106	240
0.39/0.40	0.405038	1105	262
0.39/0.42	0.427411	1104	371
0.39/0.45	0.449614	1103	482
0.39/0.45	0.456394	1102	498
0.39/0.46	0.463463	1101	516
0.49/0.56	0.5655	1100	1114
999.97/1000.02	5831515
