0.00/0.17	0.177876	1123	0
0.00/0.18	0.183079	1122	6
0.00/0.19	0.18882	1121	16
0.00/0.19	0.193691	1120	21
0.00/0.20	0.199068	1119	29
0.00/0.20	0.203527	1118	31
0.00/0.20	0.207739	1117	32
0.00/0.21	0.213244	1116	41
0.00/0.22	0.222604	1115	72
0.00/0.23	0.231871	1114	104
0.00/0.23	0.237749	1113	114
0.00/0.24	0.242575	1112	119
0.00/0.25	0.255671	1111	172
0.00/0.26	0.260267	1110	175
0.00/0.26	0.265631	1109	182
0.00/0.27	0.273535	1108	206
0.00/0.28	0.285888	1107	256
0.00/0.29	0.290686	1106	260
0.00/0.29	0.297082	1105	275
0.00/0.30	0.302191	1104	281
0.00/0.31	0.311727	1103	314
0.00/0.36	0.360075	1102	588
0.00/0.52	0.524209	1101	1554
0.60/0.62	0.618514	1100	2073
999.95/1000.03	5765275
