0.11/0.18	0.179703	1132	0
0.11/0.19	0.18412	1131	1
0.11/0.19	0.190094	1130	12
0.19/0.20	0.195468	1129	19
0.19/0.21	0.204663	1128	50
0.19/0.21	0.209659	1127	54
0.19/0.22	0.215289	1126	62
0.19/0.22	0.220085	1125	64
0.19/0.23	0.229142	1124	93
0.19/0.23	0.233393	1123	94
0.19/0.24	0.237617	1122	95
0.19/0.24	0.242175	1121	97
0.19/0.25	0.246741	1120	100
0.19/0.26	0.256009	1119	125
0.19/0.26	0.260259	1118	126
0.19/0.27	0.267824	1117	146
0.19/0.28	0.273685	1116	156
0.19/0.28	0.279149	1115	164
0.19/0.29	0.286095	1114	182
0.19/0.29	0.290287	1113	183
0.29/0.30	0.296812	1112	197
0.29/0.30	0.303543	1111	212
0.29/0.33	0.32541	1110	317
0.29/0.34	0.333939	1109	344
0.29/0.35	0.349356	1108	413
0.29/0.37	0.368789	1107	507
0.39/0.40	0.398255	1106	660
0.39/0.42	0.418305	1105	757
0.39/0.44	0.434698	1104	831
0.39/0.46	0.458742	1103	953
0.39/0.48	0.478491	1102	1049
0.58/0.60	0.596462	1101	1736
0.58/0.68	0.68339	1100	2237
999.64/1000.03	5637095
