0.10/0.17	0.177268	1124	0
0.10/0.18	0.182739	1123	8
0.10/0.18	0.18715	1122	10
0.10/0.19	0.191524	1121	12
0.10/0.19	0.195914	1120	14
0.20/0.20	0.201651	1119	23
0.20/0.21	0.208716	1118	41
0.20/0.21	0.214886	1116	54
0.20/0.22	0.220299	1115	62
0.20/0.22	0.226211	1114	72
0.20/0.23	0.23347	1113	92
0.20/0.23	0.237671	1112	93
0.20/0.24	0.244063	1111	106
0.20/0.25	0.250099	1110	118
0.20/0.25	0.255575	1109	126
0.20/0.26	0.2656	1108	163
0.20/0.28	0.281666	1107	237
0.20/0.29	0.290091	1106	263
0.20/0.29	0.297364	1105	283
0.30/0.30	0.307407	1104	320
0.30/0.34	0.341835	1103	502
0.30/0.38	0.378925	1102	701
0.30/0.38	0.386176	1101	716
0.40/0.41	0.414766	1100	846
999.82/1000.02	5664563
