0.19/0.21	0.213636	1127	0
0.19/0.22	0.221193	1126	16
0.19/0.23	0.234493	1125	63
0.19/0.24	0.241011	1124	74
0.19/0.24	0.245699	1123	75
0.19/0.25	0.256101	1122	106
0.19/0.26	0.260946	1121	108
0.19/0.26	0.267404	1120	119
0.19/0.28	0.281692	1119	171
0.19/0.29	0.287592	1118	179
0.19/0.29	0.293143	1117	185
0.29/0.30	0.304726	1116	224
0.29/0.31	0.310323	1114	230
0.29/0.32	0.318886	1113	253
0.29/0.32	0.326006	1112	268
0.29/0.33	0.334382	1111	290
0.29/0.35	0.353847	1110	369
0.29/0.36	0.35949	1109	376
0.29/0.38	0.386202	1108	498
0.39/0.40	0.398229	1107	537
0.39/0.40	0.40642	1106	557
0.39/0.41	0.41277	1105	568
0.39/0.43	0.436749	1104	676
0.39/0.45	0.454684	1103	751
0.39/0.53	0.530066	1102	1145
0.39/0.60	0.605113	1101	1540
0.39/0.83	0.834899	1100	2825
999.86/1000.03	5886093
