0.12/0.18	0.187862	1130	0
0.12/0.19	0.192762	1129	4
0.20/0.20	0.198577	1128	14
0.20/0.20	0.204165	1127	23
0.20/0.21	0.209945	1126	33
0.20/0.21	0.214192	1125	34
0.20/0.22	0.220381	1124	46
0.20/0.22	0.224961	1123	48
0.20/0.23	0.22972	1122	52
0.20/0.23	0.235406	1121	61
0.20/0.24	0.240669	1120	68
0.20/0.24	0.246	1119	75
0.20/0.25	0.251262	1118	81
0.20/0.25	0.256934	1117	90
0.20/0.26	0.264388	1116	109
0.20/0.27	0.26859	1115	110
0.20/0.27	0.275538	1114	128
0.20/0.28	0.280544	1113	134
0.20/0.29	0.288337	1112	156
0.30/0.30	0.301487	1111	211
0.30/0.30	0.305671	1110	212
0.30/0.31	0.311372	1109	221
0.30/0.32	0.326468	1108	287
0.30/0.33	0.333007	1107	303
0.30/0.34	0.339699	1106	319
0.30/0.34	0.345078	1105	326
0.30/0.35	0.354393	1104	357
0.30/0.36	0.366924	1103	408
0.30/0.37	0.374826	1102	431
0.40/0.41	0.415855	1101	655
0.40/0.45	0.451644	1100	847
999.97/1000.02	5804185
