0.19/0.21	0.209844	1130	0
0.19/0.21	0.215252	1129	4
0.19/0.22	0.221009	1128	11
0.19/0.22	0.22742	1127	21
0.19/0.23	0.232079	1126	22
0.19/0.24	0.23768	1125	28
0.19/0.24	0.242533	1124	30
0.19/0.25	0.248173	1123	36
0.19/0.26	0.25992	1122	75
0.19/0.26	0.265284	1121	79
0.19/0.27	0.270941	1120	82
0.19/0.28	0.278929	1119	97
0.19/0.28	0.284489	1118	100
0.19/0.29	0.289663	1117	101
0.19/0.29	0.294821	1116	102
0.29/0.30	0.302211	1115	114
0.29/0.31	0.30798	1114	118
0.29/0.31	0.313336	1113	120
0.29/0.32	0.319749	1112	128
0.29/0.32	0.327022	1111	142
0.29/0.33	0.332944	1110	150
0.29/0.34	0.342824	1109	180
0.29/0.35	0.349014	1108	190
0.29/0.35	0.354128	1107	194
0.29/0.36	0.361401	1106	206
0.29/0.38	0.381852	1105	295
0.29/0.39	0.391864	1104	326
0.39/0.42	0.424376	1103	482
0.39/0.45	0.449588	1102	597
0.39/0.49	0.495774	1101	809
0.59/0.64	0.642808	1100	1657
999.66/1000.03	5757466
