0.20/0.21	0.212028	1128	0
0.20/0.21	0.217375	1127	4
0.20/0.22	0.223356	1126	11
0.20/0.23	0.230632	1125	26
0.20/0.23	0.236575	1124	34
0.20/0.24	0.241604	1123	37
0.20/0.25	0.24822	1122	47
0.20/0.25	0.253963	1121	54
0.20/0.26	0.260134	1120	63
0.20/0.26	0.266536	1119	71
0.20/0.27	0.27169	1118	72
0.20/0.28	0.279382	1117	84
0.20/0.28	0.2861	1116	93
0.30/0.30	0.298103	1115	126
0.30/0.31	0.308474	1114	152
0.30/0.31	0.315726	1113	163
0.30/0.32	0.326335	1112	191
0.30/0.33	0.332339	1111	196
0.30/0.34	0.338332	1110	201
0.30/0.35	0.353876	1109	253
0.30/0.36	0.36314	1108	273
0.30/0.37	0.371427	1107	289
0.30/0.37	0.377628	1106	295
0.40/0.40	0.403203	1105	398
0.40/0.41	0.408586	1104	403
0.40/0.44	0.438863	1103	546
0.40/0.44	0.446129	1102	562
0.40/0.47	0.475246	1101	691
0.50/0.53	0.530398	1100	972
999.95/1000.03	5821134
