0.00/0.02	0.023115	77	0
0.00/0.02	0.023287	75	1
0.00/0.02	0.023427	73	2
0.00/0.02	0.023526	72	3
0.00/0.02	0.023608	71	4
0.00/0.02	0.023752	70	6
0.00/0.02	0.023923	69	8
0.00/0.02	0.024102	68	10
0.00/0.02	0.024286	67	12
0.00/0.02	0.024596	66	16
0.00/0.02	0.02477	65	18
0.00/0.02	0.025122	64	23
0.00/0.02	0.0254	63	27
0.00/0.02	0.025564	62	29
0.00/0.03	0.026131	61	37
0.00/0.03	0.026751	60	46
0.00/0.03	0.026974	59	49
0.00/0.03	0.029011	58	82
0.00/0.04	0.036156	57	191
0.00/0.04	0.039717	56	247
0.00/0.04	0.040573	55	260
0.21/0.28	0.282587	54	3892
1.99/2.03	2.03094	53	28675
54.79/54.96	54.9534	52	731309
