0.02/0.03	0.036076	70	0
0.02/0.03	0.036287	69	1
0.02/0.03	0.036888	68	6
0.02/0.03	0.037038	67	7
0.02/0.03	0.037316	66	9
0.02/0.04	0.037917	65	15
0.02/0.04	0.038941	64	25
0.02/0.04	0.039187	63	27
0.02/0.04	0.041172	62	48
0.02/0.04	0.04141	61	50
0.02/0.04	0.043722	60	74
0.02/0.04	0.047464	59	114
0.02/0.05	0.049794	58	140
0.02/0.05	0.057521	57	223
0.10/0.14	0.137791	56	1274
0.10/0.14	0.146578	55	1389
0.20/0.25	0.24867	54	2747
0.49/0.50	0.497875	53	6033
60.49/60.58	60.579	52	836608
