0.00/0.03	0.034919	72	0
0.00/0.03	0.035252	71	2
0.00/0.03	0.035399	70	3
0.00/0.03	0.035627	69	5
0.00/0.03	0.035757	68	6
0.00/0.03	0.035886	67	7
0.00/0.03	0.036002	66	8
0.00/0.03	0.036249	65	10
0.00/0.03	0.037014	64	18
0.00/0.03	0.037248	63	20
0.00/0.04	0.038719	62	34
0.00/0.04	0.039492	61	42
0.00/0.04	0.040052	60	47
0.00/0.04	0.040538	59	51
0.00/0.04	0.042358	58	70
0.00/0.06	0.059977	57	283
0.00/0.06	0.061774	56	305
0.00/0.17	0.168048	55	1794
0.00/0.31	0.310394	54	3795
1.08/1.18	1.18073	53	16428
2.69/2.87	2.87555	52	40397
