0.00/0.02	0.022319	74	0
0.00/0.02	0.022809	73	6
0.00/0.02	0.022908	72	7
0.00/0.02	0.022997	71	8
0.00/0.02	0.023143	70	10
0.00/0.02	0.023239	69	11
0.00/0.02	0.023387	68	13
0.00/0.02	0.023475	67	14
0.00/0.02	0.02356	66	15
0.00/0.02	0.023709	65	17
0.00/0.02	0.023848	64	19
0.00/0.02	0.024009	63	21
0.00/0.02	0.024538	62	29
0.00/0.02	0.02476	61	32
0.00/0.02	0.025494	60	43
0.00/0.02	0.027529	59	75
0.00/0.02	0.028385	58	88
0.00/0.03	0.033082	57	161
0.00/0.04	0.042302	56	308
0.00/0.05	0.053294	55	484
0.30/0.37	0.375972	54	5427
1.49/1.53	1.53123	53	22363
253.16/253.23	253.225	52	3333295
