0.00/0.02	0.025154	71	0
0.00/0.02	0.025316	70	1
0.00/0.02	0.025435	69	2
0.00/0.02	0.025742	68	6
0.00/0.02	0.025992	67	9
0.00/0.02	0.026096	66	10
0.00/0.02	0.02627	65	12
0.00/0.02	0.026725	64	18
0.00/0.02	0.026926	63	20
0.00/0.02	0.027289	62	25
0.00/0.02	0.02762	61	29
0.00/0.03	0.029934	60	62
0.00/0.03	0.031064	59	78
0.00/0.03	0.031441	58	83
0.00/0.03	0.031677	57	86
0.00/0.04	0.045098	56	272
0.00/0.06	0.06465	55	550
0.18/0.19	0.190994	54	2375
0.18/0.19	0.197125	53	2460
141.79/141.80	141.798	52	1941086
