0.00/0.04	0.038286	75	0
0.00/0.04	0.038507	74	1
0.00/0.04	0.03868	73	2
0.00/0.04	0.038839	72	3
0.00/0.04	0.038977	71	4
0.00/0.04	0.039113	70	5
0.00/0.04	0.03926	69	6
0.00/0.04	0.039506	68	8
0.00/0.04	0.039789	67	10
0.00/0.04	0.040041	66	12
0.00/0.04	0.040425	65	15
0.00/0.04	0.040649	64	17
0.00/0.04	0.041568	63	25
0.00/0.04	0.042131	62	30
0.00/0.04	0.043373	61	42
0.00/0.04	0.044293	60	51
0.00/0.04	0.047232	59	80
0.00/0.05	0.050143	58	110
0.00/0.05	0.053946	57	149
0.00/0.10	0.099235	56	682
0.00/0.10	0.10473	55	754
0.00/0.11	0.111342	54	844
4.29/4.31	4.31657	53	58666
58.59/59.19	59.1905	52	812852
