0.00/0.02	0.022373	74	0
0.00/0.02	0.022511	73	1
0.00/0.02	0.022612	72	2
0.00/0.02	0.022709	71	3
0.00/0.02	0.022806	70	4
0.00/0.02	0.02291	69	5
0.00/0.02	0.023143	68	8
0.00/0.02	0.023315	67	10
0.00/0.02	0.023477	66	12
0.00/0.02	0.02379	65	16
0.00/0.02	0.02407	64	20
0.00/0.02	0.024351	63	24
0.00/0.02	0.024441	62	25
0.00/0.02	0.024788	61	30
0.00/0.02	0.025757	60	45
0.00/0.02	0.026894	59	63
0.00/0.03	0.035201	58	191
0.00/0.03	0.037958	57	234
0.00/0.04	0.046775	56	376
0.00/0.07	0.07475	55	808
0.07/0.09	0.093947	54	1110
1.01/1.01	1.01824	53	14384
75.58/76.09	76.0901	52	1022419
