0.00/0.03	0.033118	73	0
0.00/0.03	0.033387	72	2
0.00/0.03	0.033552	70	3
0.00/0.03	0.033707	69	4
0.00/0.03	0.033947	68	6
0.00/0.03	0.034059	67	7
0.00/0.03	0.034194	66	8
0.00/0.03	0.03452	65	11
0.00/0.03	0.034745	64	13
0.00/0.03	0.035313	63	18
0.00/0.03	0.035654	62	22
0.00/0.03	0.037804	61	46
0.00/0.04	0.039533	60	65
0.00/0.04	0.040034	59	70
0.00/0.04	0.04548	58	135
0.00/0.05	0.056951	57	279
0.06/0.07	0.072228	56	488
0.06/0.08	0.080833	55	610
0.20/0.29	0.292784	54	3549
0.30/0.39	0.391747	53	4887
0.30/0.39	0.393002	52	4904
734.47/734.52	734.503	51	9254139
