0.02/0.03	0.034166	72	0
0.02/0.03	0.034363	71	1
0.02/0.03	0.034511	70	2
0.02/0.03	0.034756	69	4
0.02/0.03	0.035021	68	6
0.02/0.03	0.035281	67	8
0.02/0.03	0.035955	66	15
0.02/0.03	0.036455	65	20
0.02/0.03	0.036683	64	22
0.02/0.03	0.036995	63	25
0.02/0.03	0.037365	62	28
0.02/0.04	0.039072	61	47
0.02/0.04	0.040159	60	59
0.02/0.04	0.041953	59	77
0.02/0.04	0.04349	58	93
0.02/0.05	0.053007	57	201
0.02/0.08	0.08524	56	608
0.02/0.08	0.086182	55	620
0.09/0.17	0.176498	54	1965
2.69/2.74	2.73824	53	39340
105.59/105.62	105.615	52	1428556
