0.84/0.94	0.89357	6929	0
0.94/1.04	0.995078	6928	1
1.04/1.14	1.09961	6927	7
1.04/1.28	1.23579	6926	11
1.04/1.40	1.3545	6925	19
1.04/1.52	1.46992	6924	25
1.04/1.64	1.5998	6923	53
1.70/1.76	1.71508	6922	59
1.74/1.87	1.82299	6921	60
1.84/1.97	1.92537	6920	61
1.94/2.07	2.02969	6919	62
2.04/2.19	2.14477	6918	84
2.14/2.29	2.24791	6917	87
2.34/2.40	2.35026	6916	88
2.44/2.50	2.45593	6915	95
2.54/2.61	2.56357	6914	106
2.54/2.72	2.67005	6913	115
2.54/2.82	2.77681	6912	124
2.54/2.93	2.88	6911	127
2.94/3.03	2.98566	6910	135
2.94/3.13	3.08857	6909	138
3.14/3.25	3.20434	6908	162
3.24/3.35	3.30749	6907	165
3.34/3.46	3.41136	6906	168
3.44/3.56	3.51519	6905	173
3.54/3.67	3.6234	6904	185
3.64/3.77	3.72555	6903	187
3.74/3.88	3.83294	6902	197
3.84/3.98	3.93615	6901	201
3.94/4.10	4.05181	6900	224
3.94/4.20	4.15733	6899	233
3.94/4.31	4.26826	6898	250
3.94/4.42	4.37033	6897	251
3.94/4.52	4.47418	6896	256
4.56/4.63	4.58612	6895	274
4.65/4.75	4.70925	6894	311
4.74/4.87	4.82412	6893	333
4.84/4.97	4.92834	6892	339
4.94/5.08	5.03709	6891	353
5.14/5.20	5.1572	6890	385
5.24/5.31	5.26325	6889	394
5.34/5.41	5.3667	6888	398
5.44/5.53	5.48457	6887	427
5.55/5.66	5.60033	6886	452
5.55/5.76	5.71288	6885	471
5.55/5.87	5.82222	6884	484
5.91/5.99	5.94431	6883	519
5.91/6.09	6.04511	6882	520
6.09/6.19	6.14828	6881	525
6.24/6.30	6.25079	6880	528
6.34/6.40	6.35939	6879	541
6.44/6.51	6.46438	6878	549
6.54/6.62	6.57771	6877	572
6.64/6.73	6.68187	6876	579
6.74/6.84	6.79595	6875	601
6.84/6.95	6.9048	6874	615
6.94/7.05	7.00948	6873	623
6.94/7.18	7.13165	6872	660
6.94/7.28	7.23807	6871	671
6.94/7.40	7.35252	6870	694
6.94/7.53	7.48062	6869	740
7.56/7.69	7.64372	6868	841
7.84/7.92	7.87423	6867	1051
7.94/8.06	8.01799	6866	1124
8.14/8.20	8.15675	6865	1188
8.24/8.39	8.33964	6864	1325
8.44/8.51	8.46479	6863	1368
8.44/8.67	8.6157	6862	1454
8.44/8.78	8.73134	6861	1481
8.94/9.04	8.99007	6860	1736
9.10/9.18	9.13477	6859	1811
9.34/9.47	9.42511	6858	2128
9.54/9.64	9.59389	6857	2243
9.64/9.75	9.70333	6856	2259
9.74/9.86	9.81824	6855	2285
9.84/9.97	9.92319	6854	2293
9.94/10.30	10.25	6853	2669
9.94/10.52	10.4774	6852	2874
11.14/11.27	11.2219	6851	3928
999.90/1000.08	1593263
