0.79/0.97	0.972822	6908	0
0.79/1.07	1.07623	6907	12
0.79/1.17	1.17618	6906	15
0.79/1.27	1.2733	6905	18
0.79/1.37	1.37455	6904	26
1.46/1.48	1.479	6903	39
1.50/1.58	1.58163	6902	51
1.60/1.69	1.68748	6901	68
1.69/1.79	1.79379	6900	87
1.88/1.90	1.89834	6899	102
1.88/1.99	1.99541	6898	105
2.08/2.10	2.09995	6897	119
2.18/2.20	2.1991	6896	124
2.28/2.31	2.31144	6895	152
2.28/2.42	2.42541	6894	183
2.28/2.52	2.52151	6893	184
2.28/2.63	2.62872	6892	204
2.28/2.72	2.72507	6891	205
2.28/2.83	2.82754	6890	218
2.28/2.94	2.93762	6889	243
2.98/3.04	3.0375	6888	250
3.10/3.15	3.14736	6887	275
3.20/3.25	3.24965	6886	286
3.28/3.36	3.36512	6885	319
3.38/3.46	3.46524	6884	325
3.48/3.56	3.56493	6883	333
3.59/3.66	3.66502	6882	342
3.68/3.76	3.76211	6881	345
3.78/3.86	3.86262	6880	354
3.78/3.96	3.95928	6879	357
3.78/4.09	4.09213	6878	419
3.78/4.19	4.19634	6877	434
3.78/4.29	4.2922	6876	436
3.78/4.39	4.39599	6875	451
4.48/4.51	4.50814	6874	478
4.58/4.61	4.61609	6873	499
4.70/4.72	4.72087	6872	514
4.80/4.82	4.81968	6871	520
4.89/4.96	4.96517	6870	604
5.08/5.14	5.13888	6869	730
5.18/5.24	5.23905	6868	738
5.28/5.34	5.34356	6867	753
5.40/5.46	5.4595	6866	785
5.49/5.57	5.57605	6865	822
5.68/5.71	5.71264	6864	887
5.68/5.84	5.84096	6863	935
5.91/5.94	5.93787	6862	939
6.01/6.04	6.04472	6861	959
6.08/6.15	6.14926	6860	970
6.18/6.26	6.26564	6859	1005
6.28/6.38	6.37874	6858	1036
6.48/6.53	6.52846	6857	1124
6.58/6.64	6.64593	6856	1161
6.68/6.78	6.78434	6855	1233
7.03/7.12	7.12385	6854	1627
7.42/7.45	7.45502	6853	2005
7.52/7.56	7.56577	6852	2028
8.28/8.41	8.41112	6851	3206
999.96/1000.03	1603243
