0.89/0.91	0.917522	6928	0
1.00/1.02	1.01893	6927	11
1.00/1.11	1.11575	6926	15
1.19/1.21	1.21144	6925	16
1.29/1.32	1.32733	6924	52
1.29/1.43	1.43458	6923	72
1.29/1.53	1.53354	6922	74
1.29/1.64	1.63889	6921	86
1.73/1.73	1.73547	6920	88
1.79/1.83	1.83236	6919	92
1.89/1.93	1.93048	6918	98
1.99/2.03	2.03042	6917	106
2.09/2.13	2.13786	6916	127
2.19/2.24	2.23873	6915	135
2.29/2.35	2.35083	6914	164
2.40/2.44	2.44589	6913	165
2.52/2.54	2.5434	6912	170
2.59/2.64	2.64282	6911	178
2.59/2.74	2.74198	6910	185
2.59/2.83	2.83701	6909	186
2.59/2.94	2.94501	6908	202
2.59/3.05	3.0487	6907	212
3.09/3.14	3.14764	6906	219
3.19/3.24	3.24555	6905	224
3.29/3.34	3.34517	6904	233
3.39/3.45	3.44903	6903	249
3.49/3.55	3.54894	6902	258
3.59/3.65	3.65098	6901	270
3.69/3.76	3.76001	6900	294
3.80/3.85	3.85552	6899	296
3.92/3.98	3.9802	6898	346
4.02/4.08	4.07855	6897	351
4.02/4.17	4.17619	6896	356
4.02/4.27	4.27099	6895	357
4.02/4.38	4.38102	6894	384
4.39/4.47	4.47572	6893	385
4.49/4.57	4.5763	6892	396
4.59/4.67	4.67084	6891	397
4.69/4.77	4.77715	6890	417
4.79/4.88	4.8832	6889	437
4.89/4.98	4.97909	6888	440
4.99/5.08	5.08227	6887	449
5.10/5.18	5.18147	6886	457
5.22/5.28	5.28057	6885	466
5.33/5.42	5.42373	6884	549
5.33/5.57	5.57386	6883	644
5.33/5.71	5.71281	6882	716
5.79/5.81	5.81513	6881	729
5.89/5.92	5.92308	6880	750
5.99/6.02	6.0256	6879	764
6.09/6.12	6.12786	6878	779
6.19/6.22	6.22565	6877	785
6.29/6.34	6.34374	6876	826
6.39/6.44	6.44342	6875	836
6.50/6.54	6.54043	6874	841
6.62/6.65	6.64866	6873	865
6.62/6.75	6.74863	6872	873
6.62/6.86	6.8631	6871	909
6.62/7.00	7.00166	6870	984
6.62/7.09	7.09715	6869	986
7.19/7.25	7.25603	6868	1091
7.29/7.37	7.36957	6867	1119
7.49/7.51	7.50827	6866	1186
7.59/7.61	7.61659	6865	1205
7.69/7.74	7.73907	6864	1251
7.79/7.83	7.83556	6863	1256
7.89/7.94	7.94508	6862	1283
8.00/8.07	8.07203	6861	1338
8.00/8.18	8.17844	6860	1359
8.00/8.27	8.27515	6859	1364
8.00/8.44	8.44037	6858	1481
8.51/8.59	8.59341	6857	1582
8.59/8.69	8.69563	6856	1596
8.79/8.83	8.8286	6855	1662
9.19/9.20	9.20349	6854	2120
9.39/9.41	9.41399	6853	2308
9.82/9.83	9.8327	6852	2818
10.59/10.62	10.6219	6851	3928
999.96/1000.02	1621150
