0.89/0.91	0.915219	6910	0
0.99/1.01	1.01333	6909	5
1.09/1.11	1.11071	6908	9
1.18/1.21	1.20979	6907	15
1.28/1.30	1.30566	6906	17
1.39/1.40	1.40311	6905	22
1.39/1.51	1.51514	6904	51
1.39/1.61	1.61682	6903	61
1.39/1.72	1.71939	6902	73
1.39/1.82	1.81842	6901	80
1.80/1.92	1.92379	6900	98
2.00/2.02	2.02649	6899	110
2.09/2.13	2.13684	6898	136
2.19/2.23	2.23629	6897	143
2.28/2.33	2.33573	6896	151
2.38/2.43	2.43575	6895	159
2.48/2.53	2.5316	6894	161
2.58/2.62	2.62817	6893	164
2.68/2.73	2.72875	6892	173
2.78/2.82	2.82572	6891	177
2.89/2.93	2.92942	6890	193
2.89/3.02	3.02701	6889	198
2.89/3.12	3.12798	6888	209
2.89/3.24	3.2422	6887	241
3.30/3.35	3.34885	6886	261
3.40/3.45	3.45273	6885	277
3.48/3.57	3.57312	6884	321
3.58/3.67	3.67515	6883	333
3.68/3.77	3.77066	6882	335
3.79/3.87	3.87072	6881	344
3.88/3.97	3.97691	6880	363
3.98/4.08	4.08318	6879	382
4.08/4.19	4.19293	6878	405
4.18/4.29	4.28891	6877	407
4.28/4.40	4.39827	6876	432
4.28/4.52	4.52669	6875	490
4.28/4.63	4.63657	6874	517
4.28/4.74	4.73817	6873	529
4.28/4.83	4.83387	6872	532
4.89/4.95	4.9485	6871	567
4.98/5.07	5.0733	6870	619
5.08/5.17	5.17587	6869	632
5.28/5.31	5.31541	6868	707
5.38/5.41	5.41449	6867	715
5.48/5.52	5.523	6866	740
5.58/5.62	5.62555	6865	754
5.68/5.72	5.72175	6864	756
5.68/5.82	5.81965	6863	763
5.68/5.92	5.92067	6862	775
5.68/6.06	6.06794	6861	866
5.68/6.16	6.16548	6860	873
6.26/6.28	6.27896	6859	906
6.33/6.38	6.38309	6858	925
6.48/6.54	6.54736	6857	1042
6.58/6.67	6.67482	6856	1096
6.88/6.96	6.96699	6855	1422
6.98/7.08	7.08189	6854	1457
7.08/7.19	7.19358	6853	1487
7.80/7.83	7.83119	6852	2375
7.98/8.00	8.00049	6851	2502
999.94/1000.03	1593192
