0.80/0.89	0.896438	6931	0
0.90/0.99	0.993833	6930	3
1.00/1.09	1.0954	6929	13
1.00/1.19	1.19562	6928	20
1.21/1.29	1.29418	6927	21
1.31/1.39	1.3902	6926	22
1.40/1.49	1.49036	6925	30
1.50/1.59	1.59021	6924	37
1.60/1.68	1.68676	6923	38
1.70/1.78	1.78345	6922	39
1.70/1.89	1.88986	6921	57
1.70/1.98	1.98714	6920	60
2.00/2.08	2.08648	6919	64
2.09/2.19	2.18954	6918	76
2.20/2.28	2.28592	6917	77
2.30/2.38	2.38217	6916	79
2.39/2.48	2.48529	6915	91
2.39/2.58	2.58668	6914	101
2.66/2.69	2.69267	6913	119
2.76/2.79	2.79491	6912	128
2.79/2.89	2.89702	6911	139
2.99/3.01	3.01038	6910	169
3.10/3.12	3.12121	6909	195
3.20/3.21	3.21747	6908	196
3.29/3.31	3.31674	6907	200
3.39/3.42	3.42029	6906	214
3.50/3.51	3.51615	6905	215
3.59/3.61	3.61799	6904	226
3.59/3.72	3.72133	6903	240
3.59/3.82	3.82101	6902	246
3.92/3.94	3.93884	6901	282
4.02/4.04	4.04135	6900	292
4.10/4.15	4.14995	6899	314
4.20/4.24	4.24564	6898	315
4.29/4.34	4.34629	6897	323
4.49/4.50	4.50695	6896	433
4.59/4.62	4.6206	6895	464
4.69/4.72	4.7188	6894	469
4.79/4.81	4.81579	6893	470
4.89/4.92	4.92709	6891	496
4.89/5.02	5.02372	6890	499
4.89/5.12	5.1271	6889	513
4.89/5.22	5.22765	6888	522
5.24/5.33	5.33273	6887	538
5.39/5.43	5.4331	6886	547
5.49/5.54	5.53915	6885	564
5.59/5.64	5.64594	6884	584
5.69/5.76	5.76576	6883	626
5.79/5.87	5.86843	6882	639
5.89/5.97	5.96914	6881	649
5.99/6.07	6.07676	6880	670
6.09/6.18	6.18453	6879	692
6.19/6.28	6.28202	6878	696
6.19/6.39	6.39022	6877	718
6.19/6.51	6.50948	6876	752
6.57/6.62	6.62401	6875	783
6.70/6.76	6.75843	6874	847
6.86/6.89	6.89169	6873	910
6.99/7.01	7.00905	6872	948
7.09/7.11	7.10855	6871	956
7.19/7.21	7.20884	6870	965
7.29/7.31	7.31469	6869	983
7.39/7.43	7.4295	6868	1017
7.49/7.60	7.60523	6867	1147
7.49/7.78	7.78583	6866	1277
7.49/7.90	7.90782	6865	1321
7.49/8.01	8.01284	6864	1338
8.06/8.11	8.10825	6863	1339
8.19/8.21	8.21586	6862	1361
8.29/8.36	8.35916	6861	1442
8.39/8.47	8.47111	6860	1468
8.59/8.65	8.64908	6859	1607
8.69/8.79	8.79354	6858	1690
8.89/8.95	8.95762	6857	1802
8.99/9.23	9.23057	6856	2094
9.41/9.46	9.4622	6855	2323
9.79/9.85	9.84862	6854	2792
9.99/10.04	10.041	6853	2948
10.49/10.70	10.7078	6852	3873
11.19/11.24	11.2444	6851	4592
999.97/1000.03	1581091
