0.89/0.90	0.90299	6923	0
0.99/1.00	1.00782	6922	15
1.09/1.10	1.10504	6921	18
1.19/1.21	1.21036	6920	35
1.29/1.32	1.31868	6919	56
1.39/1.42	1.41895	6918	64
1.49/1.52	1.52117	6917	75
1.60/1.61	1.61702	6916	76
1.60/1.71	1.71266	6915	77
1.60/1.81	1.81304	6914	86
1.60/1.92	1.92166	6913	108
1.60/2.02	2.01906	6912	110
2.10/2.12	2.11915	6911	118
2.19/2.21	2.21689	6910	122
2.28/2.31	2.31296	6909	124
2.38/2.41	2.41048	6908	128
2.48/2.51	2.50911	6907	132
2.58/2.60	2.60515	6906	134
2.68/2.72	2.71896	6905	166
2.78/2.82	2.82111	6904	178
2.88/2.91	2.91642	6903	179
2.88/3.01	3.01234	6902	180
3.10/3.12	3.12304	6901	207
3.19/3.22	3.21948	6900	210
3.29/3.31	3.31518	6899	212
3.39/3.42	3.42177	6898	233
3.49/3.54	3.54004	6897	271
3.58/3.63	3.6366	6896	273
3.68/3.73	3.73421	6895	277
3.78/3.83	3.83162	6894	280
3.89/3.94	3.94148	6893	305
3.98/4.05	4.05434	6892	333
4.10/4.18	4.18367	6891	390
4.20/4.28	4.27952	6890	392
4.29/4.39	4.39803	6889	432
4.38/4.49	4.49653	6888	437
4.58/4.60	4.6006	6887	453
4.69/4.70	4.70305	6886	466
4.79/4.80	4.80264	6885	475
4.79/4.90	4.90091	6884	481
4.90/4.99	4.9967	6883	482
5.08/5.10	5.1079	6882	510
5.08/5.21	5.21013	6881	523
5.08/5.31	5.31105	6880	534
5.32/5.41	5.41121	6879	544
5.48/5.56	5.56035	6878	636
5.58/5.67	5.67258	6877	666
5.68/5.77	5.77676	6876	682
5.78/5.87	5.87139	6875	683
5.88/5.97	5.97056	6874	690
5.98/6.07	6.07579	6873	708
6.18/6.28	6.28365	6872	896
6.30/6.41	6.41524	6871	958
6.30/6.56	6.56674	6870	1052
6.30/6.67	6.676	6869	1076
6.30/6.78	6.78209	6868	1096
6.89/6.91	6.91402	6867	1159
6.99/7.01	7.01121	6866	1163
7.08/7.11	7.11104	6865	1172
7.18/7.20	7.20679	6864	1174
7.48/7.53	7.53682	6863	1564
7.58/7.66	7.65817	6862	1610
7.78/7.84	7.8384	6861	1754
7.78/8.13	8.13263	6860	2085
7.78/8.27	8.2758	6859	2168
8.03/8.40	8.40193	6858	2221
8.48/8.56	8.56643	6857	2339
8.59/8.67	8.66969	6856	2355
8.79/8.82	8.8258	6855	2460
8.89/8.97	8.97655	6854	2555
10.29/10.30	10.2988	6853	4599
10.69/11.24	11.2423	6852	6011
11.69/11.75	11.7498	6851	6700
999.97/1000.02	1633619
