0.49/0.97	0.974242	6919	0
0.49/1.07	1.07332	6918	6
1.19/1.20	1.19937	6917	57
1.29/1.30	1.30265	6916	66
1.39/1.40	1.40517	6915	74
1.39/1.51	1.50964	6914	85
1.51/1.61	1.60824	6913	91
1.69/1.70	1.70389	6912	93
1.79/1.80	1.80002	6911	96
1.89/1.90	1.90621	6910	116
2.00/2.01	2.01384	6909	137
2.00/2.11	2.11075	6908	140
2.00/2.20	2.20619	6907	142
2.00/2.30	2.30342	6906	147
2.00/2.40	2.40282	6905	155
2.00/2.50	2.50136	6904	158
2.59/2.60	2.6024	6903	168
2.69/2.72	2.72117	6902	210
2.79/2.82	2.82401	6901	225
2.89/2.92	2.91895	6900	227
3.01/3.01	3.01581	6899	231
3.11/3.11	3.11248	6898	236
3.19/3.21	3.21101	6897	244
3.29/3.31	3.30799	6896	249
3.39/3.42	3.42137	6895	281
3.39/3.52	3.52137	6894	290
3.39/3.61	3.61607	6893	291
3.39/3.73	3.73635	6892	334
3.39/3.84	3.84333	6891	350
3.39/3.95	3.9502	6890	372
3.39/4.05	4.04733	6889	375
4.09/4.14	4.14468	6888	381
4.19/4.24	4.24535	6887	393
4.29/4.34	4.34601	6886	403
4.39/4.44	4.44087	6885	405
4.49/4.54	4.5448	6884	421
4.60/4.65	4.64972	6883	440
4.71/4.75	4.75109	6882	453
4.79/4.86	4.85917	6881	477
4.89/4.96	4.95927	6880	488
4.89/5.07	5.07488	6879	524
4.89/5.23	5.23167	6878	629
4.89/5.36	5.36571	6877	692
4.89/5.49	5.49652	6876	752
5.53/5.59	5.59467	6875	758
5.59/5.69	5.69523	6874	770
5.79/5.80	5.80414	6873	796
5.89/5.92	5.92433	6872	841
5.99/6.06	6.0628	6871	913
6.09/6.16	6.1604	6870	920
6.20/6.25	6.25608	6869	924
6.39/6.43	6.4304	6868	1054
6.39/6.53	6.52991	6867	1063
6.39/6.69	6.68709	6866	1171
6.39/6.80	6.79953	6865	1198
7.00/7.01	7.00809	6864	1386
7.09/7.16	7.16527	6863	1492
7.19/7.28	7.27896	6862	1525
7.39/7.42	7.41637	6861	1595
7.49/7.55	7.54695	6860	1652
7.69/7.73	7.73234	6859	1799
7.80/8.01	8.01474	6858	2098
7.80/8.12	8.12189	6857	2122
7.80/8.29	8.29559	6856	2247
8.49/8.57	8.57384	6855	2535
9.09/9.10	9.1005	6854	3236
9.29/9.31	9.31541	6853	3432
9.29/9.43	9.43041	6852	3470
9.29/9.70	9.70147	6851	3753
999.96/1000.03	1593833
