0.89/0.92	0.923049	6921	0
0.99/1.02	1.02286	6920	7
0.99/1.12	1.12309	6919	14
1.14/1.23	1.23582	6918	40
1.29/1.33	1.33252	6917	41
1.39/1.43	1.42947	6916	43
1.49/1.53	1.53225	6915	56
1.59/1.63	1.63009	6914	61
1.69/1.72	1.72593	6913	62
1.79/1.82	1.82477	6912	69
1.89/1.92	1.92169	6911	73
1.99/2.02	2.01867	6910	76
2.09/2.12	2.11799	6909	83
2.09/2.21	2.2143	6908	85
2.25/2.31	2.31009	6907	87
2.39/2.41	2.40979	6906	96
2.49/2.50	2.50476	6905	97
2.59/2.61	2.61183	6904	119
2.69/2.71	2.71381	6903	131
2.79/2.81	2.81466	6902	142
2.89/2.91	2.91279	6901	148
2.99/3.01	3.01284	6900	158
3.09/3.11	3.10846	6899	160
3.19/3.20	3.20437	6898	162
3.19/3.30	3.30387	6897	171
3.19/3.41	3.41553	6896	200
3.19/3.51	3.51088	6895	202
3.19/3.62	3.61828	6894	224
3.19/3.73	3.73256	6893	257
3.63/3.84	3.83684	6892	274
3.89/3.94	3.94033	6891	290
4.00/4.04	4.03684	6890	293
4.09/4.13	4.13235	6889	296
4.19/4.24	4.2443	6888	325
4.29/4.36	4.35932	6887	360
4.39/4.46	4.46038	6886	372
4.49/4.58	4.58378	6885	422
4.59/4.68	4.67889	6884	423
4.69/4.81	4.81266	6883	490
4.69/4.91	4.91576	6882	506
4.69/5.01	5.00994	6881	507
4.69/5.12	5.11716	6880	530
5.15/5.21	5.21358	6879	533
5.29/5.31	5.30814	6878	534
5.39/5.43	5.42912	6877	580
5.49/5.53	5.53506	6876	600
5.59/5.64	5.64507	6875	626
5.69/5.76	5.76127	6874	664
5.79/5.87	5.86856	6873	687
5.89/5.97	5.97524	6872	709
6.09/6.11	6.1091	6871	778
6.09/6.26	6.26313	6870	878
6.09/6.36	6.36329	6869	889
6.09/6.46	6.46137	6868	896
6.09/6.62	6.62037	6867	1006
6.56/6.79	6.79618	6866	1140
6.80/6.89	6.89337	6865	1146
6.89/6.99	6.98985	6864	1151
7.09/7.11	7.10668	6863	1190
7.19/7.21	7.21053	6862	1206
7.29/7.31	7.31636	6861	1227
7.39/7.41	7.4116	6860	1230
7.49/7.50	7.50565	6859	1231
7.59/7.61	7.61398	6858	1256
7.69/7.87	7.87326	6857	1526
7.69/7.97	7.97597	6856	1537
7.69/8.13	8.12882	6855	1637
8.29/8.31	8.3095	6854	1784
8.39/8.43	8.432	6853	1834
8.99/9.01	9.01563	6852	2635
11.14/11.15	11.1535	6851	5917
999.96/1000.03	1604562
