0.89/0.93	0.930423	6933	0
0.89/1.03	1.03204	6932	7
0.89/1.13	1.13366	6931	9
0.89/1.23	1.23463	6930	10
0.89/1.33	1.33651	6929	18
0.89/1.43	1.43465	6928	19
1.16/1.53	1.53552	6927	26
1.59/1.63	1.63434	6926	29
1.68/1.73	1.73421	6925	34
1.78/1.83	1.83276	6924	37
1.88/1.94	1.93742	6923	49
1.98/2.04	2.03972	6922	57
2.08/2.16	2.15785	6921	88
2.18/2.26	2.25786	6920	93
2.28/2.36	2.35736	6919	97
2.38/2.45	2.45519	6918	98
2.38/2.57	2.5673	6917	120
2.38/2.67	2.66959	6916	129
2.38/2.77	2.76833	6915	132
2.38/2.87	2.87143	6914	142
2.38/2.97	2.97558	6913	151
2.90/3.08	3.07784	6912	159
3.18/3.20	3.20346	6911	206
3.28/3.30	3.30339	6910	212
3.38/3.40	3.40177	6909	214
3.49/3.52	3.51845	6908	241
3.58/3.62	3.61963	6907	249
3.68/3.72	3.72329	6906	261
3.78/3.82	3.82206	6905	265
3.88/3.92	3.92319	6904	272
3.98/4.03	4.03185	6903	292
3.98/4.13	4.13042	6902	296
3.98/4.25	4.25267	6901	339
3.98/4.35	4.35008	6900	341
3.98/4.45	4.45164	6899	349
3.98/4.55	4.5553	6898	362
4.53/4.65	4.65674	6897	371
4.69/4.76	4.76244	6896	387
4.78/4.86	4.86574	6895	399
4.88/4.96	4.96287	6894	400
4.98/5.06	5.06251	6893	406
5.08/5.16	5.16219	6892	412
5.18/5.26	5.26126	6891	417
5.38/5.40	5.40536	6890	496
5.48/5.50	5.50609	6889	504
5.48/5.60	5.60499	6888	505
5.48/5.70	5.70146	6887	506
5.48/5.81	5.81576	6886	536
5.48/5.93	5.92822	6885	560
5.48/6.03	6.02782	6884	563
5.48/6.13	6.13359	6883	580
5.99/6.23	6.23051	6882	582
6.28/6.33	6.33373	6881	594
6.38/6.44	6.44633	6880	617
6.48/6.56	6.56456	6879	654
6.58/6.68	6.6772	6878	682
6.68/6.77	6.77533	6877	686
6.78/6.88	6.8808	6876	701
6.88/6.99	6.99366	6875	723
7.08/7.10	7.1056	6874	750
7.08/7.20	7.20331	6873	754
7.08/7.33	7.33528	6872	814
7.08/7.44	7.43787	6871	818
7.08/7.58	7.58556	6870	901
7.08/7.69	7.69036	6869	917
7.67/7.79	7.79254	6868	928
7.89/7.92	7.91889	6867	972
8.08/8.10	8.10089	6866	1105
8.18/8.20	8.20467	6865	1119
8.28/8.33	8.33517	6864	1173
8.38/8.45	8.45543	6863	1212
8.58/8.62	8.62566	6862	1323
8.68/8.78	8.78336	6861	1426
8.68/8.93	8.93188	6860	1514
8.68/9.10	9.1008	6859	1634
8.68/9.19	9.19657	6858	1635
9.11/9.36	9.36587	6857	1753
9.39/9.47	9.47688	6856	1778
9.49/9.59	9.5968	6855	1819
9.69/9.74	9.74556	6854	1908
9.89/9.90	9.90618	6853	2012
10.19/10.72	10.7172	6852	3159
10.99/11.03	11.0307	6851	3505
999.76/1000.02	1570026
