0.49/0.96	0.965541	6923	0
0.49/1.06	1.06278	6922	2
1.14/1.16	1.16607	6921	14
1.19/1.27	1.27063	6920	27
1.29/1.37	1.36943	6919	29
1.39/1.47	1.47456	6918	44
1.51/1.57	1.57262	6917	47
1.62/1.67	1.66987	6916	49
1.69/1.77	1.76915	6915	55
1.79/1.87	1.86824	6914	60
1.89/1.98	1.98599	6913	90
1.99/2.09	2.09447	6912	110
2.09/2.19	2.19165	6910	112
2.19/2.29	2.28903	6909	115
2.32/2.39	2.38911	6908	122
2.39/2.49	2.49352	6907	136
2.49/2.59	2.59436	6906	145
2.49/2.69	2.69171	6905	148
2.72/2.79	2.79605	6904	162
2.87/2.89	2.89219	6903	163
2.99/3.01	3.00809	6902	195
3.09/3.13	3.13539	6901	243
3.19/3.25	3.25233	6900	278
3.29/3.36	3.35903	6899	296
3.39/3.47	3.47353	6898	326
3.49/3.58	3.58091	6897	346
3.59/3.69	3.69232	6896	372
3.69/3.80	3.80595	6895	403
3.69/3.90	3.90416	6894	408
3.69/4.00	4.00222	6893	412
3.69/4.10	4.10078	6892	416
3.69/4.20	4.20193	6891	426
4.21/4.31	4.31564	6890	457
4.39/4.42	4.41971	6889	472
4.49/4.51	4.51684	6888	474
4.59/4.61	4.61431	6887	477
4.69/4.72	4.7226	6886	499
4.79/4.83	4.82859	6885	517
4.89/4.93	4.93124	6884	529
4.99/5.04	5.03759	6883	545
5.09/5.15	5.15444	6882	580
5.19/5.25	5.25469	6881	589
5.19/5.36	5.35927	6880	604
5.19/5.45	5.45628	6879	607
5.19/5.58	5.58124	6878	655
5.19/5.68	5.68564	6877	671
5.19/5.80	5.80288	6876	708
5.69/5.90	5.89924	6875	711
5.93/5.99	5.99498	6874	712
6.09/6.11	6.11081	6873	746
6.19/6.23	6.23363	6872	789
6.29/6.38	6.38609	6871	885
6.49/6.50	6.50345	6870	921
6.59/6.62	6.62221	6869	961
6.69/6.73	6.73355	6868	988
6.79/6.86	6.86416	6867	1046
6.79/6.96	6.96533	6866	1056
6.79/7.07	7.06885	6865	1071
6.79/7.16	7.16418	6864	1072
6.79/7.29	7.2937	6863	1129
7.39/7.41	7.40735	6862	1161
7.49/7.55	7.54774	6861	1234
7.69/7.72	7.71906	6860	1362
7.89/7.92	7.92579	6859	1549
7.99/8.06	8.06399	6858	1617
8.09/8.18	8.17957	6857	1650
8.19/8.37	8.36631	6856	1803
8.19/8.48	8.48174	6855	1837
8.19/8.63	8.62827	6854	1920
8.73/8.82	8.82554	6853	2076
8.89/8.94	8.93679	6852	2103
8.99/9.08	9.07986	6851	2183
999.98/1000.03	1574006
