0.00/0.18	0.182208	1128	0
0.00/0.19	0.186712	1127	2
0.00/0.19	0.191643	1126	7
0.00/0.20	0.195975	1125	8
0.00/0.20	0.200432	1124	10
0.00/0.21	0.204867	1123	11
0.00/0.21	0.209798	1122	16
0.00/0.22	0.215106	1121	24
0.00/0.22	0.2216	1120	38
0.00/0.23	0.227036	1119	46
0.00/0.24	0.234581	1118	65
0.00/0.24	0.241327	1117	80
0.00/0.25	0.248789	1116	101
0.00/0.26	0.254047	1115	108
0.00/0.26	0.259373	1114	116
0.00/0.27	0.263727	1113	118
0.26/0.27	0.269407	1112	128
0.26/0.28	0.275016	1111	138
0.26/0.28	0.282053	1110	151
0.29/0.31	0.303812	1109	259
0.29/0.31	0.308937	1108	266
0.29/0.32	0.31636	1107	286
0.29/0.32	0.321517	1106	291
0.29/0.33	0.330909	1105	318
0.29/0.35	0.349119	1104	392
0.29/0.39	0.38213	1103	545
0.39/0.46	0.457727	1102	931
0.39/0.47	0.46738	1101	959
0.49/0.53	0.531018	1100	1280
