0.19/0.21	0.210885	1125	0
0.19/0.21	0.216313	1124	7
0.19/0.22	0.223406	1122	25
0.19/0.23	0.228892	1121	32
0.19/0.23	0.235086	1120	40
0.19/0.24	0.243573	1119	62
0.19/0.25	0.249491	1118	70
0.19/0.25	0.256296	1117	83
0.19/0.26	0.261681	1116	88
0.19/0.27	0.267986	1115	97
0.19/0.28	0.278289	1114	129
0.19/0.29	0.288835	1113	162
0.19/0.29	0.296727	1112	181
0.19/0.30	0.304838	1111	200
0.19/0.31	0.313762	1110	224
0.19/0.32	0.323728	1109	254
0.19/0.33	0.328759	1108	256
0.32/0.34	0.347042	1107	332
0.32/0.35	0.351998	1106	335
0.32/0.36	0.359563	1105	351
0.32/0.37	0.370187	1104	379
0.32/0.37	0.37596	1103	385
0.32/0.39	0.390499	1102	440
0.32/0.39	0.395797	1101	445
0.49/0.51	0.513784	1100	1056
