0.20/0.23	0.227961	1142	0
0.20/0.23	0.23312	1141	2
0.20/0.24	0.238598	1140	7
0.20/0.24	0.243372	1139	8
0.20/0.25	0.248284	1138	10
0.20/0.25	0.253002	1137	11
0.20/0.26	0.258072	1136	14
0.20/0.26	0.263153	1134	16
0.20/0.27	0.267889	1133	17
0.20/0.27	0.273134	1132	20
0.20/0.28	0.278341	1131	24
0.20/0.28	0.283261	1130	26
0.20/0.29	0.288852	1129	27
0.20/0.29	0.293712	1128	29
0.30/0.30	0.299568	1127	35
0.30/0.30	0.305335	1126	42
0.30/0.31	0.311447	1125	51
0.30/0.31	0.316661	1124	55
0.30/0.32	0.322016	1123	59
0.30/0.32	0.32687	1122	61
0.30/0.33	0.332064	1121	65
0.30/0.33	0.336718	1120	66
0.30/0.34	0.342278	1119	72
0.30/0.35	0.348583	1118	82
0.30/0.35	0.353895	1117	87
0.30/0.36	0.359643	1116	93
0.30/0.36	0.365179	1115	99
0.30/0.37	0.374037	1114	123
0.30/0.38	0.379004	1113	126
0.30/0.38	0.383947	1112	129
0.30/0.39	0.393027	1111	152
0.40/0.40	0.403639	1110	179
0.40/0.41	0.413484	1109	202
0.40/0.42	0.418598	1108	203
0.40/0.43	0.428789	1107	229
0.40/0.43	0.435282	1106	240
0.40/0.44	0.443552	1105	262
0.40/0.47	0.468482	1104	371
0.40/0.49	0.495702	1103	482
0.49/0.50	0.504035	1102	498
0.49/0.51	0.512704	1101	516
0.60/0.63	0.629666	1100	1114
