0.00/0.23	0.230586	1123	0
0.00/0.23	0.235748	1122	6
0.00/0.24	0.241572	1121	16
0.00/0.25	0.246491	1120	21
0.00/0.25	0.251947	1119	29
0.00/0.26	0.256443	1118	31
0.00/0.26	0.26066	1117	32
0.00/0.27	0.266294	1116	41
0.00/0.27	0.275959	1115	72
0.00/0.28	0.285472	1114	104
0.00/0.29	0.29276	1113	114
0.00/0.30	0.298226	1112	119
0.00/0.31	0.311766	1111	172
0.00/0.32	0.316424	1110	175
0.00/0.32	0.322117	1109	182
0.00/0.33	0.331136	1108	206
0.00/0.34	0.345332	1107	256
0.00/0.35	0.350659	1106	260
0.00/0.36	0.357943	1105	275
0.00/0.36	0.363715	1104	281
0.00/0.37	0.374666	1103	314
0.00/0.43	0.426979	1102	588
0.59/0.60	0.597908	1101	1554
0.69/0.70	0.700999	1100	2073
