0.00/0.19	0.190771	1132	0
0.00/0.19	0.195142	1131	1
0.20/0.20	0.201153	1130	12
0.20/0.21	0.20657	1129	19
0.20/0.22	0.215798	1128	50
0.20/0.22	0.2208	1127	54
0.20/0.23	0.226238	1126	62
0.20/0.23	0.230742	1125	64
0.20/0.24	0.239835	1124	93
0.20/0.24	0.244088	1123	94
0.20/0.25	0.248337	1122	95
0.20/0.25	0.252894	1121	97
0.20/0.26	0.257465	1120	100
0.20/0.27	0.265857	1119	125
0.20/0.27	0.270125	1118	126
0.20/0.28	0.277664	1117	146
0.20/0.28	0.283549	1116	156
0.20/0.29	0.289	1115	164
0.29/0.30	0.295947	1114	182
0.29/0.30	0.300155	1113	183
0.29/0.31	0.306661	1112	197
0.29/0.31	0.313385	1111	212
0.29/0.33	0.3349	1110	317
0.29/0.34	0.343432	1109	344
0.29/0.36	0.358908	1108	413
0.29/0.38	0.378917	1107	507
0.39/0.41	0.41127	1106	660
0.39/0.43	0.431118	1105	757
0.39/0.45	0.447733	1104	831
0.39/0.47	0.472665	1103	953
0.39/0.49	0.494821	1102	1049
0.59/0.63	0.626403	1101	1736
0.69/0.71	0.712595	1100	2237
