0.20/0.21	0.216601	1124	0
0.20/0.22	0.222095	1123	8
0.20/0.22	0.226505	1122	10
0.20/0.23	0.230875	1121	12
0.20/0.23	0.23529	1120	14
0.20/0.24	0.241044	1119	23
0.20/0.25	0.249535	1118	41
0.20/0.25	0.256253	1116	54
0.20/0.26	0.261675	1115	62
0.20/0.26	0.267585	1114	72
0.20/0.27	0.274862	1113	92
0.20/0.28	0.279063	1112	93
0.20/0.28	0.285474	1111	106
0.20/0.29	0.291515	1110	118
0.20/0.29	0.296987	1109	126
0.30/0.30	0.307047	1108	163
0.30/0.32	0.323178	1107	237
0.30/0.33	0.331628	1106	263
0.30/0.34	0.338925	1105	283
0.30/0.35	0.348992	1104	320
0.30/0.38	0.383594	1103	502
0.40/0.42	0.421561	1102	701
0.40/0.43	0.428354	1101	716
0.40/0.45	0.454061	1100	846
