0.20/0.22	0.219833	1127	0
0.20/0.22	0.226696	1126	16
0.20/0.24	0.239809	1125	63
0.20/0.24	0.245768	1124	74
0.20/0.25	0.250021	1123	75
0.20/0.26	0.259583	1122	106
0.20/0.26	0.263994	1121	108
0.20/0.27	0.269902	1120	119
0.20/0.28	0.282998	1119	171
0.20/0.29	0.288395	1118	179
0.20/0.29	0.293445	1117	185
0.20/0.30	0.304026	1116	224
0.20/0.31	0.309125	1114	230
0.20/0.31	0.316971	1113	253
0.20/0.32	0.32348	1112	268
0.20/0.33	0.331155	1111	290
0.20/0.35	0.348418	1110	369
0.20/0.35	0.353573	1109	376
0.20/0.38	0.37812	1108	498
0.20/0.39	0.388724	1107	537
0.20/0.39	0.396222	1106	557
0.20/0.40	0.402033	1105	568
0.20/0.42	0.424832	1104	676
0.20/0.44	0.443244	1103	751
0.20/0.52	0.521061	1102	1145
0.20/0.60	0.59895	1101	1540
0.80/0.82	0.826138	1100	2825
