0.10/0.19	0.19401	1130	0
0.20/0.20	0.19881	1129	4
0.20/0.20	0.204598	1128	14
0.20/0.21	0.210134	1127	23
0.20/0.21	0.21603	1126	33
0.20/0.22	0.220281	1125	34
0.20/0.22	0.226593	1124	46
0.20/0.23	0.231244	1123	48
0.20/0.23	0.236018	1122	52
0.20/0.24	0.242501	1121	61
0.20/0.24	0.248393	1120	68
0.20/0.25	0.253806	1119	75
0.20/0.26	0.25915	1118	81
0.20/0.26	0.264946	1117	90
0.20/0.27	0.272637	1116	109
0.20/0.27	0.276845	1115	110
0.20/0.28	0.283992	1114	128
0.20/0.29	0.28904	1113	134
0.20/0.29	0.297038	1112	156
0.29/0.31	0.310784	1111	211
0.29/0.31	0.314959	1110	212
0.29/0.32	0.320778	1109	221
0.29/0.33	0.336613	1108	287
0.29/0.34	0.343278	1107	303
0.29/0.35	0.350152	1106	319
0.29/0.35	0.355432	1105	326
0.29/0.36	0.365107	1104	357
0.29/0.37	0.378175	1103	408
0.29/0.38	0.386297	1102	431
0.39/0.42	0.428389	1101	655
0.39/0.46	0.465142	1100	847
