0.10/0.19	0.188847	1130	0
0.10/0.19	0.19368	1129	4
0.20/0.20	0.198929	1128	11
0.20/0.20	0.204673	1127	21
0.20/0.21	0.208909	1126	22
0.20/0.21	0.213977	1125	28
0.20/0.22	0.218371	1124	30
0.20/0.22	0.223406	1123	36
0.20/0.23	0.23407	1122	75
0.20/0.24	0.238772	1121	79
0.20/0.24	0.243365	1120	82
0.20/0.25	0.249864	1119	97
0.20/0.25	0.254405	1118	100
0.20/0.26	0.258618	1117	101
0.20/0.26	0.262802	1116	102
0.20/0.27	0.26878	1115	114
0.20/0.27	0.273476	1114	118
0.20/0.27	0.277796	1113	120
0.20/0.28	0.283197	1112	128
0.20/0.29	0.289705	1111	142
0.20/0.29	0.295055	1110	150
0.30/0.30	0.304019	1109	180
0.30/0.31	0.309633	1108	190
0.30/0.31	0.314276	1107	194
0.30/0.32	0.320351	1106	206
0.30/0.34	0.338766	1105	295
0.30/0.34	0.347847	1104	326
0.30/0.38	0.378575	1103	482
0.40/0.40	0.401402	1102	597
0.40/0.44	0.440269	1101	809
0.49/0.58	0.588141	1100	1657
