0.20/0.22	0.221137	1128	0
0.20/0.22	0.226525	1127	4
0.20/0.23	0.232526	1126	11
0.20/0.24	0.239763	1125	26
0.20/0.24	0.245678	1124	34
0.20/0.25	0.250692	1123	37
0.20/0.25	0.257268	1122	47
0.20/0.26	0.263005	1121	54
0.20/0.27	0.269126	1120	63
0.20/0.27	0.275185	1119	71
0.20/0.28	0.279813	1118	72
0.20/0.28	0.286628	1117	84
0.20/0.29	0.29262	1116	93
0.29/0.30	0.303181	1115	126
0.29/0.31	0.312344	1114	152
0.29/0.32	0.318807	1113	163
0.29/0.33	0.328156	1112	191
0.29/0.33	0.3335	1111	196
0.29/0.34	0.338842	1110	201
0.29/0.35	0.353121	1109	253
0.29/0.36	0.362275	1108	273
0.29/0.37	0.370068	1107	289
0.29/0.37	0.375614	1106	295
0.39/0.40	0.398481	1105	398
0.39/0.40	0.403851	1104	403
0.39/0.43	0.434458	1103	546
0.39/0.44	0.44166	1102	562
0.39/0.47	0.469267	1101	691
0.49/0.52	0.523719	1100	972
