3.79/3.95	3.95667	2033	0
3.79/4.19	4.18792	2032	1
4.39/4.42	4.42145	2031	5
4.61/4.65	4.65164	2030	7
4.79/4.88	4.88187	2029	8
5.09/5.11	5.11308	2028	10
5.19/5.34	5.34218	2027	11
5.19/5.57	5.57551	2026	12
5.79/5.81	5.80865	2025	21
6.00/6.04	6.03841	2024	22
6.19/6.27	6.26902	2023	24
6.39/6.50	6.49926	2022	25
6.69/6.73	6.72992	2021	28
6.69/6.97	6.96825	2019	34
6.69/7.21	7.21128	2018	45
7.39/7.44	7.44347	2017	46
7.61/7.68	7.68214	2016	58
7.89/7.91	7.91117	2015	59
8.09/8.16	8.16625	2014	94
8.09/8.39	8.39511	2013	96
8.09/8.62	8.62304	2012	97
8.79/8.86	8.85761	2011	104
8.99/9.09	9.08759	2010	105
9.29/9.32	9.31929	2009	110
9.48/9.54	9.54684	2008	111
9.60/9.77	9.77661	2007	112
9.60/10.01	10.0116	2006	118
10.21/10.24	10.239	2005	120
10.39/10.47	10.469	2004	124
10.59/10.70	10.6996	2003	130
10.89/10.95	10.9499	2002	154
11.09/11.18	11.1782	2001	159
11.09/11.41	11.416	2000	169
11.09/11.64	11.6427	1999	171
11.79/11.87	11.8707	1998	173
12.09/12.10	12.0973	1997	174
12.31/12.34	12.3449	1996	198
12.49/12.57	12.5707	1995	199
12.59/12.79	12.796	1994	200
12.59/13.02	13.0226	1993	201
13.19/13.25	13.252	1992	206
13.39/13.48	13.4787	1991	209
13.58/13.70	13.7053	1990	211
13.89/13.93	13.9338	1989	214
13.99/14.16	14.1633	1988	216
13.99/14.39	14.3908	1987	217
13.99/14.61	14.6166	1986	218
14.79/14.85	14.8501	1985	223
14.99/15.07	15.0745	1984	224
15.19/15.30	15.3002	1983	228
15.49/15.52	15.5264	1982	230
15.49/15.76	15.76	1981	241
15.49/15.98	15.985	1980	242
16.19/16.21	16.2099	1979	244
16.38/16.43	16.4347	1978	246
16.59/16.67	16.6704	1977	259
16.79/16.89	16.893	1976	260
17.01/17.13	17.1301	1975	276
17.01/17.36	17.3571	1974	281
17.01/17.58	17.5809	1973	283
17.79/17.80	17.8064	1972	288
17.99/18.03	18.0304	1971	291
18.19/18.25	18.254	1970	293
18.39/18.48	18.4772	1969	296
18.50/18.70	18.7021	1967	299
18.50/18.92	18.9246	1966	300
19.09/19.15	19.1516	1965	307
19.29/19.37	19.376	1963	311
19.59/19.62	19.6184	1962	331
19.79/19.84	19.8421	1961	335
19.89/20.06	20.0651	1960	337
19.89/20.29	20.292	1959	344
19.89/20.52	20.5222	1958	354
20.70/20.77	20.7723	1957	377
20.98/21.00	21.0024	1956	387
21.18/21.22	21.2236	1955	391
21.38/21.45	21.4487	1954	396
21.48/21.68	21.6814	1953	404
21.68/21.90	21.9045	1952	408
22.08/22.13	22.1283	1951	414
22.28/22.35	22.3504	1950	418
22.48/22.57	22.5701	1949	419
22.78/22.80	22.8003	1948	434
22.98/23.03	23.028	1947	441
22.98/23.25	23.2511	1946	446
22.98/23.47	23.4762	1945	451
23.69/23.70	23.6976	1944	452
23.89/23.92	23.9226	1943	457
24.09/24.14	24.1412	1942	458
24.29/24.36	24.3658	1941	464
24.38/24.59	24.5926	1940	471
24.66/24.81	24.8109	1939	473
24.66/25.05	25.0541	1938	499
25.19/25.28	25.2773	1937	511
25.49/25.50	25.502	1936	515
25.69/25.72	25.719	1935	516
25.89/25.94	25.9384	1934	518
26.02/26.16	26.1574	1933	521
26.02/26.38	26.3785	1932	523
26.56/26.60	26.6014	1931	528
26.79/26.82	26.8193	1930	530
26.99/27.03	27.036	1929	531
27.19/27.25	27.2556	1928	533
27.39/27.48	27.4791	1927	541
27.68/27.70	27.6989	1926	549
27.68/27.92	27.9192	1925	553
28.03/28.14	28.1412	1924	559
28.29/28.36	28.3611	1923	562
28.49/28.59	28.5936	1922	580
28.79/28.82	28.8263	1921	600
28.89/29.05	29.0469	1920	604
29.19/29.26	29.2653	1919	605
29.19/29.48	29.4814	1918	606
29.69/29.71	29.7095	1916	618
29.89/29.92	29.9263	1915	623
30.09/30.14	30.1436	1914	626
30.38/30.40	30.4007	1913	673
30.38/30.63	30.6315	1912	692
30.68/30.85	30.8471	1911	695
30.99/31.07	31.0718	1910	705
31.19/31.29	31.2921	1909	712
31.48/31.51	31.5149	1908	723
31.68/31.78	31.7814	1907	769
31.88/31.99	31.9958	1906	770
32.19/32.21	32.2093	1905	771
32.19/32.43	32.4336	1903	780
32.59/32.65	32.6536	1902	787
32.79/32.87	32.8698	1901	790
32.99/33.08	33.0832	1900	791
33.29/33.30	33.2974	1899	793
33.29/33.51	33.5119	1898	795
33.57/33.73	33.7304	1897	805
33.94/33.96	33.9589	1896	821
34.09/34.17	34.1718	1895	823
34.29/34.39	34.3952	1894	834
34.59/34.61	34.6075	1893	835
34.79/34.83	34.8306	1892	846
34.92/35.08	35.0765	1891	878
34.92/35.29	35.2899	1890	881
35.49/35.51	35.5152	1889	899
35.69/35.73	35.7314	1888	906
35.89/35.95	35.9466	1887	913
36.09/36.16	36.1615	1886	917
36.29/36.38	36.3796	1885	929
36.29/36.59	36.5934	1884	934
36.75/36.82	36.8244	1883	951
36.99/37.04	37.0401	1882	955
37.18/37.25	37.2549	1881	961
37.38/37.49	37.4904	1880	985
37.68/37.70	37.7043	1879	987
37.78/37.91	37.9154	1878	989
37.78/38.12	38.1252	1877	990
38.25/38.34	38.3401	1876	995
38.49/38.55	38.5503	1875	996
38.69/38.77	38.771	1874	1005
38.89/38.99	38.9906	1873	1014
39.19/39.21	39.2096	1872	1024
39.19/39.42	39.4248	1871	1031
39.19/39.68	39.6783	1870	1064
39.89/39.90	39.8995	1869	1072
40.08/40.16	40.1618	1868	1124
40.29/40.38	40.3789	1867	1132
40.59/40.61	40.6111	1866	1152
40.69/40.82	40.8195	1865	1153
40.69/41.03	41.0283	1864	1155
40.69/41.24	41.2424	1863	1163
41.39/41.45	41.4524	1862	1166
41.59/41.68	41.6821	1861	1190
41.79/41.89	41.8941	1860	1195
42.09/42.10	42.1018	1859	1196
42.19/42.38	42.3813	1858	1271
42.19/42.59	42.5916	1857	1274
42.19/42.80	42.8031	1856	1279
42.99/43.03	43.0301	1855	1308
43.18/43.25	43.2466	1854	1318
43.38/43.49	43.4867	1853	1356
43.68/43.77	43.7719	1852	1435
43.68/43.99	43.9911	1851	1448
43.68/44.24	44.2439	1850	1484
44.39/44.45	44.4548	1849	1488
44.59/44.69	44.6894	1848	1514
44.89/44.90	44.8983	1847	1515
45.09/45.11	45.1063	1846	1518
45.09/45.32	45.3204	1845	1528
45.36/45.54	45.5397	1844	1542
45.36/45.76	45.7597	1843	1557
45.88/45.97	45.9717	1842	1562
46.29/46.33	46.3267	1841	1714
46.49/46.58	46.5809	1840	1761
46.59/46.82	46.8215	1839	1794
46.86/47.11	47.108	1838	1865
47.25/47.33	47.332	1837	1883
47.49/47.54	47.5389	1836	1885
47.69/47.74	47.7435	1835	1886
47.89/47.95	47.9552	1834	1894
48.09/48.16	48.1638	1833	1902
48.37/48.42	48.4238	1832	1957
48.37/48.68	48.6782	1831	2003
48.89/48.92	48.9195	1830	2035
49.09/49.15	49.1536	1829	2066
49.29/49.36	49.3628	1828	2070
49.59/49.63	49.6349	1827	2145
49.85/49.85	49.8532	1826	2156
49.85/50.17	50.1759	1825	2260
50.59/50.63	50.6339	1824	2491
50.89/50.90	50.9031	1823	2542
51.09/51.32	51.3187	1822	2716
51.35/51.52	51.5222	1821	2717
51.89/51.93	51.9316	1820	2907
52.09/52.17	52.1728	1819	2940
52.59/52.71	52.7138	1817	3237
52.90/53.15	53.1528	1816	3442
53.39/53.42	53.4215	1815	3500
53.59/53.64	53.6394	1814	3519
53.79/53.85	53.8532	1813	3528
53.99/54.06	54.0566	1812	3530
54.09/54.26	54.2586	1811	3532
54.43/54.48	54.4812	1810	3553
54.43/54.73	54.7274	1809	3595
54.89/54.94	54.9382	1808	3605
55.19/55.22	55.2181	1807	3677
55.59/55.94	55.9419	1806	4160
56.20/56.22	56.2161	1805	4224
56.59/56.69	56.6957	1804	4462
56.89/56.98	56.9765	1803	4530
56.99/57.48	57.4779	1802	4816
58.49/58.82	58.8184	1801	5810
59.29/59.33	59.3271	1800	6081
59.89/59.94	59.9384	1799	6464
59.89/60.36	60.3581	1798	6665
60.89/60.90	60.8963	1797	6979
61.09/61.12	61.1205	1796	7004
61.38/61.44	61.4387	1795	7113
61.38/61.83	61.8268	1794	7277
62.39/62.45	62.4556	1793	7667
62.79/63.21	63.2113	1792	8157
63.71/63.73	63.7303	1791	8447
64.09/64.11	64.1062	1790	8606
64.29/64.64	64.6436	1789	8895
65.10/65.19	65.1932	1787	9204
65.49/65.54	65.536	1786	9342
65.69/65.74	65.7434	1785	9355
66.33/66.36	66.3625	1784	9749
66.70/66.77	66.7728	1783	9953
66.89/66.97	66.9743	1782	9960
67.09/67.18	67.1798	1781	9969
68.09/68.11	68.1117	1780	10650
68.68/68.96	68.9555	1779	11218
69.39/69.41	69.4112	1778	11451
70.19/70.54	70.5426	1777	12265
71.40/71.42	71.4174	1776	12893
72.79/72.90	72.8954	1775	14025
74.19/74.29	74.2893	1774	15136
74.49/74.58	74.579	1773	15221
75.20/75.25	75.2477	1772	15634
76.79/76.80	76.8046	1771	16912
77.19/77.23	77.2306	1770	17123
79.24/79.34	79.3451	1769	18876
81.29/81.36	81.3607	1768	20532
81.99/82.16	82.1566	1767	21086
82.23/82.38	82.3845	1766	21120
82.79/82.82	82.8235	1765	21362
82.99/83.03	83.0339	1764	21380
84.98/85.21	85.2088	1763	23163
86.39/86.64	86.6402	1762	24266
87.89/87.96	87.956	1761	25301
88.62/88.65	88.6458	1760	25775
91.69/91.73	91.7272	1759	28410
91.89/91.98	91.9781	1758	28462
93.19/93.23	93.2262	1757	29485
93.79/93.86	93.8591	1756	29885
95.99/96.05	96.0477	1755	31764
99.49/99.52	99.521	1754	34787
100.69/100.80	100.795	1753	35769
100.99/101.07	101.068	1752	35836
107.34/107.62	107.616	1751	41568
108.59/108.72	108.723	1750	42373
110.09/110.27	110.273	1749	43575
110.32/110.71	110.712	1748	43791
112.59/112.61	112.613	1747	45304
113.09/113.13	113.133	1746	45608
118.68/118.79	118.786	1745	50465
119.79/119.84	119.84	1744	51241
121.78/122.28	122.277	1743	53303
122.80/122.82	122.818	1742	53621
123.29/123.87	123.872	1741	54388
127.40/127.45	127.454	1740	57489
132.10/132.40	132.395	1739	61910
135.08/135.53	135.524	1738	64772
145.72/146.08	146.081	1737	74441
146.59/146.63	146.629	1736	74803
169.19/169.71	169.704	1735	96296
171.68/171.72	171.714	1734	98059
171.89/171.97	171.964	1733	98110
177.49/177.53	177.526	1732	103139
177.99/178.10	178.102	1731	103497
180.59/180.66	180.655	1730	105691
183.69/183.75	183.744	1729	108401
184.08/184.40	184.395	1728	108832
197.42/197.61	197.612	1727	120744
200.18/200.41	200.409	1726	123143
200.51/200.71	200.71	1725	123232
205.68/205.79	205.788	1724	127689
214.68/214.75	214.744	1723	135919
215.21/215.59	215.586	1722	136535
370.18/370.68	370.671	1721	278452
372.20/372.29	372.282	1720	279710
373.08/373.57	373.564	1719	280738
388.38/388.41	388.399	1718	294405
401.88/401.92	401.915	1717	306762
404.38/404.60	404.595	1716	309021
411.28/411.42	411.415	1715	315295
677.87/678.10	678.08	1714	558728
767.94/768.29	768.274	1713	641504
785.63/785.81	785.787	1712	657726
1001.57/1001.66	654	25135521	865557
