0.00/0.05	0.023912	77	0
0.00/0.05	0.024155	75	1
0.00/0.05	0.024298	73	2
0.00/0.05	0.024399	72	3
0.00/0.05	0.024482	71	4
0.00/0.06	0.024627	70	6
0.00/0.06	0.024801	69	8
0.00/0.06	0.024981	68	10
0.00/0.06	0.025166	67	12
0.00/0.06	0.025479	66	16
0.00/0.06	0.025653	65	18
0.00/0.06	0.026007	64	23
0.00/0.06	0.026295	63	27
0.00/0.06	0.026464	62	29
0.00/0.06	0.027037	61	37
0.00/0.06	0.027654	60	46
0.00/0.06	0.027881	59	49
0.00/0.06	0.029931	58	82
0.00/0.07	0.037123	57	191
0.00/0.07	0.040778	56	247
0.00/0.07	0.041644	55	260
0.25/0.32	0.286	54	3892
1.96/2.07	2.03494	53	28675
55.65/55.98	55.9497	52	731309
999.93/1000.05	12134358
