0.00/0.04	0.032922	70	0
0.00/0.04	0.033204	69	1
0.00/0.04	0.033766	68	6
0.00/0.04	0.033925	67	7
0.00/0.04	0.034199	66	9
0.00/0.04	0.034763	65	15
0.00/0.04	0.035752	64	25
0.00/0.04	0.035994	63	27
0.00/0.04	0.037771	62	48
0.00/0.04	0.03801	61	50
0.00/0.04	0.040129	60	74
0.00/0.05	0.043548	59	114
0.00/0.05	0.045686	58	140
0.00/0.06	0.052524	57	223
0.11/0.14	0.130474	56	1274
0.11/0.14	0.137894	55	1389
0.19/0.24	0.231679	54	2747
0.38/0.47	0.464918	53	6033
61.68/62.15	62.141	52	836608
999.95/1000.04	12256092
