0.00/0.05	0.024727	72	0
0.00/0.05	0.024957	71	2
0.00/0.05	0.025075	70	3
0.00/0.05	0.025249	69	5
0.00/0.05	0.025348	68	6
0.00/0.05	0.025448	67	7
0.00/0.05	0.025538	66	8
0.00/0.05	0.025727	65	10
0.00/0.05	0.026306	64	18
0.00/0.05	0.026485	63	20
0.00/0.05	0.0276	62	34
0.00/0.05	0.028188	61	42
0.00/0.05	0.028611	60	47
0.00/0.06	0.028978	59	51
0.00/0.06	0.030343	58	70
0.00/0.09	0.044963	57	283
0.00/0.09	0.046503	56	305
0.13/0.21	0.149749	55	1794
0.23/0.34	0.281818	54	3795
0.97/1.21	1.15487	53	16428
2.83/2.97	2.91368	52	40397
999.90/1000.08	12291191
