0.00/0.02	0.023334	74	0
0.00/0.02	0.0239	73	6
0.00/0.02	0.02401	72	7
0.00/0.02	0.02411	71	8
0.00/0.02	0.024267	70	10
0.00/0.02	0.024371	69	11
0.00/0.02	0.024533	68	13
0.00/0.02	0.02463	67	14
0.00/0.02	0.024723	66	15
0.00/0.02	0.024882	65	17
0.00/0.02	0.025034	64	19
0.00/0.02	0.025207	63	21
0.00/0.02	0.025769	62	29
0.00/0.02	0.026006	61	32
0.00/0.02	0.026772	60	43
0.00/0.03	0.028903	59	75
0.00/0.03	0.029894	58	88
0.00/0.03	0.034971	57	161
0.00/0.04	0.044475	56	308
0.00/0.05	0.056154	55	484
0.29/0.39	0.391788	54	5427
1.49/1.57	1.56896	53	22363
261.48/261.50	261.497	52	3333295
999.96/1000.03	12107972
