0.00/0.02	0.025304	71	0
0.00/0.02	0.025481	70	1
0.00/0.02	0.025603	69	2
0.00/0.02	0.02592	68	6
0.00/0.02	0.026177	67	9
0.00/0.02	0.026283	66	10
0.00/0.02	0.026462	65	12
0.00/0.02	0.026927	64	18
0.00/0.02	0.027117	63	20
0.00/0.02	0.027491	62	25
0.00/0.02	0.02783	61	29
0.00/0.03	0.030225	60	62
0.00/0.03	0.031381	59	78
0.00/0.03	0.031771	58	83
0.00/0.03	0.032014	57	86
0.00/0.04	0.045773	56	272
0.00/0.06	0.065844	55	550
0.00/0.20	0.206773	54	2375
0.00/0.21	0.21309	53	2460
147.48/147.87	147.868	52	1941086
999.96/1000.03	12039753
