0.00/0.04	0.038656	75	0
0.00/0.04	0.038889	74	1
0.00/0.04	0.039066	73	2
0.00/0.04	0.039226	72	3
0.00/0.04	0.039365	71	4
0.00/0.04	0.039504	70	5
0.00/0.04	0.039655	69	6
0.00/0.04	0.039907	68	8
0.00/0.04	0.040198	67	10
0.00/0.04	0.040459	66	12
0.00/0.04	0.040854	65	15
0.00/0.04	0.041084	64	17
0.00/0.04	0.042039	63	25
0.00/0.04	0.042598	62	30
0.00/0.04	0.044436	61	42
0.00/0.04	0.045154	60	51
0.00/0.04	0.047263	59	80
0.00/0.05	0.049352	58	110
0.00/0.05	0.05237	57	149
0.00/0.09	0.091239	56	682
0.00/0.09	0.09582	55	754
0.00/0.10	0.101546	54	844
3.79/4.28	4.28093	53	58666
60.18/60.45	60.4471	52	812852
999.92/1000.07	12307115
