0.00/0.10	0.032612	74	0
0.00/0.10	0.032792	73	1
0.00/0.10	0.032921	72	2
0.00/0.10	0.033044	71	3
0.00/0.10	0.033167	70	4
0.00/0.10	0.033297	69	5
0.00/0.10	0.033592	68	8
0.00/0.10	0.033806	67	10
0.00/0.10	0.034006	66	12
0.00/0.10	0.034399	65	16
0.00/0.10	0.034752	64	20
0.00/0.10	0.035116	63	24
0.00/0.10	0.035228	62	25
0.00/0.10	0.035664	61	30
0.00/0.10	0.036876	60	45
0.00/0.10	0.038305	59	63
0.00/0.13	0.047854	58	191
0.00/0.13	0.050959	57	234
0.06/0.16	0.061361	56	376
0.06/0.19	0.093457	55	808
0.09/0.21	0.113694	54	1110
0.90/1.17	1.07112	53	14384
79.29/79.91	79.8111	52	1022419
999.96/1000.13	11955709
