0.00/0.04	0.037454	73	0
0.00/0.04	0.037749	72	2
0.00/0.04	0.037926	70	3
0.00/0.04	0.03809	69	4
0.00/0.04	0.038336	68	6
0.00/0.04	0.038453	67	7
0.00/0.04	0.038596	66	8
0.00/0.04	0.038947	65	11
0.00/0.04	0.039186	64	13
0.00/0.04	0.039801	63	18
0.00/0.04	0.04017	62	22
0.00/0.04	0.042458	61	46
0.00/0.04	0.044307	60	65
0.00/0.04	0.04484	59	70
0.00/0.05	0.05069	58	135
0.00/0.06	0.063085	57	279
0.07/0.08	0.079444	56	488
0.07/0.09	0.088498	55	610
0.19/0.29	0.291338	54	3549
0.29/0.38	0.382186	53	4887
0.29/0.38	0.383342	52	4904
752.47/752.82	752.801	51	9254139
999.96/1000.03	12061010
