0.00/0.02	0.022683	72	0
0.00/0.02	0.02289	71	1
0.00/0.02	0.022992	70	2
0.00/0.02	0.023158	69	4
0.00/0.02	0.023332	68	6
0.00/0.02	0.023511	67	8
0.00/0.02	0.023983	66	15
0.00/0.02	0.024335	65	20
0.00/0.02	0.024499	64	22
0.00/0.03	0.024715	63	25
0.00/0.03	0.024966	62	28
0.00/0.03	0.026309	61	47
0.00/0.03	0.027218	60	59
0.00/0.03	0.028635	59	77
0.00/0.03	0.029808	58	93
0.00/0.04	0.037768	57	201
0.00/0.07	0.065115	56	608
0.00/0.07	0.066001	55	620
0.00/0.16	0.155498	54	1965
2.71/2.77	2.76484	53	39340
106.49/106.93	106.925	52	1428556
999.87/1000.02	12440386
