0.00/0.02	0.022343	70	0
0.00/0.02	0.022564	69	1
0.00/0.02	0.022742	68	3
0.00/0.02	0.022907	67	5
0.00/0.02	0.023022	66	6
0.00/0.02	0.023129	65	7
0.00/0.02	0.023372	64	10
0.00/0.02	0.023539	63	12
0.00/0.02	0.023793	62	15
0.00/0.02	0.024119	61	19
0.00/0.02	0.024531	60	25
0.00/0.02	0.025272	59	36
0.00/0.03	0.026831	58	59
0.00/0.04	0.028452	57	82
0.00/0.04	0.034096	56	170
0.00/0.05	0.042057	55	294
0.19/0.24	0.220736	54	2891
0.76/0.87	0.85257	53	11991
51.37/51.59	51.5696	52	686319
999.94/1000.05	12236182
