0.68/0.70	0.691306	1131	0
0.68/0.70	0.692171	1130	2
0.68/0.70	0.692612	1129	3
0.68/0.70	0.693685	1127	6
0.68/0.70	0.694464	1126	8
0.68/0.71	0.695185	1125	10
0.68/0.71	0.695659	1124	11
0.68/0.71	0.696733	1123	14
0.68/0.71	0.69751	1121	16
0.68/0.71	0.697921	1120	17
0.68/0.71	0.698596	1119	19
0.68/0.71	0.700868	1117	25
0.68/0.71	0.701613	1114	27
0.68/0.71	0.702836	1113	30
0.68/0.71	0.704259	1111	34
0.68/0.71	0.705019	1110	36
0.68/0.72	0.705517	1108	37
0.68/0.72	0.706295	1107	39
0.68/0.72	0.706972	1106	41
0.68/0.72	0.707404	1105	42
0.68/0.72	0.708011	1104	43
0.68/0.72	0.708462	1103	44
0.68/0.72	0.708924	1101	45
0.68/0.72	0.709493	1100	46
0.68/0.72	0.711215	1099	51
0.68/0.72	0.713212	1096	57
0.68/0.73	0.715523	1094	64
0.68/0.73	0.716552	1093	67
0.68/0.73	0.716993	1092	68
0.68/0.73	0.717405	1091	69
0.68/0.73	0.718018	1090	70
0.68/0.73	0.719628	1089	74
0.68/0.73	0.720366	1087	76
0.68/0.73	0.721236	1086	78
0.68/0.73	0.722181	1085	80
0.68/0.73	0.72304	1082	82
0.68/0.73	0.723553	1081	83
0.68/0.73	0.723967	1080	84
0.68/0.73	0.724474	1079	85
0.68/0.74	0.725072	1078	86
0.68/0.74	0.725843	1076	88
0.68/0.74	0.726572	1075	90
0.68/0.74	0.726991	1073	91
0.68/0.74	0.727734	1071	93
0.68/0.74	0.728755	1070	96
0.68/0.74	0.729206	1069	97
0.68/0.74	0.730603	1067	101
0.68/0.74	0.731126	1066	102
0.68/0.74	0.731546	1065	103
0.68/0.74	0.731967	1064	104
0.68/0.74	0.732634	1063	106
0.68/0.74	0.73399	1062	110
0.68/0.74	0.735043	1060	113
0.68/0.75	0.736206	1057	116
0.68/0.75	0.737509	1056	120
0.68/0.75	0.737919	1055	121
0.68/0.75	0.738521	1054	122
0.68/0.75	0.740107	1052	127
0.68/0.75	0.740797	1051	129
0.68/0.75	0.743761	1050	138
0.68/0.76	0.745349	1049	142
0.68/0.76	0.747072	1048	147
0.68/0.76	0.74865	1047	151
0.68/0.76	0.75022	1046	155
0.68/0.76	0.751606	1045	159
0.68/0.76	0.752363	1044	160
0.68/0.76	0.752766	1043	161
0.68/0.76	0.753184	1041	162
0.68/0.76	0.753603	1040	163
0.68/0.76	0.754093	1039	164
0.68/0.77	0.755257	1038	167
0.68/0.77	0.756146	1037	169
0.68/0.77	0.756567	1036	170
0.68/0.77	0.757234	1035	172
0.68/0.77	0.757724	1034	173
0.68/0.77	0.75916	1033	177
0.68/0.77	0.760413	1032	181
0.68/0.77	0.761739	1031	185
0.68/0.77	0.762194	1030	186
0.68/0.77	0.763193	1029	189
0.68/0.77	0.764203	1028	192
0.68/0.78	0.767446	1025	201
0.68/0.78	0.773562	1023	220
0.68/0.79	0.77518	1022	225
0.68/0.79	0.775568	1021	226
0.68/0.79	0.77825	1019	233
0.68/0.79	0.779358	1018	236
0.68/0.79	0.780143	1017	238
0.68/0.79	0.782699	1015	246
0.68/0.79	0.784856	1014	251
0.78/0.80	0.786252	1013	255
0.78/0.80	0.786641	1012	256
0.78/0.80	0.787959	1011	260
0.78/0.80	0.788363	1010	261
0.78/0.80	0.789565	1009	264
0.78/0.80	0.790007	1008	265
0.78/0.80	0.790578	1007	266
0.78/0.80	0.791144	1006	267
0.78/0.80	0.791871	1005	269
0.78/0.80	0.793496	1003	274
0.78/0.80	0.794804	1002	278
0.78/0.81	0.798829	1001	290
0.78/0.81	0.799826	1000	293
0.78/0.81	0.801409	999	298
0.78/0.81	0.80365	998	305
0.78/0.82	0.805639	997	311
0.78/0.82	0.806171	996	312
0.78/0.82	0.806732	995	313
0.78/0.82	0.807752	993	316
0.78/0.82	0.808186	991	317
0.78/0.82	0.809338	990	320
0.78/0.82	0.809724	989	321
0.78/0.82	0.810952	987	325
0.78/0.82	0.811323	986	326
0.78/0.82	0.81182	985	327
0.78/0.82	0.812306	984	328
0.78/0.83	0.815195	982	337
0.78/0.83	0.81648	981	341
0.78/0.83	0.817242	980	343
0.78/0.83	0.820139	979	352
0.78/0.83	0.821424	978	356
0.78/0.83	0.821889	977	357
0.78/0.83	0.823514	976	362
0.78/0.83	0.824025	975	363
0.78/0.85	0.836027	974	402
0.78/0.85	0.842755	973	423
0.78/0.85	0.84322	972	424
0.78/0.85	0.843606	971	425
0.78/0.86	0.849211	970	443
0.78/0.86	0.852065	969	452
0.78/0.86	0.854709	968	460
0.78/0.87	0.855744	967	463
0.78/0.87	0.856706	966	465
0.78/0.87	0.858941	965	472
0.78/0.87	0.859382	964	473
0.78/0.87	0.860863	963	477
0.78/0.88	0.865969	962	492
0.78/0.88	0.866741	961	494
0.78/0.88	0.867813	960	497
0.78/0.88	0.870179	959	505
0.78/0.88	0.870585	958	506
0.78/0.89	0.877839	957	530
0.88/0.90	0.886472	956	559
0.88/0.92	0.90622	955	625
0.88/0.92	0.909359	954	634
0.88/0.93	0.916024	953	655
0.88/0.93	0.917615	952	659
0.88/0.93	0.919623	951	665
0.88/0.95	0.940692	950	732
0.98/1.01	0.997254	948	913
0.98/1.01	1.0003	947	922
0.98/1.01	1.00138	946	925
0.98/1.02	1.00989	945	952
0.98/1.02	1.01284	944	962
0.98/1.03	1.018	943	979
0.98/1.03	1.01943	942	983
0.98/1.03	1.02438	941	999
0.98/1.05	1.03643	940	1039
0.98/1.09	1.07972	939	1183
1.09/1.12	1.10621	938	1268
1.09/1.12	1.10875	937	1276
1.09/1.12	1.11126	936	1284
1.09/1.13	1.117	935	1302
1.09/1.13	1.11788	934	1304
1.09/1.14	1.12505	933	1327
1.09/1.14	1.12608	932	1329
1.09/1.15	1.1376	931	1368
1.09/1.15	1.13799	930	1369
1.09/1.15	1.14316	929	1385
1.09/1.20	1.18768	928	1529
1.09/1.20	1.1881	927	1530
1.09/1.20	1.18857	926	1531
1.09/1.22	1.20555	925	1585
1.09/1.23	1.21774	924	1622
1.09/1.23	1.2196	923	1628
1.09/1.24	1.23047	922	1662
1.09/1.28	1.26771	920	1785
1.09/1.28	1.26914	919	1789
1.09/1.28	1.27	918	1791
1.09/1.28	1.27041	917	1792
1.09/1.30	1.28756	914	1841
1.09/1.30	1.2898	913	1847
1.09/1.30	1.29032	912	1848
1.09/1.30	1.29339	911	1858
1.09/1.40	1.38684	910	2163
1.39/1.41	1.39789	909	2200
1.39/1.41	1.39925	908	2204
1.39/1.49	1.47835	905	2468
1.48/1.51	1.49608	904	2525
1.48/1.59	1.57654	903	2790
1.48/1.59	1.58035	902	2802
1.68/1.74	1.7306	899	3304
1.88/1.90	1.88915	897	3830
1.88/1.90	1.89128	895	3837
1.88/1.90	1.89297	894	3842
1.88/1.90	1.89337	893	3843
2.18/2.23	2.22035	892	4947
2.18/2.25	2.23443	891	4995
2.76/2.78	2.77061	890	6781
2.76/2.78	2.77152	889	6784
2.78/2.88	2.87329	887	7128
2.78/2.88	2.87377	886	7129
2.98/3.04	3.02729	885	7643
2.98/3.06	3.05379	884	7732
2.98/3.07	3.05446	883	7733
3.08/3.12	3.10424	881	7901
3.08/3.16	3.15207	880	8062
3.08/3.17	3.15495	879	8071
3.58/3.63	3.62149	878	9641
3.58/3.64	3.62665	877	9659
3.58/3.95	3.9428	876	10735
3.58/3.95	3.94323	875	10736
3.58/3.96	3.94568	874	10743
3.58/3.99	3.97826	873	10848
6.37/6.77	6.75494	871	20115
6.37/6.77	6.75592	870	20118
6.37/6.77	6.75706	869	20121
6.37/6.77	6.75921	868	20127
8.98/9.09	9.07708	866	27798
10.28/10.33	10.3201	865	31926
12.18/12.20	12.185	864	38241
12.18/12.20	12.1854	863	38242
12.18/12.65	12.6346	861	39739
12.18/12.65	12.6351	860	39740
14.87/14.91	14.8969	859	47394
14.97/15.02	15.0075	858	47760
17.88/17.93	17.9216	857	57598
18.08/18.28	18.2644	856	58744
19.68/19.77	19.754	855	63721
20.27/20.39	20.376	854	65783
28.89/28.99	28.9748	853	94628
28.89/28.99	28.9754	852	94629
29.37/29.45	29.443	851	96196
