0.59/0.63	0.629553	1152	0
0.59/0.63	0.63038	1151	1
0.59/0.63	0.631668	1149	3
0.59/0.63	0.632394	1147	4
0.59/0.63	0.633669	1145	6
0.59/0.63	0.634845	1144	8
0.59/0.63	0.635514	1143	9
0.59/0.63	0.636751	1142	11
0.59/0.63	0.637849	1141	13
0.59/0.64	0.638694	1140	14
0.59/0.64	0.639517	1136	15
0.59/0.64	0.640754	1134	17
0.59/0.64	0.64139	1133	18
0.59/0.64	0.642035	1132	19
0.59/0.64	0.643284	1130	21
0.59/0.64	0.643956	1128	22
0.59/0.64	0.644638	1127	23
0.59/0.64	0.645413	1125	24
0.59/0.64	0.646885	1124	26
0.59/0.65	0.648117	1123	28
0.59/0.65	0.649467	1120	30
0.59/0.65	0.650627	1118	32
0.59/0.65	0.653175	1117	37
0.59/0.65	0.653743	1116	38
0.59/0.65	0.654341	1115	39
0.59/0.65	0.655293	1114	41
0.59/0.65	0.656217	1113	42
0.59/0.65	0.657513	1112	44
0.59/0.66	0.658138	1111	45
0.59/0.66	0.658859	1110	46
0.59/0.66	0.659467	1109	47
0.59/0.66	0.660986	1108	50
0.59/0.66	0.663928	1105	56
0.59/0.66	0.664534	1104	57
0.59/0.66	0.665158	1103	58
0.59/0.66	0.665742	1101	59
0.59/0.67	0.668172	1099	64
0.59/0.67	0.669125	1098	66
0.59/0.67	0.66965	1097	67
0.59/0.67	0.670899	1095	69
0.59/0.67	0.671948	1094	71
0.59/0.67	0.672569	1093	72
0.59/0.67	0.67319	1092	73
0.59/0.67	0.67369	1091	74
0.59/0.67	0.674262	1090	75
0.59/0.67	0.677277	1089	81
0.59/0.68	0.678043	1088	82
0.59/0.68	0.679484	1087	85
0.59/0.68	0.680496	1086	86
0.59/0.68	0.681039	1085	87
0.59/0.68	0.681787	1084	88
0.59/0.68	0.682611	1083	90
0.59/0.68	0.683209	1082	91
0.59/0.68	0.684185	1080	93
0.59/0.68	0.684712	1079	94
0.59/0.69	0.690603	1076	108
0.59/0.69	0.691795	1075	110
0.59/0.69	0.692323	1074	111
0.59/0.69	0.692862	1073	112
0.59/0.69	0.693375	1072	113
0.59/0.69	0.694026	1071	114
0.59/0.69	0.696071	1070	119
0.59/0.69	0.69678	1069	120
0.59/0.69	0.697318	1068	121
0.59/0.69	0.697928	1067	122
0.69/0.70	0.698624	1066	123
0.69/0.70	0.699605	1064	125
0.69/0.70	0.700486	1063	127
0.69/0.70	0.701364	1062	129
0.69/0.70	0.701847	1061	130
0.69/0.70	0.702723	1060	132
0.69/0.70	0.704611	1059	136
0.69/0.70	0.705492	1058	138
0.69/0.70	0.706789	1057	141
0.69/0.71	0.709707	1055	149
0.69/0.71	0.711255	1054	153
0.69/0.71	0.712142	1053	155
0.69/0.71	0.715079	1051	163
0.69/0.71	0.716273	1050	166
0.69/0.72	0.720348	1048	177
0.69/0.72	0.720798	1047	178
0.69/0.72	0.721245	1046	179
0.69/0.72	0.722216	1045	181
0.69/0.72	0.722623	1044	182
0.69/0.72	0.723423	1043	184
0.69/0.72	0.723854	1042	185
0.69/0.72	0.725715	1041	190
0.69/0.72	0.726309	1039	191
0.69/0.72	0.726721	1038	192
0.69/0.72	0.727926	1037	195
0.69/0.73	0.729681	1035	200
0.69/0.73	0.73009	1034	201
0.69/0.73	0.731202	1033	204
0.69/0.73	0.73225	1031	207
0.69/0.73	0.732815	1030	208
0.69/0.73	0.734235	1029	212
0.69/0.73	0.734813	1028	213
0.69/0.74	0.738803	1027	226
0.69/0.74	0.739359	1026	227
0.69/0.74	0.73975	1025	228
0.69/0.74	0.742246	1022	235
0.69/0.74	0.742816	1021	236
0.69/0.74	0.743323	1020	237
0.69/0.74	0.744409	1019	240
0.69/0.74	0.744756	1018	241
0.69/0.74	0.745744	1016	244
0.69/0.74	0.747013	1015	248
0.69/0.75	0.754272	1014	272
0.69/0.75	0.754871	1012	273
0.69/0.75	0.755726	1011	275
0.69/0.75	0.756118	1010	276
0.69/0.75	0.757032	1009	278
0.69/0.76	0.758046	1008	281
0.69/0.76	0.758448	1007	282
0.69/0.76	0.759805	1006	286
0.69/0.76	0.762292	1005	294
0.69/0.76	0.762718	1004	295
0.69/0.76	0.763751	1003	298
0.69/0.76	0.764318	1002	299
0.69/0.76	0.765463	1001	302
0.69/0.76	0.766904	1000	306
0.69/0.76	0.767312	999	307
0.69/0.76	0.767831	998	308
0.69/0.77	0.775063	997	330
0.69/0.77	0.775759	996	332
0.69/0.77	0.777035	995	336
0.69/0.77	0.777537	994	337
0.69/0.77	0.777891	993	338
0.69/0.78	0.778661	992	340
0.69/0.78	0.781076	991	348
0.69/0.78	0.786576	989	365
0.69/0.79	0.788385	988	371
0.69/0.79	0.79146	987	381
0.69/0.79	0.792341	986	383
0.78/0.80	0.806038	983	424
0.78/0.81	0.808522	982	432
0.78/0.81	0.816857	980	459
0.78/0.83	0.83416	978	515
0.78/0.83	0.836087	977	521
0.78/0.84	0.840115	975	534
0.78/0.85	0.849239	973	562
0.78/0.85	0.851412	972	568
0.78/0.85	0.85196	971	569
0.78/0.85	0.853435	970	573
0.78/0.85	0.854787	969	578
0.78/0.86	0.859672	967	593
0.78/0.86	0.860064	966	594
0.78/0.86	0.860866	965	596
0.78/0.86	0.861337	964	597
0.78/0.86	0.862254	963	600
0.78/0.86	0.865212	962	609
0.78/0.86	0.866056	961	611
0.78/0.87	0.876764	960	646
0.78/0.88	0.879106	959	653
0.78/0.89	0.88882	958	686
0.78/0.89	0.897391	957	713
0.78/0.90	0.901312	956	725
0.78/0.90	0.902821	955	730
0.78/0.90	0.903843	954	732
0.78/0.91	0.908099	952	745
0.78/0.91	0.908774	951	747
0.78/0.91	0.909226	950	748
0.78/0.91	0.909731	949	749
0.91/0.92	0.924734	948	798
0.91/0.92	0.927081	947	805
0.91/0.93	0.928255	946	808
0.91/0.94	0.947583	945	874
0.91/0.95	0.948717	944	877
0.91/0.95	0.952481	943	889
0.91/0.95	0.957144	942	904
0.91/0.96	0.95889	941	909
0.91/0.96	0.963298	940	923
0.91/0.97	0.969773	939	941
0.91/0.97	0.971009	938	945
0.91/0.98	0.984659	937	990
0.91/0.99	0.996815	934	1027
0.91/0.99	0.997311	933	1028
1.00/1.02	1.02114	931	1103
1.00/1.06	1.06443	930	1244
1.00/1.10	1.10661	929	1373
1.00/1.10	1.10789	928	1377
1.00/1.11	1.10833	927	1378
1.00/1.15	1.15553	925	1533
1.00/1.16	1.15863	924	1543
1.00/1.16	1.15986	923	1547
1.00/1.16	1.16058	922	1549
1.00/1.17	1.17387	921	1591
1.00/1.17	1.17429	920	1592
1.00/1.20	1.20697	919	1701
1.00/1.21	1.21744	918	1736
1.00/1.22	1.2197	917	1744
1.00/1.22	1.2208	916	1747
1.00/1.22	1.2224	915	1752
1.00/1.23	1.23018	914	1777
1.22/1.38	1.38699	913	2297
1.22/1.38	1.38759	912	2298
1.49/1.54	1.54701	909	2832
1.49/1.54	1.54781	908	2834
1.59/1.60	1.60062	907	3006
1.69/1.76	1.76784	906	3555
1.79/1.84	1.84533	904	3813
1.79/1.86	1.86491	901	3877
1.89/1.97	1.9728	900	4159
1.89/1.97	1.97443	899	4161
1.89/1.97	1.9755	897	4163
1.89/1.97	1.97618	896	4164
1.99/2.04	2.04223	894	4277
1.99/2.08	2.08235	893	4376
1.99/2.09	2.08837	892	4387
1.99/2.09	2.09169	891	4392
2.09/2.13	2.13242	890	4485
3.19/3.28	3.27937	888	8065
3.19/3.28	3.27991	887	8066
3.87/3.88	3.887	885	10089
3.87/3.89	3.88808	883	10092
4.19/4.20	4.20407	882	11129
4.19/4.28	4.28414	880	11391
4.59/4.69	4.69389	879	12750
4.59/4.69	4.69662	878	12759
6.19/6.44	6.44222	877	18571
6.19/6.44	6.44477	876	18579
7.09/7.16	7.16691	875	21010
7.83/7.85	7.85364	872	23287
9.99/10.19	10.1924	871	31237
9.99/10.20	10.205	870	31280
9.99/10.27	10.2712	868	31518
10.49/10.57	10.5738	867	32617
13.89/13.96	13.9671	866	45132
13.89/13.97	13.9696	865	45140
14.80/14.94	14.9428	863	48624
15.04/15.08	15.0864	861	49121
15.04/15.09	15.0876	860	49125
18.49/18.53	18.5304	858	61314
18.49/18.53	18.5324	857	61321
18.49/18.53	18.5344	856	61329
18.49/18.54	18.5393	855	61346
18.49/18.54	18.5408	853	61351
614.18/614.25	614.228	851	2214658
