0.00/0.61	0.610345	1129	0
0.00/0.61	0.610749	1128	1
0.00/0.61	0.611243	1125	2
0.00/0.61	0.611698	1124	3
0.00/0.61	0.612511	1123	5
0.00/0.61	0.613229	1122	7
0.00/0.61	0.613974	1121	9
0.00/0.61	0.614389	1120	10
0.00/0.61	0.614846	1119	11
0.00/0.61	0.615843	1117	13
0.00/0.61	0.616274	1116	14
0.00/0.61	0.61681	1115	15
0.61/0.62	0.617618	1113	17
0.61/0.62	0.618018	1112	18
0.61/0.62	0.619432	1111	21
0.61/0.62	0.620318	1110	23
0.61/0.62	0.620744	1109	24
0.61/0.62	0.621538	1108	25
0.61/0.62	0.621939	1107	26
0.61/0.62	0.623109	1104	29
0.61/0.62	0.623859	1103	31
0.61/0.62	0.624637	1102	33
0.61/0.62	0.625102	1100	34
0.61/0.62	0.625534	1098	35
0.61/0.62	0.626068	1097	36
0.61/0.62	0.626572	1095	37
0.61/0.62	0.62691	1094	38
0.61/0.63	0.62829	1093	42
0.61/0.63	0.628678	1092	43
0.61/0.63	0.629114	1091	44
0.61/0.63	0.629569	1090	45
0.61/0.63	0.630945	1089	49
0.61/0.63	0.633319	1087	56
0.61/0.63	0.633727	1086	57
0.61/0.63	0.634402	1085	59
0.61/0.63	0.634798	1084	60
0.61/0.63	0.635602	1080	62
0.61/0.63	0.636013	1079	63
0.61/0.63	0.636404	1078	64
0.61/0.63	0.636839	1077	65
0.61/0.64	0.638148	1076	69
0.61/0.64	0.63859	1075	70
0.61/0.64	0.638973	1074	71
0.61/0.64	0.639419	1072	72
0.61/0.64	0.639815	1071	73
0.61/0.64	0.640623	1070	75
0.61/0.64	0.641051	1069	76
0.61/0.64	0.641726	1067	78
0.61/0.64	0.643622	1066	84
0.61/0.64	0.644078	1065	85
0.61/0.64	0.64508	1063	87
0.61/0.64	0.645933	1061	89
0.61/0.64	0.646791	1060	91
0.61/0.64	0.647197	1059	92
0.61/0.65	0.648215	1058	95
0.61/0.65	0.649502	1057	99
0.61/0.65	0.649951	1056	100
0.61/0.65	0.650351	1055	101
0.61/0.65	0.651065	1054	103
0.61/0.65	0.651737	1053	105
0.61/0.65	0.652227	1052	106
0.61/0.65	0.653615	1051	110
0.61/0.65	0.654009	1050	111
0.61/0.65	0.654455	1049	112
0.61/0.65	0.655024	1048	113
0.61/0.65	0.655718	1047	115
0.61/0.65	0.656114	1046	116
0.61/0.65	0.656837	1045	118
0.61/0.66	0.658194	1043	122
0.61/0.66	0.658985	1042	124
0.61/0.66	0.659647	1041	126
0.61/0.66	0.660034	1040	127
0.61/0.66	0.660766	1039	129
0.61/0.66	0.661185	1038	130
0.61/0.66	0.662034	1037	132
0.61/0.66	0.66426	1036	139
0.61/0.66	0.664633	1035	140
0.61/0.66	0.666354	1034	145
0.61/0.67	0.668496	1033	150
0.61/0.67	0.668968	1032	151
0.61/0.67	0.669483	1031	152
0.61/0.67	0.673167	1029	163
0.61/0.67	0.673977	1028	165
0.61/0.67	0.676043	1026	172
0.61/0.67	0.676644	1025	173
0.61/0.67	0.677033	1024	174
0.61/0.68	0.677405	1023	175
0.61/0.68	0.678221	1022	177
0.61/0.68	0.680116	1021	183
0.61/0.68	0.682373	1020	190
0.61/0.68	0.683213	1019	192
0.61/0.68	0.683578	1018	193
0.61/0.68	0.685475	1015	199
0.61/0.68	0.686193	1014	201
0.61/0.69	0.696161	1013	233
0.61/0.69	0.697116	1012	236
0.69/0.70	0.699539	1011	244
0.69/0.70	0.700213	1010	246
0.69/0.70	0.70065	1009	247
0.69/0.70	0.70126	1008	248
0.69/0.70	0.706314	1007	264
0.69/0.70	0.706905	1006	266
0.69/0.72	0.71953	1004	309
0.69/0.72	0.721311	1003	314
0.69/0.72	0.72259	1002	318
0.69/0.72	0.723033	1001	319
0.69/0.73	0.728142	999	333
0.69/0.73	0.734984	997	355
0.69/0.73	0.735352	996	356
0.69/0.74	0.738166	995	365
0.69/0.75	0.755683	993	424
0.69/0.76	0.759923	991	437
0.69/0.76	0.760385	990	438
0.69/0.76	0.761094	989	439
0.69/0.76	0.762221	987	442
0.69/0.77	0.767363	986	459
0.69/0.77	0.769076	985	464
0.69/0.77	0.772701	984	476
0.69/0.78	0.785524	982	519
0.79/0.80	0.802585	977	575
0.79/0.80	0.803821	976	579
0.79/0.80	0.805042	975	582
0.79/0.81	0.81013	974	599
0.79/0.81	0.811078	973	602
0.79/0.81	0.812199	972	604
0.79/0.81	0.812709	971	605
0.79/0.81	0.813298	970	606
0.79/0.81	0.814808	969	611
0.79/0.81	0.815297	968	612
0.79/0.81	0.81634	967	615
0.79/0.82	0.817297	966	618
0.79/0.82	0.817841	965	619
0.79/0.82	0.823144	964	636
0.79/0.82	0.823793	963	638
0.79/0.82	0.825109	962	642
0.79/0.82	0.825914	961	644
0.79/0.82	0.826303	960	645
0.79/0.83	0.827639	959	648
0.79/0.83	0.829093	958	651
0.79/0.83	0.831548	957	657
0.79/0.83	0.833816	956	664
0.79/0.83	0.834185	955	665
0.79/0.83	0.834926	954	667
0.79/0.83	0.835414	953	668
0.79/0.84	0.838994	952	679
0.79/0.84	0.840031	951	682
0.79/0.84	0.840861	950	684
0.79/0.84	0.841265	949	685
0.79/0.84	0.843123	948	691
0.79/0.85	0.847523	947	706
0.79/0.85	0.849135	946	711
0.89/0.90	0.897886	944	869
0.89/0.90	0.904026	943	890
0.89/0.90	0.904403	942	891
0.89/0.92	0.924252	941	956
0.89/0.92	0.924919	940	958
0.89/0.93	0.934425	939	990
0.89/0.93	0.937142	938	998
0.89/0.94	0.93752	937	999
0.89/0.94	0.939491	936	1006
0.89/0.94	0.94008	935	1007
0.89/0.94	0.941037	934	1010
0.89/0.98	0.98307	933	1149
0.89/0.99	0.992576	931	1179
0.99/1.02	1.01814	929	1264
0.99/1.02	1.01877	928	1266
0.99/1.03	1.03023	927	1302
0.99/1.03	1.03542	926	1320
0.99/1.03	1.03611	925	1322
0.99/1.03	1.03661	924	1323
0.99/1.04	1.04661	923	1355
0.99/1.05	1.0488	922	1361
0.99/1.07	1.06913	921	1429
0.99/1.07	1.0732	920	1441
1.09/1.10	1.09752	919	1521
1.09/1.10	1.09916	918	1526
1.29/1.33	1.33419	916	2317
1.29/1.33	1.33605	915	2322
1.29/1.34	1.33734	914	2325
1.29/1.34	1.34255	913	2343
1.29/1.34	1.34483	912	2349
1.29/1.34	1.34537	911	2350
1.29/1.35	1.34729	910	2356
1.49/1.55	1.55277	908	3031
1.49/1.55	1.55394	907	3035
1.49/1.71	1.7089	905	3545
1.49/1.71	1.71298	904	3559
1.49/1.78	1.78216	903	3785
1.49/1.83	1.83422	902	3958
1.49/1.89	1.88828	901	4130
1.49/1.92	1.92266	900	4245
1.49/1.92	1.9249	899	4252
1.49/1.92	1.92554	898	4254
1.49/1.92	1.92631	897	4256
1.49/1.93	1.93144	896	4272
1.49/1.94	1.93971	895	4297
1.49/1.94	1.94391	894	4310
2.09/2.17	2.16904	892	5051
2.19/2.29	2.29368	891	5463
2.19/2.29	2.29429	890	5464
2.29/2.34	2.34115	889	5629
2.29/2.34	2.34305	888	5634
2.29/2.34	2.34361	887	5635
2.59/2.63	2.63608	886	6609
2.88/3.01	3.01552	885	7875
3.26/3.38	3.38613	884	9109
3.26/3.42	3.42464	882	9236
4.88/4.93	4.92979	880	14219
5.48/5.55	5.55361	879	16319
5.48/5.55	5.5552	878	16324
5.48/5.56	5.55861	877	16335
5.68/5.76	5.76489	875	17045
5.68/5.77	5.76632	874	17049
5.68/5.78	5.78509	873	17109
8.95/9.02	9.024	870	28031
9.39/9.49	9.49599	869	29594
9.69/9.72	9.7203	868	30346
9.69/9.72	9.72147	867	30349
9.69/9.76	9.76068	866	30474
9.89/10.16	10.1607	864	31802
10.60/10.62	10.6182	863	33358
10.60/10.69	10.6946	862	33623
10.69/10.70	10.697	861	33631
10.69/10.76	10.7618	860	33846
10.69/10.76	10.7622	859	33847
15.87/16.26	16.2629	858	52397
16.39/16.44	16.4388	857	53000
21.59/21.74	21.7455	855	71090
21.59/21.75	21.7478	854	71098
21.59/21.87	21.8658	853	71491
36.09/36.56	36.5572	852	121039
