0.58/0.64	0.644614	1128	0
0.58/0.64	0.645136	1127	1
0.58/0.64	0.645928	1126	3
0.58/0.64	0.646415	1125	4
0.58/0.64	0.646923	1124	5
0.58/0.64	0.647789	1122	7
0.58/0.65	0.6484	1121	8
0.58/0.65	0.649176	1120	10
0.58/0.65	0.650006	1119	12
0.58/0.65	0.650649	1116	13
0.58/0.65	0.65158	1115	15
0.58/0.65	0.65202	1113	16
0.58/0.65	0.652817	1112	18
0.58/0.65	0.653479	1111	19
0.58/0.65	0.654166	1110	21
0.58/0.65	0.654932	1109	23
0.58/0.65	0.655346	1108	24
0.58/0.65	0.656066	1107	26
0.58/0.65	0.656474	1106	27
0.58/0.66	0.658092	1104	32
0.58/0.66	0.658503	1103	33
0.58/0.66	0.659028	1102	34
0.58/0.66	0.659774	1101	36
0.58/0.66	0.661361	1099	41
0.58/0.66	0.661889	1098	42
0.58/0.66	0.663558	1097	47
0.58/0.66	0.664089	1096	48
0.58/0.66	0.666421	1095	55
0.58/0.66	0.666822	1094	56
0.58/0.66	0.667503	1092	57
0.58/0.67	0.669545	1090	63
0.58/0.67	0.66995	1089	64
0.58/0.67	0.6705	1088	65
0.58/0.67	0.671042	1087	66
0.58/0.67	0.67166	1086	67
0.58/0.67	0.673344	1083	72
0.58/0.67	0.673807	1082	73
0.58/0.67	0.674229	1081	74
0.58/0.67	0.67507	1079	76
0.58/0.67	0.675814	1077	77
0.58/0.67	0.677559	1074	82
0.58/0.68	0.678128	1073	83
0.58/0.68	0.680967	1072	91
0.58/0.68	0.682612	1071	96
0.58/0.68	0.68311	1069	97
0.58/0.68	0.683961	1067	99
0.58/0.68	0.684642	1066	101
0.58/0.68	0.685063	1065	102
0.58/0.68	0.686744	1063	107
0.58/0.68	0.687272	1062	108
0.58/0.68	0.68769	1061	109
0.58/0.69	0.688113	1060	110
0.58/0.69	0.688948	1057	112
0.58/0.69	0.69017	1056	115
0.58/0.69	0.690654	1055	116
0.58/0.69	0.6911	1054	117
0.58/0.69	0.691517	1053	118
0.58/0.69	0.692199	1052	120
0.58/0.69	0.693191	1051	123
0.58/0.69	0.693564	1050	124
0.58/0.69	0.694402	1049	126
0.58/0.69	0.6948	1048	127
0.58/0.69	0.69609	1047	131
0.58/0.69	0.696645	1046	132
0.58/0.69	0.697165	1045	133
0.68/0.70	0.70032	1044	142
0.68/0.70	0.700735	1043	143
0.68/0.70	0.701693	1042	146
0.68/0.70	0.703707	1041	152
0.68/0.70	0.704396	1040	154
0.68/0.70	0.704899	1039	155
0.68/0.70	0.705705	1038	157
0.68/0.70	0.706095	1037	158
0.68/0.70	0.706974	1035	160
0.68/0.70	0.707996	1034	163
0.68/0.71	0.708385	1033	164
0.68/0.71	0.709359	1032	167
0.68/0.71	0.710239	1031	169
0.68/0.71	0.712804	1030	176
0.68/0.71	0.715091	1028	183
0.68/0.72	0.718725	1027	194
0.68/0.72	0.720416	1026	198
0.68/0.72	0.720773	1025	199
0.68/0.72	0.721484	1024	201
0.68/0.72	0.72247	1023	203
0.68/0.72	0.723024	1022	204
0.68/0.72	0.724085	1021	207
0.68/0.72	0.724918	1020	209
0.68/0.72	0.725442	1019	210
0.68/0.72	0.726212	1018	212
0.68/0.72	0.727733	1017	217
0.68/0.73	0.729296	1016	221
0.68/0.73	0.72995	1015	223
0.68/0.73	0.730634	1014	225
0.68/0.73	0.731778	1013	228
0.68/0.73	0.734504	1012	236
0.68/0.73	0.735678	1011	238
0.68/0.74	0.73861	1010	247
0.68/0.74	0.739343	1009	249
0.68/0.74	0.740593	1008	253
0.68/0.74	0.74226	1007	257
0.68/0.74	0.743093	1006	259
0.68/0.74	0.744065	1005	262
0.68/0.74	0.745685	1004	267
0.68/0.74	0.74738	1001	272
0.68/0.75	0.751702	1000	286
0.68/0.75	0.753874	998	293
0.68/0.75	0.754997	997	296
0.68/0.75	0.757646	996	304
0.68/0.76	0.759234	995	308
0.68/0.76	0.760368	994	311
0.68/0.76	0.760827	993	312
0.68/0.76	0.761601	992	314
0.68/0.76	0.763119	991	319
0.68/0.77	0.770814	988	344
0.68/0.77	0.773319	986	352
0.68/0.77	0.7742	985	354
0.68/0.77	0.777976	984	365
0.68/0.78	0.778462	983	366
0.68/0.78	0.779185	982	368
0.68/0.78	0.783389	981	382
0.68/0.79	0.788562	979	398
0.68/0.79	0.789088	978	399
0.68/0.79	0.789632	977	400
0.68/0.79	0.791243	976	405
0.68/0.79	0.79261	975	409
0.68/0.79	0.793006	974	410
0.68/0.79	0.794868	973	416
0.68/0.79	0.79597	972	419
0.68/0.79	0.797016	971	422
0.68/0.79	0.797439	970	423
0.79/0.80	0.798682	969	427
0.79/0.80	0.799911	968	431
0.79/0.80	0.805055	967	447
0.79/0.81	0.814592	966	477
0.79/0.84	0.841599	964	567
0.79/0.84	0.847266	963	586
0.79/0.85	0.855746	960	613
0.79/0.85	0.856486	959	615
0.79/0.86	0.860282	957	627
0.79/0.86	0.860759	956	628
0.79/0.88	0.882981	955	700
0.79/0.89	0.888402	954	718
0.88/0.90	0.899583	953	756
0.88/0.90	0.900671	952	759
0.88/0.90	0.904086	951	770
0.88/0.93	0.930934	950	857
0.88/0.93	0.931974	949	860
0.88/0.96	0.966956	948	977
0.88/0.97	0.968041	947	980
0.88/0.97	0.972511	946	995
0.88/0.97	0.977656	944	1012
0.88/0.98	0.979186	943	1017
0.88/0.98	0.979557	942	1018
0.88/0.98	0.980642	941	1021
0.88/0.98	0.983161	940	1029
0.88/0.98	0.986954	939	1041
0.88/0.98	0.987358	938	1042
0.88/0.99	0.989505	937	1049
0.98/1.00	1.00384	935	1096
0.98/1.01	1.01761	934	1142
0.98/1.02	1.019	933	1146
0.98/1.05	1.05618	931	1267
0.98/1.05	1.05676	930	1268
0.98/1.06	1.05846	929	1273
0.98/1.07	1.07641	928	1333
0.98/1.10	1.10679	927	1435
0.98/1.12	1.11958	926	1475
0.98/1.12	1.12005	925	1476
0.98/1.12	1.12142	924	1480
0.98/1.12	1.12287	923	1485
0.98/1.14	1.14245	922	1550
0.98/1.14	1.1435	921	1551
0.98/1.15	1.15496	920	1587
0.98/1.17	1.16892	919	1633
0.98/1.20	1.20013	918	1737
1.24/1.30	1.30182	915	2080
1.24/1.30	1.30258	914	2082
1.24/1.30	1.30508	912	2090
1.24/1.32	1.32087	911	2141
1.24/1.32	1.32172	910	2143
1.24/1.32	1.32663	909	2157
1.24/1.32	1.32713	908	2158
1.24/1.32	1.32792	907	2160
1.24/1.33	1.32862	906	2162
1.24/1.33	1.32903	905	2163
1.48/1.52	1.5272	903	2830
1.48/1.58	1.5848	900	3023
1.48/1.59	1.59779	899	3068
1.58/1.60	1.60013	898	3075
1.58/1.60	1.602	897	3081
1.58/1.60	1.6026	896	3083
1.78/1.86	1.86088	895	3942
1.78/1.87	1.8687	894	3969
1.78/1.87	1.86918	893	3970
1.89/1.92	1.92609	892	4165
2.09/2.18	2.18248	890	5005
2.19/2.20	2.19907	889	5059
2.19/2.20	2.20049	888	5064
2.19/2.20	2.20463	887	5077
2.19/2.21	2.21194	886	5102
2.19/2.21	2.21293	885	5104
2.19/2.22	2.21934	884	5125
2.19/2.22	2.21973	883	5126
2.19/2.25	2.25044	882	5227
2.19/2.28	2.28305	881	5335
2.19/2.28	2.28427	880	5339
2.19/2.28	2.2853	879	5342
2.19/2.28	2.28678	878	5347
2.19/2.28	2.28717	877	5348
2.19/2.29	2.28924	876	5353
2.19/2.31	2.31454	875	5434
2.19/2.43	2.43059	874	5832
2.19/2.45	2.45615	873	5918
2.19/2.45	2.4579	872	5924
2.59/2.66	2.66037	871	6608
2.59/2.66	2.66371	870	6619
2.59/2.66	2.66426	869	6620
2.59/2.66	2.6673	868	6629
2.59/2.67	2.67743	867	6664
2.59/2.67	2.67794	866	6665
2.69/2.73	2.73326	865	6854
2.79/2.86	2.86767	864	7298
3.00/3.02	3.02139	863	7830
3.19/3.22	3.22777	862	8523
3.19/3.23	3.22935	861	8528
3.69/3.70	3.70093	860	10135
3.69/3.70	3.70145	859	10136
3.69/3.73	3.73449	857	10248
3.69/3.73	3.73548	856	10251
8.08/8.19	8.18939	855	25218
8.48/8.51	8.51472	854	26316
14.49/14.74	14.7468	853	47506
15.29/15.38	15.3807	851	49650
20.39/20.82	20.8177	850	68100
21.49/21.50	21.5058	849	70443
21.49/21.50	21.5067	848	70445
21.49/21.51	21.5073	847	70446
23.99/24.06	24.0648	846	79167
