0.60/0.61	0.611442	1127	0
0.60/0.61	0.61199	1126	1
0.60/0.61	0.612441	1125	2
0.60/0.61	0.612944	1123	3
0.60/0.61	0.61336	1122	4
0.60/0.61	0.614152	1120	6
0.60/0.61	0.614629	1119	7
0.60/0.61	0.61503	1118	8
0.60/0.61	0.615477	1117	9
0.60/0.61	0.615995	1116	10
0.60/0.61	0.616373	1115	11
0.60/0.61	0.617454	1114	14
0.60/0.61	0.617841	1113	15
0.60/0.62	0.618586	1112	17
0.60/0.62	0.618979	1111	18
0.60/0.62	0.620164	1110	21
0.60/0.62	0.621008	1108	23
0.60/0.62	0.621556	1107	24
0.60/0.62	0.622064	1106	25
0.60/0.62	0.622915	1105	27
0.60/0.62	0.623285	1104	28
0.60/0.62	0.62385	1103	29
0.60/0.62	0.624281	1101	30
0.60/0.62	0.624692	1100	31
0.60/0.62	0.625413	1098	33
0.60/0.62	0.626476	1097	36
0.60/0.62	0.62707	1096	37
0.60/0.63	0.628779	1095	42
0.60/0.63	0.630195	1093	46
0.60/0.63	0.630692	1092	47
0.60/0.63	0.631771	1090	50
0.60/0.63	0.63216	1089	51
0.60/0.63	0.632578	1088	52
0.60/0.63	0.63397	1087	56
0.60/0.63	0.635043	1086	59
0.60/0.63	0.635625	1085	60
0.60/0.63	0.636252	1084	61
0.60/0.63	0.636673	1082	62
0.60/0.63	0.637752	1081	64
0.60/0.63	0.638162	1079	65
0.60/0.64	0.638927	1078	67
0.60/0.64	0.639793	1077	69
0.60/0.64	0.64038	1076	70
0.60/0.64	0.640812	1075	71
0.60/0.64	0.641414	1074	72
0.60/0.64	0.641959	1073	73
0.60/0.64	0.643337	1070	77
0.60/0.64	0.644017	1069	79
0.60/0.64	0.644421	1068	80
0.60/0.64	0.644924	1067	81
0.60/0.64	0.645582	1066	82
0.60/0.64	0.646547	1063	84
0.60/0.64	0.647822	1062	88
0.60/0.65	0.64938	1060	93
0.60/0.65	0.650225	1059	95
0.60/0.65	0.650753	1058	96
0.60/0.65	0.65148	1057	98
0.60/0.65	0.652214	1056	100
0.60/0.65	0.652931	1055	102
0.60/0.65	0.654582	1053	107
0.60/0.65	0.65505	1051	108
0.60/0.65	0.655522	1050	109
0.60/0.65	0.655936	1049	110
0.60/0.65	0.656988	1047	113
0.60/0.65	0.657753	1046	115
0.60/0.66	0.658295	1045	116
0.60/0.66	0.659008	1044	118
0.60/0.66	0.659737	1043	120
0.60/0.66	0.661237	1042	124
0.60/0.66	0.661836	1041	125
0.60/0.66	0.66313	1039	129
0.60/0.66	0.663511	1038	130
0.60/0.66	0.665568	1037	135
0.60/0.66	0.665983	1036	136
0.60/0.66	0.666381	1035	137
0.60/0.66	0.666909	1034	138
0.60/0.66	0.66805	1033	141
0.60/0.67	0.669669	1032	146
0.60/0.67	0.672186	1031	153
0.60/0.67	0.673452	1030	157
0.60/0.67	0.67415	1029	159
0.60/0.67	0.674546	1028	160
0.60/0.67	0.676758	1027	166
0.60/0.67	0.677711	1026	169
0.60/0.67	0.678148	1025	170
0.60/0.68	0.679386	1024	171
0.60/0.68	0.682679	1023	182
0.60/0.68	0.683338	1022	184
0.60/0.68	0.684656	1021	187
0.60/0.68	0.685269	1020	189
0.60/0.68	0.685691	1019	190
0.60/0.68	0.68609	1018	191
0.60/0.68	0.68665	1017	192
0.60/0.68	0.687113	1015	193
0.60/0.69	0.690769	1013	205
0.60/0.69	0.69131	1011	206
0.60/0.69	0.693472	1009	212
0.60/0.69	0.696442	1008	222
0.60/0.69	0.69739	1007	224
0.60/0.70	0.698229	1006	226
0.69/0.70	0.698903	1005	228
0.69/0.70	0.701019	1004	235
0.69/0.70	0.701798	1003	237
0.69/0.70	0.702337	1002	238
0.69/0.70	0.703483	1001	241
0.69/0.70	0.706797	1000	251
0.69/0.70	0.707845	999	254
0.69/0.71	0.70842	998	255
0.69/0.71	0.710837	997	262
0.69/0.71	0.712888	996	268
0.69/0.71	0.716199	994	278
0.69/0.72	0.719018	993	287
0.69/0.72	0.722029	992	296
0.69/0.72	0.723446	991	299
0.69/0.72	0.723891	990	300
0.69/0.72	0.724851	989	303
0.69/0.74	0.743674	988	362
0.69/0.74	0.744673	987	365
0.69/0.74	0.746361	986	370
0.69/0.75	0.748183	985	375
0.69/0.75	0.748706	984	376
0.69/0.75	0.749818	983	379
0.69/0.75	0.752942	980	389
0.69/0.76	0.758327	979	406
0.69/0.76	0.758717	978	407
0.69/0.76	0.759155	977	408
0.69/0.76	0.760527	976	412
0.69/0.77	0.771915	975	449
0.69/0.77	0.772352	974	450
0.69/0.77	0.774292	973	456
0.69/0.78	0.784238	971	488
0.69/0.78	0.787006	970	497
0.69/0.79	0.788963	969	503
0.69/0.79	0.791788	968	511
0.69/0.79	0.796215	967	524
0.69/0.79	0.797989	966	529
0.79/0.80	0.798511	965	530
0.79/0.80	0.801233	964	537
0.79/0.82	0.822453	962	604
0.79/0.82	0.824911	961	612
0.79/0.83	0.835341	959	647
0.79/0.83	0.836107	958	649
0.79/0.83	0.83695	957	651
0.79/0.85	0.855952	953	711
0.79/0.86	0.861189	952	729
0.79/0.86	0.863329	951	736
0.79/0.86	0.863692	950	737
0.79/0.86	0.864236	949	738
0.79/0.86	0.865533	948	742
0.79/0.86	0.865875	947	743
0.79/0.86	0.866256	946	744
0.79/0.87	0.871408	944	761
0.79/0.87	0.876347	943	774
0.79/0.88	0.879378	942	784
0.79/0.88	0.882729	941	795
0.79/0.88	0.887109	940	809
0.89/0.91	0.909485	938	882
0.89/0.91	0.910761	937	885
0.89/0.91	0.914797	936	898
0.89/0.91	0.915348	935	899
0.89/0.91	0.916998	934	904
0.89/0.91	0.917585	933	905
0.89/0.92	0.918713	932	907
0.89/0.92	0.919081	931	908
0.89/0.92	0.920433	930	912
0.89/0.95	0.952888	928	1014
0.89/0.95	0.955308	927	1022
0.89/0.95	0.955749	926	1023
0.89/0.96	0.960982	925	1039
0.89/0.97	0.971169	923	1071
0.89/0.99	0.988327	922	1126
0.89/0.99	0.992452	921	1139
0.89/0.99	0.993917	920	1143
0.89/0.99	0.994746	919	1145
1.02/1.03	1.03774	918	1282
1.02/1.06	1.06215	917	1363
1.02/1.06	1.06763	916	1380
1.02/1.09	1.09704	915	1472
1.02/1.10	1.09821	914	1475
1.02/1.10	1.10075	913	1482
1.02/1.10	1.10704	912	1502
1.02/1.11	1.10835	911	1505
1.02/1.11	1.11261	910	1517
1.02/1.13	1.1311	909	1577
1.02/1.13	1.13147	908	1578
1.02/1.13	1.1318	907	1579
1.19/1.28	1.28687	906	2098
1.19/1.29	1.29221	905	2116
1.29/1.39	1.3913	902	2444
1.29/1.39	1.39263	901	2447
1.39/1.41	1.40923	899	2506
1.39/1.41	1.411	898	2512
1.59/1.61	1.6104	897	3182
1.59/1.68	1.68036	896	3417
1.59/1.68	1.68131	895	3420
1.59/1.68	1.68172	894	3421
1.79/1.80	1.80278	892	3823
1.79/1.84	1.84281	891	3963
1.79/1.84	1.84726	890	3977
1.79/1.87	1.87409	889	4069
1.79/1.89	1.88945	888	4122
1.99/2.00	2.00743	887	4514
2.28/2.37	2.37515	884	5778
2.28/2.37	2.37576	883	5779
2.50/2.53	2.52841	882	6284
2.50/2.55	2.54961	881	6353
2.50/2.55	2.55382	880	6367
3.30/3.51	3.51556	879	9634
3.79/3.85	3.85342	877	10756
3.99/4.04	4.03855	876	11375
3.99/4.05	4.04896	875	11410
3.99/4.05	4.05484	874	11430
3.99/4.05	4.05553	873	11432
4.49/4.55	4.5543	871	13152
4.49/4.55	4.55525	870	13155
4.49/4.55	4.55621	869	13158
5.10/5.17	5.17378	868	15249
5.29/5.33	5.33496	866	15783
5.29/5.38	5.38491	865	15954
7.39/7.91	7.9154	864	24582
9.89/9.95	9.94796	862	31546
11.79/12.19	12.188	861	39135
17.09/17.15	17.1577	859	55896
17.59/17.60	17.6067	858	57400
17.59/17.62	17.6185	857	57441
20.19/20.22	20.2206	856	66265
20.49/20.55	20.554	854	67408
21.59/21.66	21.6645	853	71178
23.59/23.71	23.7155	851	78120
23.59/24.02	24.0227	849	79173
