0.58/0.63	0.63426	1135	0
0.58/0.63	0.634841	1134	1
0.58/0.64	0.635819	1133	4
0.58/0.64	0.636403	1132	5
0.58/0.64	0.636848	1131	6
0.58/0.64	0.637874	1130	8
0.58/0.64	0.638247	1129	9
0.58/0.64	0.638663	1128	10
0.58/0.64	0.639087	1127	11
0.58/0.64	0.639887	1126	12
0.58/0.64	0.640322	1125	13
0.58/0.64	0.640784	1124	14
0.58/0.64	0.641408	1123	15
0.58/0.64	0.642593	1121	18
0.58/0.64	0.643014	1120	19
0.58/0.64	0.643471	1119	20
0.58/0.64	0.643906	1118	21
0.58/0.64	0.644515	1117	22
0.58/0.64	0.644909	1116	23
0.58/0.65	0.645318	1115	24
0.58/0.65	0.64572	1114	25
0.58/0.65	0.646111	1113	26
0.58/0.65	0.646501	1112	27
0.58/0.65	0.647076	1111	28
0.58/0.65	0.647458	1110	29
0.58/0.65	0.647857	1109	30
0.58/0.65	0.648322	1107	31
0.58/0.65	0.649143	1106	33
0.58/0.65	0.650445	1105	36
0.58/0.65	0.650902	1104	37
0.58/0.65	0.651354	1103	38
0.58/0.65	0.651804	1102	39
0.58/0.65	0.65222	1101	40
0.58/0.65	0.652624	1100	41
0.58/0.65	0.653228	1099	42
0.58/0.65	0.654323	1098	45
0.58/0.65	0.655081	1097	47
0.58/0.66	0.655522	1096	48
0.58/0.66	0.655968	1095	49
0.58/0.66	0.656372	1094	50
0.58/0.66	0.656785	1093	51
0.58/0.66	0.657322	1092	52
0.58/0.66	0.657722	1091	53
0.58/0.66	0.658141	1089	54
0.58/0.66	0.659733	1088	59
0.58/0.66	0.660452	1087	61
0.58/0.66	0.660859	1086	62
0.58/0.66	0.661334	1085	63
0.58/0.66	0.661798	1084	64
0.58/0.66	0.662213	1083	65
0.58/0.66	0.663012	1082	67
0.58/0.66	0.66383	1080	69
0.58/0.67	0.665475	1079	73
0.58/0.67	0.666175	1078	75
0.58/0.67	0.667883	1076	80
0.58/0.67	0.668734	1075	82
0.58/0.67	0.669142	1074	83
0.58/0.67	0.669878	1073	85
0.58/0.67	0.670306	1072	86
0.58/0.67	0.671762	1070	90
0.58/0.67	0.673381	1069	95
0.58/0.67	0.674122	1068	97
0.58/0.68	0.675454	1067	101
0.58/0.68	0.676486	1066	104
0.58/0.68	0.676987	1065	105
0.58/0.68	0.678076	1064	108
0.58/0.68	0.678674	1063	109
0.58/0.68	0.67922	1062	110
0.58/0.68	0.679813	1061	111
0.58/0.68	0.681682	1059	116
0.58/0.68	0.682505	1058	118
0.58/0.68	0.682926	1057	119
0.58/0.68	0.683433	1056	120
0.58/0.68	0.684423	1055	122
0.58/0.68	0.685122	1054	124
0.58/0.69	0.685681	1053	125
0.58/0.69	0.687358	1052	130
0.58/0.69	0.689841	1050	138
0.58/0.69	0.690521	1048	140
0.58/0.69	0.691854	1047	143
0.58/0.69	0.693518	1046	148
0.58/0.69	0.693873	1045	149
0.58/0.69	0.694247	1044	150
0.58/0.69	0.695174	1043	153
0.68/0.70	0.695612	1042	154
0.68/0.70	0.69674	1041	157
0.68/0.70	0.697443	1040	159
0.68/0.70	0.699316	1039	165
0.68/0.70	0.700873	1038	169
0.68/0.70	0.702154	1037	173
0.68/0.70	0.703588	1036	177
0.68/0.70	0.704312	1035	179
0.68/0.70	0.704685	1034	180
0.68/0.70	0.705107	1033	181
0.68/0.71	0.70693	1031	186
0.68/0.71	0.710544	1028	197
0.68/0.71	0.712564	1027	203
0.68/0.71	0.713076	1026	204
0.68/0.72	0.715881	1024	213
0.68/0.72	0.717528	1023	218
0.68/0.72	0.718109	1022	219
0.68/0.72	0.721664	1021	229
0.68/0.72	0.725027	1020	238
0.68/0.73	0.727532	1018	246
0.68/0.73	0.728235	1017	248
0.68/0.73	0.729126	1016	250
0.68/0.73	0.729852	1015	252
0.68/0.73	0.731419	1014	257
0.68/0.73	0.73185	1013	258
0.68/0.73	0.732638	1012	260
0.68/0.73	0.734219	1011	265
0.68/0.74	0.735596	1010	269
0.68/0.74	0.739276	1008	280
0.68/0.74	0.740445	1007	283
0.68/0.74	0.740967	1006	284
0.68/0.74	0.744161	1005	294
0.68/0.76	0.755694	1002	330
0.68/0.76	0.757059	1000	334
0.68/0.76	0.762684	999	352
0.68/0.76	0.764395	997	357
0.68/0.76	0.764789	996	358
0.68/0.76	0.765275	995	359
0.68/0.77	0.768329	992	368
0.68/0.77	0.768725	991	369
0.68/0.77	0.7691	990	370
0.68/0.77	0.771598	988	378
0.68/0.77	0.772111	987	379
0.68/0.77	0.77278	986	381
0.68/0.78	0.778395	985	398
0.68/0.78	0.779242	983	400
0.68/0.78	0.779769	982	401
0.68/0.78	0.780757	981	404
0.68/0.78	0.782483	980	409
0.68/0.78	0.785283	979	416
0.68/0.79	0.785686	978	417
0.68/0.79	0.78657	977	419
0.68/0.79	0.787064	976	420
0.68/0.79	0.78974	975	427
0.68/0.79	0.793076	973	437
0.68/0.79	0.793459	972	438
0.68/0.79	0.793955	971	439
0.78/0.80	0.803195	970	468
0.78/0.81	0.812849	969	499
0.78/0.81	0.813358	968	500
0.78/0.81	0.813759	967	501
0.78/0.82	0.824259	966	535
0.78/0.83	0.82588	965	540
0.78/0.83	0.833876	964	566
0.78/0.84	0.838012	962	580
0.78/0.84	0.839559	961	585
0.78/0.84	0.841245	960	590
0.78/0.86	0.858877	958	647
0.78/0.86	0.86293	957	660
0.78/0.87	0.872952	954	692
0.78/0.87	0.87344	953	693
0.78/0.87	0.875276	952	698
0.78/0.88	0.876611	951	702
0.88/0.91	0.911916	948	817
0.88/0.92	0.921959	945	847
0.88/0.92	0.922413	944	848
0.88/0.93	0.927966	943	866
0.88/0.94	0.940349	942	906
0.88/0.94	0.940744	941	907
0.88/0.96	0.964139	939	981
0.88/0.96	0.965152	938	984
0.88/0.97	0.965692	937	985
0.88/0.99	0.985718	935	1049
0.98/1.00	0.998078	934	1088
0.98/1.01	1.01072	933	1129
0.98/1.07	1.07522	930	1334
0.98/1.08	1.07606	929	1336
0.98/1.08	1.07753	928	1340
0.98/1.08	1.07792	927	1341
1.08/1.14	1.13815	926	1535
1.08/1.14	1.13868	925	1536
1.08/1.14	1.13924	924	1537
1.08/1.17	1.17347	922	1648
1.08/1.18	1.17621	921	1657
1.08/1.18	1.17772	920	1660
1.08/1.18	1.17864	919	1663
1.08/1.18	1.17924	918	1664
1.08/1.19	1.18747	917	1691
1.08/1.19	1.18797	916	1692
1.08/1.19	1.18998	915	1698
1.18/1.20	1.19972	914	1729
1.18/1.20	1.20063	913	1731
1.18/1.20	1.20115	912	1732
1.31/1.32	1.32344	911	2142
1.31/1.40	1.40107	910	2408
1.31/1.47	1.46721	909	2627
1.31/1.50	1.50176	908	2746
1.31/1.59	1.59199	906	3044
1.31/1.60	1.59554	905	3055
1.31/1.60	1.59743	904	3061
1.31/1.66	1.66325	902	3280
1.31/1.67	1.66553	901	3288
1.31/1.67	1.66617	900	3290
1.79/1.83	1.83098	899	3833
1.79/1.83	1.83137	898	3834
1.79/1.89	1.89383	897	4044
1.79/1.89	1.89492	896	4047
1.89/1.90	1.89573	895	4049
1.89/1.91	1.90705	894	4086
1.89/1.91	1.91498	893	4111
1.89/1.98	1.98194	892	4340
1.89/1.98	1.98322	891	4343
1.99/2.08	2.08377	890	4688
1.99/2.09	2.08686	889	4699
2.19/2.20	2.1965	887	5076
2.19/2.20	2.19901	886	5084
2.49/2.54	2.5383	884	6239
2.59/2.62	2.61703	883	6505
2.59/2.69	2.69462	882	6768
3.49/3.56	3.56496	878	9656
3.49/3.57	3.5655	877	9657
5.09/5.14	5.13933	876	14958
5.09/5.14	5.14394	875	14974
5.29/5.54	5.53652	874	16314
5.29/5.58	5.57873	873	16457
5.29/5.58	5.5791	872	16458
6.79/7.12	7.11911	869	21630
8.65/8.67	8.66578	868	26885
9.59/9.92	9.92336	867	31122
9.59/9.92	9.92427	866	31125
9.59/9.93	9.92611	865	31131
9.59/9.93	9.9266	864	31132
9.59/9.93	9.92706	863	31133
13.59/13.61	13.6052	861	43757
13.89/14.25	14.2545	860	45958
14.59/14.65	14.6485	859	47316
14.69/14.79	14.7928	858	47815
15.39/15.86	15.8638	857	51444
15.99/16.00	15.9955	855	51895
15.99/16.07	16.0656	854	52124
20.89/20.99	20.9914	853	68849
59.98/60.03	60.032	852	201684
59.98/60.03	60.0328	851	201686
59.98/60.04	60.0338	850	201688
79.08/79.10	79.0948	849	266308
735.46/735.92	735.899	848	2469326
