0.59/0.62	0.618069	1132	0
0.59/0.62	0.61878	1131	1
0.59/0.62	0.619817	1130	4
0.59/0.62	0.620347	1129	5
0.59/0.62	0.620791	1127	6
0.59/0.62	0.621301	1126	7
0.59/0.62	0.622052	1125	9
0.59/0.62	0.622444	1124	10
0.59/0.62	0.623267	1123	12
0.59/0.62	0.623676	1122	13
0.59/0.62	0.624335	1121	15
0.59/0.62	0.625077	1120	17
0.59/0.62	0.625762	1119	19
0.59/0.62	0.626167	1118	20
0.59/0.62	0.626605	1117	21
0.59/0.62	0.627374	1116	23
0.59/0.63	0.627921	1115	24
0.59/0.63	0.628326	1114	25
0.59/0.63	0.629066	1112	27
0.59/0.63	0.629619	1111	28
0.59/0.63	0.630039	1110	29
0.59/0.63	0.630453	1109	30
0.59/0.63	0.630887	1108	31
0.59/0.63	0.631713	1107	33
0.59/0.63	0.632178	1106	34
0.59/0.63	0.63262	1104	35
0.59/0.63	0.633225	1103	36
0.59/0.63	0.633639	1101	37
0.59/0.63	0.634559	1100	39
0.59/0.63	0.634973	1099	40
0.59/0.63	0.635603	1098	41
0.59/0.63	0.636028	1097	42
0.59/0.63	0.636693	1096	43
0.59/0.63	0.637188	1095	44
0.59/0.64	0.637919	1094	46
0.59/0.64	0.638943	1093	49
0.59/0.64	0.639369	1092	50
0.59/0.64	0.640665	1091	54
0.59/0.64	0.641556	1090	56
0.59/0.64	0.642074	1089	57
0.59/0.64	0.642499	1088	58
0.59/0.64	0.643138	1087	59
0.59/0.64	0.643528	1086	60
0.59/0.64	0.643933	1085	61
0.59/0.64	0.644316	1084	62
0.59/0.64	0.644797	1083	63
0.59/0.64	0.645201	1082	64
0.59/0.64	0.646582	1081	67
0.59/0.64	0.647649	1080	69
0.59/0.65	0.648366	1079	71
0.59/0.65	0.648998	1077	72
0.59/0.65	0.649686	1076	74
0.59/0.65	0.650899	1074	77
0.59/0.65	0.65142	1073	78
0.59/0.65	0.651849	1072	79
0.59/0.65	0.652247	1071	80
0.59/0.65	0.652872	1070	81
0.59/0.65	0.653978	1069	84
0.59/0.65	0.65469	1068	86
0.59/0.65	0.655384	1067	88
0.59/0.65	0.655817	1065	89
0.59/0.66	0.65785	1063	95
0.59/0.66	0.658233	1062	96
0.59/0.66	0.65873	1060	97
0.59/0.66	0.659222	1059	98
0.59/0.66	0.659672	1057	99
0.59/0.66	0.66093	1056	103
0.59/0.66	0.661626	1055	105
0.59/0.66	0.662155	1054	106
0.59/0.66	0.662544	1052	107
0.59/0.66	0.663944	1050	111
0.59/0.66	0.66444	1049	112
0.59/0.67	0.668018	1047	122
0.59/0.67	0.66857	1046	123
0.59/0.67	0.669345	1044	125
0.59/0.67	0.671021	1043	130
0.59/0.67	0.671804	1042	132
0.59/0.67	0.672682	1041	134
0.59/0.67	0.673069	1040	135
0.59/0.67	0.675048	1039	141
0.59/0.67	0.675617	1038	142
0.59/0.67	0.67647	1037	144
0.59/0.67	0.677	1036	145
0.59/0.68	0.678024	1035	148
0.59/0.68	0.678709	1034	150
0.59/0.68	0.680017	1033	154
0.59/0.68	0.682439	1030	161
0.59/0.68	0.685719	1029	170
0.59/0.68	0.687448	1027	175
0.59/0.69	0.688408	1026	178
0.59/0.69	0.689644	1025	182
0.59/0.69	0.690126	1023	183
0.59/0.69	0.690495	1022	184
0.59/0.69	0.69149	1021	187
0.59/0.69	0.691846	1020	188
0.59/0.69	0.692612	1019	190
0.59/0.69	0.693553	1018	193
0.59/0.69	0.694277	1017	195
0.59/0.69	0.694884	1016	197
0.69/0.70	0.698036	1012	206
0.69/0.70	0.699147	1011	209
0.69/0.70	0.700777	1010	214
0.69/0.70	0.701503	1009	216
0.69/0.70	0.703952	1008	224
0.69/0.70	0.70449	1007	225
0.69/0.71	0.708043	1006	235
0.69/0.71	0.710504	1004	242
0.69/0.71	0.711741	1003	245
0.69/0.71	0.713049	1002	249
0.69/0.71	0.713515	1001	250
0.69/0.71	0.714345	999	252
0.69/0.71	0.716629	998	259
0.69/0.72	0.717807	996	262
0.69/0.72	0.723006	993	279
0.69/0.72	0.724497	992	283
0.69/0.72	0.725449	991	286
0.69/0.72	0.726065	990	288
0.69/0.73	0.727716	989	293
0.69/0.73	0.729766	988	299
0.69/0.73	0.731661	987	305
0.69/0.73	0.732345	986	307
0.69/0.73	0.73488	984	315
0.69/0.73	0.736322	983	319
0.69/0.74	0.740749	982	334
0.69/0.74	0.741205	981	335
0.69/0.74	0.742538	980	339
0.69/0.75	0.749264	979	359
0.69/0.75	0.752981	977	370
0.69/0.75	0.753711	976	372
0.69/0.76	0.758192	975	386
0.69/0.76	0.759838	974	390
0.69/0.76	0.7642	973	404
0.69/0.76	0.766853	972	412
0.69/0.77	0.770114	971	422
0.69/0.77	0.772466	970	427
0.69/0.78	0.786193	969	472
0.69/0.79	0.788683	968	480
0.69/0.79	0.789662	967	483
0.69/0.79	0.790191	966	484
0.69/0.79	0.790625	965	485
0.69/0.79	0.791657	964	488
0.69/0.79	0.791966	963	489
0.69/0.79	0.792908	962	492
0.69/0.79	0.794017	961	494
0.69/0.79	0.79471	960	496
0.69/0.80	0.805769	959	532
0.80/0.81	0.81305	958	556
0.80/0.83	0.836612	956	633
0.80/0.84	0.840048	955	644
0.80/0.84	0.842884	954	653
0.80/0.84	0.844	952	656
0.80/0.85	0.854001	951	688
0.80/0.85	0.854503	950	689
0.80/0.86	0.864755	949	722
0.80/0.87	0.875297	947	757
0.80/0.87	0.876474	946	760
0.80/0.88	0.879502	945	769
0.80/0.88	0.884334	944	785
0.80/0.88	0.885283	943	788
0.80/0.88	0.886617	942	792
0.80/0.89	0.887677	941	795
0.80/0.89	0.888098	940	796
0.89/0.90	0.902449	939	842
0.89/0.91	0.908058	938	860
0.89/0.91	0.912912	937	876
0.89/0.91	0.914227	936	880
0.89/0.91	0.915251	935	883
0.89/0.91	0.916762	934	887
0.89/0.92	0.918904	933	893
0.89/0.92	0.919385	932	894
0.89/0.92	0.921834	931	901
0.89/0.92	0.922309	930	902
0.89/0.92	0.923011	929	904
0.89/0.96	0.966391	928	1046
0.89/0.97	0.967902	927	1051
0.89/1.00	1.0046	926	1168
0.89/1.00	1.00719	925	1176
0.89/1.01	1.00775	924	1177
0.89/1.01	1.00865	923	1179
0.89/1.01	1.01008	922	1183
1.05/1.14	1.1392	921	1608
1.05/1.14	1.13971	920	1609
1.05/1.14	1.14414	918	1624
1.15/1.17	1.17545	916	1730
1.15/1.18	1.17872	915	1740
1.15/1.18	1.17911	914	1741
1.15/1.18	1.18036	913	1745
1.15/1.18	1.18102	912	1747
1.15/1.19	1.18986	911	1774
1.15/1.19	1.19047	910	1776
1.19/1.20	1.19877	909	1805
1.19/1.22	1.22186	907	1885
1.19/1.25	1.25675	906	2001
1.19/1.26	1.25805	905	2005
1.19/1.27	1.26925	904	2040
1.19/1.29	1.29592	903	2127
1.19/1.29	1.29627	902	2128
1.29/1.38	1.37961	900	2408
1.38/1.46	1.45983	899	2677
1.38/1.47	1.47046	898	2712
1.49/1.56	1.55899	896	3007
1.49/1.57	1.57093	895	3047
1.59/1.62	1.62494	894	3232
1.59/1.62	1.62563	893	3233
1.59/1.62	1.62614	892	3234
1.59/1.66	1.66701	890	3366
1.68/1.70	1.69814	889	3473
1.68/1.70	1.69852	888	3474
1.99/2.19	2.193	887	5121
2.28/2.39	2.39233	885	5799
2.38/2.39	2.3939	884	5803
2.38/2.39	2.39423	883	5804
2.38/2.39	2.39497	882	5806
2.38/2.41	2.40804	881	5852
2.48/2.51	2.50908	879	6201
2.48/2.51	2.50969	878	6203
2.48/2.52	2.52228	877	6247
2.48/2.52	2.527	876	6263
2.48/2.52	2.52734	875	6264
3.19/3.28	3.28693	872	8826
3.19/3.38	3.38267	870	9161
3.19/3.38	3.38312	869	9162
3.19/3.54	3.53955	868	9697
3.19/3.54	3.54593	867	9718
3.19/3.54	3.54732	866	9722
4.29/4.37	4.36842	865	12509
4.29/4.37	4.36884	864	12510
5.49/5.59	5.59102	862	16701
7.39/7.88	7.88365	860	24644
7.66/8.08	8.08442	859	25319
7.66/8.08	8.08503	858	25321
8.10/8.12	8.11813	857	25432
10.29/10.36	10.3637	855	33126
27.88/28.10	28.0985	853	93783
29.38/29.41	29.4068	852	98228
30.48/30.52	30.519	851	102060
40.89/40.98	40.9788	850	137835
40.99/41.04	41.0424	849	138051
48.39/48.89	48.8879	847	164707
48.39/48.89	48.8882	846	164708
