0.58/0.67	0.675296	1138	0
0.58/0.67	0.676464	1135	3
0.58/0.67	0.676872	1134	4
0.58/0.68	0.677333	1133	5
0.58/0.68	0.677752	1131	6
0.58/0.68	0.6782	1130	7
0.58/0.68	0.678644	1128	8
0.58/0.68	0.679055	1127	9
0.58/0.68	0.680265	1126	12
0.58/0.68	0.680987	1124	14
0.58/0.68	0.681419	1123	15
0.58/0.68	0.681935	1121	16
0.58/0.68	0.682531	1120	17
0.58/0.68	0.682973	1119	18
0.58/0.68	0.683501	1118	19
0.58/0.68	0.683925	1117	20
0.58/0.68	0.684365	1116	21
0.58/0.68	0.684762	1115	22
0.58/0.68	0.685811	1114	25
0.58/0.68	0.686329	1113	26
0.58/0.68	0.686809	1112	27
0.58/0.69	0.687233	1111	28
0.58/0.69	0.687783	1110	29
0.58/0.69	0.68828	1108	30
0.58/0.69	0.688699	1107	31
0.58/0.69	0.689114	1106	32
0.58/0.69	0.689819	1105	34
0.58/0.69	0.691227	1103	38
0.58/0.69	0.692032	1102	40
0.58/0.69	0.692834	1101	42
0.58/0.69	0.693256	1100	43
0.58/0.69	0.693645	1099	44
0.58/0.69	0.694421	1098	46
0.58/0.69	0.69491	1096	47
0.58/0.69	0.695278	1095	48
0.58/0.69	0.695704	1094	49
0.58/0.69	0.696724	1093	52
0.69/0.70	0.698154	1091	56
0.69/0.70	0.699467	1090	60
0.69/0.70	0.700416	1089	63
0.69/0.70	0.701445	1088	66
0.69/0.70	0.701857	1087	67
0.69/0.70	0.703417	1085	72
0.69/0.70	0.70379	1084	73
0.69/0.70	0.704191	1083	74
0.69/0.70	0.704648	1082	75
0.69/0.70	0.705368	1080	77
0.69/0.70	0.705968	1078	78
0.69/0.70	0.706385	1077	79
0.69/0.71	0.707429	1076	82
0.69/0.71	0.707897	1074	83
0.69/0.71	0.708401	1073	84
0.69/0.71	0.708836	1072	85
0.69/0.71	0.70934	1071	86
0.69/0.71	0.710436	1070	89
0.69/0.71	0.711365	1069	92
0.69/0.71	0.712146	1067	94
0.69/0.71	0.713126	1066	96
0.69/0.71	0.713493	1065	97
0.69/0.71	0.713964	1064	98
0.69/0.71	0.714366	1063	99
0.69/0.71	0.715031	1062	101
0.69/0.71	0.717071	1060	107
0.69/0.72	0.719831	1058	115
0.69/0.72	0.720599	1057	117
0.69/0.72	0.72131	1056	119
0.69/0.72	0.721726	1055	120
0.69/0.72	0.722797	1054	123
0.69/0.72	0.724391	1053	128
0.69/0.72	0.725673	1052	132
0.69/0.73	0.727293	1050	137
0.69/0.73	0.728034	1049	139
0.69/0.73	0.72874	1048	141
0.69/0.73	0.729851	1047	144
0.69/0.73	0.731695	1046	150
0.69/0.73	0.732134	1045	151
0.69/0.73	0.732561	1043	152
0.69/0.73	0.733626	1041	155
0.69/0.73	0.734128	1040	156
0.69/0.73	0.734875	1039	158
0.69/0.74	0.739306	1038	172
0.69/0.74	0.739712	1037	173
0.69/0.74	0.740221	1036	174
0.69/0.74	0.740851	1035	175
0.69/0.74	0.742279	1034	179
0.69/0.74	0.746087	1033	191
0.69/0.75	0.747252	1032	194
0.69/0.75	0.750975	1030	205
0.69/0.75	0.751631	1029	207
0.69/0.75	0.752602	1028	210
0.69/0.75	0.756426	1026	222
0.69/0.75	0.756841	1025	223
0.69/0.76	0.758623	1023	228
0.69/0.76	0.759012	1022	229
0.69/0.76	0.760019	1021	232
0.69/0.76	0.76072	1020	234
0.69/0.76	0.7618	1019	235
0.69/0.76	0.764693	1018	244
0.69/0.76	0.765213	1017	245
0.69/0.77	0.769704	1016	260
0.69/0.77	0.770757	1015	263
0.69/0.77	0.771216	1014	264
0.69/0.77	0.775023	1012	276
0.69/0.77	0.775654	1011	277
0.69/0.78	0.77791	1009	283
0.69/0.78	0.779327	1008	287
0.69/0.78	0.779718	1007	288
0.69/0.78	0.780152	1006	289
0.69/0.78	0.78516	1005	305
0.69/0.78	0.785705	1004	306
0.69/0.78	0.786105	1003	307
0.69/0.78	0.786616	1002	308
0.69/0.79	0.789883	1001	319
0.69/0.79	0.792013	1000	326
0.69/0.79	0.792363	999	327
0.69/0.79	0.79499	997	335
0.69/0.79	0.796965	996	341
0.69/0.80	0.797354	995	342
0.79/0.80	0.797792	994	343
0.79/0.80	0.804113	993	364
0.79/0.80	0.804623	992	365
0.79/0.82	0.820228	991	417
0.79/0.82	0.82079	990	418
0.79/0.82	0.821794	989	421
0.79/0.82	0.822786	988	424
0.79/0.82	0.825116	987	431
0.79/0.83	0.828723	986	444
0.79/0.83	0.831309	985	452
0.79/0.83	0.831979	984	454
0.79/0.83	0.837037	982	470
0.79/0.84	0.839381	981	477
0.79/0.84	0.843445	980	490
0.79/0.84	0.84387	979	491
0.79/0.84	0.846425	978	499
0.79/0.85	0.85073	977	513
0.79/0.86	0.860622	975	543
0.79/0.87	0.868886	973	569
0.79/0.87	0.869332	972	570
0.79/0.87	0.875037	971	589
0.79/0.89	0.889555	970	635
0.89/0.91	0.90873	969	697
0.89/0.94	0.943934	968	809
0.89/0.94	0.944316	967	810
0.89/0.94	0.945665	966	814
0.89/0.98	0.978217	965	922
0.89/0.98	0.978683	964	923
0.89/0.98	0.98187	963	934
0.89/0.99	0.989035	962	957
0.89/0.99	0.989979	961	960
0.89/0.99	0.993	960	968
0.89/0.99	0.994562	959	972
0.89/0.99	0.995032	958	973
0.98/1.00	1.00174	955	992
0.98/1.00	1.00255	954	994
0.98/1.01	1.00981	953	1014
0.98/1.01	1.01197	951	1020
0.98/1.01	1.01277	950	1022
0.98/1.01	1.01469	949	1028
0.98/1.03	1.03371	947	1088
0.98/1.04	1.03737	946	1099
0.98/1.04	1.0401	945	1107
0.98/1.04	1.0446	944	1122
0.98/1.04	1.04635	943	1128
0.98/1.04	1.04673	942	1129
0.98/1.05	1.04744	941	1131
0.98/1.05	1.04836	940	1134
0.98/1.05	1.05018	939	1140
0.98/1.07	1.06909	938	1199
0.98/1.07	1.07535	937	1217
0.98/1.08	1.08358	935	1245
1.10/1.12	1.11871	934	1359
1.10/1.12	1.12034	933	1364
1.10/1.16	1.16103	932	1496
1.10/1.16	1.16214	931	1498
1.10/1.17	1.17208	929	1529
1.10/1.17	1.17702	928	1545
1.10/1.18	1.18013	927	1554
1.10/1.19	1.19209	926	1592
1.10/1.20	1.20303	924	1630
1.10/1.21	1.20796	923	1645
1.10/1.21	1.20847	922	1646
1.10/1.28	1.28408	921	1892
1.10/1.28	1.28545	920	1896
1.10/1.31	1.31246	919	1988
1.10/1.32	1.32528	918	2030
1.10/1.34	1.34169	917	2088
1.10/1.38	1.38339	916	2225
1.10/1.38	1.38394	915	2226
1.10/1.38	1.38435	914	2227
1.40/1.42	1.42141	913	2350
1.40/1.42	1.4218	912	2351
1.40/1.45	1.44852	911	2438
1.40/1.45	1.4554	910	2461
1.40/1.48	1.48413	908	2553
1.40/1.48	1.48509	907	2556
1.40/1.50	1.50687	906	2628
1.51/1.52	1.51926	905	2671
1.51/1.52	1.52448	904	2688
1.51/1.52	1.52529	903	2690
1.59/1.60	1.60066	902	2945
1.59/1.60	1.60207	901	2949
1.59/1.61	1.61302	900	2984
1.59/1.61	1.61347	899	2985
1.59/1.61	1.61529	898	2989
1.59/1.61	1.61613	897	2992
1.59/1.61	1.61678	896	2994
2.38/2.52	2.52307	894	5971
2.38/2.52	2.52402	893	5973
2.38/2.52	2.5245	892	5974
3.29/3.30	3.30547	889	8619
3.29/3.30	3.30646	888	8622
3.29/3.31	3.308	887	8627
3.39/3.43	3.43153	886	9036
3.79/3.91	3.91519	883	10691
3.79/3.91	3.91563	882	10692
3.79/4.02	4.01979	881	11030
4.79/4.86	4.85791	878	13837
4.79/4.86	4.8589	876	13840
4.89/4.99	4.98923	875	14293
4.99/5.09	5.09078	874	14638
5.09/5.16	5.15779	872	14868
5.09/5.17	5.17551	871	14930
5.19/5.65	5.65082	870	16510
7.59/7.64	7.64694	869	23241
8.09/8.12	8.12454	867	24846
8.20/8.74	8.74507	866	26955
8.85/8.87	8.87309	865	27394
8.88/8.93	8.93004	864	27593
8.88/8.93	8.93136	863	27597
8.88/8.93	8.93179	862	27598
10.79/10.83	10.8307	861	34007
10.79/10.83	10.8322	860	34012
15.38/15.43	15.4292	857	49395
17.69/17.73	17.7346	855	57380
19.49/19.60	19.5968	854	63817
19.59/19.60	19.5975	853	63819
20.35/20.49	20.4921	852	66888
102.18/102.23	102.228	851	343722
