0.48/0.61	0.614225	1122	0
0.48/0.61	0.614757	1121	1
0.48/0.61	0.61527	1120	2
0.48/0.61	0.615711	1119	3
0.60/0.61	0.616431	1117	5
0.60/0.62	0.618367	1115	11
0.60/0.62	0.618944	1114	12
0.60/0.62	0.619343	1113	13
0.60/0.62	0.621079	1112	18
0.60/0.62	0.623775	1111	27
0.60/0.62	0.624976	1110	30
0.60/0.62	0.625484	1109	31
0.60/0.62	0.625845	1108	32
0.60/0.62	0.626486	1106	33
0.60/0.62	0.626899	1105	34
0.60/0.62	0.627371	1103	35
0.60/0.62	0.627742	1102	36
0.60/0.63	0.628836	1101	39
0.60/0.63	0.629286	1100	40
0.60/0.63	0.63007	1098	42
0.60/0.63	0.630872	1097	44
0.60/0.63	0.632897	1096	50
0.60/0.63	0.633626	1095	52
0.60/0.63	0.634086	1094	53
0.60/0.63	0.635022	1093	55
0.60/0.63	0.635453	1092	56
0.60/0.63	0.636005	1091	57
0.60/0.63	0.637413	1090	61
0.60/0.64	0.638962	1087	66
0.60/0.64	0.639769	1085	68
0.60/0.64	0.640563	1084	70
0.60/0.64	0.640991	1083	71
0.60/0.64	0.641604	1082	72
0.60/0.64	0.642019	1081	73
0.60/0.64	0.642572	1078	74
0.60/0.64	0.643283	1076	75
0.60/0.64	0.643995	1075	77
0.60/0.64	0.644454	1074	78
0.60/0.64	0.645192	1072	80
0.60/0.64	0.645801	1071	81
0.60/0.64	0.646309	1070	82
0.60/0.64	0.646753	1068	83
0.60/0.64	0.647252	1066	84
0.60/0.65	0.64865	1064	88
0.60/0.65	0.649392	1063	90
0.60/0.65	0.650119	1062	92
0.60/0.65	0.651158	1060	95
0.60/0.65	0.652274	1058	98
0.60/0.65	0.653456	1056	101
0.60/0.65	0.653852	1055	102
0.60/0.65	0.654747	1053	104
0.60/0.65	0.655431	1052	106
0.60/0.65	0.655956	1051	107
0.60/0.65	0.656716	1049	109
0.60/0.65	0.657408	1048	111
0.60/0.66	0.658408	1047	114
0.60/0.66	0.658904	1046	115
0.60/0.66	0.659838	1045	118
0.60/0.66	0.660244	1044	119
0.60/0.66	0.660954	1042	121
0.60/0.66	0.664322	1040	131
0.60/0.66	0.667808	1037	141
0.60/0.67	0.67175	1036	154
0.60/0.67	0.67308	1035	158
0.60/0.67	0.673937	1034	160
0.60/0.67	0.674626	1033	162
0.60/0.67	0.675011	1032	163
0.60/0.68	0.678361	1031	173
0.60/0.68	0.680903	1030	181
0.60/0.68	0.681458	1029	182
0.60/0.68	0.686895	1028	199
0.60/0.69	0.688435	1027	204
0.60/0.69	0.68993	1026	208
0.60/0.69	0.691303	1025	212
0.60/0.69	0.692096	1023	214
0.60/0.69	0.692803	1022	216
0.60/0.69	0.693823	1021	219
0.60/0.69	0.696212	1019	225
0.60/0.69	0.696728	1018	226
0.68/0.70	0.698475	1017	231
0.68/0.70	0.705632	1015	253
0.68/0.70	0.706755	1014	256
0.68/0.70	0.707293	1013	257
0.68/0.71	0.711191	1012	269
0.68/0.71	0.713091	1011	275
0.68/0.71	0.714923	1010	281
0.68/0.71	0.716166	1009	285
0.68/0.72	0.718739	1008	293
0.68/0.72	0.719405	1007	295
0.68/0.72	0.720154	1006	297
0.68/0.72	0.720529	1005	298
0.68/0.72	0.722887	1004	305
0.68/0.72	0.724099	1003	309
0.68/0.72	0.726892	1002	318
0.68/0.72	0.727293	1001	319
0.68/0.72	0.727799	1000	320
0.68/0.73	0.72946	999	325
0.68/0.73	0.731073	998	329
0.68/0.73	0.731653	997	330
0.68/0.73	0.732994	996	334
0.68/0.73	0.733686	995	336
0.68/0.73	0.737205	994	347
0.68/0.74	0.740326	993	355
0.68/0.74	0.741649	992	359
0.68/0.74	0.742997	991	363
0.68/0.74	0.744272	990	367
0.68/0.74	0.744836	989	368
0.68/0.74	0.745196	988	369
0.68/0.75	0.749453	984	380
0.68/0.75	0.751453	982	386
0.68/0.75	0.751901	981	387
0.68/0.75	0.752712	979	389
0.68/0.75	0.753151	978	390
0.68/0.75	0.753565	977	391
0.68/0.75	0.754952	976	394
0.68/0.75	0.75572	975	396
0.68/0.75	0.756209	974	397
0.68/0.76	0.760138	973	410
0.68/0.77	0.768722	972	436
0.68/0.77	0.770553	971	442
0.68/0.77	0.775644	970	458
0.68/0.78	0.778703	968	468
0.68/0.78	0.779196	967	469
0.68/0.79	0.788699	964	500
0.68/0.79	0.789601	963	502
0.68/0.79	0.793773	962	516
0.79/0.80	0.801804	961	540
0.79/0.80	0.803217	960	544
0.79/0.80	0.807492	959	558
0.79/0.81	0.817784	957	591
0.79/0.83	0.831109	956	635
0.79/0.83	0.832939	955	640
0.79/0.83	0.833505	954	641
0.79/0.83	0.833893	953	642
0.79/0.84	0.845199	951	678
0.79/0.84	0.84567	950	679
0.79/0.85	0.850821	949	696
0.79/0.85	0.851637	948	698
0.79/0.86	0.864715	946	741
0.79/0.86	0.865703	945	744
0.79/0.87	0.869706	944	757
0.79/0.87	0.870258	943	758
0.79/0.87	0.871221	942	761
0.79/0.88	0.878402	941	782
0.79/0.88	0.881932	940	793
0.79/0.88	0.882298	939	794
0.88/0.91	0.91027	937	886
0.88/0.92	0.924922	935	933
0.88/0.92	0.927542	934	941
0.88/0.93	0.928041	933	942
0.88/0.93	0.929544	932	947
0.88/0.93	0.931379	931	953
0.88/0.93	0.93185	930	954
0.88/0.94	0.938291	929	975
0.88/0.94	0.944973	928	996
0.88/0.95	0.9483	927	1007
0.88/0.95	0.957906	926	1037
0.88/0.96	0.967175	925	1068
0.88/0.96	0.967652	924	1069
1.01/1.03	1.0301	923	1268
1.01/1.03	1.03066	922	1269
1.01/1.03	1.03222	921	1274
1.01/1.03	1.03593	920	1286
1.01/1.03	1.03695	919	1289
1.01/1.04	1.03873	918	1295
1.01/1.07	1.06825	917	1391
1.01/1.07	1.07118	916	1400
1.01/1.07	1.07189	915	1401
1.01/1.07	1.07385	914	1406
1.11/1.18	1.18388	910	1759
1.11/1.18	1.18648	909	1768
1.19/1.24	1.23856	908	1943
1.19/1.24	1.24251	907	1957
1.19/1.24	1.24334	906	1959
1.19/1.24	1.24412	905	1961
1.19/1.24	1.24526	904	1964
1.29/1.37	1.37018	903	2382
1.39/1.41	1.41796	902	2538
1.39/1.42	1.42382	901	2556
1.39/1.42	1.42579	900	2562
1.39/1.42	1.42647	899	2564
1.39/1.42	1.42781	898	2567
1.39/1.45	1.45577	897	2659
1.49/1.52	1.51827	896	2863
1.49/1.52	1.52614	895	2889
1.49/1.56	1.56186	894	3009
1.49/1.56	1.56225	893	3010
1.49/1.58	1.58742	892	3090
1.59/1.63	1.63489	890	3256
1.59/1.67	1.67015	889	3378
1.59/1.67	1.67203	888	3383
1.79/1.81	1.8104	887	3852
1.79/1.86	1.85894	886	4010
1.99/2.08	2.08055	885	4735
1.99/2.08	2.08115	884	4736
2.21/2.24	2.23874	883	5259
2.21/2.24	2.23967	882	5261
2.21/2.28	2.28747	881	5423
2.21/2.29	2.28902	880	5428
2.21/2.29	2.29469	879	5446
2.21/2.29	2.29565	878	5449
2.29/2.30	2.30126	877	5467
3.09/3.16	3.16431	875	8355
3.09/3.19	3.19157	874	8444
3.09/3.19	3.19232	873	8446
3.09/3.19	3.19301	872	8448
3.09/3.34	3.34579	871	8965
3.69/3.77	3.77355	870	10397
3.78/3.82	3.82113	868	10559
3.78/3.87	3.87625	867	10744
3.78/3.87	3.87694	866	10746
3.78/3.88	3.88056	865	10759
5.89/6.02	6.02056	864	18121
5.89/6.03	6.0321	863	18160
5.89/6.25	6.25546	862	18924
6.58/6.66	6.66679	861	20331
6.58/6.66	6.66774	859	20334
6.58/6.67	6.66818	858	20335
8.69/8.82	8.81843	857	27568
9.49/9.52	9.5257	855	29974
9.49/9.52	9.52624	854	29975
9.49/9.54	9.54747	853	30048
21.59/21.63	21.6355	851	70789
21.59/21.63	21.6362	850	70791
21.79/21.85	21.8517	848	71510
21.79/21.85	21.8571	847	71528
41.89/41.97	41.9679	846	139866
41.89/41.98	41.9778	845	139900
42.39/42.78	42.7764	843	142634
43.79/43.89	43.888	842	146419
