0.60/0.66	0.664224	1138	0
0.60/0.66	0.664719	1136	1
0.60/0.66	0.665086	1135	2
0.60/0.66	0.665586	1134	3
0.60/0.66	0.666003	1133	4
0.60/0.66	0.666402	1132	5
0.60/0.66	0.667201	1131	7
0.60/0.66	0.667587	1130	8
0.60/0.67	0.667985	1128	9
0.60/0.67	0.668363	1127	10
0.60/0.67	0.668767	1126	11
0.60/0.67	0.66916	1125	12
0.60/0.67	0.669995	1124	14
0.60/0.67	0.671194	1123	17
0.60/0.67	0.671634	1120	18
0.60/0.67	0.672468	1119	20
0.60/0.67	0.672882	1118	21
0.60/0.67	0.673436	1116	22
0.60/0.67	0.673838	1115	23
0.60/0.67	0.674533	1114	25
0.60/0.67	0.674947	1113	26
0.60/0.67	0.675671	1112	28
0.60/0.67	0.676529	1111	30
0.60/0.67	0.67698	1110	31
0.60/0.67	0.677369	1109	32
0.60/0.67	0.677759	1108	33
0.60/0.68	0.678526	1107	35
0.60/0.68	0.678963	1106	36
0.60/0.68	0.680312	1104	40
0.60/0.68	0.682181	1102	45
0.60/0.68	0.683041	1101	47
0.60/0.68	0.684147	1100	50
0.60/0.68	0.684538	1099	51
0.60/0.68	0.685083	1098	52
0.60/0.69	0.688305	1096	60
0.60/0.69	0.688865	1094	61
0.60/0.69	0.691032	1093	67
0.60/0.69	0.691697	1091	69
0.60/0.69	0.692699	1090	72
0.60/0.69	0.693111	1089	73
0.60/0.69	0.693612	1088	74
0.60/0.69	0.694378	1087	76
0.60/0.69	0.694798	1086	77
0.60/0.69	0.696611	1084	83
0.60/0.69	0.697027	1083	84
0.70/0.70	0.698865	1081	89
0.70/0.70	0.699772	1079	91
0.70/0.70	0.700233	1078	92
0.70/0.70	0.701507	1076	96
0.70/0.70	0.703432	1075	102
0.70/0.70	0.70443	1074	105
0.70/0.70	0.705716	1073	109
0.70/0.70	0.707054	1072	113
0.70/0.71	0.708467	1071	117
0.70/0.71	0.709384	1070	119
0.70/0.71	0.709912	1069	120
0.70/0.71	0.710469	1068	121
0.70/0.71	0.71212	1067	126
0.70/0.71	0.712527	1066	127
0.70/0.71	0.712957	1065	128
0.70/0.71	0.713448	1064	129
0.70/0.71	0.715032	1062	133
0.70/0.71	0.715769	1061	135
0.70/0.71	0.716869	1058	138
0.70/0.71	0.717315	1057	139
0.70/0.72	0.71788	1056	140
0.70/0.72	0.718686	1055	142
0.70/0.72	0.719237	1054	143
0.70/0.72	0.719798	1053	144
0.70/0.72	0.722228	1052	151
0.70/0.72	0.72262	1051	152
0.70/0.72	0.723693	1050	155
0.70/0.72	0.724152	1049	156
0.70/0.72	0.724916	1048	158
0.70/0.72	0.725432	1047	159
0.70/0.72	0.725836	1046	160
0.70/0.73	0.72865	1042	169
0.70/0.73	0.731248	1040	177
0.70/0.73	0.731803	1039	178
0.70/0.73	0.733477	1037	183
0.70/0.73	0.735382	1036	189
0.70/0.73	0.735796	1035	190
0.70/0.73	0.73616	1034	191
0.70/0.74	0.738133	1032	197
0.70/0.74	0.73922	1031	200
0.70/0.74	0.740902	1030	205
0.70/0.74	0.741694	1029	207
0.70/0.74	0.742136	1028	208
0.70/0.74	0.742969	1027	210
0.70/0.74	0.743458	1026	211
0.70/0.74	0.743975	1025	212
0.70/0.74	0.744712	1024	214
0.70/0.74	0.745159	1022	215
0.70/0.74	0.746489	1021	219
0.70/0.74	0.747201	1020	220
0.70/0.75	0.748822	1019	225
0.70/0.75	0.751813	1017	233
0.70/0.75	0.752266	1016	234
0.70/0.75	0.753071	1015	236
0.70/0.75	0.753536	1014	237
0.70/0.75	0.75654	1013	245
0.70/0.75	0.757163	1012	247
0.70/0.76	0.757973	1010	249
0.70/0.76	0.761798	1009	261
0.70/0.76	0.764918	1008	271
0.70/0.76	0.765875	1007	274
0.70/0.77	0.767812	1006	280
0.70/0.77	0.769613	1005	285
0.70/0.77	0.773571	1004	293
0.70/0.77	0.774876	1003	295
0.70/0.77	0.776068	1002	297
0.70/0.77	0.776908	1001	298
0.70/0.78	0.778871	1000	301
0.70/0.78	0.782338	999	306
0.70/0.78	0.785897	997	312
0.70/0.78	0.787523	996	315
0.70/0.79	0.792326	995	324
0.70/0.79	0.793038	994	325
0.70/0.79	0.793789	993	326
0.80/0.80	0.798951	992	335
0.80/0.80	0.800652	991	338
0.80/0.80	0.802114	990	341
0.80/0.81	0.807815	989	352
0.80/0.81	0.808932	988	354
0.80/0.81	0.81038	987	356
0.80/0.81	0.811101	986	357
0.80/0.83	0.83407	984	405
0.80/0.84	0.840508	982	419
0.80/0.84	0.842272	981	423
0.80/0.84	0.843042	980	424
0.80/0.84	0.844626	979	427
0.80/0.84	0.845221	978	428
0.80/0.84	0.845849	977	429
0.80/0.84	0.84647	976	430
0.80/0.84	0.847562	974	432
0.80/0.85	0.856623	973	454
0.80/0.86	0.8588	972	459
0.80/0.86	0.860917	971	464
0.80/0.86	0.863841	970	471
0.80/0.87	0.867852	969	480
0.80/0.87	0.870248	968	485
0.80/0.87	0.872149	967	490
0.90/0.90	0.901892	966	577
0.90/0.90	0.903101	965	580
0.90/0.90	0.904014	964	581
0.90/0.90	0.905856	963	586
0.90/0.90	0.907133	962	589
0.90/0.91	0.91551	960	613
0.90/0.91	0.916841	959	616
0.90/0.92	0.921842	958	630
0.90/0.92	0.922377	957	631
0.90/0.92	0.923867	956	635
0.90/0.92	0.924479	955	636
0.90/0.93	0.934412	954	664
0.90/0.93	0.935769	953	668
0.90/0.93	0.936655	952	670
0.90/0.96	0.963575	950	750
0.90/0.98	0.987119	948	819
0.90/0.99	0.988246	947	822
0.90/0.99	0.992246	946	833
0.90/0.99	0.996174	945	845
0.99/1.06	1.06388	943	1046
0.99/1.06	1.06487	942	1048
0.99/1.06	1.06549	941	1049
0.99/1.07	1.06853	940	1058
0.99/1.09	1.09442	939	1134
0.99/1.09	1.0963	938	1139
0.99/1.09	1.09681	937	1140
1.09/1.11	1.11376	936	1189
1.09/1.12	1.11838	935	1201
1.09/1.12	1.11889	934	1202
1.09/1.13	1.13587	933	1250
1.09/1.14	1.14227	932	1269
1.09/1.15	1.14822	931	1288
1.09/1.15	1.15353	930	1304
1.09/1.16	1.16738	929	1344
1.09/1.17	1.16789	928	1345
1.09/1.17	1.16865	927	1347
1.09/1.17	1.17082	926	1353
1.09/1.17	1.17152	925	1355
1.09/1.20	1.20131	924	1443
1.20/1.20	1.20208	923	1444
1.20/1.23	1.23527	922	1540
1.20/1.28	1.2855	921	1685
1.20/1.30	1.29893	920	1723
1.20/1.38	1.38165	916	1968
1.20/1.38	1.38222	915	1969
1.20/1.38	1.38416	914	1975
1.70/1.79	1.79623	913	3294
1.80/1.83	1.83582	912	3425
1.89/1.93	1.93763	910	3760
1.99/2.06	2.06436	908	4151
1.99/2.07	2.06998	907	4169
2.09/2.12	2.12077	906	4334
2.18/2.20	2.20125	905	4601
2.48/2.60	2.60388	904	5942
2.48/2.60	2.60546	903	5947
2.48/2.60	2.60664	902	5951
2.48/2.61	2.61486	901	5977
2.48/2.63	2.63486	900	6045
2.48/2.64	2.63803	899	6055
2.48/2.64	2.6384	898	6056
2.48/2.65	2.65227	896	6101
2.48/2.66	2.65889	895	6123
2.48/2.66	2.66671	894	6149
2.48/2.67	2.66866	893	6155
2.48/2.67	2.66939	892	6157
2.48/2.77	2.77326	891	6505
2.48/2.82	2.82037	890	6666
3.09/3.12	3.11783	888	7669
3.89/4.18	4.18058	887	11232
3.89/4.21	4.21396	885	11343
3.89/4.21	4.21447	884	11344
4.79/4.89	4.89393	883	13647
4.79/4.89	4.89434	882	13648
4.89/4.94	4.94186	881	13808
4.89/4.94	4.94235	880	13809
5.39/5.44	5.43855	877	15471
5.39/5.44	5.43899	876	15472
5.39/5.47	5.47329	875	15587
6.69/6.72	6.72462	873	19824
6.69/6.72	6.72738	872	19832
8.99/9.08	9.08483	870	27730
8.99/9.08	9.0852	869	27731
9.09/9.12	9.12284	868	27863
9.59/9.80	9.80298	867	30141
9.59/10.22	10.2257	865	31575
10.25/10.32	10.3213	864	31896
10.25/10.32	10.3219	863	31897
11.99/12.03	12.0325	862	37652
11.99/12.03	12.0333	861	37654
11.99/12.03	12.0348	860	37659
11.99/12.04	12.0394	859	37674
20.59/20.66	20.6598	858	66937
21.73/21.78	21.7832	857	70739
21.88/21.95	21.9539	856	71304
41.78/42.01	42.0144	855	139493
48.89/48.90	48.901	854	162962
48.99/49.03	49.0313	852	163417
87.83/87.88	87.8842	851	295586
88.81/88.85	88.8529	850	298893
88.81/88.86	88.8574	849	298909
