0.63/0.72	0.667268	1032	0
0.63/0.72	0.66773	1031	4
0.63/0.72	0.668803	1030	9
0.63/0.72	0.669233	1029	13
0.63/0.73	0.670008	1028	17
0.63/0.73	0.67073	1027	22
0.63/0.73	0.671954	1026	28
0.63/0.73	0.672097	1025	29
0.63/0.73	0.673416	1024	36
0.63/0.73	0.674073	1023	41
0.63/0.73	0.67468	1022	47
0.63/0.73	0.675032	1021	51
0.63/0.73	0.675305	1020	53
0.63/0.73	0.675909	1019	58
0.63/0.73	0.676223	1018	61
0.63/0.73	0.676763	1017	65
0.63/0.73	0.677283	1016	70
0.63/0.73	0.677595	1015	73
0.63/0.73	0.678187	1014	77
0.63/0.73	0.679203	1013	87
0.63/0.74	0.679565	1012	90
0.63/0.74	0.680498	1011	96
0.63/0.74	0.681073	1010	100
0.63/0.74	0.681525	1009	104
0.63/0.74	0.682079	1008	108
0.63/0.74	0.68281	1007	113
0.63/0.74	0.683148	1006	116
0.63/0.74	0.683987	1005	123
0.63/0.74	0.68515	1004	129
0.63/0.74	0.686366	1003	136
0.63/0.74	0.686628	1002	138
0.63/0.74	0.687123	1001	142
0.63/0.74	0.688101	999	149
0.63/0.74	0.688555	998	154
0.63/0.74	0.688716	997	155
0.63/0.74	0.689207	996	159
0.63/0.75	0.69069	995	167
0.63/0.75	0.691233	994	172
0.63/0.75	0.692172	993	179
0.63/0.75	0.692565	992	184
0.63/0.75	0.694105	991	200
0.63/0.75	0.695601	990	209
0.63/0.75	0.69599	989	212
0.63/0.75	0.696815	988	218
0.63/0.75	0.697661	987	224
0.63/0.75	0.699269	986	235
0.63/0.76	0.699871	985	239
0.63/0.76	0.701196	984	251
0.63/0.76	0.701775	983	256
0.63/0.76	0.702453	982	263
0.63/0.76	0.703876	981	273
0.63/0.76	0.704566	980	279
0.63/0.76	0.7058	979	287
0.63/0.76	0.706222	978	290
0.63/0.76	0.706706	977	294
0.63/0.76	0.706987	976	296
0.63/0.76	0.707691	975	301
0.63/0.76	0.708785	974	312
0.63/0.77	0.70982	973	321
0.63/0.77	0.71123	972	330
0.63/0.77	0.712449	971	337
0.63/0.77	0.71371	970	352
0.63/0.77	0.714328	969	357
0.63/0.77	0.714809	968	362
0.63/0.77	0.715293	967	367
0.63/0.77	0.715678	966	370
0.63/0.77	0.716468	965	377
0.63/0.77	0.71683	964	381
0.63/0.77	0.718019	963	390
0.63/0.77	0.718569	962	395
0.63/0.78	0.719626	961	408
0.63/0.78	0.720664	960	416
0.63/0.78	0.721675	959	425
0.63/0.78	0.722717	958	431
0.63/0.78	0.723904	957	443
0.63/0.78	0.725584	956	458
0.63/0.78	0.727545	955	476
0.63/0.78	0.728233	954	481
0.63/0.79	0.729827	953	493
0.63/0.79	0.734638	952	560
0.63/0.79	0.738679	951	610
0.63/0.80	0.739643	950	618
0.63/0.80	0.745601	949	690
0.63/0.80	0.746488	948	701
0.63/0.80	0.749253	947	734
0.63/0.81	0.751542	946	755
0.63/0.81	0.753851	945	773
0.63/0.81	0.754422	944	778
0.63/0.81	0.75688	943	794
0.63/0.82	0.760203	942	837
0.75/0.82	0.765902	941	909
0.75/0.82	0.766921	940	917
0.75/0.84	0.780975	939	1113
0.75/0.84	0.782204	938	1124
0.75/0.84	0.787068	937	1192
0.75/0.84	0.787757	936	1197
0.75/0.85	0.798209	935	1349
0.75/0.86	0.801348	934	1381
0.75/0.86	0.802849	933	1396
0.75/0.88	0.8222	932	1661
0.75/0.88	0.823156	931	1668
0.75/0.88	0.82443	930	1677
0.75/0.88	0.825214	929	1684
0.83/0.91	0.856116	928	2117
0.83/0.91	0.857045	927	2123
0.83/0.92	0.860864	926	2168
0.83/0.92	0.863566	925	2197
0.83/0.99	0.936985	924	3281
0.83/1.05	0.992945	923	4086
0.83/1.05	0.996931	922	4134
0.83/1.05	0.997867	921	4142
0.83/1.05	0.999187	920	4152
0.83/1.06	1.00707	919	4258
0.83/1.09	1.02966	918	4575
0.83/1.15	1.0985	917	5722
0.83/1.23	1.17014	916	6890
0.83/1.26	1.20552	915	7360
0.83/1.27	1.21333	914	7468
0.83/1.28	1.22644	913	7650
0.83/1.31	1.25138	912	8054
1.53/1.69	1.63105	911	13958
2.25/2.58	2.52438	910	28102
1000.01/1000.32	********Debuging CoveringArray::optimize*********
1000.01/1000.32	total size : 910
1000.01/1000.32	********End of Debuing CoveringArray::optimize********
