0.19/0.75	0.749884	1037	0
0.19/0.75	0.750697	1036	11
0.19/0.75	0.751099	1035	15
0.19/0.75	0.751636	1034	19
0.19/0.75	0.752277	1033	24
0.19/0.75	0.752582	1032	27
0.19/0.75	0.753605	1031	36
0.19/0.75	0.753896	1030	39
0.19/0.75	0.754602	1029	44
0.19/0.75	0.755303	1028	50
0.19/0.75	0.755519	1027	52
0.19/0.75	0.755891	1026	55
0.19/0.75	0.756501	1025	59
0.19/0.75	0.756689	1024	60
0.19/0.75	0.756963	1023	62
0.19/0.75	0.757492	1022	67
0.19/0.76	0.758754	1021	77
0.19/0.76	0.75889	1020	78
0.19/0.76	0.759609	1019	83
0.19/0.76	0.760215	1018	87
0.19/0.76	0.761157	1017	93
0.19/0.76	0.761411	1016	95
0.19/0.76	0.761749	1015	98
0.19/0.76	0.762323	1014	103
0.19/0.76	0.763363	1013	114
0.19/0.76	0.763926	1012	121
0.19/0.76	0.764314	1011	124
0.19/0.76	0.765063	1010	130
0.19/0.76	0.765598	1009	134
0.19/0.76	0.765896	1008	137
0.19/0.76	0.766426	1007	143
0.19/0.76	0.766736	1006	146
0.19/0.76	0.767567	1005	152
0.76/0.77	0.768284	1004	161
0.76/0.77	0.768914	1003	170
0.76/0.77	0.76928	1002	173
0.76/0.77	0.770429	1001	185
0.76/0.77	0.771207	1000	194
0.76/0.77	0.772132	999	202
0.76/0.77	0.77263	998	208
0.76/0.77	0.774259	997	221
0.76/0.77	0.775671	996	235
0.76/0.77	0.776567	995	244
0.76/0.77	0.777045	994	248
0.76/0.77	0.777536	993	253
0.76/0.77	0.77811	992	258
0.76/0.78	0.778891	991	266
0.76/0.78	0.779174	990	268
0.76/0.78	0.779459	989	271
0.76/0.78	0.780048	988	276
0.76/0.78	0.780803	987	281
0.76/0.78	0.781218	986	285
0.76/0.78	0.782219	985	294
0.76/0.78	0.782962	984	302
0.76/0.78	0.784195	983	310
0.76/0.78	0.785365	982	318
0.76/0.78	0.787648	981	338
0.76/0.79	0.78861	980	348
0.76/0.79	0.788843	979	350
0.76/0.79	0.789222	978	354
0.76/0.79	0.790048	977	363
0.76/0.79	0.790584	976	370
0.76/0.79	0.791874	975	378
0.76/0.79	0.793032	974	388
0.76/0.79	0.793385	973	391
0.76/0.79	0.794276	972	401
0.76/0.79	0.795089	971	406
0.76/0.79	0.795368	970	409
0.76/0.79	0.797862	969	442
0.76/0.79	0.798153	968	445
0.79/0.80	0.798599	967	450
0.79/0.80	0.799592	966	460
0.79/0.80	0.800542	965	471
0.79/0.80	0.801607	964	479
0.79/0.80	0.802944	963	486
0.79/0.80	0.803634	962	493
0.79/0.80	0.804426	961	501
0.79/0.80	0.805693	960	509
0.79/0.80	0.8067	959	520
0.79/0.80	0.807557	958	531
0.79/0.80	0.808166	957	539
0.79/0.81	0.809088	956	546
0.79/0.81	0.811023	955	565
0.79/0.81	0.813594	954	599
0.79/0.81	0.814202	953	604
0.79/0.81	0.815504	952	612
0.79/0.81	0.817158	951	625
0.79/0.81	0.81768	950	629
0.79/0.82	0.819706	949	650
0.79/0.82	0.820518	948	657
0.79/0.82	0.821749	947	666
0.79/0.82	0.822553	946	671
0.79/0.82	0.824903	945	698
0.79/0.82	0.826228	944	706
0.79/0.82	0.827236	943	719
0.79/0.83	0.828344	942	727
0.79/0.83	0.828941	941	732
0.79/0.83	0.830739	940	748
0.79/0.83	0.837733	939	845
0.79/0.84	0.840412	938	878
0.79/0.85	0.848954	937	1001
0.79/0.85	0.850656	936	1015
0.79/0.85	0.851458	935	1023
0.79/0.85	0.855005	934	1065
0.79/0.85	0.85663	933	1081
0.79/0.87	0.86945	932	1276
0.79/0.87	0.871214	931	1294
0.89/0.92	0.926097	930	2144
0.99/1.01	1.01808	929	3565
0.99/1.02	1.02	928	3581
1.09/1.14	1.14159	927	5048
1.09/1.17	1.17475	926	5384
1.09/1.17	1.17584	925	5393
1.19/1.22	1.21969	924	5951
1.29/1.33	1.33552	923	7609
1.29/1.33	1.33775	922	7629
1.50/1.54	1.5451	921	10437
1.50/1.55	1.55086	920	10495
1.50/1.58	1.58068	919	10901
1.50/1.60	1.59845	918	11102
1.70/1.71	1.71768	917	13081
1.70/1.74	1.7402	916	13352
1.80/1.88	1.88238	915	15398
2.09/2.18	2.18694	914	19219
2.18/2.20	2.20009	913	19335
2.28/2.32	2.32315	912	21165
2.28/2.33	2.33644	911	21327
2.28/2.35	2.35467	910	21566
