0.69/0.73	0.735704	1031	0
0.69/0.73	0.736487	1030	4
0.69/0.73	0.737198	1029	11
0.69/0.73	0.737908	1028	17
0.69/0.74	0.738937	1027	23
0.69/0.74	0.739091	1026	24
0.69/0.74	0.739271	1025	25
0.69/0.74	0.739528	1024	27
0.69/0.74	0.740101	1023	31
0.69/0.74	0.740758	1022	36
0.69/0.74	0.741517	1021	41
0.69/0.74	0.741716	1020	43
0.69/0.74	0.742149	1019	47
0.69/0.74	0.742529	1018	51
0.69/0.74	0.743335	1017	56
0.69/0.74	0.743809	1016	60
0.69/0.74	0.744254	1015	64
0.69/0.74	0.744515	1014	67
0.69/0.74	0.74514	1013	73
0.69/0.74	0.7462	1012	80
0.69/0.74	0.746542	1011	83
0.69/0.74	0.747281	1010	88
0.69/0.74	0.747614	1009	91
0.69/0.74	0.7482	1008	96
0.69/0.75	0.748862	1007	101
0.69/0.75	0.749447	1006	106
0.69/0.75	0.750146	1005	112
0.69/0.75	0.751352	1004	118
0.69/0.75	0.751584	1003	120
0.69/0.75	0.752786	1002	126
0.69/0.75	0.753667	1001	134
0.69/0.75	0.755398	1000	150
0.69/0.75	0.755877	999	154
0.69/0.75	0.756313	998	158
0.69/0.75	0.757124	997	166
0.69/0.75	0.757861	996	172
0.69/0.76	0.758727	995	180
0.69/0.76	0.7601	994	190
0.69/0.76	0.760375	993	193
0.69/0.76	0.761665	992	204
0.69/0.76	0.762465	991	210
0.69/0.76	0.7638	990	223
0.69/0.76	0.76513	989	233
0.69/0.76	0.765739	988	238
0.69/0.76	0.766281	987	245
0.69/0.77	0.768669	986	257
0.69/0.77	0.76911	985	261
0.69/0.77	0.769557	984	266
0.69/0.77	0.770837	983	278
0.69/0.77	0.773126	982	295
0.69/0.77	0.77369	981	300
0.69/0.77	0.774483	980	310
0.69/0.77	0.775442	979	316
0.69/0.77	0.776166	978	321
0.69/0.77	0.776758	977	326
0.69/0.77	0.777968	976	336
0.69/0.78	0.779314	975	344
0.69/0.78	0.779836	974	350
0.69/0.78	0.78026	973	355
0.69/0.78	0.781862	972	373
0.69/0.78	0.782862	971	380
0.69/0.78	0.785088	970	400
0.69/0.78	0.786097	969	408
0.69/0.78	0.787445	968	424
0.69/0.78	0.788202	967	434
0.69/0.79	0.789752	966	451
0.69/0.79	0.793506	965	499
0.69/0.79	0.794932	964	509
0.69/0.79	0.796197	963	520
0.79/0.80	0.799405	962	541
0.79/0.80	0.800087	961	549
0.79/0.80	0.801127	960	560
0.79/0.80	0.801479	959	563
0.79/0.80	0.802524	958	571
0.79/0.80	0.80294	957	576
0.79/0.80	0.803609	956	582
0.79/0.80	0.804441	955	590
0.79/0.80	0.8068	954	613
0.79/0.80	0.807215	953	617
0.79/0.81	0.809484	952	628
0.79/0.81	0.809895	951	633
0.79/0.81	0.810787	950	641
0.79/0.81	0.8116	949	649
0.79/0.81	0.812835	948	660
0.79/0.81	0.814087	947	675
0.79/0.81	0.815945	946	691
0.79/0.81	0.817502	945	704
0.79/0.81	0.818242	944	711
0.79/0.82	0.819275	943	722
0.79/0.82	0.821258	942	738
0.79/0.82	0.822016	941	747
0.79/0.82	0.823132	940	757
0.79/0.82	0.825212	939	787
0.79/0.82	0.826998	938	800
0.79/0.83	0.829656	937	829
0.79/0.83	0.831325	936	853
0.79/0.83	0.833716	935	873
0.79/0.83	0.834509	934	879
0.79/0.83	0.835705	933	889
0.79/0.83	0.838267	932	913
0.79/0.84	0.84105	931	946
0.79/0.84	0.845456	930	997
0.79/0.84	0.846439	929	1007
0.79/0.84	0.848272	928	1031
0.79/0.85	0.850671	927	1055
0.79/0.85	0.851833	926	1063
0.79/0.85	0.853161	925	1080
0.79/0.85	0.854404	924	1095
0.79/0.85	0.856635	923	1121
0.79/0.86	0.862572	922	1208
0.79/0.86	0.864259	921	1227
0.79/0.87	0.872072	920	1318
0.79/0.88	0.884112	919	1488
0.89/0.94	0.947641	918	2539
0.89/0.96	0.962438	917	2736
0.99/1.08	1.08742	916	5071
1.09/1.14	1.14126	915	5906
1.09/1.14	1.14216	914	5912
1.09/1.19	1.19548	913	6762
1.19/1.22	1.2189	912	7136
1.19/1.22	1.22046	911	7148
1.19/1.55	1.55685	910	12290
1000.09/1000.25	********Debuging CoveringArray::optimize*********
1000.09/1000.25	total size : 910
1000.09/1000.25	********End of Debuing CoveringArray::optimize********
