0.79/0.80	0.807502	1040	0
0.79/0.81	0.808026	1039	4
0.79/0.81	0.808783	1038	10
0.79/0.81	0.809413	1037	14
0.79/0.81	0.809832	1036	19
0.79/0.81	0.810705	1035	25
0.79/0.81	0.810988	1034	27
0.79/0.81	0.811184	1033	29
0.79/0.81	0.811659	1032	33
0.79/0.81	0.812411	1031	40
0.79/0.81	0.812764	1030	44
0.79/0.81	0.813008	1029	46
0.79/0.81	0.813606	1028	51
0.79/0.81	0.814075	1027	54
0.79/0.81	0.814556	1026	58
0.79/0.81	0.815885	1025	65
0.79/0.82	0.817788	1024	75
0.79/0.82	0.819188	1023	84
0.79/0.82	0.820333	1022	91
0.79/0.82	0.820586	1021	94
0.79/0.82	0.820814	1020	96
0.79/0.82	0.821552	1019	103
0.79/0.82	0.821773	1018	105
0.79/0.82	0.822446	1017	112
0.79/0.82	0.822781	1016	116
0.79/0.82	0.824002	1015	125
0.79/0.82	0.824627	1014	132
0.79/0.82	0.825323	1013	139
0.79/0.82	0.825773	1012	143
0.79/0.82	0.826193	1011	147
0.79/0.82	0.827153	1010	159
0.79/0.83	0.828053	1009	167
0.79/0.83	0.828308	1008	170
0.79/0.83	0.828901	1007	175
0.79/0.83	0.82935	1006	179
0.79/0.83	0.82988	1005	183
0.79/0.83	0.830571	1004	190
0.79/0.83	0.830837	1003	193
0.79/0.83	0.831323	1002	198
0.79/0.83	0.832044	1001	203
0.79/0.83	0.832882	1000	209
0.79/0.83	0.833532	999	215
0.79/0.83	0.83396	998	220
0.79/0.83	0.834627	997	225
0.79/0.83	0.83549	996	232
0.79/0.83	0.836554	995	238
0.79/0.83	0.836697	994	239
0.79/0.84	0.838682	993	248
0.79/0.84	0.839726	992	260
0.79/0.84	0.840279	991	265
0.79/0.84	0.840821	990	269
0.79/0.84	0.84148	989	277
0.79/0.84	0.842023	988	281
0.79/0.84	0.843163	987	290
0.79/0.84	0.84434	986	298
0.79/0.84	0.845763	985	316
0.79/0.84	0.846846	984	323
0.79/0.84	0.847331	983	329
0.79/0.85	0.848054	982	334
0.79/0.85	0.848726	981	339
0.79/0.85	0.849619	980	345
0.79/0.85	0.8514	979	369
0.79/0.85	0.85201	978	374
0.79/0.85	0.852433	977	377
0.79/0.85	0.852767	976	380
0.79/0.85	0.854113	975	390
0.79/0.85	0.85548	974	396
0.79/0.85	0.856228	973	403
0.79/0.86	0.857662	972	413
0.79/0.86	0.858567	971	422
0.79/0.86	0.860448	970	449
0.79/0.86	0.861562	969	459
0.79/0.86	0.861835	968	462
0.79/0.86	0.862453	967	467
0.79/0.86	0.863703	966	481
0.79/0.86	0.864728	965	488
0.79/0.86	0.865931	964	496
0.79/0.86	0.866391	963	500
0.79/0.87	0.871018	962	566
0.79/0.87	0.872198	961	579
0.79/0.87	0.874266	960	606
0.79/0.87	0.875291	959	614
0.79/0.87	0.876064	958	622
0.79/0.87	0.876998	957	629
0.79/0.88	0.878084	956	643
0.79/0.88	0.878787	955	652
0.79/0.88	0.880112	954	664
0.79/0.88	0.880561	953	668
0.79/0.88	0.881766	952	681
0.79/0.88	0.883419	951	705
0.79/0.88	0.884216	950	714
0.79/0.88	0.884641	949	717
0.79/0.89	0.889107	948	788
0.79/0.89	0.894006	947	862
0.79/0.89	0.89672	946	885
0.89/0.90	0.904086	945	1002
0.89/0.90	0.904729	944	1008
0.89/0.90	0.905417	943	1014
0.89/0.90	0.906269	942	1023
0.89/0.91	0.908694	941	1049
0.89/0.91	0.910224	940	1071
0.89/0.91	0.911314	939	1081
0.89/0.91	0.912973	938	1100
0.89/0.91	0.917153	937	1159
0.89/0.92	0.917633	936	1163
0.89/0.92	0.921922	935	1216
0.89/0.93	0.934041	934	1401
0.89/0.93	0.936466	933	1435
0.89/0.94	0.940948	932	1499
0.89/0.94	0.942387	931	1518
0.89/0.95	0.956298	930	1728
0.99/1.02	1.02726	929	2945
0.99/1.03	1.03224	928	3018
0.99/1.03	1.03556	927	3060
0.99/1.03	1.0362	926	3066
0.99/1.04	1.03821	925	3087
0.99/1.04	1.04304	924	3149
0.99/1.04	1.04357	923	3154
0.99/1.05	1.04917	922	3220
1.15/1.21	1.20934	921	5993
1.15/1.22	1.22247	920	6191
1.25/1.31	1.30797	919	7470
1.25/1.31	1.31012	918	7492
1.25/1.43	1.43156	917	9414
1.43/1.46	1.46292	916	9893
1.43/1.47	1.47175	915	9990
1.79/1.86	1.86028	914	16901
1.99/2.03	2.03036	913	19172
2.09/2.18	2.18131	912	21424
2.82/2.88	2.88315	911	32748
3.39/3.41	3.41132	910	39627
999.75/1000.26	********Debuging CoveringArray::optimize*********
999.75/1000.26	total size : 910
999.75/1000.26	********End of Debuing CoveringArray::optimize********
