0.69/0.77	0.776268	1020	0
0.69/0.77	0.777312	1019	13
0.69/0.77	0.777505	1018	14
0.69/0.78	0.77839	1017	21
0.69/0.78	0.779179	1016	26
0.69/0.78	0.780319	1015	34
0.69/0.78	0.780721	1014	38
0.69/0.78	0.782052	1013	47
0.69/0.78	0.782742	1012	54
0.69/0.78	0.782876	1011	55
0.69/0.78	0.78375	1010	62
0.69/0.78	0.784132	1009	66
0.69/0.78	0.784562	1008	70
0.69/0.78	0.784802	1007	72
0.69/0.78	0.78534	1006	77
0.69/0.78	0.786133	1005	83
0.69/0.78	0.786577	1004	86
0.69/0.78	0.78689	1003	89
0.69/0.78	0.787357	1002	93
0.69/0.79	0.788176	1001	100
0.69/0.79	0.789477	1000	111
0.69/0.79	0.790413	999	123
0.69/0.79	0.790894	998	126
0.69/0.79	0.791101	997	128
0.69/0.79	0.791745	996	134
0.69/0.79	0.791893	995	135
0.69/0.79	0.792854	994	143
0.69/0.79	0.793873	993	149
0.69/0.79	0.795111	992	162
0.69/0.79	0.795475	991	165
0.69/0.79	0.79612	990	169
0.69/0.79	0.797262	989	176
0.69/0.80	0.797561	988	178
0.79/0.80	0.798803	987	185
0.79/0.80	0.799843	986	194
0.79/0.80	0.80055	985	199
0.79/0.80	0.801729	984	208
0.79/0.80	0.80281	983	220
0.79/0.80	0.803335	982	224
0.79/0.80	0.804731	981	231
0.79/0.80	0.805305	980	236
0.79/0.80	0.806731	979	248
0.79/0.81	0.807587	978	256
0.79/0.81	0.807807	977	258
0.79/0.81	0.808688	976	266
0.79/0.81	0.810013	975	278
0.79/0.81	0.810597	974	283
0.79/0.81	0.811088	973	287
0.79/0.81	0.811552	972	291
0.79/0.81	0.812437	971	297
0.79/0.81	0.81282	970	302
0.79/0.81	0.814783	969	319
0.79/0.81	0.815727	968	327
0.79/0.81	0.816403	967	332
0.79/0.81	0.817071	966	339
0.79/0.82	0.818145	965	345
0.79/0.82	0.819728	964	353
0.79/0.82	0.821538	963	376
0.79/0.82	0.821686	962	377
0.79/0.82	0.822149	961	380
0.79/0.82	0.823407	960	396
0.79/0.82	0.824373	959	406
0.79/0.82	0.825034	958	411
0.79/0.82	0.825916	957	419
0.79/0.82	0.826065	956	420
0.79/0.83	0.827784	955	444
0.79/0.83	0.82914	954	456
0.79/0.83	0.830795	953	477
0.79/0.83	0.83171	952	484
0.79/0.83	0.833408	951	504
0.79/0.83	0.835113	950	524
0.79/0.83	0.835737	949	530
0.79/0.83	0.837488	948	548
0.79/0.84	0.845144	947	647
0.79/0.84	0.84583	946	651
0.79/0.84	0.846883	945	659
0.79/0.85	0.848477	944	672
0.79/0.85	0.849337	943	680
0.79/0.85	0.85024	942	686
0.79/0.85	0.85073	941	690
0.79/0.85	0.85279	940	715
0.79/0.85	0.854696	939	736
0.79/0.86	0.863715	938	868
0.79/0.86	0.867059	937	916
0.79/0.87	0.868279	936	929
0.79/0.87	0.87023	935	950
0.79/0.88	0.878112	934	1053
0.79/0.88	0.879459	933	1062
0.79/0.88	0.881473	932	1076
0.79/0.88	0.882655	931	1087
0.79/0.89	0.889542	930	1186
1.01/1.04	1.04738	929	3853
1.01/1.05	1.04939	928	3874
1.01/1.07	1.06909	927	4157
1.01/1.08	1.07868	926	4267
1.01/1.10	1.09914	925	4564
1.01/1.10	1.10152	924	4594
1.01/1.10	1.10577	923	4642
1.11/1.17	1.17588	922	5865
1.29/1.33	1.33259	921	8305
1.29/1.33	1.33604	920	8351
1.29/1.33	1.33723	919	8364
1.29/1.34	1.33912	918	8379
1.29/1.34	1.34003	917	8389
1.38/1.40	1.40491	916	9331
1.38/1.45	1.45333	915	10086
1.38/1.48	1.47958	914	10492
1.68/1.70	1.7041	913	13642
1.79/1.87	1.87241	912	16144
2.70/2.73	2.73417	911	27805
3.19/3.51	3.51704	910	39546
