0.68/0.74	0.742273	1023	0
0.68/0.74	0.742736	1022	4
0.68/0.74	0.743038	1021	7
0.68/0.74	0.743961	1020	12
0.68/0.74	0.744311	1019	15
0.68/0.74	0.745949	1018	22
0.68/0.74	0.746195	1017	24
0.68/0.74	0.747159	1016	32
0.68/0.75	0.74783	1015	38
0.68/0.75	0.74796	1014	39
0.68/0.75	0.748315	1013	43
0.68/0.75	0.748553	1012	45
0.68/0.75	0.749357	1011	52
0.68/0.75	0.749824	1010	56
0.68/0.75	0.750112	1009	59
0.68/0.75	0.751427	1008	66
0.68/0.75	0.751995	1007	72
0.68/0.75	0.752157	1006	73
0.68/0.75	0.753149	1005	79
0.68/0.75	0.75348	1004	82
0.68/0.75	0.753944	1003	86
0.68/0.75	0.754362	1002	90
0.68/0.75	0.755205	1001	99
0.68/0.75	0.755608	1000	103
0.68/0.75	0.755989	999	106
0.68/0.75	0.756688	998	111
0.68/0.76	0.758321	997	121
0.68/0.76	0.758863	996	126
0.68/0.76	0.759445	995	131
0.68/0.76	0.759859	994	134
0.68/0.76	0.760996	993	143
0.68/0.76	0.761467	992	147
0.68/0.76	0.762186	991	157
0.68/0.76	0.762801	990	162
0.68/0.76	0.763281	989	167
0.68/0.76	0.763824	988	172
0.68/0.76	0.764117	987	175
0.68/0.76	0.765223	986	181
0.68/0.76	0.765455	985	183
0.68/0.76	0.76654	984	192
0.68/0.76	0.76743	983	198
0.68/0.77	0.768138	982	205
0.68/0.77	0.769364	981	219
0.68/0.77	0.770271	980	225
0.68/0.77	0.771233	979	233
0.68/0.77	0.771648	978	238
0.68/0.77	0.772797	977	250
0.68/0.77	0.773366	976	255
0.68/0.77	0.77431	975	264
0.68/0.77	0.774638	974	266
0.68/0.77	0.776565	973	283
0.68/0.77	0.777105	972	287
0.68/0.78	0.77794	971	293
0.68/0.78	0.778855	970	300
0.68/0.78	0.779413	969	304
0.68/0.78	0.78054	968	311
0.68/0.78	0.783043	967	340
0.68/0.78	0.784617	966	350
0.68/0.78	0.786461	965	365
0.68/0.78	0.78738	964	371
0.68/0.79	0.788628	963	378
0.68/0.79	0.790475	962	387
0.68/0.80	0.797814	961	469
0.79/0.80	0.799331	960	486
0.79/0.80	0.800488	959	496
0.79/0.80	0.801921	958	503
0.79/0.80	0.803094	957	512
0.79/0.80	0.803524	956	518
0.79/0.80	0.803881	955	522
0.79/0.80	0.805938	954	542
0.79/0.80	0.806337	953	547
0.79/0.81	0.810411	952	604
0.79/0.81	0.811321	951	612
0.79/0.81	0.814028	950	649
0.79/0.81	0.815528	949	667
0.79/0.81	0.816121	948	670
0.79/0.81	0.816598	947	675
0.79/0.82	0.818724	946	698
0.79/0.82	0.819427	945	707
0.79/0.82	0.820245	944	713
0.79/0.82	0.821774	943	732
0.79/0.82	0.822748	942	739
0.79/0.83	0.828187	941	819
0.79/0.83	0.8305	940	850
0.79/0.83	0.832826	939	878
0.79/0.83	0.834995	938	912
0.79/0.84	0.839736	937	972
0.79/0.84	0.844495	936	1032
0.79/0.84	0.844931	935	1037
0.79/0.85	0.847705	934	1070
0.79/0.85	0.854503	933	1164
0.79/0.85	0.854753	932	1166
0.79/0.86	0.858578	931	1221
0.79/0.86	0.866345	930	1331
0.79/0.86	0.867152	929	1338
0.79/0.87	0.867993	928	1347
0.79/0.87	0.874116	927	1429
0.79/0.88	0.881641	926	1536
0.79/0.88	0.88337	925	1558
0.79/0.88	0.885432	924	1573
0.79/0.88	0.8862	923	1580
0.79/0.89	0.890142	922	1628
0.79/0.89	0.892553	921	1651
0.89/0.90	0.901387	920	1761
0.89/0.92	0.927466	919	2127
0.89/0.93	0.928041	918	2132
0.89/0.95	0.956282	917	2680
1.00/1.03	1.02986	916	3995
1.00/1.03	1.03717	915	4094
1.00/1.04	1.04235	914	4158
1.19/1.23	1.23663	913	7176
1.19/1.24	1.23763	912	7186
1.29/1.38	1.38512	911	9159
1.29/1.38	1.38612	910	9170
