0.59/0.70	0.700231	1026	0
0.59/0.70	0.70058	1025	3
0.59/0.70	0.701617	1023	9
0.59/0.70	0.702217	1022	14
0.59/0.70	0.70262	1021	18
0.70/0.70	0.703038	1020	23
0.70/0.70	0.703363	1019	26
0.70/0.70	0.704421	1018	33
0.70/0.70	0.705828	1017	44
0.70/0.70	0.706459	1016	49
0.70/0.70	0.706787	1015	52
0.70/0.70	0.707508	1014	59
0.70/0.71	0.708359	1013	64
0.70/0.71	0.708693	1012	67
0.70/0.71	0.710339	1010	77
0.70/0.71	0.711011	1009	84
0.70/0.71	0.711273	1008	86
0.70/0.71	0.711753	1007	90
0.70/0.71	0.712255	1006	94
0.70/0.71	0.713203	1005	101
0.70/0.71	0.713632	1004	107
0.70/0.71	0.713938	1003	110
0.70/0.71	0.714255	1002	113
0.70/0.71	0.715378	1001	120
0.70/0.71	0.716571	1000	127
0.70/0.71	0.716719	999	128
0.70/0.71	0.716877	998	129
0.70/0.71	0.717541	997	134
0.70/0.71	0.717792	996	137
0.70/0.72	0.718615	995	143
0.70/0.72	0.719514	994	155
0.70/0.72	0.719906	993	158
0.70/0.72	0.720624	992	163
0.70/0.72	0.721143	991	167
0.70/0.72	0.721694	990	174
0.70/0.72	0.721865	989	175
0.70/0.72	0.723259	988	183
0.70/0.72	0.723953	987	189
0.70/0.72	0.724744	986	195
0.70/0.72	0.725191	985	199
0.70/0.72	0.726399	984	207
0.70/0.72	0.726786	983	211
0.70/0.72	0.727636	982	217
0.70/0.73	0.728521	981	224
0.70/0.73	0.729235	980	231
0.70/0.73	0.729791	979	236
0.70/0.73	0.730541	978	241
0.70/0.73	0.73084	977	245
0.70/0.73	0.732174	976	252
0.70/0.73	0.732905	975	258
0.70/0.73	0.733118	974	260
0.70/0.73	0.73343	973	263
0.70/0.73	0.734175	972	270
0.70/0.73	0.734847	971	275
0.70/0.73	0.736252	970	286
0.70/0.73	0.736818	969	292
0.70/0.73	0.737511	968	296
0.70/0.74	0.738466	967	302
0.70/0.74	0.740712	966	325
0.70/0.74	0.740945	965	327
0.70/0.74	0.741884	964	337
0.70/0.74	0.742464	963	341
0.70/0.74	0.743627	962	349
0.70/0.74	0.743936	961	352
0.70/0.74	0.744704	960	359
0.70/0.74	0.74524	959	364
0.70/0.74	0.745601	958	367
0.70/0.74	0.746758	957	375
0.70/0.74	0.747813	956	384
0.70/0.75	0.748546	955	390
0.70/0.75	0.749303	954	397
0.70/0.75	0.750928	953	406
0.70/0.75	0.751891	952	413
0.70/0.75	0.752447	951	421
0.70/0.75	0.753183	950	430
0.70/0.75	0.753599	949	435
0.70/0.75	0.754265	948	443
0.70/0.75	0.756291	947	460
0.70/0.76	0.758096	946	483
0.70/0.76	0.758958	945	494
0.70/0.76	0.760045	944	509
0.70/0.76	0.760415	943	513
0.70/0.76	0.761648	942	529
0.70/0.76	0.762137	941	534
0.70/0.77	0.769891	940	640
0.70/0.77	0.777564	939	750
0.70/0.78	0.786508	938	862
0.80/0.80	0.798945	937	1011
0.80/0.80	0.799423	936	1015
0.80/0.81	0.810251	935	1189
0.80/0.81	0.812111	934	1213
0.80/0.83	0.836644	933	1595
0.80/0.84	0.84742	932	1761
0.80/0.85	0.853045	931	1833
0.80/0.86	0.85919	930	1913
0.80/0.86	0.859713	929	1919
0.80/0.88	0.88323	928	2267
0.90/0.91	0.9141	927	2704
0.90/0.97	0.972793	926	3593
0.90/0.97	0.977564	925	3657
1.29/1.32	1.32093	924	9671
1.29/1.32	1.32646	923	9741
1.29/1.35	1.34864	922	10044
1.29/1.37	1.37711	921	10506
1.29/1.38	1.37885	920	10517
1.29/1.38	1.38095	919	10545
1.29/1.38	1.3863	918	10595
1.39/1.45	1.44911	917	11525
1.39/1.46	1.45879	916	11663
2.09/2.12	2.12509	915	21797
2.39/2.41	2.4099	914	25934
2.39/2.44	2.44188	913	26413
2.39/2.44	2.44295	912	26420
2.39/2.49	2.49492	911	27287
8.69/8.77	8.7772	910	118121
