0.68/0.71	0.713572	1022	0
0.68/0.71	0.714496	1021	5
0.68/0.71	0.714963	1020	9
0.68/0.71	0.715154	1019	11
0.68/0.71	0.71573	1018	15
0.68/0.71	0.715942	1017	17
0.68/0.71	0.716447	1016	21
0.68/0.71	0.717159	1015	26
0.68/0.71	0.717564	1014	31
0.68/0.71	0.717941	1013	34
0.68/0.71	0.718257	1012	37
0.68/0.72	0.718782	1011	43
0.68/0.72	0.719558	1010	48
0.68/0.72	0.719936	1009	51
0.68/0.72	0.720175	1008	53
0.68/0.72	0.720683	1007	59
0.68/0.72	0.721407	1006	68
0.68/0.72	0.721819	1005	72
0.68/0.72	0.722028	1004	74
0.68/0.72	0.722499	1003	80
0.68/0.72	0.723236	1002	85
0.68/0.72	0.723823	1001	90
0.68/0.72	0.724754	1000	96
0.68/0.72	0.725679	999	102
0.68/0.72	0.726072	998	105
0.68/0.72	0.726396	997	109
0.68/0.72	0.727904	996	120
0.68/0.73	0.728937	995	128
0.68/0.73	0.729846	994	133
0.68/0.73	0.730137	993	136
0.68/0.73	0.730524	992	140
0.68/0.73	0.731059	991	144
0.68/0.73	0.731274	990	146
0.68/0.73	0.731413	989	147
0.68/0.73	0.73181	988	150
0.68/0.73	0.732863	987	156
0.68/0.73	0.733458	986	161
0.68/0.73	0.733865	985	164
0.68/0.73	0.734541	984	172
0.68/0.73	0.735236	983	178
0.68/0.73	0.735492	982	180
0.68/0.73	0.736242	981	186
0.68/0.73	0.736456	980	188
0.68/0.73	0.737934	979	197
0.68/0.74	0.738644	978	203
0.68/0.74	0.739372	977	212
0.68/0.74	0.739929	976	217
0.68/0.74	0.740764	975	226
0.68/0.74	0.742866	974	245
0.68/0.74	0.743545	973	251
0.68/0.74	0.743877	972	254
0.68/0.74	0.744829	971	262
0.68/0.74	0.745562	970	270
0.68/0.74	0.746142	969	277
0.68/0.74	0.747675	968	294
0.68/0.75	0.749015	967	302
0.68/0.75	0.749449	966	306
0.68/0.75	0.749683	965	308
0.68/0.75	0.750287	964	314
0.68/0.75	0.751667	963	321
0.68/0.75	0.752654	962	328
0.68/0.75	0.752874	961	329
0.68/0.75	0.753849	960	339
0.68/0.75	0.754423	959	344
0.68/0.75	0.755083	958	353
0.68/0.75	0.756135	957	364
0.68/0.75	0.757575	956	375
0.68/0.76	0.758668	955	386
0.68/0.76	0.759864	954	393
0.68/0.76	0.764406	953	438
0.68/0.76	0.765478	952	452
0.68/0.76	0.766197	951	458
0.68/0.76	0.767523	950	473
0.68/0.77	0.768354	949	480
0.68/0.77	0.769473	948	488
0.68/0.77	0.7733	947	534
0.68/0.77	0.773833	946	537
0.68/0.77	0.774556	945	542
0.68/0.77	0.776451	944	564
0.68/0.78	0.779598	943	605
0.68/0.78	0.781153	942	616
0.68/0.78	0.786758	941	689
0.68/0.79	0.789829	940	729
0.68/0.79	0.79462	939	791
0.68/0.79	0.795836	938	802
0.68/0.79	0.796915	937	812
0.68/0.79	0.797674	936	818
0.79/0.80	0.799369	935	833
0.79/0.80	0.800534	934	848
0.79/0.80	0.803132	933	872
0.79/0.81	0.810413	932	953
0.79/0.82	0.821455	931	1109
0.79/0.82	0.823977	930	1146
0.79/0.82	0.824443	929	1150
0.79/0.82	0.825919	928	1165
0.79/0.84	0.844481	927	1455
0.79/0.85	0.857085	926	1641
0.79/0.86	0.859262	925	1666
0.79/0.86	0.861024	924	1686
0.79/0.86	0.862589	923	1708
0.79/0.86	0.865127	922	1732
0.88/0.95	0.948406	921	3010
0.88/0.95	0.950989	920	3038
0.88/0.96	0.964023	919	3208
0.88/0.96	0.966901	918	3231
0.88/0.96	0.967438	917	3235
0.88/0.97	0.968976	916	3257
0.88/0.97	0.97025	915	3272
1.58/1.61	1.61722	914	12110
1.68/1.72	1.72593	913	13751
2.19/2.52	2.52725	912	25047
2.19/2.58	2.58484	911	25844
2.19/2.61	2.60957	910	26208
