0.69/0.70	0.705595	1023	0
0.69/0.70	0.705891	1022	2
0.69/0.70	0.706185	1021	5
0.69/0.70	0.707414	1020	15
0.69/0.71	0.708635	1019	24
0.69/0.71	0.708919	1018	27
0.69/0.71	0.709228	1017	30
0.69/0.71	0.709709	1016	34
0.69/0.71	0.71023	1015	40
0.69/0.71	0.710639	1014	44
0.69/0.71	0.711143	1013	48
0.69/0.71	0.711852	1012	53
0.69/0.71	0.71199	1011	54
0.69/0.71	0.712635	1010	59
0.69/0.71	0.712856	1009	61
0.69/0.71	0.713251	1008	65
0.69/0.71	0.714525	1006	72
0.69/0.71	0.715082	1005	76
0.69/0.71	0.715705	1004	80
0.69/0.71	0.716661	1003	85
0.69/0.71	0.717515	1002	94
0.69/0.71	0.718029	1001	98
0.69/0.72	0.718419	1000	102
0.69/0.72	0.718655	999	105
0.69/0.72	0.71948	998	112
0.69/0.72	0.719792	997	115
0.69/0.72	0.720253	996	121
0.69/0.72	0.720766	995	126
0.69/0.72	0.721332	994	132
0.69/0.72	0.72185	993	136
0.69/0.72	0.722982	992	144
0.69/0.72	0.723669	991	149
0.69/0.72	0.72434	990	155
0.69/0.72	0.725497	989	161
0.69/0.72	0.726163	988	168
0.69/0.72	0.727117	987	176
0.69/0.72	0.727826	986	186
0.69/0.72	0.728277	985	191
0.69/0.73	0.72875	984	196
0.69/0.73	0.729379	983	203
0.69/0.73	0.730059	982	208
0.69/0.73	0.730632	981	213
0.69/0.73	0.731208	980	220
0.69/0.73	0.732669	979	231
0.69/0.73	0.735373	978	247
0.69/0.73	0.736727	977	254
0.69/0.73	0.737079	976	257
0.69/0.74	0.739095	975	273
0.69/0.74	0.73997	974	281
0.69/0.74	0.740956	973	290
0.69/0.74	0.74133	972	294
0.69/0.74	0.742341	971	303
0.69/0.74	0.743641	970	315
0.69/0.74	0.744424	969	321
0.69/0.74	0.746456	968	342
0.69/0.74	0.747589	967	351
0.69/0.75	0.74837	966	359
0.69/0.75	0.74974	965	376
0.69/0.75	0.750799	964	383
0.69/0.75	0.752763	963	395
0.69/0.75	0.753124	962	398
0.69/0.75	0.753694	961	405
0.69/0.75	0.755377	960	428
0.69/0.75	0.755689	959	431
0.69/0.75	0.757118	958	446
0.69/0.75	0.758283	957	457
0.69/0.76	0.759074	956	463
0.69/0.76	0.760615	955	479
0.69/0.76	0.761604	954	489
0.69/0.76	0.761951	953	492
0.69/0.76	0.763013	952	502
0.69/0.76	0.76531	951	530
0.69/0.76	0.767222	950	555
0.69/0.77	0.769529	949	587
0.69/0.77	0.771356	948	601
0.69/0.77	0.773747	947	631
0.69/0.77	0.774646	946	637
0.69/0.77	0.776569	945	651
0.69/0.78	0.783594	944	739
0.69/0.78	0.784415	943	744
0.69/0.78	0.786384	942	769
0.69/0.78	0.787011	941	775
0.69/0.79	0.78979	940	808
0.79/0.80	0.800295	939	955
0.79/0.80	0.800941	938	961
0.79/0.80	0.801918	937	969
0.79/0.80	0.803523	936	982
0.79/0.80	0.804329	935	992
0.79/0.83	0.831623	934	1360
0.79/0.83	0.832162	933	1365
0.79/0.83	0.833899	932	1389
0.79/0.83	0.836945	931	1415
0.79/0.83	0.837681	930	1420
0.79/0.84	0.839689	929	1439
0.79/0.84	0.842748	928	1481
0.79/0.84	0.844783	927	1506
0.89/0.90	0.905972	926	2445
0.89/0.91	0.908906	925	2473
0.89/0.91	0.913949	924	2530
0.89/0.91	0.917006	923	2560
0.89/0.92	0.927998	922	2712
1.20/1.26	1.25848	920	7071
1.39/1.40	1.4076	919	9785
1.79/1.80	1.80523	918	16556
1.79/1.83	1.83735	917	17005
1.99/2.03	2.03431	916	19953
1.99/2.08	2.08594	915	20729
2.08/2.11	2.10969	914	21048
2.37/2.46	2.46738	913	26141
2.37/2.47	2.46851	912	26149
2.69/2.76	2.76176	911	30408
2.99/3.01	3.0158	910	34261
1000.05/1000.25	********Debuging CoveringArray::optimize*********
1000.05/1000.25	total size : 910
1000.05/1000.25	********End of Debuing CoveringArray::optimize********
