0.69/0.75	0.750075	1024	0
0.69/0.75	0.750934	1023	5
0.69/0.75	0.751549	1022	9
0.69/0.75	0.752428	1021	14
0.69/0.75	0.752666	1020	16
0.69/0.75	0.7528	1019	17
0.69/0.75	0.753043	1018	19
0.69/0.75	0.753681	1017	24
0.69/0.75	0.75442	1016	30
0.69/0.75	0.755879	1015	37
0.69/0.75	0.756204	1014	40
0.69/0.75	0.756852	1013	45
0.69/0.75	0.75723	1012	48
0.69/0.75	0.757564	1011	51
0.69/0.75	0.757989	1010	55
0.69/0.76	0.758572	1009	60
0.69/0.76	0.759382	1008	65
0.69/0.76	0.759881	1007	69
0.69/0.76	0.76029	1006	72
0.69/0.76	0.760634	1005	75
0.69/0.76	0.761254	1004	79
0.69/0.76	0.761779	1003	85
0.69/0.76	0.762233	1002	89
0.69/0.76	0.763014	1001	94
0.69/0.76	0.764031	1000	99
0.69/0.76	0.76443	999	102
0.69/0.76	0.765415	998	112
0.69/0.76	0.766201	997	118
0.69/0.76	0.767324	996	124
0.69/0.76	0.767976	995	131
0.69/0.77	0.768562	994	137
0.69/0.77	0.769157	993	143
0.69/0.77	0.770019	992	151
0.69/0.77	0.770753	991	159
0.69/0.77	0.771505	990	164
0.69/0.77	0.77217	989	169
0.69/0.77	0.7727	988	176
0.69/0.77	0.773153	987	180
0.69/0.77	0.774975	986	189
0.69/0.77	0.776693	984	198
0.69/0.77	0.777505	983	204
0.69/0.78	0.77845	982	211
0.69/0.78	0.778856	981	215
0.69/0.78	0.780124	979	231
0.69/0.78	0.780668	978	236
0.69/0.78	0.781119	977	241
0.69/0.78	0.783108	976	255
0.69/0.78	0.784335	975	263
0.69/0.78	0.784963	974	270
0.69/0.78	0.785451	973	273
0.69/0.78	0.786764	972	282
0.69/0.78	0.787995	971	290
0.69/0.79	0.789514	970	303
0.69/0.79	0.790571	969	313
0.69/0.79	0.791427	968	323
0.69/0.79	0.792018	967	329
0.69/0.79	0.792328	966	332
0.69/0.79	0.793383	965	343
0.69/0.79	0.794569	964	358
0.69/0.79	0.795405	963	367
0.69/0.79	0.795862	962	373
0.79/0.80	0.799363	961	416
0.79/0.80	0.801329	960	427
0.79/0.80	0.802626	959	438
0.79/0.80	0.803821	958	453
0.79/0.80	0.805337	957	468
0.79/0.80	0.806576	956	481
0.79/0.80	0.807756	955	494
0.79/0.81	0.810148	954	524
0.79/0.81	0.811791	953	534
0.79/0.81	0.812931	952	547
0.79/0.81	0.813542	951	552
0.79/0.81	0.814839	950	565
0.79/0.81	0.818	949	606
0.79/0.82	0.819017	948	615
0.79/0.82	0.820447	947	626
0.79/0.82	0.821449	946	638
0.79/0.82	0.82621	945	709
0.79/0.82	0.826923	944	714
0.79/0.83	0.828284	943	722
0.79/0.83	0.83009	942	747
0.79/0.83	0.831032	941	757
0.79/0.83	0.831712	940	764
0.79/0.83	0.83243	939	774
0.79/0.83	0.83386	938	784
0.79/0.83	0.835127	937	798
0.79/0.83	0.83557	936	803
0.79/0.84	0.839204	935	855
0.79/0.88	0.888136	934	1759
0.79/0.89	0.889878	933	1774
0.79/0.89	0.890663	932	1783
0.79/0.89	0.891077	931	1787
0.79/0.89	0.893313	930	1805
0.79/0.89	0.897473	929	1852
0.89/0.90	0.90093	928	1905
0.89/0.90	0.907112	927	1987
0.89/0.92	0.918676	926	2129
0.89/0.92	0.921071	925	2152
1.19/1.22	1.22468	924	6330
1.19/1.22	1.22633	923	6343
1.19/1.24	1.24569	922	6618
1.30/1.32	1.31961	921	7766
1.30/1.32	1.32764	920	7862
1.30/1.38	1.38034	919	8648
1.41/1.44	1.43864	918	9556
1.41/1.45	1.4515	917	9722
1.41/1.46	1.46702	916	9929
1.41/1.50	1.50577	915	10475
1.41/1.50	1.50809	914	10506
1.41/1.74	1.74249	913	13892
1.41/1.90	1.8999	912	16013
1.41/1.96	1.96575	911	16970
2.49/2.57	2.56837	910	25058
999.95/1000.26	********Debuging CoveringArray::optimize*********
999.95/1000.26	total size : 910
999.95/1000.26	********End of Debuing CoveringArray::optimize********
