0.00/0.07	0.076633	420	0
0.00/0.08	0.085223	419	3
0.00/0.09	0.093126	418	4
0.00/0.10	0.101454	417	7
0.00/0.11	0.109867	416	10
0.00/0.11	0.117952	415	12
0.00/0.12	0.125952	414	14
0.00/0.13	0.135407	413	23
0.00/0.14	0.143483	412	25
0.00/0.15	0.15123	411	26
0.00/0.16	0.159553	410	30
0.00/0.17	0.168882	409	38
0.00/0.17	0.177242	408	42
0.00/0.18	0.185331	407	45
0.00/0.19	0.193183	406	50
0.00/0.20	0.20293	405	66
0.00/0.21	0.210792	404	72
0.00/0.22	0.226939	403	124
0.00/0.23	0.234306	402	127
0.00/0.24	0.247603	401	162
0.00/0.25	0.254439	400	163
999.57/1000.04	632.411	108643802	5513755
