1.19/1.28	1.28212	1032	0
1.19/1.28	1.28284	1031	3
1.19/1.28	1.28313	1030	4
1.19/1.28	1.28342	1029	5
1.19/1.28	1.28466	1028	11
1.19/1.28	1.28535	1027	14
1.19/1.28	1.28617	1026	18
1.19/1.28	1.28672	1025	20
1.19/1.28	1.28702	1024	21
1.19/1.28	1.28732	1023	22
1.19/1.28	1.2876	1022	23
1.19/1.29	1.28833	1021	26
1.19/1.29	1.28924	1020	30
1.19/1.29	1.28982	1019	32
1.19/1.29	1.29063	1018	35
1.19/1.29	1.29118	1017	37
1.19/1.29	1.29223	1016	41
1.19/1.29	1.2928	1015	43
1.19/1.29	1.29316	1014	44
1.19/1.29	1.29347	1013	45
1.19/1.29	1.29409	1012	47
1.19/1.29	1.29441	1011	48
1.19/1.29	1.29478	1010	49
1.19/1.29	1.29512	1009	50
1.19/1.29	1.29642	1008	55
1.19/1.29	1.29677	1007	56
1.29/1.30	1.29843	1006	63
1.29/1.30	1.29873	1005	64
1.29/1.30	1.29976	1004	69
1.29/1.30	1.30109	1003	74
1.29/1.30	1.30141	1002	75
1.29/1.30	1.30194	1001	77
1.29/1.30	1.3046	1000	89
1.29/1.30	1.30494	999	90
1.29/1.30	1.30525	998	91
1.29/1.30	1.30656	997	96
1.29/1.30	1.30724	996	98
1.29/1.30	1.30758	995	99
1.29/1.31	1.30818	994	101
1.29/1.31	1.3085	993	102
1.29/1.31	1.30878	992	103
1.29/1.31	1.31119	991	115
1.29/1.31	1.31205	990	118
1.29/1.31	1.31268	989	120
1.29/1.31	1.313	988	121
1.29/1.31	1.31354	987	123
1.29/1.31	1.31386	986	124
1.29/1.31	1.31509	985	130
1.29/1.31	1.31579	984	133
1.29/1.31	1.31612	983	134
1.29/1.31	1.31665	982	136
1.29/1.32	1.31941	981	150
1.29/1.32	1.31976	980	151
1.29/1.32	1.32102	979	156
1.29/1.32	1.32169	978	159
1.29/1.32	1.32255	977	163
1.29/1.32	1.3236	976	168
1.29/1.32	1.32439	975	171
1.29/1.32	1.3264	974	180
1.29/1.32	1.32747	973	184
1.29/1.33	1.32777	972	185
1.29/1.33	1.32903	971	190
1.29/1.33	1.32935	970	191
1.29/1.33	1.32966	969	192
1.29/1.33	1.33109	968	197
1.29/1.33	1.33174	967	199
1.29/1.33	1.33445	966	212
1.29/1.33	1.33651	965	218
1.29/1.34	1.33847	964	227
1.29/1.34	1.33933	963	231
1.29/1.34	1.34107	962	238
1.29/1.34	1.34219	961	244
1.29/1.34	1.34375	960	251
1.29/1.34	1.34488	959	256
1.29/1.35	1.34781	958	270
1.29/1.35	1.34844	957	272
1.29/1.35	1.34957	956	276
1.29/1.35	1.3523	955	286
1.29/1.35	1.35523	954	300
1.29/1.35	1.3558	953	302
1.29/1.36	1.35851	952	316
1.29/1.36	1.36113	951	328
1.29/1.36	1.36207	950	331
1.29/1.36	1.36294	949	335
1.29/1.36	1.36375	948	338
1.79/1.84	1.83945	947	3371
1.79/1.85	1.85311	946	3441
1.79/1.89	1.88916	945	3632
1.79/1.89	1.89131	944	3643
1.79/1.89	1.8946	943	3656
1.79/1.89	1.89662	942	3665
1.79/1.91	1.90907	941	3726
1.79/1.92	1.922	940	3793
1.79/1.92	1.92257	939	3795
1.79/1.93	1.92979	938	3829
1.79/1.94	1.94341	937	3900
1.79/1.95	1.95709	936	3970
1.79/2.03	2.0335	935	4400
1.79/2.03	2.03739	934	4417
1.79/2.10	2.10023	933	4772
2.19/2.20	2.20148	932	5351
2.19/2.34	2.34728	931	6168
3.19/3.59	3.59518	930	13876
3.19/3.62	3.61871	929	14002
3.65/3.73	3.73088	928	14601
3.65/3.75	3.75456	927	14713
3.93/3.98	3.98621	926	16106
4.48/4.58	4.57914	925	19752
4.68/4.70	4.70546	924	20539
4.68/4.89	4.89396	923	21569
4.68/4.91	4.90989	922	21656
4.68/4.92	4.92659	921	21742
5.30/5.32	5.32573	920	24116
5.30/5.41	5.41167	919	24652
5.69/5.72	5.72666	918	26508
5.69/5.78	5.78714	917	26828
5.89/5.98	5.97759	916	27837
7.01/7.05	7.04939	915	33698
8.61/8.62	8.62307	914	42362
8.61/8.64	8.64072	913	42469
9.09/9.44	9.44214	912	47135
9.79/9.85	9.85675	911	49336
10.39/10.49	10.4943	910	52794
999.96/1000.02	5495820
