1.28/1.36	1.36682	1037	0
1.28/1.36	1.36721	1036	1
1.28/1.36	1.36754	1035	2
1.28/1.37	1.36859	1034	6
1.28/1.37	1.36926	1033	8
1.28/1.37	1.3696	1032	9
1.28/1.37	1.3699	1031	10
1.28/1.37	1.37036	1030	12
1.28/1.37	1.37087	1029	14
1.28/1.37	1.37124	1028	15
1.28/1.37	1.37159	1027	16
1.28/1.37	1.37191	1026	17
1.28/1.37	1.37252	1025	19
1.28/1.37	1.3728	1024	20
1.28/1.37	1.37317	1023	21
1.28/1.37	1.37375	1022	23
1.28/1.37	1.37407	1021	24
1.28/1.37	1.37452	1020	26
1.28/1.37	1.37586	1019	32
1.28/1.37	1.37616	1018	33
1.28/1.37	1.37649	1017	34
1.28/1.37	1.37716	1016	37
1.28/1.37	1.3775	1015	38
1.28/1.38	1.37832	1014	41
1.28/1.38	1.37867	1013	42
1.28/1.38	1.3793	1012	44
1.28/1.38	1.37965	1011	45
1.28/1.38	1.38003	1009	46
1.28/1.38	1.3804	1008	47
1.28/1.38	1.38073	1007	48
1.28/1.38	1.38154	1006	51
1.28/1.38	1.38187	1005	52
1.28/1.38	1.38218	1004	53
1.28/1.38	1.38249	1003	54
1.28/1.38	1.38347	1002	58
1.28/1.38	1.38405	1001	60
1.28/1.38	1.38464	1000	62
1.28/1.38	1.38525	999	64
1.28/1.38	1.38559	998	65
1.28/1.38	1.38595	997	66
1.28/1.38	1.38682	996	69
1.28/1.38	1.38713	995	70
1.28/1.38	1.38744	994	71
1.28/1.39	1.38863	993	77
1.28/1.39	1.38921	992	79
1.28/1.39	1.38974	991	81
1.28/1.39	1.391	990	86
1.28/1.39	1.39131	989	87
1.28/1.39	1.39165	988	88
1.28/1.39	1.39198	987	89
1.28/1.39	1.39382	986	96
1.28/1.39	1.39412	985	97
1.28/1.39	1.39444	984	98
1.28/1.39	1.39559	983	103
1.28/1.39	1.39594	982	104
1.28/1.39	1.39741	981	110
1.38/1.40	1.39792	980	111
1.38/1.40	1.39859	979	113
1.38/1.40	1.40027	978	120
1.38/1.40	1.40259	977	130
1.38/1.40	1.40417	976	136
1.38/1.40	1.40487	975	138
1.38/1.40	1.40543	974	140
1.38/1.40	1.40598	973	142
1.38/1.40	1.40666	972	144
1.38/1.41	1.40838	971	152
1.38/1.41	1.40916	970	155
1.38/1.41	1.40961	969	156
1.38/1.41	1.41055	968	160
1.38/1.41	1.41105	967	161
1.38/1.41	1.41219	966	165
1.38/1.41	1.41272	965	167
1.38/1.41	1.41411	964	172
1.38/1.41	1.41473	963	174
1.38/1.41	1.41526	962	176
1.38/1.41	1.41626	961	180
1.38/1.42	1.41788	960	188
1.38/1.42	1.42378	959	218
1.38/1.42	1.4263	958	231
1.38/1.42	1.42731	957	235
1.38/1.43	1.42823	956	239
1.38/1.43	1.42951	955	244
1.38/1.43	1.4305	954	247
1.38/1.43	1.43177	953	251
1.38/1.43	1.43729	952	273
1.38/1.44	1.43844	951	278
1.38/1.44	1.43968	950	283
1.38/1.44	1.44063	949	286
1.38/1.44	1.4415	948	289
1.38/1.44	1.44231	947	292
1.38/1.44	1.44285	946	294
1.38/1.44	1.4435	945	296
1.38/1.45	1.44989	944	323
1.38/1.45	1.452	943	332
1.38/1.45	1.45393	942	341
1.38/1.46	1.46061	941	373
1.38/1.46	1.46202	940	379
1.38/1.46	1.46401	939	388
1.38/1.47	1.46991	938	414
1.38/1.47	1.47072	937	417
1.38/1.47	1.47503	936	437
1.38/1.48	1.47809	935	452
1.38/1.48	1.47964	934	459
1.38/1.48	1.48151	933	465
1.38/1.49	1.48999	932	507
1.38/1.49	1.49249	931	518
1.38/1.49	1.49588	930	533
1.48/1.50	1.50167	929	558
1.48/1.51	1.50901	928	593
1.48/1.57	1.56763	927	902
1.48/1.57	1.57055	926	915
1.48/1.57	1.57187	925	919
1.48/1.59	1.59524	924	1038
1.48/1.59	1.59743	923	1047
1.67/1.70	1.69827	922	1665
1.79/1.82	1.82712	921	2458
1.79/1.87	1.87239	920	2734
2.09/2.19	2.19489	919	4480
2.19/2.24	2.24553	918	4717
2.19/2.26	2.25935	917	4786
2.80/2.89	2.89588	916	8470
3.49/3.55	3.55599	915	12693
3.68/3.73	3.73635	914	13791
3.68/3.78	3.7828	913	14050
5.79/5.82	5.82716	912	25839
7.98/8.04	8.04104	911	38418
11.99/12.03	12.0286	910	60389
999.95/1000.03	6105817
