1.29/1.32	1.32316	1031	0
1.29/1.32	1.32365	1030	1
1.29/1.32	1.3244	1029	4
1.29/1.32	1.32495	1028	6
1.29/1.32	1.32526	1027	7
1.29/1.32	1.32621	1025	11
1.29/1.32	1.32657	1024	12
1.29/1.33	1.32709	1023	14
1.29/1.33	1.32747	1022	15
1.29/1.33	1.32839	1021	18
1.29/1.33	1.3293	1020	21
1.29/1.33	1.32985	1019	23
1.29/1.33	1.33062	1018	26
1.29/1.33	1.33092	1017	27
1.29/1.33	1.33144	1016	28
1.29/1.33	1.33173	1015	29
1.29/1.33	1.33203	1014	30
1.29/1.33	1.33274	1013	32
1.29/1.33	1.33309	1012	33
1.29/1.33	1.33378	1011	35
1.29/1.33	1.33433	1010	37
1.29/1.33	1.33491	1009	39
1.29/1.33	1.33523	1008	40
1.29/1.33	1.33555	1007	41
1.29/1.33	1.33589	1006	42
1.29/1.33	1.33652	1005	44
1.29/1.34	1.3376	1004	48
1.29/1.34	1.33793	1003	49
1.29/1.34	1.33861	1002	52
1.29/1.34	1.33896	1001	53
1.29/1.34	1.34009	1000	57
1.29/1.34	1.34059	998	58
1.29/1.34	1.3409	997	59
1.29/1.34	1.34126	996	60
1.29/1.34	1.34163	995	61
1.29/1.34	1.34215	994	63
1.29/1.34	1.3429	993	66
1.29/1.34	1.34346	992	68
1.29/1.34	1.3438	991	69
1.29/1.34	1.34482	990	72
1.29/1.34	1.34539	989	74
1.29/1.34	1.34576	988	75
1.29/1.34	1.3462	987	76
1.29/1.34	1.34656	986	77
1.29/1.35	1.34714	985	79
1.29/1.35	1.34858	984	86
1.29/1.35	1.34888	983	87
1.29/1.35	1.34988	982	91
1.29/1.35	1.3502	981	92
1.29/1.35	1.35056	980	93
1.29/1.35	1.35087	979	94
1.29/1.35	1.35118	978	95
1.29/1.35	1.35435	977	111
1.29/1.35	1.35554	976	115
1.29/1.35	1.3564	975	118
1.29/1.36	1.36086	974	141
1.29/1.36	1.36124	973	142
1.29/1.36	1.36155	972	143
1.29/1.36	1.36214	971	145
1.29/1.36	1.36397	970	153
1.29/1.36	1.3649	969	157
1.29/1.37	1.3709	968	189
1.29/1.37	1.37142	967	191
1.29/1.37	1.37386	966	203
1.29/1.37	1.37459	965	206
1.29/1.37	1.37527	964	209
1.29/1.37	1.37603	963	212
1.29/1.38	1.37721	962	218
1.29/1.38	1.37757	961	219
1.29/1.38	1.38201	960	241
1.29/1.38	1.38345	959	247
1.29/1.39	1.39196	958	292
1.29/1.39	1.39305	957	295
1.29/1.39	1.39415	956	299
1.29/1.39	1.39498	955	302
1.29/1.40	1.4067	954	364
1.29/1.42	1.42584	953	468
1.29/1.43	1.42773	952	476
1.29/1.44	1.44314	951	555
1.29/1.44	1.44382	950	558
1.29/1.46	1.46609	949	677
1.29/1.46	1.46685	948	680
1.29/1.51	1.50768	947	911
1.29/1.54	1.53915	946	1079
1.29/1.54	1.5408	945	1085
1.29/1.57	1.57197	944	1255
1.29/1.57	1.5769	943	1280
1.29/1.59	1.59183	942	1367
1.29/1.60	1.60304	940	1431
1.29/1.64	1.64195	939	1639
1.29/1.64	1.64307	938	1645
1.29/1.64	1.64421	937	1649
1.29/1.70	1.70325	936	1966
1.29/1.71	1.71585	935	2033
1.29/1.72	1.71707	934	2038
1.29/1.72	1.71821	933	2043
1.29/1.72	1.71883	932	2045
1.29/1.72	1.72536	931	2078
1.29/1.73	1.73665	930	2136
2.19/2.22	2.22383	929	5048
2.39/2.42	2.42082	928	6241
3.39/3.42	3.4182	927	12660
3.59/3.60	3.59847	926	13652
4.09/4.26	4.26452	925	17615
4.89/4.93	4.92717	924	21591
5.59/5.80	5.80191	923	27052
5.59/5.86	5.8583	922	27362
6.29/6.36	6.36106	921	30369
6.79/6.81	6.81595	920	32875
6.79/6.85	6.84947	919	33062
6.79/6.88	6.88601	918	33261
8.29/8.37	8.36919	917	41790
8.90/8.94	8.93949	915	44893
8.90/8.94	8.94305	914	44911
9.38/9.42	9.41912	913	47831
11.29/11.38	11.384	912	58980
11.39/11.50	11.4993	911	59593
16.35/16.41	16.4162	910	87241
999.95/1000.03	5625945
