1.19/1.28	1.28338	1040	0
1.19/1.28	1.28378	1039	1
1.19/1.28	1.28471	1038	5
1.19/1.28	1.28503	1037	6
1.19/1.28	1.28535	1036	7
1.19/1.28	1.28601	1035	9
1.19/1.28	1.28631	1034	10
1.19/1.28	1.28661	1033	11
1.19/1.29	1.28733	1032	13
1.19/1.29	1.28765	1031	14
1.19/1.29	1.2882	1030	16
1.19/1.29	1.28929	1029	21
1.19/1.29	1.28963	1028	22
1.19/1.29	1.29071	1027	27
1.19/1.29	1.29131	1026	28
1.19/1.29	1.29228	1025	32
1.19/1.29	1.29261	1024	33
1.19/1.29	1.29296	1023	34
1.19/1.29	1.2933	1022	35
1.19/1.29	1.29379	1021	37
1.19/1.29	1.29431	1020	39
1.19/1.29	1.29569	1019	46
1.19/1.29	1.29601	1018	47
1.19/1.29	1.29701	1017	50
1.19/1.30	1.29737	1016	51
1.29/1.30	1.29784	1015	52
1.29/1.30	1.2982	1014	53
1.29/1.30	1.29854	1013	54
1.29/1.30	1.29918	1012	56
1.29/1.30	1.30054	1011	62
1.29/1.30	1.30119	1010	64
1.29/1.30	1.3022	1009	67
1.29/1.30	1.30379	1008	73
1.29/1.30	1.30447	1007	76
1.29/1.30	1.3048	1006	77
1.29/1.30	1.30509	1005	78
1.29/1.30	1.30581	1004	80
1.29/1.30	1.30653	1003	83
1.29/1.30	1.30686	1002	84
1.29/1.31	1.3074	1001	86
1.29/1.31	1.30862	1000	90
1.29/1.31	1.30899	999	91
1.29/1.31	1.31118	998	101
1.29/1.31	1.31253	997	107
1.29/1.31	1.31322	996	110
1.29/1.31	1.31355	995	111
1.29/1.31	1.31405	994	113
1.29/1.31	1.31473	993	116
1.29/1.31	1.31547	992	118
1.29/1.31	1.31625	991	121
1.29/1.31	1.31678	990	123
1.29/1.32	1.31753	989	125
1.29/1.32	1.31783	988	126
1.29/1.32	1.31819	987	127
1.29/1.32	1.31885	986	129
1.29/1.32	1.31922	985	130
1.29/1.32	1.31974	984	132
1.29/1.32	1.32049	983	135
1.29/1.32	1.3208	982	136
1.29/1.32	1.32129	981	138
1.29/1.32	1.32273	980	144
1.29/1.32	1.3231	979	145
1.29/1.32	1.32662	978	162
1.29/1.32	1.32697	977	163
1.29/1.33	1.32761	976	166
1.29/1.33	1.3289	975	171
1.29/1.33	1.32956	974	173
1.29/1.33	1.33142	973	183
1.29/1.33	1.33261	972	187
1.29/1.33	1.33442	971	195
1.29/1.33	1.33615	970	202
1.29/1.34	1.33907	969	215
1.29/1.34	1.33943	968	216
1.29/1.34	1.34065	967	221
1.29/1.34	1.34096	966	222
1.29/1.34	1.34262	965	230
1.29/1.34	1.34726	964	252
1.29/1.35	1.34893	963	260
1.29/1.35	1.35066	962	267
1.29/1.35	1.35295	961	277
1.29/1.35	1.35451	960	283
1.29/1.35	1.35584	959	290
1.29/1.35	1.35651	958	293
1.29/1.36	1.358	957	299
1.29/1.36	1.3589	956	303
1.29/1.36	1.36026	955	310
1.29/1.36	1.36339	954	323
1.29/1.37	1.3684	953	345
1.29/1.37	1.36986	952	352
1.29/1.38	1.37843	951	395
1.29/1.38	1.38111	950	408
1.29/1.38	1.38144	949	409
1.29/1.38	1.38468	948	425
1.29/1.38	1.38567	947	429
1.29/1.39	1.38761	946	437
1.29/1.39	1.38912	945	443
1.29/1.39	1.39077	944	451
1.29/1.39	1.39249	943	458
1.29/1.39	1.3943	942	465
1.29/1.39	1.39598	941	471
1.29/1.39	1.39687	940	474
1.39/1.40	1.39773	939	477
1.39/1.40	1.40599	938	518
1.39/1.41	1.41131	937	540
1.39/1.42	1.42032	936	581
1.39/1.42	1.42463	935	599
1.39/1.42	1.42674	934	609
1.39/1.42	1.42728	933	611
1.39/1.45	1.45141	932	727
1.39/1.46	1.46061	931	769
1.39/1.47	1.47009	930	816
1.39/1.49	1.49017	929	913
1.39/1.49	1.49538	928	937
1.39/1.50	1.50198	927	971
1.39/1.50	1.50318	926	977
1.39/1.54	1.54077	925	1163
1.39/1.57	1.56961	924	1318
1.59/1.68	1.67845	923	1883
1.59/1.72	1.72708	922	2132
1.59/1.73	1.72771	921	2134
1.59/2.01	2.01418	920	3671
2.09/2.10	2.10657	919	4187
2.50/2.58	2.58316	918	6835
2.59/2.69	2.68997	917	7435
2.79/2.90	2.8973	916	8571
2.89/3.02	3.02587	915	9261
2.89/3.24	3.23822	914	10468
3.25/3.30	3.30014	913	10812
5.39/5.45	5.45415	912	22911
6.39/6.43	6.43169	911	28291
17.49/17.90	17.898	910	93047
999.96/1000.03	5593083
