1.20/1.22	1.21672	1020	0
1.20/1.22	1.2171	1019	1
1.20/1.22	1.21836	1018	7
1.20/1.22	1.21898	1017	9
1.20/1.22	1.21931	1016	10
1.20/1.22	1.21966	1015	11
1.20/1.22	1.21997	1014	12
1.20/1.22	1.22057	1013	14
1.20/1.22	1.2209	1012	15
1.20/1.22	1.22232	1011	22
1.20/1.22	1.22288	1010	24
1.20/1.22	1.22323	1009	25
1.20/1.22	1.22356	1008	26
1.20/1.22	1.22389	1007	27
1.20/1.22	1.22429	1006	28
1.20/1.23	1.22462	1005	29
1.20/1.23	1.22494	1004	30
1.20/1.23	1.22527	1003	31
1.20/1.23	1.22582	1002	33
1.20/1.23	1.22669	1001	36
1.20/1.23	1.22764	1000	40
1.20/1.23	1.22989	999	50
1.20/1.23	1.23023	998	51
1.20/1.23	1.23086	997	53
1.20/1.23	1.2314	996	55
1.20/1.23	1.23211	995	57
1.20/1.24	1.23453	994	67
1.20/1.24	1.23506	993	69
1.20/1.24	1.23737	992	80
1.20/1.24	1.23804	991	83
1.20/1.24	1.23871	990	85
1.20/1.24	1.2407	989	94
1.20/1.24	1.24122	988	96
1.20/1.24	1.24197	987	99
1.20/1.25	1.24473	986	109
1.20/1.25	1.24617	985	115
1.20/1.25	1.24673	984	117
1.20/1.25	1.24707	983	118
1.20/1.25	1.2483	982	124
1.20/1.25	1.24862	981	125
1.20/1.25	1.25023	980	132
1.20/1.25	1.25165	979	138
1.20/1.25	1.25259	978	141
1.20/1.26	1.25294	977	142
1.20/1.26	1.25412	976	147
1.20/1.26	1.25543	975	153
1.20/1.26	1.25728	974	162
1.20/1.26	1.25787	973	164
1.20/1.26	1.25926	972	171
1.20/1.27	1.26479	971	198
1.20/1.27	1.26597	970	203
1.20/1.27	1.26633	969	204
1.20/1.27	1.26723	968	208
1.20/1.27	1.26754	967	209
1.20/1.27	1.2679	966	210
1.20/1.27	1.26883	965	214
1.20/1.27	1.26955	964	217
1.20/1.27	1.27007	963	219
1.20/1.27	1.27099	962	222
1.20/1.28	1.27225	961	228
1.20/1.28	1.27526	960	242
1.20/1.28	1.27675	959	247
1.20/1.28	1.27874	958	255
1.20/1.28	1.28101	957	265
1.20/1.28	1.28158	956	267
1.20/1.29	1.28237	955	270
1.20/1.29	1.2835	954	274
1.20/1.29	1.28521	953	282
1.20/1.29	1.2869	952	288
1.20/1.29	1.28826	951	293
1.20/1.29	1.28909	950	296
1.20/1.29	1.2896	949	298
1.20/1.29	1.29053	948	301
1.20/1.30	1.2917	947	305
1.20/1.30	1.2924	946	307
1.20/1.30	1.29292	945	309
1.20/1.30	1.2938	944	312
1.20/1.30	1.2993	943	338
1.20/1.31	1.30243	942	353
1.20/1.31	1.30854	941	381
1.20/1.31	1.30895	940	382
1.20/1.32	1.31098	939	390
1.20/1.32	1.31574	938	410
1.20/1.32	1.31649	937	413
1.20/1.32	1.31871	936	423
1.20/1.33	1.32054	935	431
1.20/1.33	1.32162	934	436
1.20/1.33	1.32328	933	444
1.20/1.34	1.33124	932	482
1.20/1.34	1.33734	931	511
1.20/1.35	1.34527	930	551
1.20/1.35	1.34585	929	553
1.20/1.36	1.35233	928	583
1.48/1.51	1.50629	927	1500
1.48/1.55	1.54427	926	1706
1.48/1.56	1.55818	925	1774
1.48/1.58	1.57745	924	1866
1.48/1.59	1.57981	923	1877
1.59/1.67	1.66065	922	2283
1.98/2.09	2.08579	921	4559
2.08/2.17	2.16066	920	4965
2.08/2.19	2.18654	919	5108
2.76/2.86	2.85091	918	9016
2.88/2.99	2.98821	917	9778
3.20/3.22	3.21149	916	11221
3.68/3.84	3.8353	915	14730
4.18/4.22	4.2186	914	16999
4.48/4.57	4.56089	913	18883
4.88/4.97	4.96647	912	21056
4.98/5.34	5.33739	911	23001
5.68/5.73	5.72242	910	25010
999.95/1000.04	5555216
