1.29/1.33	1.33549	1023	0
1.29/1.33	1.33596	1022	1
1.29/1.33	1.33629	1021	2
1.29/1.33	1.33663	1020	3
1.29/1.33	1.33722	1019	5
1.29/1.34	1.3381	1018	8
1.29/1.34	1.33849	1017	9
1.29/1.34	1.33905	1016	11
1.29/1.34	1.33944	1015	12
1.29/1.34	1.33975	1014	13
1.29/1.34	1.34007	1013	14
1.29/1.34	1.34045	1012	15
1.29/1.34	1.34083	1011	16
1.29/1.34	1.34115	1010	17
1.29/1.34	1.34148	1009	18
1.29/1.34	1.34185	1008	19
1.29/1.34	1.34275	1007	22
1.29/1.34	1.34307	1006	23
1.29/1.34	1.34337	1005	24
1.29/1.34	1.3442	1004	27
1.29/1.34	1.34459	1003	28
1.29/1.34	1.34497	1002	29
1.29/1.34	1.34554	1001	31
1.29/1.34	1.34588	1000	32
1.29/1.34	1.34624	999	33
1.29/1.34	1.34698	998	35
1.29/1.34	1.34731	997	36
1.29/1.34	1.34763	996	37
1.29/1.35	1.34797	995	38
1.29/1.35	1.34831	994	39
1.29/1.35	1.34869	993	40
1.29/1.35	1.34901	992	41
1.29/1.35	1.34979	991	44
1.29/1.35	1.35034	990	46
1.29/1.35	1.35134	989	50
1.29/1.35	1.3521	988	52
1.29/1.35	1.35249	987	53
1.29/1.35	1.35315	986	55
1.29/1.35	1.35347	985	56
1.29/1.35	1.35414	984	58
1.29/1.35	1.35444	983	59
1.29/1.35	1.35508	982	61
1.29/1.35	1.35549	981	62
1.29/1.35	1.35697	980	68
1.29/1.35	1.35729	979	69
1.29/1.36	1.35819	978	73
1.29/1.36	1.3585	977	74
1.29/1.36	1.35886	976	75
1.29/1.36	1.3605	975	82
1.29/1.36	1.36078	974	83
1.29/1.36	1.36148	973	86
1.29/1.36	1.36331	972	95
1.29/1.36	1.36472	971	101
1.29/1.36	1.36609	970	106
1.29/1.36	1.36642	969	107
1.29/1.37	1.36913	968	118
1.29/1.37	1.36947	967	119
1.29/1.37	1.37206	966	129
1.29/1.37	1.37412	965	139
1.29/1.37	1.37627	964	148
1.29/1.38	1.37824	963	157
1.29/1.38	1.37886	962	159
1.29/1.38	1.37955	961	162
1.29/1.38	1.38152	960	171
1.29/1.38	1.3843	959	182
1.29/1.38	1.38615	958	190
1.29/1.38	1.38749	957	196
1.29/1.39	1.38861	956	200
1.29/1.39	1.38952	955	204
1.29/1.39	1.39039	954	207
1.29/1.39	1.39147	953	211
1.29/1.39	1.39246	952	214
1.29/1.39	1.39716	951	234
1.39/1.40	1.39863	950	240
1.39/1.40	1.40003	949	245
1.39/1.40	1.40546	948	272
1.39/1.40	1.40636	947	275
1.39/1.41	1.40975	946	288
1.39/1.41	1.41465	945	307
1.39/1.42	1.41848	944	320
1.39/1.42	1.42178	943	332
1.39/1.42	1.42297	942	335
1.39/1.42	1.42398	941	339
1.39/1.42	1.42497	940	343
1.39/1.43	1.42775	939	355
1.39/1.43	1.43223	938	374
1.39/1.43	1.43538	937	386
1.39/1.44	1.44146	936	410
1.39/1.44	1.44358	935	418
1.39/1.44	1.44572	934	428
1.39/1.44	1.44629	933	430
1.39/1.45	1.44785	932	437
1.39/1.45	1.45005	931	446
1.39/1.45	1.45616	930	471
1.39/1.46	1.46663	929	509
1.39/1.48	1.48558	928	591
1.39/1.48	1.48656	927	594
1.39/1.49	1.48829	926	601
1.49/1.50	1.49805	925	646
1.49/1.54	1.53757	924	851
1.49/1.54	1.54018	923	859
1.49/1.55	1.55019	922	907
1.49/1.59	1.59259	921	1112
1.59/1.61	1.61075	920	1193
1.59/1.64	1.6444	919	1358
1.59/1.65	1.65003	918	1381
1.69/1.74	1.7379	917	1824
2.09/2.52	2.52204	916	6376
2.09/2.56	2.55896	915	6563
2.99/3.03	3.02805	914	9367
3.29/3.32	3.32183	913	10908
3.49/3.88	3.87791	912	13805
7.09/7.14	7.13758	911	31242
7.99/8.10	8.10115	910	36597
999.66/1000.03	5468289
