1.16/1.27	1.27671	1026	0
1.16/1.27	1.27732	1025	2
1.26/1.27	1.27817	1024	5
1.26/1.28	1.27888	1023	8
1.26/1.28	1.27921	1022	9
1.26/1.28	1.27957	1021	10
1.26/1.28	1.27995	1020	11
1.26/1.28	1.28048	1019	13
1.26/1.28	1.28124	1018	16
1.26/1.28	1.28178	1017	18
1.26/1.28	1.28249	1016	21
1.26/1.28	1.28302	1015	23
1.26/1.28	1.28337	1014	24
1.26/1.28	1.28404	1013	26
1.26/1.28	1.28469	1012	28
1.26/1.28	1.28502	1011	29
1.26/1.28	1.28572	1010	31
1.26/1.28	1.28649	1009	34
1.26/1.28	1.28683	1008	35
1.26/1.28	1.28734	1007	37
1.26/1.28	1.28791	1006	39
1.26/1.29	1.2886	1005	41
1.26/1.29	1.28941	1004	44
1.26/1.29	1.29026	1003	47
1.26/1.29	1.29056	1002	48
1.26/1.29	1.29089	1001	49
1.26/1.29	1.2913	1000	50
1.26/1.29	1.29209	999	53
1.26/1.29	1.29277	998	55
1.26/1.29	1.2931	997	56
1.26/1.29	1.2936	996	58
1.26/1.29	1.29416	995	60
1.26/1.29	1.29481	994	62
1.26/1.29	1.29512	993	63
1.26/1.29	1.29711	992	72
1.26/1.30	1.29872	991	79
1.29/1.30	1.2992	990	80
1.29/1.30	1.29949	989	81
1.29/1.30	1.30004	988	83
1.29/1.30	1.30036	987	84
1.29/1.30	1.30109	986	87
1.29/1.30	1.30244	985	93
1.29/1.30	1.30273	984	94
1.29/1.30	1.30313	983	95
1.29/1.30	1.30349	982	96
1.29/1.30	1.30473	981	101
1.29/1.30	1.30525	980	103
1.29/1.30	1.30556	979	104
1.29/1.30	1.30586	978	105
1.29/1.30	1.30618	977	106
1.29/1.30	1.30649	976	107
1.29/1.30	1.30722	975	109
1.29/1.30	1.30753	974	110
1.29/1.31	1.30926	973	118
1.29/1.31	1.3096	972	119
1.29/1.31	1.3116	971	128
1.29/1.31	1.31223	970	130
1.29/1.31	1.31306	969	133
1.29/1.31	1.31374	968	136
1.29/1.31	1.31408	967	137
1.29/1.31	1.31477	966	139
1.29/1.31	1.31751	965	151
1.29/1.32	1.31832	964	154
1.29/1.32	1.31864	963	155
1.29/1.32	1.31916	962	157
1.29/1.32	1.31946	961	158
1.29/1.32	1.31982	960	159
1.29/1.32	1.32043	959	161
1.29/1.32	1.32103	958	163
1.29/1.32	1.32393	957	175
1.29/1.32	1.3255	956	181
1.29/1.32	1.32656	955	185
1.29/1.32	1.3278	954	190
1.29/1.33	1.32868	953	193
1.29/1.33	1.33025	952	200
1.29/1.33	1.33189	951	207
1.29/1.33	1.33283	950	210
1.29/1.33	1.33388	949	215
1.29/1.33	1.33536	948	222
1.29/1.33	1.33648	947	227
1.29/1.33	1.33697	946	228
1.29/1.33	1.33749	945	230
1.29/1.34	1.34391	944	259
1.29/1.34	1.34612	943	269
1.29/1.35	1.35293	942	302
1.29/1.36	1.35873	941	329
1.29/1.36	1.36356	940	353
1.29/1.36	1.3667	939	368
1.29/1.37	1.36918	938	377
1.29/1.37	1.37617	937	410
1.29/1.38	1.3847	936	453
1.29/1.39	1.39295	935	493
1.38/1.40	1.40578	934	562
1.38/1.41	1.41036	933	584
1.38/1.42	1.42471	932	660
1.38/1.42	1.42572	931	664
1.38/1.43	1.42854	930	674
1.38/1.43	1.43189	929	689
1.38/1.43	1.43683	928	710
1.38/1.44	1.44274	927	740
1.38/1.45	1.45474	926	799
1.38/1.45	1.45806	925	810
1.38/1.49	1.49717	924	1006
1.48/1.54	1.54728	923	1263
1.48/1.55	1.55238	922	1289
1.58/1.66	1.66816	921	1902
1.88/1.95	1.94935	920	3509
1.88/1.97	1.97168	919	3612
2.08/2.27	2.26878	918	5309
2.69/2.72	2.72656	917	7829
4.99/5.19	5.19352	916	23258
6.10/6.18	6.18711	915	28999
6.69/6.78	6.77826	914	32427
7.34/7.37	7.36821	913	36169
8.69/8.70	8.70117	912	43933
9.49/9.51	9.51752	911	48392
15.28/15.41	15.4164	910	81064
999.95/1000.03	5592584
