1.09/1.22	1.22148	1022	0
1.09/1.22	1.22188	1021	1
1.09/1.22	1.2222	1020	2
1.09/1.22	1.22267	1019	3
1.09/1.22	1.22299	1018	4
1.09/1.22	1.22337	1017	5
1.09/1.22	1.22367	1016	6
1.09/1.22	1.22399	1015	7
1.09/1.22	1.225	1014	11
1.09/1.23	1.22531	1013	12
1.09/1.23	1.22567	1012	13
1.09/1.23	1.22636	1011	16
1.09/1.23	1.22701	1010	18
1.09/1.23	1.22799	1009	22
1.09/1.23	1.22837	1008	23
1.09/1.23	1.22928	1007	27
1.09/1.23	1.23051	1006	32
1.09/1.23	1.23155	1005	36
1.09/1.23	1.23191	1004	37
1.09/1.23	1.23268	1003	40
1.09/1.23	1.23303	1002	41
1.09/1.23	1.23334	1001	42
1.09/1.23	1.23372	1000	43
1.09/1.23	1.23445	999	45
1.09/1.23	1.23476	998	46
1.09/1.23	1.23525	997	48
1.09/1.24	1.23588	996	50
1.09/1.24	1.23653	995	52
1.09/1.24	1.23689	994	53
1.09/1.24	1.2374	993	55
1.09/1.24	1.23913	992	64
1.09/1.24	1.23945	991	65
1.09/1.24	1.23988	990	66
1.09/1.24	1.24025	989	67
1.09/1.24	1.24185	988	75
1.09/1.24	1.24298	987	80
1.09/1.24	1.24389	986	84
1.09/1.25	1.24599	985	93
1.09/1.25	1.2463	984	94
1.09/1.25	1.24661	983	95
1.09/1.25	1.24741	982	98
1.09/1.25	1.24827	981	101
1.09/1.25	1.24859	980	102
1.09/1.25	1.24895	979	103
1.09/1.25	1.25001	978	105
1.09/1.25	1.25029	977	106
1.09/1.25	1.25059	976	107
1.09/1.25	1.25087	975	108
1.09/1.25	1.25187	974	112
1.09/1.25	1.25349	973	118
1.09/1.26	1.25551	972	125
1.09/1.26	1.25826	971	138
1.09/1.26	1.25928	970	142
1.09/1.26	1.25965	969	143
1.09/1.26	1.26019	968	145
1.09/1.26	1.26122	967	149
1.09/1.26	1.26188	966	151
1.09/1.26	1.26272	965	154
1.21/1.26	1.26304	964	155
1.21/1.26	1.26391	963	159
1.21/1.26	1.26427	962	160
1.21/1.27	1.2665	961	170
1.21/1.27	1.26931	960	184
1.21/1.27	1.26965	959	185
1.21/1.27	1.27033	958	188
1.21/1.27	1.27072	957	189
1.21/1.27	1.27104	956	190
1.21/1.27	1.27173	955	192
1.21/1.27	1.27259	954	195
1.21/1.27	1.27336	953	198
1.21/1.27	1.27394	952	200
1.21/1.28	1.27546	951	207
1.21/1.28	1.27694	950	214
1.21/1.28	1.2788	949	222
1.21/1.28	1.28262	948	238
1.21/1.28	1.28473	947	247
1.21/1.29	1.28556	946	249
1.21/1.29	1.28624	945	251
1.21/1.29	1.2872	944	254
1.21/1.29	1.2914	943	273
1.21/1.29	1.29423	942	284
1.21/1.30	1.29851	941	304
1.21/1.30	1.30435	940	332
1.21/1.31	1.30727	939	344
1.21/1.31	1.3109	938	361
1.21/1.31	1.31141	937	363
1.21/1.35	1.35264	936	581
1.21/1.36	1.35724	935	601
1.36/1.37	1.3677	934	655
1.40/1.41	1.4091	933	874
1.40/1.48	1.48124	932	1251
1.49/1.51	1.51142	931	1407
1.49/1.52	1.51697	930	1429
1.69/1.72	1.71989	929	2506
1.69/1.75	1.74885	928	2657
1.69/1.75	1.75492	927	2677
1.69/1.78	1.77743	926	2798
1.79/1.88	1.88201	925	3365
1.89/1.91	1.91281	924	3529
1.89/1.98	1.98489	923	3914
2.19/2.22	2.21927	922	5198
2.19/2.28	2.27606	921	5520
2.19/2.28	2.28028	920	5536
2.19/2.40	2.39916	919	6200
2.19/2.40	2.40459	918	6224
2.19/2.53	2.53211	917	6936
2.83/2.89	2.88891	916	8928
2.89/2.92	2.92326	915	9110
2.89/2.92	2.92407	914	9113
3.29/3.37	3.3704	913	11586
3.29/3.38	3.38266	912	11649
3.65/3.82	3.81743	911	14067
4.49/4.52	4.52218	910	18017
999.96/1000.03	5610697
