1.12/1.21	1.20937	1023	0
1.12/1.21	1.20972	1022	1
1.12/1.21	1.21152	1021	9
1.12/1.21	1.21183	1020	10
1.12/1.21	1.21247	1019	12
1.12/1.21	1.21295	1018	13
1.12/1.21	1.21325	1017	14
1.12/1.21	1.21429	1016	18
1.12/1.21	1.21534	1015	22
1.12/1.21	1.21591	1014	24
1.12/1.21	1.21717	1013	30
1.12/1.21	1.21805	1012	34
1.12/1.22	1.21855	1011	36
1.12/1.22	1.21885	1010	37
1.12/1.22	1.21937	1009	39
1.12/1.22	1.21984	1008	40
1.12/1.22	1.22024	1007	41
1.12/1.22	1.22055	1006	42
1.12/1.22	1.22181	1005	48
1.12/1.22	1.22262	1004	51
1.12/1.22	1.2235	1003	55
1.12/1.22	1.22382	1002	56
1.12/1.22	1.22412	1001	57
1.12/1.22	1.22443	1000	58
1.12/1.22	1.22491	999	60
1.12/1.22	1.22523	998	61
1.12/1.22	1.22554	997	62
1.12/1.22	1.22584	996	63
1.12/1.22	1.22648	995	65
1.12/1.22	1.22718	994	68
1.12/1.23	1.22846	993	74
1.12/1.23	1.22878	992	75
1.12/1.23	1.23018	991	81
1.12/1.23	1.2307	990	83
1.12/1.23	1.23104	989	84
1.12/1.23	1.2319	988	88
1.12/1.23	1.23239	987	90
1.12/1.23	1.23273	986	91
1.12/1.23	1.23306	985	92
1.12/1.23	1.23376	984	95
1.12/1.23	1.23438	983	97
1.12/1.23	1.23468	982	98
1.12/1.23	1.23537	981	101
1.12/1.23	1.23716	980	109
1.12/1.23	1.23789	979	112
1.12/1.23	1.23825	978	113
1.12/1.24	1.2389	977	115
1.12/1.24	1.23999	976	120
1.12/1.24	1.2408	975	123
1.12/1.24	1.24135	974	125
1.12/1.24	1.24284	973	132
1.12/1.24	1.24317	972	133
1.12/1.24	1.24378	971	135
1.12/1.24	1.24429	970	137
1.12/1.24	1.24577	969	143
1.12/1.24	1.24612	968	144
1.12/1.24	1.24821	967	152
1.12/1.25	1.24967	966	157
1.12/1.25	1.25142	965	164
1.12/1.25	1.253	964	171
1.12/1.25	1.25372	963	174
1.12/1.25	1.25486	962	179
1.12/1.25	1.25569	961	182
1.12/1.25	1.25726	960	189
1.12/1.26	1.25923	959	198
1.12/1.26	1.25979	958	200
1.12/1.26	1.26192	957	211
1.12/1.26	1.26309	956	216
1.12/1.26	1.26408	955	219
1.12/1.26	1.26784	954	237
1.12/1.27	1.2693	953	243
1.12/1.27	1.27039	952	247
1.27/1.27	1.27799	951	283
1.27/1.28	1.28639	950	329
1.29/1.30	1.30453	949	432
1.29/1.32	1.31946	948	508
1.29/1.32	1.32119	947	515
1.29/1.32	1.32182	946	517
1.29/1.36	1.36641	945	749
1.29/1.37	1.36943	944	764
1.29/1.37	1.37193	943	777
1.29/1.37	1.37568	942	796
1.39/1.45	1.4527	941	1212
1.49/1.51	1.51816	940	1569
1.49/1.52	1.52452	939	1596
1.59/1.61	1.61187	938	2068
1.59/1.64	1.64129	937	2220
1.69/1.76	1.76535	936	3046
1.79/1.81	1.8114	935	3281
1.79/1.87	1.87733	934	3666
1.79/1.88	1.88002	933	3677
1.89/1.95	1.95367	932	4083
1.99/2.02	2.02183	931	4430
1.99/2.04	2.04267	930	4535
2.09/2.25	2.24919	929	5717
2.09/2.40	2.40189	928	6602
2.30/2.58	2.58797	927	7641
2.79/2.83	2.83415	926	9194
2.99/3.06	3.06057	925	10608
2.99/3.09	3.09641	924	10839
3.09/3.16	3.15923	923	11253
3.29/3.31	3.3094	922	12163
3.39/3.46	3.46772	921	13049
3.39/3.68	3.68626	920	14262
3.90/4.00	4.00171	919	16013
4.00/4.04	4.04367	918	16223
4.09/4.19	4.19629	917	17094
4.69/4.79	4.79444	916	20383
4.69/5.04	5.04728	915	21790
5.04/5.06	5.06686	914	21893
5.98/6.08	6.08255	913	27545
7.58/7.65	7.65087	912	36399
8.99/9.06	9.06318	911	44085
9.59/9.68	9.68109	910	47489
999.57/1000.02	5599627
