1.29/1.30	1.29673	1024	0
1.29/1.30	1.29741	1023	2
1.29/1.30	1.2977	1022	3
1.29/1.30	1.29826	1021	5
1.29/1.30	1.29883	1020	7
1.29/1.30	1.29913	1019	8
1.29/1.30	1.29944	1018	9
1.29/1.30	1.30043	1017	14
1.29/1.30	1.30098	1016	16
1.29/1.30	1.3013	1015	17
1.29/1.30	1.30224	1014	21
1.29/1.30	1.30448	1013	32
1.29/1.30	1.30478	1012	33
1.29/1.30	1.30537	1011	35
1.29/1.31	1.30623	1010	38
1.29/1.31	1.30653	1009	39
1.29/1.31	1.307	1008	41
1.29/1.31	1.30735	1007	42
1.29/1.31	1.30765	1006	43
1.29/1.31	1.30805	1005	44
1.29/1.31	1.30894	1004	45
1.29/1.31	1.30991	1003	50
1.29/1.31	1.31086	1002	53
1.29/1.31	1.31205	1001	58
1.29/1.31	1.31238	1000	59
1.29/1.31	1.31272	999	60
1.29/1.31	1.31326	998	62
1.29/1.31	1.31373	997	64
1.29/1.31	1.31509	996	70
1.29/1.31	1.31543	995	71
1.29/1.32	1.31676	994	75
1.29/1.32	1.31713	993	76
1.29/1.32	1.3175	992	77
1.29/1.32	1.31779	991	78
1.29/1.32	1.3196	990	87
1.29/1.32	1.31991	989	88
1.29/1.32	1.32021	988	89
1.29/1.32	1.32112	987	92
1.29/1.32	1.32164	986	94
1.29/1.32	1.32214	985	96
1.29/1.32	1.32279	984	98
1.29/1.32	1.32337	983	100
1.29/1.32	1.32374	982	101
1.29/1.32	1.32424	981	103
1.29/1.32	1.32455	980	104
1.29/1.32	1.32567	979	109
1.29/1.33	1.32631	978	111
1.29/1.33	1.32701	977	114
1.29/1.33	1.32733	976	115
1.29/1.33	1.32765	975	116
1.29/1.33	1.32868	974	120
1.29/1.33	1.3299	973	125
1.29/1.33	1.33021	972	126
1.29/1.33	1.33104	971	129
1.29/1.33	1.33172	970	131
1.29/1.33	1.33224	969	133
1.29/1.33	1.33502	968	145
1.29/1.34	1.33959	967	168
1.29/1.34	1.34053	966	172
1.29/1.34	1.34217	965	180
1.29/1.34	1.34474	964	192
1.29/1.35	1.34684	963	200
1.29/1.35	1.34815	962	204
1.29/1.35	1.34947	961	210
1.29/1.35	1.35044	960	214
1.29/1.35	1.35088	959	215
1.29/1.35	1.35356	958	227
1.29/1.35	1.35519	957	233
1.29/1.36	1.35657	956	238
1.29/1.36	1.35758	955	242
1.29/1.36	1.35787	954	243
1.29/1.36	1.35887	953	246
1.29/1.36	1.36078	952	253
1.29/1.36	1.36129	951	255
1.29/1.36	1.36372	950	264
1.29/1.37	1.36766	949	283
1.29/1.37	1.37017	948	294
1.29/1.37	1.37342	947	307
1.29/1.38	1.37814	946	331
1.29/1.38	1.37868	945	333
1.29/1.38	1.38577	944	370
1.29/1.39	1.39396	943	408
1.39/1.40	1.40402	942	457
1.39/1.41	1.40772	941	476
1.39/1.41	1.41064	940	489
1.39/1.41	1.41152	939	492
1.39/1.43	1.42873	938	570
1.39/1.43	1.43163	937	585
1.39/1.43	1.43237	936	588
1.39/1.43	1.43359	935	593
1.39/1.43	1.43414	934	595
1.39/1.43	1.43567	933	602
1.39/1.44	1.43784	932	612
1.39/1.44	1.43837	931	614
1.39/1.44	1.4389	930	616
1.39/1.45	1.45531	929	701
1.39/1.46	1.46276	928	738
1.39/1.49	1.48827	927	874
1.49/1.50	1.49936	926	922
1.49/1.51	1.51221	925	990
1.49/1.54	1.54249	924	1145
1.88/1.92	1.92533	923	3548
1.88/1.99	1.98826	922	3889
1.88/1.99	1.99524	921	3924
1.98/2.01	2.00945	920	3987
2.08/2.15	2.15552	919	4790
2.08/2.19	2.18779	918	4964
2.32/2.41	2.4097	917	6144
2.58/2.69	2.69459	916	7687
2.99/3.08	3.08331	915	9807
3.09/3.11	3.10925	914	9935
3.89/3.96	3.9615	913	14564
4.20/4.24	4.24509	912	16140
5.28/5.34	5.34277	911	22660
8.09/8.29	8.28751	910	39426
999.96/1000.04	5487765
