0.00/0.00	0.00181	185	0
0.00/0.00	0.002061	184	1
0.00/0.00	0.002248	183	2
0.00/0.00	0.002432	181	3
0.00/0.00	0.002687	180	6
0.00/0.00	0.002874	178	7
0.00/0.00	0.003048	177	8
0.00/0.00	0.003218	176	9
0.00/0.00	0.003387	175	10
0.09/0.10	0.098314	174	3931
0.09/0.10	0.098697	173	3945
0.09/0.10	0.098856	172	3948
0.09/0.10	0.098985	170	3950
0.09/0.10	0.10019	168	4009
0.09/0.10	0.101992	167	4101
0.29/0.30	0.305629	166	15708
0.29/0.30	0.305849	165	15715
0.29/0.34	0.344383	164	17738
0.29/0.34	0.344758	162	17755
