0.00/0.00	0.00186	192	0
0.00/0.00	0.002109	191	1
0.00/0.00	0.002304	190	2
0.00/0.00	0.002491	189	3
0.00/0.00	0.002691	188	4
0.00/0.00	0.002951	186	7
0.00/0.00	0.00317	185	9
0.00/0.00	0.003419	183	12
0.00/0.00	0.003599	180	13
0.00/0.00	0.003774	179	14
0.00/0.00	0.00395	176	15
0.00/0.00	0.004217	174	19
0.00/0.00	0.004498	173	23
0.00/0.00	0.004662	172	24
0.00/0.00	0.005039	169	31
0.00/0.00	0.005349	166	36
0.00/0.00	0.006664	165	77
0.00/0.00	0.007284	164	92
0.00/0.01	0.009717	162	171
