0.00/0.03	0.028799	77	0
0.00/0.03	0.030265	75	1
0.00/0.03	0.031756	73	2
0.00/0.03	0.033048	72	3
0.00/0.03	0.034322	71	4
0.00/0.03	0.035805	70	6
0.00/0.03	0.037153	69	8
0.00/0.04	0.038543	68	10
0.00/0.04	0.039935	67	12
0.00/0.04	0.041648	66	16
0.00/0.04	0.043004	65	18
0.00/0.04	0.044788	64	23
0.00/0.04	0.046371	63	27
0.00/0.04	0.047567	62	29
0.00/0.05	0.049755	61	37
0.00/0.05	0.052004	60	46
0.00/0.05	0.053305	59	49
0.00/0.06	0.059177	58	82
0.00/0.07	0.076516	57	191
0.00/0.08	0.085074	56	247
0.00/0.08	0.0877	55	260
0.59/0.61	0.615083	54	3892
3.89/4.04	4.03876	53	28675
98.39/98.60	98.6007	52	731309
999.68/1000.02	551.098	85733114	7408448
