4.19/4.24	4.24555	2033	0
4.19/4.24	4.2463	2032	1
4.19/4.24	4.24813	2031	5
4.19/4.25	4.24894	2030	7
4.19/4.25	4.24966	2029	8
4.19/4.25	4.25073	2028	10
4.19/4.25	4.25121	2027	11
4.19/4.25	4.25197	2026	12
4.19/4.25	4.25506	2025	21
4.19/4.25	4.25572	2024	22
4.19/4.25	4.2569	2023	24
4.19/4.25	4.25764	2022	25
4.19/4.26	4.2588	2021	28
4.19/4.26	4.26193	2019	34
4.19/4.26	4.2668	2018	45
4.19/4.26	4.2675	2017	46
4.19/4.27	4.27206	2016	58
4.19/4.27	4.27288	2015	59
4.19/4.28	4.28604	2014	94
4.19/4.28	4.28708	2013	96
4.19/4.28	4.28763	2012	97
4.19/4.29	4.29092	2011	104
4.19/4.29	4.29222	2010	105
4.19/4.29	4.29458	2009	110
4.19/4.29	4.29516	2008	111
4.19/4.29	4.29569	2007	112
4.29/4.30	4.2988	2006	118
4.29/4.30	4.29967	2005	120
4.29/4.30	4.30161	2004	124
4.29/4.30	4.30413	2003	130
4.29/4.31	4.31408	2002	154
4.29/4.31	4.3165	2001	159
4.29/4.32	4.32117	2000	169
4.29/4.32	4.32199	1999	171
4.29/4.32	4.32327	1998	173
4.29/4.32	4.32399	1997	174
4.29/4.33	4.3342	1996	198
4.29/4.33	4.33473	1995	199
4.29/4.33	4.33534	1994	200
4.29/4.33	4.33633	1993	201
4.29/4.34	4.33869	1992	206
4.29/4.34	4.33998	1991	209
4.29/4.34	4.34114	1990	211
4.29/4.34	4.34286	1989	214
4.29/4.34	4.34406	1988	216
4.29/4.34	4.34479	1987	217
4.29/4.34	4.34549	1986	218
4.29/4.35	4.3483	1985	223
4.29/4.35	4.34889	1984	224
4.29/4.35	4.35039	1983	228
4.29/4.35	4.35157	1982	230
4.29/4.35	4.35614	1981	241
4.29/4.35	4.35672	1980	242
4.29/4.35	4.35776	1979	244
4.29/4.36	4.3588	1978	246
4.29/4.36	4.36481	1977	259
4.29/4.36	4.36536	1976	260
4.29/4.37	4.37231	1975	276
4.29/4.37	4.3746	1974	281
4.29/4.37	4.37558	1973	283
4.29/4.37	4.37768	1972	288
4.29/4.38	4.37903	1971	291
4.29/4.38	4.38011	1970	293
4.29/4.38	4.3813	1969	296
4.29/4.38	4.38307	1967	299
4.29/4.38	4.38371	1966	300
4.29/4.38	4.38619	1965	307
4.29/4.39	4.38847	1963	311
4.29/4.39	4.39708	1962	331
4.39/4.40	4.39889	1961	335
4.39/4.40	4.40007	1960	337
4.39/4.40	4.4033	1959	344
4.39/4.40	4.40774	1958	354
4.39/4.42	4.41927	1957	377
4.39/4.42	4.42354	1956	387
4.39/4.42	4.42508	1955	391
4.39/4.42	4.42746	1954	396
4.39/4.43	4.43172	1953	404
4.39/4.43	4.43356	1952	408
4.39/4.43	4.4361	1951	414
4.39/4.43	4.43791	1950	418
4.39/4.44	4.43853	1949	419
4.39/4.44	4.44464	1948	434
4.39/4.44	4.44806	1947	441
4.39/4.45	4.45048	1946	446
4.39/4.45	4.45303	1945	451
4.39/4.45	4.4536	1944	452
4.39/4.45	4.45639	1943	457
4.39/4.45	4.45706	1942	458
4.39/4.46	4.46007	1941	464
4.39/4.46	4.46322	1940	471
4.39/4.46	4.46413	1939	473
4.39/4.47	4.47532	1938	499
4.39/4.48	4.48	1937	511
4.39/4.48	4.48213	1936	515
4.39/4.48	4.48269	1935	516
4.39/4.48	4.4839	1934	518
4.39/4.48	4.48564	1933	521
4.39/4.48	4.48676	1932	523
4.39/4.49	4.48955	1931	528
4.39/4.49	4.49061	1930	530
4.39/4.49	4.49112	1929	531
4.39/4.49	4.49197	1928	533
4.39/4.49	4.49545	1927	541
4.49/4.50	4.49844	1926	549
4.49/4.50	4.50049	1925	553
4.49/4.50	4.50327	1924	559
4.49/4.50	4.5046	1923	562
4.49/4.51	4.51253	1922	580
4.49/4.52	4.52046	1921	600
4.49/4.52	4.52273	1920	604
4.49/4.52	4.52339	1919	605
4.49/4.52	4.52415	1918	606
4.49/4.53	4.52991	1916	618
4.49/4.53	4.53173	1915	623
4.49/4.53	4.53345	1914	626
4.49/4.55	4.5529	1913	673
4.49/4.56	4.5612	1912	692
4.49/4.56	4.56255	1911	695
4.49/4.56	4.56716	1910	705
4.49/4.57	4.57031	1909	712
4.49/4.57	4.57476	1908	723
4.49/4.59	4.59526	1907	769
4.49/4.59	4.59595	1906	770
4.49/4.59	4.59663	1905	771
4.49/4.60	4.6015	1903	780
4.49/4.60	4.6045	1902	787
4.49/4.61	4.60629	1901	790
4.49/4.61	4.60688	1900	791
4.49/4.61	4.60795	1899	793
4.49/4.61	4.60896	1898	795
4.49/4.61	4.61221	1897	805
4.60/4.62	4.61887	1896	821
4.60/4.62	4.61982	1895	823
4.60/4.62	4.62478	1894	834
4.60/4.62	4.62536	1893	835
4.60/4.63	4.63042	1892	846
4.60/4.64	4.64501	1891	878
4.60/4.64	4.64639	1890	881
4.60/4.65	4.65379	1889	899
4.60/4.65	4.65679	1888	906
4.60/4.66	4.6595	1887	913
4.60/4.66	4.66167	1886	917
4.60/4.66	4.66608	1885	929
4.60/4.66	4.66812	1884	934
4.60/4.67	4.67593	1883	951
4.60/4.68	4.67831	1882	955
4.60/4.68	4.6806	1881	961
4.60/4.69	4.69149	1880	985
4.60/4.69	4.69263	1879	987
4.60/4.69	4.69351	1878	989
4.60/4.69	4.69412	1877	990
4.60/4.69	4.69658	1876	995
4.60/4.69	4.6973	1875	996
4.60/4.71	4.70181	1874	1005
4.60/4.71	4.7061	1873	1014
4.60/4.71	4.7105	1872	1024
4.60/4.71	4.71356	1871	1031
4.60/4.73	4.7298	1870	1064
4.60/4.73	4.73375	1869	1072
4.60/4.76	4.75828	1868	1124
4.60/4.76	4.76226	1867	1132
4.60/4.77	4.77139	1866	1152
4.60/4.77	4.77202	1865	1153
4.60/4.77	4.77279	1864	1155
4.60/4.77	4.77605	1863	1163
4.60/4.77	4.77755	1862	1166
4.60/4.78	4.78763	1861	1190
4.60/4.79	4.79012	1860	1195
4.60/4.79	4.79075	1859	1196
4.60/4.82	4.82477	1858	1271
4.60/4.82	4.82638	1857	1274
4.60/4.83	4.82888	1856	1279
4.60/4.84	4.83976	1855	1308
4.60/4.84	4.84428	1854	1318
4.60/4.86	4.8598	1853	1356
4.60/4.89	4.89364	1852	1435
4.60/4.90	4.89965	1851	1448
4.60/4.91	4.91656	1850	1484
4.60/4.92	4.91861	1849	1488
4.60/4.93	4.93044	1848	1514
4.60/4.93	4.9311	1847	1515
4.60/4.93	4.93281	1846	1518
4.60/4.93	4.93712	1845	1528
4.60/4.94	4.94264	1844	1542
4.60/4.95	4.94961	1843	1557
4.60/4.95	4.95183	1842	1562
4.60/5.01	5.01656	1841	1714
4.60/5.04	5.03862	1840	1761
4.60/5.05	5.05418	1839	1794
4.60/5.08	5.08724	1838	1865
4.60/5.09	5.09602	1837	1883
4.60/5.09	5.09724	1836	1885
4.60/5.09	5.09788	1835	1886
4.60/5.10	5.10131	1834	1894
4.60/5.10	5.10434	1833	1902
4.60/5.13	5.12841	1832	1957
4.60/5.15	5.14905	1831	2003
4.60/5.16	5.16512	1830	2035
4.60/5.18	5.17892	1829	2066
4.60/5.18	5.18085	1828	2070
4.60/5.21	5.21362	1827	2145
4.60/5.22	5.21912	1826	2156
4.60/5.26	5.26703	1825	2260
5.29/5.37	5.37481	1824	2491
5.39/5.40	5.39962	1823	2542
5.39/5.48	5.48571	1822	2716
5.39/5.48	5.48648	1821	2717
5.49/5.57	5.5725	1820	2907
5.49/5.59	5.58927	1819	2940
5.69/5.73	5.73027	1817	3237
5.78/5.82	5.82422	1816	3442
5.78/5.85	5.85055	1815	3500
5.78/5.86	5.85835	1814	3519
5.78/5.86	5.86289	1813	3528
5.78/5.86	5.86398	1812	3530
5.78/5.86	5.86488	1811	3532
5.78/5.87	5.87432	1810	3553
5.78/5.89	5.89453	1809	3595
5.88/5.90	5.89928	1808	3605
5.88/5.93	5.93324	1807	3677
6.08/6.15	6.15538	1806	4160
6.08/6.19	6.18577	1805	4224
6.08/6.30	6.29945	1804	4462
6.08/6.33	6.33219	1803	4530
6.08/6.46	6.46187	1802	4816
6.89/6.91	6.91779	1801	5810
6.99/7.04	7.04028	1800	6081
7.19/7.21	7.20935	1799	6464
7.29/7.30	7.30016	1798	6665
7.39/7.44	7.43949	1797	6979
7.39/7.45	7.45025	1796	7004
7.49/7.50	7.4986	1795	7113
7.49/7.57	7.57165	1794	7277
7.59/7.75	7.75384	1793	7667
7.59/7.98	7.98287	1792	8157
8.08/8.11	8.11412	1791	8447
8.08/8.19	8.18862	1790	8606
8.29/8.32	8.32637	1789	8895
8.39/8.47	8.47069	1787	9204
8.49/8.53	8.53378	1786	9342
8.49/8.54	8.53861	1785	9355
8.69/8.71	8.71628	1784	9749
8.79/8.80	8.80788	1783	9953
8.79/8.81	8.81049	1782	9960
8.79/8.81	8.81503	1781	9969
9.09/9.13	9.12978	1780	10650
9.09/9.39	9.39469	1779	11218
9.09/9.50	9.50177	1778	11451
9.79/9.88	9.88791	1777	12265
10.10/10.16	10.16	1776	12893
10.59/10.66	10.6668	1775	14025
11.14/11.17	11.1701	1774	15136
11.19/11.21	11.2095	1773	15221
11.39/11.40	11.404	1772	15634
11.88/11.98	11.9851	1771	16912
11.98/12.08	12.0831	1770	17123
12.88/12.90	12.8987	1769	18876
13.60/13.66	13.6645	1768	20532
13.60/13.92	13.9238	1767	21086
13.60/13.94	13.9398	1766	21120
13.60/14.05	14.0481	1765	21362
13.60/14.05	14.0548	1764	21380
14.78/14.89	14.8924	1763	23163
14.98/15.41	15.4092	1762	24266
15.78/15.89	15.8934	1761	25301
16.09/16.10	16.1073	1760	25775
17.19/17.29	17.2963	1759	28410
17.29/17.32	17.3207	1758	28462
17.69/17.76	17.7678	1757	29485
17.89/17.95	17.9516	1756	29885
18.79/18.81	18.8146	1755	31764
20.19/20.23	20.2371	1754	34787
20.69/20.70	20.6994	1753	35769
20.69/20.73	20.7318	1752	35836
23.38/23.47	23.477	1751	41568
23.78/23.86	23.8643	1750	42373
23.98/24.44	24.441	1749	43575
24.49/24.54	24.5461	1748	43791
25.18/25.27	25.2726	1747	45304
25.38/25.41	25.4148	1746	45608
27.68/27.75	27.7506	1745	50465
28.08/28.11	28.1173	1744	51241
29.01/29.06	29.0604	1743	53303
29.19/29.20	29.2073	1742	53621
29.49/29.56	29.5627	1741	54388
30.89/30.99	30.9966	1740	57489
32.90/33.07	33.0712	1739	61910
34.29/34.37	34.3728	1738	64772
38.69/38.95	38.9543	1737	74441
38.69/39.12	39.1206	1736	74803
49.19/49.33	49.3309	1735	96296
50.09/50.15	50.1491	1734	98059
50.09/50.17	50.1745	1733	98110
52.19/52.54	52.5406	1732	103139
52.19/52.71	52.7136	1731	103497
53.69/53.73	53.7365	1730	105691
54.89/54.98	54.9777	1729	108401
55.09/55.17	55.1746	1728	108832
60.78/60.83	60.8313	1727	120744
61.89/61.96	61.959	1726	123143
61.99/62.00	62.0038	1725	123232
64.10/64.12	64.1188	1724	127689
67.98/68.01	68.0094	1723	135919
68.18/68.29	68.2963	1722	136535
136.48/136.56	136.561	1721	278452
136.89/137.17	137.169	1720	279710
137.63/137.66	137.657	1719	280738
144.09/144.14	144.143	1718	294405
149.99/150.03	150.027	1717	306762
151.09/151.11	151.105	1716	309021
153.99/154.05	154.054	1715	315295
271.70/272.15	272.152	1714	558728
311.79/311.97	311.967	1713	641504
319.30/319.61	319.61	1712	657726
892.87/892.94	892.925	1711	1839040
999.97/1000.02	2057875
