3.99/4.04	4.04073	2039	0
3.99/4.04	4.04163	2038	1
3.99/4.04	4.04318	2037	4
3.99/4.04	4.04378	2036	5
3.99/4.04	4.04566	2035	9
3.99/4.04	4.04674	2034	12
3.99/4.05	4.04817	2033	15
3.99/4.05	4.04888	2032	16
3.99/4.05	4.04941	2031	17
3.99/4.05	4.05206	2030	23
3.99/4.05	4.05784	2029	39
3.99/4.06	4.05848	2028	40
3.99/4.06	4.0601	2027	44
3.99/4.06	4.06086	2026	45
3.99/4.06	4.06157	2025	46
3.99/4.06	4.06469	2024	53
3.99/4.06	4.06527	2023	54
3.99/4.06	4.06659	2022	57
3.99/4.06	4.0677	2021	59
3.99/4.07	4.06828	2020	60
3.99/4.07	4.07017	2019	64
3.99/4.07	4.07072	2018	65
3.99/4.07	4.07131	2017	66
3.99/4.07	4.07251	2016	68
3.99/4.07	4.0732	2015	69
3.99/4.07	4.07387	2014	70
3.99/4.07	4.07595	2013	74
3.99/4.07	4.07783	2012	78
3.99/4.08	4.08158	2011	86
3.99/4.08	4.083	2010	89
3.99/4.08	4.08482	2008	94
3.99/4.08	4.08629	2006	96
3.99/4.09	4.09078	2005	106
3.99/4.09	4.09351	2004	112
3.99/4.09	4.0967	2003	119
3.99/4.09	4.09734	2002	120
4.09/4.10	4.09872	2001	123
4.09/4.10	4.10004	2000	126
4.09/4.10	4.1006	1999	127
4.09/4.10	4.10137	1998	129
4.09/4.10	4.10197	1997	130
4.09/4.10	4.10323	1996	133
4.09/4.10	4.10816	1995	143
4.09/4.11	4.10932	1994	145
4.09/4.11	4.10999	1993	146
4.09/4.11	4.11146	1992	149
4.09/4.11	4.11229	1991	151
4.09/4.11	4.11286	1990	152
4.09/4.11	4.11506	1989	157
4.09/4.11	4.11687	1988	162
4.09/4.12	4.11928	1987	167
4.09/4.12	4.12329	1986	178
4.09/4.12	4.12387	1985	179
4.09/4.12	4.12582	1984	183
4.09/4.12	4.12653	1983	184
4.09/4.13	4.12971	1982	192
4.09/4.13	4.13052	1981	194
4.09/4.13	4.13113	1980	195
4.09/4.13	4.13287	1979	198
4.09/4.13	4.13398	1978	200
4.09/4.13	4.13488	1977	202
4.09/4.13	4.13646	1976	205
4.09/4.14	4.13825	1975	209
4.09/4.14	4.14108	1974	216
4.09/4.14	4.14175	1973	217
4.09/4.14	4.14229	1972	218
4.09/4.14	4.14283	1971	219
4.09/4.14	4.14529	1970	224
4.09/4.14	4.14688	1969	227
4.09/4.15	4.14909	1968	231
4.09/4.15	4.15322	1967	240
4.09/4.15	4.15468	1966	243
4.09/4.16	4.15897	1965	256
4.09/4.16	4.1604	1964	259
4.09/4.16	4.16242	1963	263
4.09/4.16	4.16312	1962	264
4.09/4.16	4.16594	1961	271
4.09/4.16	4.16781	1960	275
4.09/4.17	4.16924	1959	278
4.09/4.17	4.17103	1958	282
4.09/4.17	4.1728	1957	286
4.09/4.17	4.17611	1956	294
4.09/4.17	4.17698	1955	296
4.09/4.18	4.17835	1954	299
4.09/4.18	4.17949	1953	302
4.09/4.18	4.18099	1952	306
4.09/4.18	4.1816	1951	307
4.09/4.19	4.18953	1950	326
4.09/4.19	4.1911	1949	329
4.09/4.19	4.19262	1948	332
4.09/4.19	4.19382	1947	334
4.09/4.19	4.19456	1946	336
4.18/4.20	4.1999	1945	348
4.18/4.20	4.20089	1944	350
4.18/4.20	4.20148	1943	351
4.18/4.20	4.2072	1942	366
4.18/4.21	4.20959	1941	371
4.18/4.21	4.21017	1940	372
4.18/4.21	4.21208	1939	377
4.18/4.21	4.21764	1938	390
4.18/4.22	4.2195	1937	394
4.18/4.22	4.22207	1936	399
4.18/4.22	4.22325	1935	401
4.18/4.22	4.22429	1934	403
4.18/4.23	4.23509	1933	431
4.18/4.24	4.2394	1932	441
4.18/4.24	4.24252	1931	450
4.18/4.24	4.24445	1930	453
4.18/4.24	4.24584	1929	456
4.18/4.24	4.24766	1928	459
4.18/4.25	4.24977	1927	464
4.18/4.25	4.25253	1925	471
4.18/4.25	4.25651	1924	484
4.18/4.26	4.25839	1923	487
4.18/4.27	4.26868	1922	513
4.18/4.27	4.27177	1921	521
4.18/4.28	4.27862	1920	538
4.18/4.28	4.2811	1919	543
4.18/4.28	4.28233	1918	545
4.18/4.28	4.28461	1917	550
4.18/4.28	4.2865	1916	554
4.28/4.30	4.30063	1915	593
4.28/4.30	4.30388	1914	602
4.28/4.30	4.30565	1913	606
4.28/4.30	4.30678	1912	608
4.28/4.31	4.3084	1911	611
4.28/4.31	4.30947	1910	613
4.28/4.32	4.31837	1909	635
4.28/4.32	4.3192	1908	637
4.28/4.32	4.32094	1907	641
4.28/4.32	4.32232	1906	645
4.28/4.32	4.32348	1905	647
4.28/4.32	4.32636	1904	654
4.28/4.33	4.32925	1903	660
4.28/4.33	4.33149	1902	666
4.28/4.33	4.33766	1901	680
4.28/4.34	4.34299	1900	694
4.28/4.34	4.34504	1899	699
4.28/4.35	4.35411	1898	723
4.28/4.36	4.36643	1897	755
4.28/4.37	4.37114	1896	766
4.28/4.37	4.37689	1895	780
4.28/4.38	4.37895	1894	785
4.28/4.38	4.37991	1893	787
4.28/4.39	4.38867	1892	808
4.28/4.39	4.39488	1891	825
4.28/4.40	4.39989	1890	837
4.28/4.40	4.40059	1889	838
4.28/4.40	4.40175	1888	841
4.28/4.40	4.40312	1887	844
4.28/4.40	4.40567	1886	849
4.28/4.40	4.40702	1885	852
4.40/4.41	4.40988	1884	859
4.40/4.41	4.41517	1883	871
4.40/4.42	4.41825	1882	878
4.40/4.42	4.42165	1881	888
4.40/4.43	4.43034	1880	907
4.40/4.43	4.43364	1879	915
4.40/4.43	4.43491	1878	918
4.40/4.44	4.44447	1877	939
4.40/4.44	4.44568	1876	942
4.40/4.44	4.44785	1875	947
4.40/4.46	4.46096	1874	980
4.40/4.47	4.47025	1873	1003
4.40/4.47	4.47127	1872	1005
4.40/4.47	4.47457	1871	1012
4.40/4.47	4.47638	1870	1016
4.40/4.48	4.48546	1869	1038
4.40/4.48	4.48679	1868	1041
4.40/4.49	4.48861	1867	1045
4.40/4.49	4.49149	1866	1052
4.40/4.49	4.49692	1865	1066
4.40/4.49	4.49751	1864	1067
4.40/4.50	4.49887	1863	1070
4.40/4.50	4.50438	1862	1083
4.40/4.50	4.50614	1861	1087
4.40/4.50	4.50752	1860	1090
4.50/4.52	4.52406	1859	1126
4.50/4.53	4.53485	1858	1152
4.50/4.55	4.54942	1857	1190
4.50/4.56	4.56691	1856	1231
4.50/4.57	4.57264	1855	1244
4.50/4.57	4.57515	1854	1250
4.50/4.58	4.5829	1853	1270
4.59/4.60	4.59927	1852	1309
4.59/4.60	4.60156	1851	1315
4.59/4.61	4.60865	1850	1334
4.59/4.63	4.63392	1849	1400
4.59/4.63	4.63599	1848	1404
4.59/4.64	4.64076	1847	1416
4.59/4.64	4.64295	1846	1421
4.59/4.64	4.64779	1845	1433
4.59/4.65	4.65777	1844	1457
4.59/4.66	4.66035	1843	1463
4.59/4.67	4.67722	1842	1506
4.59/4.68	4.68075	1841	1515
4.69/4.70	4.70511	1840	1572
4.69/4.73	4.73785	1839	1656
4.69/4.76	4.76125	1838	1714
4.69/4.77	4.7749	1837	1747
4.69/4.78	4.78636	1836	1776
4.69/4.79	4.79295	1835	1792
4.79/4.80	4.80509	1834	1821
4.79/4.82	4.82323	1833	1867
4.79/4.83	4.83547	1832	1897
4.79/4.85	4.84869	1831	1930
4.89/4.92	4.9188	1830	2097
4.89/4.92	4.92443	1829	2110
4.89/4.95	4.95414	1828	2188
4.89/4.97	4.97565	1827	2242
4.99/5.02	5.02425	1826	2364
4.99/5.02	5.02599	1825	2368
5.09/5.14	5.14555	1824	2654
5.09/5.16	5.16249	1823	2695
5.09/5.18	5.18073	1822	2737
5.19/5.20	5.20549	1821	2796
5.19/5.25	5.25489	1820	2917
5.19/5.28	5.28635	1819	2989
5.29/5.30	5.29913	1818	3025
5.29/5.35	5.35203	1817	3156
5.29/5.35	5.35487	1816	3162
5.29/5.37	5.36948	1815	3200
5.29/5.39	5.39292	1814	3254
5.39/5.43	5.43238	1813	3351
5.39/5.44	5.43988	1812	3369
5.39/5.48	5.48763	1811	3494
5.39/5.49	5.49403	1810	3510
5.39/5.50	5.5005	1809	3524
5.50/5.59	5.59033	1808	3734
5.50/5.60	5.60086	1807	3759
5.60/5.61	5.60906	1806	3779
5.60/5.64	5.641	1805	3854
5.69/5.70	5.70402	1804	4000
5.69/5.71	5.71275	1803	4020
5.69/5.71	5.71484	1802	4025
5.89/5.96	5.95981	1801	4603
5.89/5.98	5.98408	1800	4656
5.99/6.02	6.02801	1799	4754
6.09/6.16	6.16489	1798	5068
6.09/6.19	6.19357	1797	5137
6.19/6.22	6.22606	1796	5211
6.19/6.25	6.25664	1795	5281
6.19/6.26	6.2625	1794	5296
6.60/6.66	6.66633	1793	6238
6.70/6.77	6.7729	1792	6502
6.79/6.80	6.80611	1791	6584
6.79/6.83	6.83303	1790	6651
6.89/6.91	6.90903	1789	6840
6.99/7.06	7.06452	1788	7222
6.99/7.07	7.07588	1787	7250
7.09/7.17	7.177	1786	7509
7.09/7.19	7.19617	1785	7558
7.28/7.36	7.36597	1784	7962
7.58/7.62	7.61992	1783	8566
7.88/7.93	7.93475	1782	9324
7.88/7.97	7.97035	1781	9409
8.08/8.15	8.14956	1780	9835
8.08/8.16	8.16237	1779	9868
8.18/8.25	8.25628	1778	10090
8.28/8.38	8.38421	1777	10392
8.38/8.43	8.43214	1776	10502
8.80/8.82	8.82518	1775	11418
8.99/9.04	9.04059	1774	11920
9.09/9.17	9.17436	1773	12244
9.19/9.20	9.2056	1772	12322
9.69/9.73	9.73482	1771	13590
9.69/9.76	9.76118	1770	13651
9.79/9.82	9.82227	1769	13796
10.00/10.09	10.0883	1768	14415
10.19/10.26	10.2646	1767	14826
10.29/10.30	10.2988	1766	14906
10.69/10.73	10.7341	1765	15913
10.79/10.89	10.8896	1764	16285
10.99/11.06	11.0663	1763	16698
11.10/11.11	11.1086	1762	16796
12.20/12.24	12.239	1761	19479
12.49/12.57	12.5759	1760	20321
12.99/13.01	13.0102	1759	21391
13.19/13.27	13.2777	1758	22028
14.29/14.35	14.3564	1757	24588
14.40/14.42	14.4203	1756	24745
14.78/14.85	14.8545	1755	25818
15.28/15.35	15.3502	1754	26989
15.89/15.92	15.9217	1753	28321
16.09/16.10	16.1038	1752	28753
16.29/16.35	16.3572	1751	29333
16.39/16.46	16.4639	1750	29578
17.09/17.19	17.1943	1749	31240
18.39/18.49	18.4912	1748	34256
19.09/19.14	19.1389	1747	35764
19.80/19.84	19.8448	1746	37415
19.80/19.89	19.8925	1745	37526
20.18/20.22	20.2192	1744	38309
20.38/20.46	20.4668	1743	38890
21.48/21.52	21.5191	1742	41333
22.29/22.39	22.3932	1741	43413
22.39/22.46	22.4646	1740	43599
22.99/23.03	23.0316	1739	44986
23.39/23.45	23.4476	1738	45965
24.69/24.71	24.7165	1737	48975
25.49/25.53	25.5307	1736	50869
25.89/25.90	25.905	1735	51733
26.09/26.15	26.1503	1734	52310
26.39/26.41	26.4124	1733	52926
27.38/27.50	27.4976	1732	55417
32.59/32.67	32.6703	1731	67189
32.59/32.68	32.678	1730	67208
34.58/34.66	34.6592	1729	71722
36.29/36.38	36.3836	1728	75671
36.48/36.56	36.5671	1727	76082
40.99/41.01	41.0118	1726	86303
68.89/68.90	68.9023	1725	150337
96.59/96.63	96.6273	1724	214708
128.09/128.13	128.134	1723	285846
136.89/136.95	136.948	1722	306011
158.29/158.34	158.339	1721	354997
160.69/160.71	160.707	1720	360498
165.79/165.85	165.847	1719	372305
167.09/167.17	167.169	1718	375346
171.28/171.31	171.307	1717	384830
243.88/243.91	243.91	1716	549791
344.48/344.54	344.536	1715	779431
374.68/374.78	374.777	1714	848789
374.68/374.79	374.783	1713	848804
378.98/379.02	379.013	1712	858562
380.28/380.35	380.34	1711	861634
440.38/440.44	440.433	1710	999236
455.68/455.71	455.701	1709	1034555
468.78/468.90	468.885	1708	1064850
999.97/1000.03	2258242
