4.08/4.42	4.27991	2036	0
4.08/4.42	4.28076	2035	1
4.08/4.42	4.28189	2034	3
4.08/4.42	4.28249	2033	4
4.08/4.42	4.28304	2032	5
4.08/4.42	4.28431	2031	8
4.08/4.42	4.28724	2030	13
4.08/4.42	4.28792	2029	14
4.08/4.43	4.28866	2028	15
4.08/4.43	4.29377	2026	27
4.08/4.43	4.29452	2025	28
4.08/4.43	4.2958	2024	30
4.08/4.43	4.29693	2023	32
4.08/4.43	4.29756	2022	33
4.08/4.44	4.29826	2021	34
4.08/4.44	4.299	2020	35
4.08/4.44	4.30166	2019	40
4.08/4.44	4.3027	2018	42
4.08/4.44	4.30333	2017	43
4.08/4.44	4.30403	2016	44
4.08/4.44	4.30521	2015	46
4.08/4.44	4.30619	2014	48
4.08/4.44	4.30724	2013	50
4.08/4.45	4.30855	2012	53
4.08/4.45	4.31081	2011	59
4.08/4.46	4.31812	2010	73
4.08/4.46	4.31885	2009	74
4.08/4.46	4.31951	2008	75
4.08/4.46	4.32018	2007	76
4.08/4.46	4.32088	2006	77
4.08/4.46	4.32146	2005	78
4.08/4.46	4.32488	2004	85
4.08/4.46	4.32792	2003	90
4.08/4.47	4.32848	2002	91
4.08/4.47	4.32906	2001	92
4.08/4.47	4.33021	2000	94
4.08/4.47	4.33296	1999	100
4.08/4.47	4.33346	1998	101
4.08/4.47	4.3342	1997	102
4.08/4.47	4.33504	1996	103
4.08/4.47	4.33676	1995	106
4.08/4.47	4.33751	1994	107
4.08/4.48	4.34126	1993	114
4.08/4.48	4.34196	1992	115
4.08/4.48	4.34264	1991	116
4.08/4.48	4.34528	1990	122
4.08/4.48	4.34592	1989	123
4.08/4.48	4.34662	1988	124
4.08/4.48	4.34729	1987	125
4.08/4.50	4.35831	1986	147
4.08/4.50	4.35893	1985	148
4.08/4.50	4.36271	1984	155
4.08/4.50	4.36434	1983	158
4.08/4.50	4.36491	1982	159
4.08/4.50	4.36593	1981	161
4.08/4.50	4.36717	1980	164
4.08/4.50	4.36786	1979	165
4.08/4.51	4.36892	1978	167
4.08/4.51	4.37218	1977	175
4.08/4.51	4.37299	1976	176
4.08/4.52	4.37819	1975	188
4.08/4.52	4.37892	1974	189
4.08/4.52	4.37951	1973	190
4.08/4.52	4.38019	1972	191
4.08/4.52	4.38079	1971	192
4.08/4.52	4.38148	1970	193
4.08/4.52	4.38219	1969	194
4.08/4.52	4.38296	1968	196
4.08/4.52	4.38358	1967	197
4.08/4.52	4.38447	1966	199
4.08/4.52	4.386	1965	202
4.08/4.53	4.3899	1964	210
4.08/4.53	4.39156	1963	213
4.08/4.53	4.39296	1962	216
4.08/4.53	4.3952	1961	220
4.08/4.53	4.39587	1960	221
4.08/4.53	4.39708	1959	223
4.08/4.54	4.39913	1958	228
4.08/4.54	4.40178	1957	233
4.08/4.54	4.40238	1956	234
4.08/4.54	4.40309	1955	235
4.08/4.54	4.40678	1954	243
4.08/4.54	4.40784	1953	245
4.08/4.55	4.40852	1952	246
4.08/4.55	4.40906	1951	247
4.08/4.55	4.40975	1950	248
4.08/4.55	4.41146	1949	252
4.08/4.55	4.41297	1948	255
4.08/4.55	4.41353	1947	256
4.08/4.55	4.41454	1946	258
4.08/4.55	4.41657	1945	263
4.08/4.56	4.41874	1944	268
4.08/4.56	4.42097	1943	274
4.08/4.57	4.43025	1942	300
4.08/4.57	4.43279	1941	305
4.08/4.57	4.43467	1940	310
4.08/4.58	4.44059	1939	324
4.08/4.58	4.44617	1938	339
4.08/4.59	4.45152	1937	350
4.08/4.59	4.45404	1936	356
4.08/4.59	4.45693	1935	362
4.08/4.60	4.45855	1934	366
4.08/4.60	4.45904	1933	367
4.08/4.60	4.46037	1932	370
4.08/4.60	4.46142	1931	372
4.08/4.60	4.46345	1930	376
4.08/4.63	4.48923	1929	435
4.08/4.63	4.49534	1928	448
4.08/4.63	4.49736	1927	452
4.08/4.64	4.49838	1926	454
4.08/4.64	4.4995	1925	456
4.08/4.64	4.50727	1924	475
4.08/4.66	4.52649	1923	521
4.08/4.66	4.52716	1922	522
4.08/4.67	4.53181	1921	535
4.08/4.67	4.5355	1920	542
4.08/4.68	4.53917	1919	550
4.08/4.68	4.54084	1918	555
4.08/4.68	4.54275	1917	559
4.08/4.68	4.54326	1916	560
4.08/4.68	4.54444	1915	561
4.08/4.68	4.54513	1914	562
4.08/4.68	4.54637	1913	564
4.08/4.69	4.5484	1912	568
4.08/4.69	4.55132	1911	575
4.39/4.70	4.56076	1910	595
4.39/4.70	4.56297	1909	599
4.39/4.70	4.56515	1908	604
4.39/4.71	4.57284	1907	622
4.39/4.71	4.57379	1906	624
4.39/4.72	4.58756	1905	655
4.39/4.73	4.58897	1904	657
4.39/4.73	4.59092	1903	661
4.39/4.73	4.59204	1902	663
4.39/4.73	4.59377	1901	666
4.39/4.73	4.59542	1900	669
4.39/4.74	4.59879	1899	676
4.39/4.75	4.61156	1898	704
4.39/4.76	4.6201	1897	723
4.39/4.76	4.62067	1896	724
4.39/4.77	4.6311	1895	746
4.39/4.77	4.63357	1894	751
4.39/4.78	4.63957	1893	764
4.39/4.78	4.64448	1892	775
4.64/4.79	4.65123	1891	790
4.64/4.79	4.6537	1890	795
4.64/4.79	4.65491	1889	798
4.64/4.79	4.65552	1888	799
4.64/4.79	4.65731	1887	804
4.65/4.80	4.66478	1886	818
4.65/4.80	4.66689	1885	822
4.65/4.81	4.66904	1884	827
4.65/4.81	4.67296	1883	836
4.65/4.81	4.67597	1882	843
4.65/4.82	4.68164	1881	855
4.65/4.84	4.69923	1880	892
4.65/4.84	4.70283	1879	899
4.65/4.86	4.71958	1878	934
4.65/4.86	4.72374	1877	943
4.65/4.86	4.72602	1876	948
4.65/4.87	4.73381	1875	965
4.65/4.87	4.73448	1874	966
4.65/4.89	4.7481	1873	996
4.65/4.89	4.75132	1872	1003
4.75/4.90	4.75873	1871	1018
4.75/4.92	4.77917	1870	1059
4.75/4.92	4.77971	1869	1060
4.75/4.92	4.7808	1868	1062
4.75/4.92	4.78228	1867	1065
4.75/4.92	4.7845	1866	1069
4.75/4.92	4.78798	1865	1077
4.75/4.93	4.7969	1864	1096
4.75/4.94	4.79824	1863	1099
4.75/4.94	4.80166	1862	1107
4.75/4.94	4.80599	1861	1117
4.75/4.94	4.80708	1860	1119
4.75/4.96	4.82568	1859	1161
4.75/4.97	4.83481	1858	1181
4.75/4.97	4.83592	1857	1183
4.75/4.98	4.84103	1856	1194
4.85/5.01	4.87782	1855	1280
4.85/5.02	4.88277	1854	1289
4.85/5.02	4.88754	1853	1299
4.85/5.04	4.90201	1852	1332
4.85/5.05	4.91601	1851	1365
4.85/5.08	4.9454	1850	1426
4.85/5.09	4.95512	1849	1450
4.95/5.11	4.96875	1848	1483
4.95/5.11	4.9767	1847	1500
4.95/5.12	4.97813	1846	1503
4.95/5.13	4.99285	1845	1536
4.95/5.17	5.03764	1844	1635
5.05/5.22	5.08071	1843	1726
5.05/5.22	5.0861	1842	1737
5.05/5.23	5.09011	1841	1747
5.05/5.24	5.10699	1840	1785
5.05/5.25	5.10901	1839	1789
5.05/5.25	5.11093	1838	1793
5.05/5.25	5.11742	1837	1807
5.05/5.27	5.13375	1836	1841
5.05/5.27	5.13638	1835	1846
5.15/5.33	5.19392	1834	1971
5.15/5.37	5.23066	1833	2047
5.15/5.38	5.24502	1832	2079
5.15/5.39	5.25228	1831	2094
5.25/5.41	5.2686	1830	2128
5.25/5.41	5.27494	1829	2146
5.25/5.42	5.27885	1828	2156
5.25/5.42	5.28085	1827	2160
5.25/5.42	5.28376	1826	2165
5.25/5.45	5.31511	1825	2239
5.25/5.46	5.32571	1824	2261
5.25/5.47	5.33035	1823	2271
5.35/5.50	5.36355	1822	2345
5.35/5.51	5.37261	1821	2365
5.35/5.57	5.43445	1820	2496
5.45/5.66	5.51922	1819	2681
5.45/5.69	5.55476	1818	2753
5.45/5.70	5.56098	1817	2767
5.45/5.73	5.59065	1816	2830
5.45/5.73	5.59437	1815	2837
5.45/5.74	5.60548	1814	2860
5.45/5.83	5.68938	1813	3029
5.45/6.00	5.85942	1812	3382
5.45/6.02	5.88575	1811	3439
5.45/6.09	5.95689	1810	3582
6.07/6.25	6.11623	1809	3927
6.07/6.28	6.14092	1808	3979
6.15/6.31	6.17507	1807	4050
6.15/6.34	6.19924	1806	4100
6.15/6.36	6.21931	1805	4140
6.25/6.43	6.29692	1804	4306
6.25/6.46	6.32236	1803	4357
6.25/6.46	6.32613	1802	4364
6.35/6.51	6.37458	1801	4467
6.45/6.60	6.46181	1800	4651
6.45/6.65	6.513	1799	4768
6.45/6.67	6.53723	1798	4820
6.65/6.80	6.66558	1797	5104
6.65/6.82	6.68074	1796	5142
6.65/6.83	6.69012	1795	5163
6.96/7.15	7.01173	1794	5867
6.96/7.18	7.04656	1793	5941
7.55/7.75	7.61634	1792	7164
7.85/8.05	7.91256	1791	7809
8.26/8.51	8.36988	1790	8801
8.26/8.52	8.38751	1789	8841
8.26/8.55	8.4148	1788	8899
8.26/8.65	8.50895	1787	9101
8.26/8.65	8.51391	1786	9111
8.26/8.68	8.54162	1785	9173
8.26/8.94	8.80741	1784	9742
8.26/9.00	8.86639	1783	9875
8.71/9.03	8.89219	1782	9930
9.04/9.23	9.08816	1781	10353
9.04/9.23	9.09519	1780	10367
9.14/9.36	9.21927	1779	10640
9.14/9.36	9.22057	1778	10643
9.14/9.38	9.2463	1777	10697
9.24/9.42	9.28347	1776	10775
9.44/9.66	9.52149	1775	11286
9.54/9.79	9.649	1774	11554
9.74/9.94	9.80591	1773	11877
9.98/10.31	10.177	1772	12656
9.98/10.46	10.3259	1771	12967
10.35/10.54	10.406	1770	13145
10.35/10.55	10.4089	1769	13150
10.35/10.61	10.4731	1768	13280
10.74/10.99	10.8543	1767	14104
11.04/11.22	11.0864	1766	14599
11.04/11.25	11.108	1765	14647
11.14/11.36	11.2194	1764	14895
11.25/11.51	11.3708	1763	15233
11.48/11.85	11.7166	1762	16009
11.84/11.99	11.8521	1761	16312
12.65/13.13	12.9941	1760	18754
13.05/13.38	13.2413	1759	19277
13.36/13.54	13.399	1758	19604
13.45/13.60	13.4672	1757	19751
14.15/14.53	14.3892	1756	21792
15.55/15.71	15.5729	1755	24300
15.65/15.81	15.6774	1754	24516
15.65/16.45	16.312	1753	25843
16.74/16.99	16.8538	1752	26969
18.55/18.76	18.6217	1751	30689
18.65/18.90	18.7579	1750	30979
21.27/21.43	21.2961	1749	36236
21.55/21.89	21.7525	1748	37206
21.55/21.93	21.7887	1747	37283
22.45/22.60	22.4672	1746	38710
23.04/23.28	23.1427	1745	40123
25.96/26.52	26.3814	1744	46791
27.45/28.24	28.1066	1743	50400
28.65/28.80	28.6667	1742	51600
34.95/35.52	35.3805	1741	65606
34.95/35.52	35.3835	1740	65613
36.45/37.07	36.9313	1739	68825
40.85/41.21	41.077	1738	77525
40.85/41.63	41.4939	1737	78402
43.85/44.27	44.1309	1736	84010
45.25/45.44	45.3009	1735	86459
46.74/47.29	47.1556	1734	90256
48.24/48.42	48.2818	1733	92597
48.24/48.53	48.392	1732	92836
48.24/48.67	48.5305	1731	93121
55.35/55.58	55.4441	1730	107456
55.55/55.84	55.6977	1729	107984
56.75/56.90	56.7649	1728	110201
61.45/61.69	61.5471	1727	120066
66.95/67.16	67.0197	1726	131591
68.47/68.65	68.5108	1725	134763
72.96/73.17	73.0289	1724	144276
80.25/80.41	80.2696	1723	159459
82.34/82.55	82.4109	1722	164020
82.34/82.78	82.6392	1721	164499
89.85/90.31	90.1756	1720	180247
91.25/91.47	91.3264	1719	182702
94.25/94.71	94.5663	1718	189508
131.26/131.49	131.35	1717	265351
131.26/131.61	131.472	1716	265608
132.05/132.29	132.145	1715	267015
190.46/190.63	190.487	1714	387486
450.93/451.13	450.985	1713	923136
454.53/454.70	454.554	1712	930654
931.42/931.64	931.47	1711	1916728
999.92/1000.17	2056678
