4.09/4.19	4.189	2020	0
4.09/4.19	4.19403	2019	10
4.09/4.19	4.19591	2018	14
4.19/4.20	4.19772	2017	19
4.19/4.20	4.19955	2016	23
4.19/4.20	4.20026	2015	24
4.19/4.20	4.20304	2014	30
4.19/4.20	4.20354	2013	31
4.19/4.20	4.20406	2012	32
4.19/4.20	4.20498	2011	34
4.19/4.20	4.20586	2010	36
4.19/4.20	4.20656	2009	38
4.19/4.20	4.20726	2008	39
4.19/4.21	4.20907	2007	42
4.19/4.21	4.20981	2006	43
4.19/4.21	4.21036	2005	44
4.19/4.21	4.21083	2004	45
4.19/4.21	4.21273	2003	49
4.19/4.21	4.21415	2002	52
4.19/4.21	4.21524	2001	54
4.19/4.22	4.2178	2000	59
4.19/4.22	4.21837	1999	60
4.19/4.22	4.21902	1998	61
4.19/4.22	4.2209	1997	66
4.19/4.22	4.22258	1996	69
4.19/4.22	4.22436	1995	72
4.19/4.22	4.225	1994	73
4.19/4.22	4.22636	1993	76
4.19/4.22	4.22691	1992	77
4.19/4.23	4.22774	1991	78
4.19/4.23	4.22837	1990	79
4.19/4.23	4.23011	1989	82
4.19/4.23	4.23421	1988	92
4.19/4.23	4.2349	1987	93
4.19/4.23	4.23609	1986	95
4.19/4.23	4.23668	1985	96
4.19/4.24	4.2386	1984	100
4.19/4.24	4.24023	1983	103
4.19/4.24	4.24108	1982	104
4.19/4.24	4.24234	1981	106
4.19/4.24	4.24304	1980	107
4.19/4.24	4.24369	1979	108
4.19/4.24	4.2448	1978	110
4.19/4.24	4.24542	1977	111
4.19/4.25	4.24852	1976	117
4.19/4.25	4.24973	1975	120
4.19/4.25	4.25089	1974	123
4.19/4.25	4.2516	1973	124
4.19/4.25	4.25322	1972	127
4.19/4.25	4.25383	1971	128
4.19/4.25	4.25563	1970	132
4.19/4.25	4.25733	1969	134
4.19/4.26	4.25922	1968	138
4.19/4.26	4.25972	1967	139
4.19/4.26	4.26035	1966	140
4.19/4.26	4.26268	1965	144
4.19/4.26	4.26338	1964	145
4.19/4.26	4.26509	1963	148
4.19/4.27	4.26745	1962	153
4.19/4.27	4.27107	1961	160
4.19/4.27	4.27475	1960	167
4.19/4.28	4.28145	1959	180
4.19/4.28	4.28253	1958	183
4.19/4.28	4.28513	1957	189
4.19/4.28	4.28578	1956	190
4.19/4.28	4.28707	1955	192
4.19/4.29	4.28899	1954	197
4.19/4.29	4.29076	1953	201
4.19/4.29	4.29275	1952	207
4.19/4.29	4.29679	1951	215
4.19/4.30	4.29745	1950	216
4.29/4.30	4.29982	1949	221
4.29/4.30	4.30183	1948	225
4.29/4.30	4.30403	1947	230
4.29/4.30	4.3052	1946	232
4.29/4.30	4.30707	1945	236
4.29/4.31	4.30757	1944	237
4.29/4.31	4.31178	1943	248
4.29/4.31	4.31262	1942	250
4.29/4.31	4.3142	1941	253
4.29/4.31	4.31574	1940	256
4.29/4.31	4.31688	1939	258
4.29/4.32	4.31757	1938	259
4.29/4.32	4.31841	1937	260
4.29/4.32	4.31906	1936	261
4.29/4.32	4.32104	1935	265
4.29/4.32	4.32434	1934	271
4.29/4.33	4.3285	1933	280
4.29/4.33	4.32988	1932	283
4.29/4.33	4.3314	1931	286
4.29/4.33	4.33433	1930	293
4.29/4.33	4.33599	1929	296
4.29/4.34	4.34001	1928	306
4.29/4.34	4.34205	1927	311
4.29/4.34	4.34347	1926	314
4.29/4.34	4.34468	1925	316
4.29/4.35	4.34987	1924	329
4.29/4.35	4.35424	1923	339
4.29/4.36	4.35783	1922	348
4.29/4.37	4.36845	1921	372
4.29/4.37	4.37157	1920	379
4.29/4.37	4.37561	1919	388
4.29/4.38	4.38052	1918	398
4.29/4.38	4.38187	1917	401
4.29/4.38	4.38332	1916	404
4.29/4.38	4.38386	1915	405
4.29/4.38	4.38472	1914	407
4.29/4.39	4.39089	1913	421
4.29/4.39	4.39264	1912	425
4.29/4.39	4.39574	1911	432
4.29/4.40	4.39814	1910	437
4.29/4.40	4.40492	1909	453
4.29/4.40	4.40705	1908	458
4.29/4.41	4.40846	1907	461
4.29/4.41	4.41466	1906	476
4.29/4.41	4.41571	1905	478
4.29/4.41	4.41733	1904	482
4.29/4.43	4.43259	1903	516
4.29/4.43	4.43663	1902	525
4.29/4.44	4.4423	1901	537
4.29/4.44	4.44303	1900	538
4.29/4.45	4.44745	1899	549
4.29/4.45	4.44981	1898	554
4.29/4.46	4.45845	1897	574
4.29/4.47	4.46853	1896	597
4.29/4.47	4.47001	1895	599
4.29/4.47	4.4737	1894	606
4.29/4.48	4.47971	1893	618
4.29/4.49	4.4888	1892	639
4.29/4.49	4.49188	1891	646
4.29/4.49	4.49644	1890	656
4.29/4.49	4.49709	1889	657
4.29/4.53	4.53107	1888	729
4.29/4.53	4.53334	1887	734
4.29/4.53	4.53404	1886	735
4.29/4.53	4.53454	1885	736
4.29/4.54	4.54264	1884	754
4.29/4.55	4.54833	1883	768
4.29/4.56	4.56394	1882	800
4.29/4.57	4.57037	1881	813
4.29/4.58	4.57982	1880	834
4.29/4.58	4.58084	1879	836
4.29/4.60	4.60266	1878	887
4.29/4.61	4.61115	1877	907
4.29/4.62	4.62296	1876	933
4.29/4.65	4.64867	1875	991
4.29/4.65	4.65289	1874	1000
4.29/4.65	4.65673	1873	1009
4.29/4.66	4.6581	1872	1012
4.29/4.66	4.66509	1871	1029
4.29/4.68	4.68111	1870	1064
4.29/4.68	4.68471	1869	1072
4.29/4.69	4.69173	1868	1088
4.29/4.70	4.69997	1867	1106
4.29/4.70	4.70315	1866	1113
4.29/4.70	4.70406	1865	1116
4.29/4.70	4.70608	1864	1120
4.29/4.73	4.73252	1863	1180
4.29/4.74	4.74018	1862	1196
4.29/4.74	4.74612	1861	1209
4.29/4.75	4.74979	1860	1217
4.29/4.75	4.75496	1859	1228
4.29/4.77	4.76999	1858	1261
4.29/4.77	4.77261	1857	1267
4.77/4.78	4.78514	1856	1296
4.77/4.79	4.79541	1855	1319
4.77/4.82	4.82541	1854	1386
4.77/4.84	4.83914	1853	1417
4.87/4.88	4.87801	1852	1501
4.87/4.88	4.87926	1851	1504
4.87/4.88	4.88109	1850	1508
4.90/4.93	4.92778	1849	1612
4.90/4.95	4.94907	1848	1655
4.90/4.95	4.95695	1847	1670
4.90/4.96	4.96483	1846	1685
4.90/4.96	4.96707	1845	1689
4.90/4.98	4.97874	1844	1716
4.99/5.02	5.02391	1843	1810
4.99/5.05	5.04802	1842	1861
4.99/5.05	5.04863	1841	1862
4.99/5.07	5.07581	1840	1927
4.99/5.09	5.09006	1839	1956
5.09/5.10	5.10178	1838	1983
5.09/5.11	5.1138	1837	2012
5.09/5.14	5.14503	1836	2086
5.19/5.20	5.19928	1835	2205
5.19/5.21	5.20976	1834	2229
5.19/5.22	5.22323	1833	2257
5.19/5.23	5.22897	1832	2273
5.19/5.23	5.23149	1831	2279
5.19/5.26	5.2602	1830	2345
5.19/5.27	5.27543	1829	2378
5.39/5.40	5.40398	1828	2655
5.49/5.52	5.52585	1827	2912
5.59/5.62	5.62726	1826	3129
5.59/5.68	5.68127	1825	3241
5.68/5.73	5.7314	1824	3348
5.68/5.73	5.73282	1823	3351
5.68/5.79	5.78957	1822	3476
5.68/5.79	5.79056	1821	3478
5.68/5.87	5.8705	1820	3652
5.68/5.98	5.98501	1819	3893
5.68/6.08	6.08078	1818	4093
5.68/6.24	6.24259	1817	4430
5.68/6.27	6.26832	1816	4485
5.68/6.27	6.27699	1815	4504
5.93/6.30	6.29962	1814	4555
5.93/6.31	6.30789	1813	4573
5.93/6.33	6.33158	1812	4626
5.93/6.33	6.33364	1811	4630
5.93/6.36	6.35869	1810	4684
5.93/6.37	6.37384	1809	4721
5.93/6.38	6.37856	1808	4732
5.93/6.38	6.38082	1807	4737
6.39/6.40	6.39841	1806	4775
6.39/6.41	6.40742	1805	4796
6.39/6.42	6.41936	1804	4822
6.39/6.47	6.47131	1803	4926
6.69/6.71	6.71308	1802	5429
6.79/6.81	6.81152	1801	5654
6.79/6.83	6.83299	1800	5702
6.79/6.89	6.8878	1799	5829
7.09/7.18	7.18326	1798	6464
7.19/7.23	7.2294	1797	6563
7.19/7.28	7.28628	1796	6689
7.19/7.32	7.32583	1795	6776
7.19/7.55	7.55368	1794	7263
7.19/7.59	7.58738	1793	7340
7.19/7.61	7.61709	1792	7407
7.19/7.70	7.7002	1791	7583
7.19/7.70	7.7036	1790	7591
7.69/7.73	7.737	1788	7665
7.79/7.81	7.81524	1787	7832
7.79/7.85	7.84727	1786	7900
7.88/7.99	7.99451	1785	8221
7.98/8.01	8.0113	1784	8258
7.98/8.07	8.07	1783	8386
8.38/8.43	8.43306	1782	9171
8.58/8.61	8.60913	1781	9549
8.58/9.04	9.04034	1780	10471
8.58/9.06	9.06714	1779	10528
8.58/9.07	9.07069	1778	10536
8.58/9.14	9.14427	1777	10698
8.58/9.17	9.17395	1776	10762
9.30/9.36	9.36505	1775	11165
9.30/9.38	9.38536	1774	11208
9.30/9.38	9.38642	1773	11210
9.38/9.48	9.47715	1772	11408
9.48/9.53	9.52871	1771	11515
9.69/9.75	9.74994	1770	11986
9.89/9.92	9.92452	1769	12376
10.99/11.09	11.0931	1768	14945
11.09/11.18	11.1773	1767	15127
11.29/11.34	11.3459	1766	15484
11.29/11.38	11.3799	1765	15562
11.49/11.98	11.9794	1764	16853
12.59/12.63	12.6359	1763	18248
12.59/12.65	12.6487	1762	18277
13.10/13.40	13.4043	1761	19887
13.10/13.51	13.5075	1760	20104
13.10/13.55	13.5493	1759	20194
14.19/14.20	14.198	1758	21636
14.19/14.24	14.2393	1757	21723
14.39/14.44	14.4426	1756	22171
14.49/14.68	14.6772	1755	22684
17.29/17.30	17.3027	1754	28266
18.08/18.10	18.1051	1753	29985
18.88/18.96	18.9621	1752	31769
18.88/18.98	18.9821	1751	31809
18.88/19.38	19.3854	1750	32673
18.88/19.50	19.5065	1749	32932
19.53/19.63	19.6282	1748	33190
20.18/20.29	20.2903	1747	34653
20.28/20.37	20.3723	1746	34831
20.38/20.46	20.4578	1745	35007
20.49/20.75	20.7524	1744	35632
20.49/20.90	20.8978	1743	35931
20.94/20.97	20.976	1742	36098
21.18/21.29	21.2956	1741	36793
22.59/22.68	22.6821	1740	39766
22.79/22.85	22.854	1739	40141
23.39/23.93	23.9297	1738	42395
25.89/25.94	25.9389	1737	46619
36.69/36.92	36.922	1736	69590
36.69/36.96	36.9663	1735	69680
37.79/37.80	37.8029	1734	71519
38.19/38.61	38.6068	1733	73229
38.89/38.94	38.9386	1732	73929
42.39/42.43	42.4267	1731	81250
43.38/43.45	43.4487	1730	83396
44.20/44.39	44.3949	1729	85402
45.19/45.22	45.2193	1728	87142
48.39/48.48	48.48	1727	94053
51.39/51.42	51.4171	1726	100316
73.99/74.28	74.2771	1725	148260
76.19/76.21	76.2075	1724	152334
79.90/80.12	80.123	1723	160569
80.59/80.60	80.6044	1722	161583
81.19/81.25	81.2461	1721	162944
85.49/85.54	85.5445	1720	171996
88.59/88.63	88.6289	1719	178425
89.98/90.00	90.0041	1718	181293
90.28/90.78	90.7799	1717	182929
149.69/149.71	149.706	1716	306023
152.59/152.63	152.626	1715	312061
209.99/210.07	210.065	1714	432354
288.28/288.31	288.302	1713	594617
429.98/430.42	430.414	1712	884881
484.48/484.56	484.55	1711	996912
487.77/488.22	488.212	1710	1004956
516.58/516.70	516.684	1709	1064284
999.96/1000.03	2044076
