4.16/4.20	4.16847	2034	0
4.16/4.20	4.16919	2033	1
4.16/4.21	4.17042	2032	3
4.16/4.21	4.17129	2031	5
4.16/4.21	4.1723	2030	7
4.16/4.21	4.17406	2029	11
4.16/4.21	4.17507	2028	13
4.16/4.21	4.17582	2027	14
4.16/4.21	4.17636	2026	15
4.16/4.21	4.17706	2025	16
4.16/4.21	4.17762	2024	17
4.16/4.21	4.17816	2023	18
4.16/4.21	4.17868	2022	19
4.16/4.22	4.18205	2021	26
4.16/4.22	4.18308	2020	28
4.16/4.22	4.18382	2019	29
4.16/4.22	4.18577	2018	33
4.16/4.22	4.18784	2017	38
4.16/4.23	4.19033	2016	43
4.16/4.23	4.19245	2015	48
4.16/4.23	4.19514	2014	54
4.16/4.23	4.19594	2013	55
4.16/4.23	4.1969	2012	57
4.16/4.23	4.19752	2011	58
4.16/4.23	4.19944	2010	62
4.16/4.24	4.2097	2009	85
4.16/4.25	4.21042	2008	86
4.16/4.25	4.21119	2007	87
4.16/4.25	4.21182	2006	88
4.16/4.25	4.21285	2005	90
4.16/4.25	4.21345	2004	91
4.16/4.25	4.21488	2003	94
4.16/4.25	4.21693	2002	98
4.16/4.25	4.21768	2001	99
4.16/4.25	4.21891	2000	101
4.16/4.26	4.22097	1999	105
4.16/4.26	4.22219	1998	107
4.16/4.26	4.22622	1997	115
4.16/4.26	4.2275	1996	117
4.16/4.26	4.22817	1995	118
4.16/4.26	4.22986	1994	121
4.16/4.27	4.23137	1993	124
4.16/4.27	4.23223	1992	125
4.16/4.27	4.23334	1991	128
4.16/4.27	4.23394	1990	129
4.16/4.27	4.23512	1989	131
4.16/4.27	4.23853	1988	139
4.16/4.28	4.24304	1987	150
4.16/4.28	4.24397	1986	151
4.16/4.28	4.2445	1985	152
4.16/4.28	4.24576	1984	154
4.16/4.28	4.24721	1983	157
4.16/4.28	4.24781	1982	158
4.16/4.28	4.24853	1981	159
4.16/4.28	4.24917	1980	160
4.16/4.28	4.24977	1979	161
4.16/4.29	4.2518	1977	166
4.16/4.29	4.25374	1976	170
4.16/4.29	4.25444	1975	171
4.16/4.29	4.2555	1974	174
4.16/4.29	4.25768	1973	178
4.16/4.29	4.25846	1972	179
4.16/4.29	4.25929	1971	180
4.16/4.29	4.25988	1970	181
4.26/4.30	4.26235	1969	186
4.26/4.30	4.26323	1968	188
4.26/4.30	4.2644	1967	190
4.26/4.30	4.26575	1966	193
4.26/4.30	4.26642	1965	194
4.26/4.30	4.26853	1964	198
4.26/4.30	4.26999	1963	201
4.26/4.31	4.27146	1962	204
4.26/4.31	4.27209	1961	205
4.26/4.31	4.2735	1960	208
4.26/4.31	4.27538	1959	213
4.26/4.31	4.2798	1958	222
4.26/4.32	4.28381	1957	230
4.26/4.32	4.28579	1956	235
4.26/4.32	4.28652	1955	236
4.26/4.32	4.28874	1954	240
4.26/4.33	4.29184	1953	247
4.26/4.33	4.29519	1952	255
4.26/4.33	4.29585	1951	256
4.26/4.33	4.29806	1950	260
4.26/4.34	4.30216	1949	268
4.26/4.34	4.30542	1948	274
4.26/4.34	4.30757	1947	279
4.26/4.34	4.30826	1946	280
4.26/4.35	4.31101	1945	285
4.26/4.35	4.31183	1944	287
4.26/4.35	4.31235	1943	288
4.26/4.35	4.31296	1942	289
4.26/4.35	4.31403	1941	291
4.26/4.35	4.31518	1940	293
4.26/4.35	4.31576	1939	294
4.26/4.36	4.32934	1938	325
4.26/4.37	4.33243	1937	331
4.26/4.37	4.33355	1936	333
4.26/4.37	4.3344	1935	335
4.26/4.37	4.33746	1934	343
4.26/4.37	4.33811	1933	344
4.26/4.38	4.3424	1932	354
4.26/4.38	4.34481	1931	359
4.26/4.38	4.34579	1930	361
4.26/4.38	4.34919	1929	369
4.26/4.39	4.35445	1928	380
4.26/4.39	4.35509	1927	381
4.26/4.39	4.35585	1926	382
4.26/4.39	4.35871	1925	388
4.26/4.39	4.3593	1924	389
4.36/4.40	4.3662	1923	408
4.36/4.41	4.37291	1922	422
4.36/4.41	4.37411	1921	424
4.36/4.42	4.38112	1920	440
4.36/4.42	4.3841	1919	447
4.36/4.42	4.38481	1918	448
4.36/4.42	4.38871	1917	457
4.36/4.43	4.39322	1916	470
4.36/4.43	4.39659	1915	478
4.36/4.43	4.39792	1914	481
4.36/4.43	4.40004	1913	484
4.36/4.44	4.40357	1912	492
4.36/4.44	4.40611	1911	498
4.36/4.44	4.40934	1910	505
4.36/4.44	4.41	1909	506
4.36/4.45	4.41528	1908	517
4.36/4.46	4.42051	1907	528
4.36/4.46	4.4257	1906	539
4.36/4.46	4.42622	1905	540
4.36/4.47	4.4326	1904	555
4.36/4.47	4.43441	1903	560
4.36/4.47	4.43945	1902	572
4.36/4.48	4.44231	1901	579
4.36/4.49	4.45265	1900	603
4.36/4.49	4.45436	1899	606
4.36/4.49	4.45828	1898	613
4.46/4.51	4.47962	1897	655
4.46/4.52	4.48073	1896	658
4.46/4.52	4.48807	1895	675
4.46/4.53	4.49038	1894	680
4.46/4.53	4.4911	1893	681
4.46/4.53	4.49392	1892	687
4.46/4.53	4.49879	1891	698
4.46/4.53	4.49998	1890	700
4.46/4.54	4.50394	1889	710
4.46/4.55	4.51162	1888	727
4.46/4.56	4.52357	1887	755
4.46/4.58	4.54711	1886	813
4.46/4.58	4.54903	1885	818
4.56/4.60	4.56331	1884	849
4.56/4.60	4.56522	1883	853
4.56/4.63	4.59661	1882	921
4.56/4.64	4.60505	1881	940
4.56/4.66	4.62662	1880	987
4.56/4.67	4.63857	1879	1013
4.56/4.68	4.64084	1878	1018
4.56/4.69	4.65279	1877	1046
4.65/4.70	4.66067	1876	1063
4.65/4.70	4.66182	1875	1066
4.65/4.70	4.66261	1874	1068
4.65/4.70	4.66458	1873	1072
4.65/4.71	4.67106	1872	1085
4.65/4.71	4.67263	1871	1088
4.65/4.72	4.68242	1870	1110
4.65/4.72	4.68359	1869	1112
4.65/4.72	4.68415	1868	1113
4.65/4.73	4.69914	1867	1145
4.65/4.74	4.70174	1866	1149
4.65/4.74	4.70678	1865	1160
4.65/4.74	4.70743	1864	1161
4.65/4.75	4.71286	1863	1174
4.65/4.75	4.71945	1862	1190
4.65/4.76	4.72263	1861	1198
4.65/4.76	4.72675	1860	1206
4.65/4.77	4.73938	1859	1238
4.65/4.78	4.74647	1858	1253
4.75/4.80	4.76512	1857	1294
4.75/4.80	4.76762	1856	1300
4.75/4.80	4.76886	1855	1302
4.75/4.82	4.78425	1854	1336
4.75/4.82	4.7866	1853	1343
4.75/4.83	4.79775	1852	1368
4.75/4.84	4.80714	1851	1390
4.75/4.85	4.81134	1850	1398
4.75/4.88	4.84102	1849	1465
4.75/4.89	4.85559	1848	1497
4.85/4.92	4.88216	1847	1562
4.85/4.92	4.88997	1846	1580
4.85/4.96	4.92696	1845	1666
4.85/4.97	4.93528	1844	1686
4.85/4.99	4.95499	1843	1726
4.85/5.00	4.96026	1842	1737
4.85/5.02	4.98911	1841	1798
4.85/5.04	5.00673	1840	1837
4.85/5.04	5.00734	1839	1838
4.85/5.05	5.0102	1838	1844
4.85/5.05	5.01175	1837	1847
4.85/5.05	5.01659	1836	1858
4.85/5.07	5.03451	1835	1901
4.85/5.13	5.09412	1834	2031
4.85/5.14	5.10824	1833	2064
4.85/5.16	5.12494	1832	2100
4.85/5.16	5.12554	1831	2101
4.85/5.17	5.13402	1830	2118
4.85/5.17	5.13564	1829	2121
4.85/5.20	5.16229	1828	2177
4.85/5.23	5.19387	1827	2251
4.85/5.23	5.19731	1826	2258
4.85/5.25	5.21219	1825	2289
5.22/5.31	5.28004	1824	2434
5.22/5.32	5.28994	1823	2456
5.22/5.33	5.2984	1822	2475
5.22/5.34	5.30023	1821	2478
5.35/5.44	5.40365	1820	2700
5.35/5.48	5.44698	1819	2789
5.60/5.69	5.65261	1818	3228
5.65/5.79	5.75071	1817	3440
5.75/5.84	5.80381	1816	3551
5.75/5.85	5.81241	1815	3567
5.75/5.85	5.81507	1814	3573
5.85/5.94	5.90742	1813	3768
5.95/6.01	5.97949	1812	3923
5.95/6.07	6.03894	1811	4049
6.15/6.33	6.29877	1810	4605
6.15/6.39	6.35504	1809	4732
6.15/6.43	6.39811	1808	4823
6.15/6.43	6.39967	1807	4825
6.15/6.44	6.40339	1806	4832
6.15/6.56	6.52908	1805	5096
6.15/6.58	6.54832	1804	5139
6.88/6.98	6.9455	1803	6018
6.95/7.09	7.05666	1802	6270
7.05/7.13	7.09371	1801	6352
7.05/7.17	7.13978	1800	6456
7.15/7.23	7.19192	1799	6572
7.25/7.32	7.28988	1798	6789
7.25/7.34	7.30447	1797	6820
7.25/7.36	7.32052	1796	6855
7.35/7.40	7.36443	1795	6953
7.55/7.61	7.57011	1794	7414
7.55/7.64	7.60048	1793	7483
7.65/7.70	7.66562	1792	7630
7.65/7.73	7.69348	1791	7692
7.82/7.95	7.91483	1790	8161
7.82/8.10	8.06739	1789	8491
7.82/8.11	8.07567	1788	8509
7.82/8.15	8.1144	1787	8591
7.82/8.16	8.1233	1786	8608
8.19/8.30	8.26096	1785	8900
8.19/8.32	8.28659	1784	8958
8.19/8.36	8.32562	1783	9046
8.19/8.37	8.33664	1782	9069
8.35/8.44	8.40275	1781	9216
8.45/8.54	8.50379	1780	9442
8.55/8.60	8.56284	1779	9569
9.17/9.44	9.40535	1778	11364
9.17/9.45	9.41917	1777	11392
9.17/9.56	9.52005	1776	11600
9.17/9.63	9.58985	1775	11748
9.70/9.76	9.71923	1774	12024
10.05/10.13	10.0938	1773	12860
10.25/10.30	10.263	1772	13229
10.35/10.44	10.4034	1771	13540
10.35/10.46	10.421	1770	13576
10.35/10.49	10.4585	1769	13660
10.66/10.96	10.9214	1768	14702
10.66/11.09	11.0507	1767	14986
11.45/11.51	11.4767	1766	15908
13.05/13.10	13.0671	1765	19263
13.15/13.29	13.2505	1764	19641
13.25/13.37	13.3374	1763	19824
14.85/14.98	14.942	1762	23312
15.05/15.25	15.2178	1761	23909
15.05/15.27	15.2291	1760	23935
15.05/15.49	15.4575	1759	24433
15.05/15.59	15.5559	1758	24645
15.75/15.87	15.8367	1757	25258
15.75/15.88	15.8443	1756	25275
15.95/16.00	15.9665	1755	25536
16.15/16.23	16.1917	1754	26029
16.35/16.41	16.3774	1753	26431
17.26/17.38	17.3406	1752	28535
17.35/17.41	17.3742	1751	28616
17.65/17.70	17.6627	1750	29228
17.75/17.83	17.797	1749	29521
17.85/17.90	17.8621	1748	29664
18.05/18.21	18.1692	1747	30344
20.75/20.89	20.8563	1746	36202
21.32/21.64	21.6079	1745	37807
22.25/22.33	22.2931	1744	39262
22.55/22.78	22.7447	1743	40246
22.55/22.78	22.7468	1742	40250
22.91/23.18	23.1457	1741	41098
23.14/23.19	23.1578	1740	41124
24.40/24.49	24.4569	1739	43993
26.25/26.31	26.2753	1738	47920
26.95/27.03	26.989	1737	49461
29.75/29.84	29.8065	1736	55412
32.35/32.49	32.4567	1735	61579
32.54/32.62	32.5826	1734	61850
32.84/33.22	33.1822	1733	63131
42.54/42.67	42.6337	1732	83098
48.25/48.30	48.2664	1731	95112
51.65/51.70	51.6651	1730	102335
54.94/55.21	55.1718	1729	109757
57.34/57.45	57.4087	1728	114500
57.64/57.76	57.7195	1727	115152
58.85/58.97	58.9361	1726	117809
60.25/60.38	60.3415	1725	120926
60.25/60.38	60.3443	1724	120932
70.34/70.45	70.4111	1723	141997
73.44/73.59	73.5482	1722	148772
76.86/77.12	77.0834	1721	156364
80.75/80.88	80.8459	1720	164345
85.75/86.13	86.0959	1719	175535
122.44/122.76	122.719	1718	252512
124.29/124.57	124.525	1717	256421
143.95/144.09	144.048	1716	298115
149.95/150.09	150.051	1715	310944
151.55/151.67	151.634	1714	314311
162.25/162.78	162.741	1713	337800
307.44/307.53	307.482	1712	638217
312.86/313.25	313.204	1711	650305
313.84/313.94	313.898	1710	651764
728.44/728.56	728.502	1709	1505098
999.92/1000.06	2061942
