4.39/4.47	4.4699	2031	0
4.39/4.47	4.47076	2030	1
4.39/4.47	4.47139	2029	2
4.39/4.47	4.47358	2028	5
4.39/4.47	4.47497	2027	8
4.39/4.47	4.47565	2026	9
4.39/4.47	4.47641	2025	10
4.39/4.48	4.47846	2024	14
4.39/4.48	4.47902	2023	15
4.39/4.48	4.48028	2022	17
4.39/4.48	4.48223	2021	22
4.39/4.48	4.48365	2020	25
4.39/4.48	4.4859	2019	30
4.39/4.49	4.48862	2018	35
4.39/4.49	4.48984	2017	38
4.39/4.49	4.49111	2016	41
4.39/4.49	4.49178	2015	42
4.39/4.49	4.49229	2014	43
4.39/4.49	4.49403	2013	47
4.39/4.49	4.49665	2012	53
4.49/4.50	4.49827	2011	56
4.49/4.50	4.49893	2010	57
4.49/4.50	4.49998	2009	59
4.49/4.50	4.50083	2008	61
4.49/4.50	4.50265	2007	65
4.49/4.50	4.50336	2006	66
4.49/4.50	4.50593	2005	71
4.49/4.50	4.50675	2004	73
4.49/4.50	4.5073	2003	74
4.49/4.50	4.50782	2002	75
4.49/4.51	4.50863	2001	76
4.49/4.51	4.5098	2000	78
4.49/4.51	4.511	1998	80
4.49/4.51	4.51264	1997	83
4.49/4.51	4.51322	1996	84
4.49/4.51	4.51388	1995	85
4.49/4.51	4.51443	1994	86
4.49/4.51	4.51497	1993	87
4.49/4.51	4.51708	1992	91
4.49/4.51	4.51765	1991	92
4.49/4.52	4.51835	1990	93
4.49/4.52	4.52095	1989	99
4.49/4.52	4.52212	1988	101
4.49/4.52	4.52269	1987	102
4.49/4.52	4.5239	1986	104
4.49/4.52	4.52448	1985	105
4.49/4.52	4.52601	1984	108
4.49/4.53	4.53176	1983	121
4.49/4.53	4.5324	1982	122
4.49/4.53	4.53774	1981	132
4.49/4.54	4.53831	1980	133
4.49/4.54	4.53887	1979	134
4.49/4.54	4.53994	1978	136
4.49/4.54	4.54088	1977	138
4.49/4.54	4.54149	1976	139
4.49/4.54	4.54203	1975	140
4.49/4.54	4.54385	1974	144
4.49/4.54	4.54627	1973	149
4.49/4.54	4.54791	1972	152
4.49/4.55	4.54868	1971	153
4.49/4.55	4.54939	1970	154
4.49/4.55	4.55008	1969	155
4.49/4.55	4.55189	1968	159
4.49/4.55	4.55601	1967	168
4.49/4.56	4.55891	1966	173
4.49/4.56	4.55951	1965	174
4.49/4.56	4.5607	1964	177
4.49/4.56	4.5612	1963	178
4.49/4.56	4.56207	1962	180
4.49/4.56	4.5632	1961	182
4.49/4.56	4.56701	1960	191
4.49/4.57	4.56876	1959	194
4.49/4.57	4.56993	1958	196
4.49/4.57	4.57187	1957	201
4.49/4.57	4.57266	1956	202
4.49/4.57	4.57336	1955	203
4.49/4.57	4.5748	1954	205
4.49/4.57	4.577	1953	210
4.49/4.58	4.5807	1952	218
4.49/4.58	4.58137	1951	219
4.49/4.58	4.58205	1950	220
4.49/4.58	4.58645	1949	229
4.49/4.59	4.58935	1948	235
4.49/4.59	4.59425	1947	247
4.59/4.60	4.59992	1946	261
4.59/4.60	4.60161	1945	265
4.59/4.60	4.60474	1944	271
4.59/4.61	4.60975	1943	282
4.59/4.61	4.61103	1942	285
4.59/4.61	4.61172	1941	286
4.59/4.62	4.61801	1940	299
4.59/4.62	4.6265	1939	318
4.59/4.62	4.62718	1938	319
4.59/4.63	4.6301	1937	325
4.59/4.63	4.63473	1936	337
4.59/4.64	4.63875	1935	347
4.59/4.64	4.6444	1934	360
4.59/4.64	4.64495	1933	361
4.59/4.65	4.64869	1932	370
4.59/4.65	4.64967	1931	371
4.59/4.65	4.6521	1930	376
4.59/4.66	4.66075	1929	395
4.59/4.66	4.66479	1928	402
4.59/4.66	4.6664	1927	405
4.59/4.67	4.66851	1926	410
4.59/4.68	4.68052	1925	442
4.59/4.69	4.68828	1924	459
4.59/4.69	4.69302	1923	469
4.59/4.69	4.69405	1922	471
4.59/4.69	4.69589	1921	474
4.69/4.70	4.69957	1920	481
4.69/4.70	4.70107	1919	484
4.69/4.70	4.70501	1918	492
4.69/4.70	4.70688	1917	496
4.69/4.71	4.70857	1916	501
4.69/4.71	4.71425	1915	513
4.69/4.72	4.72037	1914	526
4.69/4.72	4.7243	1913	534
4.69/4.73	4.73006	1912	548
4.69/4.73	4.73676	1911	565
4.69/4.74	4.73882	1910	569
4.69/4.74	4.74483	1909	580
4.69/4.75	4.75182	1908	595
4.69/4.75	4.7525	1907	596
4.69/4.75	4.75452	1906	600
4.69/4.75	4.7558	1905	603
4.69/4.76	4.75849	1904	608
4.69/4.76	4.76439	1903	619
4.69/4.76	4.76527	1902	620
4.69/4.76	4.76604	1901	621
4.69/4.77	4.77268	1900	639
4.69/4.77	4.77727	1899	648
4.69/4.78	4.77946	1898	653
4.69/4.78	4.78557	1897	668
4.69/4.79	4.79251	1896	683
4.80/4.80	4.8062	1895	712
4.80/4.80	4.80777	1894	715
4.80/4.81	4.80835	1893	716
4.80/4.81	4.81258	1892	725
4.80/4.81	4.81479	1891	730
4.80/4.82	4.82422	1890	753
4.80/4.82	4.82607	1889	757
4.80/4.83	4.82892	1888	762
4.80/4.83	4.82972	1887	764
4.80/4.83	4.83075	1886	767
4.80/4.83	4.83433	1885	775
4.80/4.83	4.83505	1884	776
4.80/4.84	4.84005	1883	786
4.80/4.84	4.84617	1882	800
4.80/4.84	4.84672	1881	801
4.80/4.85	4.84957	1880	806
4.80/4.85	4.85118	1879	810
4.80/4.85	4.85259	1878	813
4.80/4.85	4.85612	1877	821
4.80/4.87	4.87701	1876	870
4.80/4.88	4.88246	1875	881
4.80/4.88	4.88646	1874	888
4.80/4.89	4.88803	1873	891
4.80/4.89	4.88977	1872	893
4.80/4.89	4.89114	1871	896
4.80/4.89	4.89589	1870	905
4.80/4.90	4.90278	1869	920
4.80/4.91	4.91394	1868	946
4.80/4.93	4.93072	1867	983
4.80/4.93	4.93141	1866	984
4.80/4.94	4.93986	1865	1001
4.80/4.95	4.95533	1864	1033
4.80/4.97	4.97169	1863	1067
4.80/4.97	4.97317	1862	1069
4.80/4.98	4.98425	1861	1093
4.80/4.99	4.98942	1860	1105
4.80/4.99	4.99245	1859	1113
4.80/5.01	5.01784	1858	1170
4.80/5.03	5.03695	1857	1209
4.80/5.04	5.03997	1856	1216
4.80/5.04	5.04601	1855	1228
4.80/5.04	5.04665	1854	1229
4.80/5.05	5.05662	1853	1249
4.80/5.07	5.07606	1852	1294
4.80/5.08	5.0863	1851	1319
4.80/5.10	5.10005	1850	1348
4.80/5.10	5.10211	1849	1351
4.80/5.11	5.11622	1848	1381
4.80/5.12	5.12548	1847	1401
4.80/5.12	5.12611	1846	1402
4.80/5.12	5.12745	1845	1405
4.80/5.13	5.13471	1844	1423
4.80/5.14	5.14078	1843	1435
4.80/5.14	5.14631	1842	1447
4.80/5.15	5.15193	1841	1459
4.80/5.15	5.15261	1840	1460
4.80/5.16	5.16004	1839	1476
4.80/5.16	5.16557	1838	1488
4.80/5.19	5.191	1837	1543
4.80/5.21	5.20869	1836	1579
4.80/5.21	5.20974	1835	1581
4.80/5.21	5.21217	1834	1586
4.80/5.21	5.21488	1833	1592
4.80/5.22	5.21897	1832	1601
4.80/5.22	5.22621	1831	1615
4.80/5.23	5.22889	1830	1620
4.80/5.23	5.23037	1829	1623
4.80/5.23	5.23124	1828	1625
4.80/5.25	5.25276	1827	1672
4.80/5.25	5.25426	1826	1675
4.80/5.26	5.25991	1825	1686
4.80/5.27	5.27042	1824	1708
4.80/5.28	5.28519	1823	1738
4.80/5.28	5.28685	1822	1741
4.80/5.30	5.3044	1821	1781
5.30/5.34	5.33973	1820	1860
5.34/5.35	5.34937	1819	1881
5.34/5.35	5.34994	1818	1882
5.34/5.35	5.35466	1817	1893
5.34/5.36	5.35892	1816	1901
5.34/5.37	5.37073	1815	1928
5.39/5.44	5.43974	1814	2081
5.39/5.44	5.44121	1813	2084
5.49/5.50	5.49925	1812	2214
5.49/5.52	5.51887	1811	2257
5.49/5.55	5.55386	1810	2330
5.59/5.62	5.62711	1809	2487
5.59/5.63	5.6317	1808	2499
5.69/5.71	5.71683	1807	2676
5.69/5.77	5.77096	1806	2793
5.79/5.81	5.81304	1805	2878
5.79/5.81	5.81775	1804	2889
5.79/5.85	5.85161	1803	2959
5.99/6.05	6.05095	1802	3372
6.19/6.29	6.28815	1801	3854
6.19/6.33	6.33761	1800	3948
6.19/6.51	6.51691	1799	4317
6.75/6.80	6.80129	1798	4928
6.75/6.80	6.80246	1797	4930
6.75/6.80	6.80483	1796	4935
6.81/6.87	6.87523	1795	5101
6.89/6.94	6.93784	1794	5235
6.89/6.94	6.94219	1793	5245
7.19/7.24	7.24584	1792	5913
7.29/7.32	7.32724	1791	6086
7.29/7.37	7.36873	1790	6176
7.39/7.40	7.40561	1789	6258
7.39/7.46	7.46349	1788	6383
7.49/7.57	7.57594	1787	6623
7.59/7.60	7.60209	1786	6678
7.59/7.68	7.68052	1785	6842
7.69/7.94	7.94343	1784	7394
7.69/7.94	7.94475	1783	7397
7.69/7.97	7.9703	1782	7448
8.29/8.38	8.38122	1781	8295
9.09/9.15	9.15357	1780	9878
9.09/9.22	9.22586	1779	10026
9.09/9.31	9.31266	1778	10202
9.09/9.69	9.68815	1777	10982
9.59/9.83	9.83671	1776	11289
10.09/10.15	10.1573	1775	11985
10.29/10.30	10.3049	1774	12291
10.29/10.31	10.3086	1773	12300
11.29/11.37	11.369	1772	14518
11.59/11.67	11.6712	1771	15172
11.59/11.67	11.6718	1770	15173
12.09/12.10	12.102	1769	16115
12.09/12.42	12.4276	1768	16810
12.09/12.46	12.4666	1767	16898
12.09/12.60	12.6029	1766	17190
12.56/12.83	12.8303	1765	17670
13.69/13.83	13.8363	1764	19855
13.69/14.02	14.0182	1763	20256
13.69/14.03	14.0301	1762	20286
13.69/14.14	14.1435	1761	20534
14.49/14.55	14.5494	1760	21408
14.79/14.85	14.8561	1759	22072
14.89/14.90	14.9001	1758	22163
15.09/15.14	15.1439	1757	22673
15.62/15.66	15.659	1756	23769
17.20/17.25	17.249	1755	27100
18.09/18.50	18.5056	1754	29803
20.06/20.09	20.0922	1753	33165
20.19/20.24	20.2442	1752	33482
20.49/20.52	20.5194	1751	34054
20.59/20.61	20.6139	1750	34254
21.09/21.22	21.2233	1749	35529
21.09/21.40	21.4019	1748	35928
22.49/22.75	22.753	1747	38705
23.39/23.44	23.4469	1746	40126
23.49/23.55	23.5479	1745	40351
23.49/23.59	23.592	1744	40450
23.59/23.64	23.6408	1743	40559
24.99/25.07	25.0762	1742	43617
25.19/25.23	25.2352	1741	43946
30.69/30.70	30.7003	1740	55309
32.11/32.14	32.1469	1739	58359
35.59/35.69	35.6928	1738	65712
39.89/39.91	39.9079	1737	74377
39.89/39.92	39.9244	1736	74411
44.09/44.12	44.119	1735	82988
44.09/44.12	44.121	1734	82993
44.59/44.64	44.6424	1733	84078
45.59/45.62	45.6253	1732	86120
45.89/45.93	45.9288	1731	86746
49.19/49.30	49.2967	1730	93676
49.29/49.60	49.5999	1729	94298
53.79/54.10	54.1041	1728	103604
54.79/54.81	54.8144	1727	105125
55.29/55.34	55.346	1726	106231
85.89/85.96	85.9592	1725	169474
100.79/100.88	100.879	1724	200362
109.40/109.47	109.472	1723	218855
115.58/115.66	115.656	1722	231661
117.19/117.23	117.23	1721	234934
119.19/119.49	119.488	1720	239697
374.29/374.41	374.397	1719	756326
396.08/396.10	396.094	1718	800635
407.58/407.62	407.609	1717	824210
409.18/409.26	409.249	1716	827555
411.08/411.10	411.087	1715	831325
419.98/420.00	419.991	1714	849709
883.27/883.35	883.331	1713	1790221
883.77/884.44	884.414	1712	1792411
910.56/911.06	911.038	1711	1846953
924.08/924.40	924.376	1710	1874341
999.86/1000.03	2027775
