4.09/4.16	4.156	2027	0
4.09/4.16	4.15933	2026	9
4.09/4.16	4.16014	2025	10
4.09/4.16	4.16083	2024	11
4.09/4.16	4.16134	2023	12
4.09/4.16	4.16198	2022	13
4.09/4.16	4.16244	2021	14
4.09/4.16	4.16502	2020	18
4.09/4.17	4.16556	2019	19
4.09/4.17	4.16784	2018	25
4.09/4.17	4.16886	2017	27
4.09/4.17	4.17102	2016	31
4.09/4.17	4.17266	2015	34
4.09/4.18	4.17589	2014	40
4.09/4.18	4.17724	2013	43
4.09/4.18	4.17792	2012	44
4.09/4.18	4.17881	2011	46
4.09/4.18	4.17941	2010	47
4.09/4.19	4.18766	2009	65
4.09/4.19	4.18891	2008	67
4.09/4.19	4.18961	2007	68
4.09/4.19	4.19023	2006	69
4.09/4.19	4.19299	2005	75
4.09/4.19	4.19382	2004	76
4.09/4.19	4.19446	2003	77
4.19/4.20	4.19679	2002	82
4.19/4.20	4.19798	2001	84
4.19/4.20	4.19978	2000	88
4.19/4.20	4.20062	1999	89
4.19/4.20	4.20319	1998	95
4.19/4.21	4.20511	1997	99
4.19/4.21	4.2068	1996	103
4.19/4.21	4.20947	1995	108
4.19/4.21	4.21046	1994	110
4.19/4.21	4.21339	1993	118
4.19/4.21	4.21396	1992	119
4.19/4.22	4.21499	1991	121
4.19/4.22	4.2158	1990	122
4.19/4.22	4.21656	1989	123
4.19/4.22	4.21723	1988	124
4.19/4.22	4.21959	1987	129
4.19/4.22	4.22071	1986	131
4.19/4.22	4.2222	1985	134
4.19/4.23	4.22854	1984	147
4.19/4.23	4.23242	1983	155
4.19/4.23	4.23302	1982	156
4.19/4.24	4.23699	1981	165
4.19/4.24	4.23828	1980	168
4.19/4.24	4.23885	1979	169
4.19/4.24	4.23991	1978	171
4.19/4.24	4.24048	1977	172
4.19/4.24	4.24167	1976	174
4.19/4.24	4.24393	1975	179
4.19/4.24	4.24449	1974	180
4.19/4.25	4.24575	1973	182
4.19/4.25	4.24721	1972	186
4.19/4.25	4.2492	1971	190
4.19/4.25	4.2498	1970	191
4.19/4.25	4.25059	1969	193
4.19/4.25	4.25158	1968	195
4.19/4.25	4.25344	1967	198
4.19/4.25	4.25433	1966	200
4.19/4.26	4.25499	1965	201
4.19/4.26	4.25904	1964	209
4.19/4.26	4.26173	1963	216
4.19/4.27	4.27303	1962	241
4.19/4.28	4.2745	1961	244
4.19/4.28	4.27573	1960	246
4.19/4.28	4.2786	1959	252
4.19/4.28	4.28023	1958	256
4.19/4.28	4.28186	1957	259
4.19/4.28	4.28237	1956	260
4.19/4.29	4.29003	1955	278
4.19/4.29	4.29061	1954	279
4.19/4.29	4.29139	1953	281
4.19/4.29	4.29201	1952	282
4.19/4.29	4.29284	1951	283
4.19/4.29	4.29339	1950	284
4.19/4.29	4.29419	1949	286
4.19/4.30	4.29533	1948	288
4.19/4.30	4.29587	1947	289
4.19/4.30	4.29677	1946	291
4.30/4.30	4.29874	1945	295
4.30/4.30	4.29967	1944	297
4.30/4.30	4.30427	1943	308
4.30/4.31	4.30492	1942	309
4.30/4.31	4.30946	1941	319
4.30/4.31	4.31156	1940	324
4.30/4.31	4.31227	1939	325
4.30/4.31	4.31397	1938	329
4.30/4.33	4.32462	1937	353
4.30/4.33	4.3264	1936	357
4.30/4.33	4.32827	1935	360
4.30/4.33	4.33038	1934	365
4.30/4.33	4.33141	1933	367
4.30/4.33	4.3326	1932	370
4.30/4.34	4.33489	1931	374
4.30/4.34	4.33574	1930	376
4.30/4.34	4.33749	1929	380
4.30/4.34	4.33816	1928	381
4.30/4.34	4.34032	1927	387
4.30/4.34	4.34102	1926	388
4.30/4.34	4.34213	1925	390
4.30/4.34	4.34355	1924	393
4.30/4.35	4.34419	1923	394
4.30/4.35	4.34472	1922	395
4.30/4.35	4.34832	1921	403
4.30/4.35	4.34963	1920	405
4.30/4.35	4.35032	1919	406
4.30/4.36	4.35445	1918	415
4.30/4.36	4.35875	1917	425
4.30/4.36	4.35997	1916	428
4.30/4.37	4.3655	1915	442
4.30/4.37	4.3668	1914	444
4.30/4.37	4.36971	1913	450
4.30/4.37	4.37098	1912	453
4.30/4.37	4.37271	1911	456
4.30/4.38	4.38103	1910	476
4.30/4.38	4.38169	1909	477
4.30/4.38	4.38342	1908	481
4.30/4.39	4.38474	1907	485
4.30/4.39	4.38689	1906	489
4.30/4.39	4.39329	1905	506
4.39/4.41	4.41215	1904	549
4.39/4.41	4.41282	1903	550
4.39/4.42	4.41781	1902	560
4.39/4.43	4.42675	1901	581
4.39/4.43	4.43043	1900	590
4.39/4.44	4.43649	1899	607
4.39/4.44	4.4382	1898	611
4.39/4.49	4.48836	1897	725
4.39/4.49	4.4908	1896	731
4.39/4.49	4.49223	1895	734
4.49/4.52	4.51869	1894	793
4.49/4.53	4.5325	1893	826
4.49/4.54	4.53543	1892	833
4.49/4.54	4.53943	1891	842
4.49/4.55	4.55171	1890	866
4.49/4.56	4.55694	1889	879
4.49/4.56	4.55955	1888	885
4.49/4.57	4.5656	1887	899
4.49/4.58	4.58355	1886	945
4.49/4.59	4.58817	1885	956
4.49/4.59	4.59132	1884	962
4.49/4.61	4.60613	1883	996
4.49/4.61	4.60796	1882	1000
4.49/4.61	4.61163	1881	1008
4.49/4.62	4.61898	1880	1026
4.49/4.62	4.62094	1879	1030
4.49/4.63	4.62801	1878	1049
4.49/4.63	4.62931	1877	1051
4.49/4.63	4.63191	1876	1056
4.49/4.63	4.63303	1875	1058
4.49/4.64	4.63441	1874	1061
4.49/4.64	4.63502	1873	1063
4.49/4.64	4.63886	1872	1071
4.62/4.64	4.64052	1871	1074
4.62/4.65	4.6453	1870	1084
4.62/4.66	4.65541	1869	1108
4.62/4.67	4.67108	1868	1145
4.62/4.67	4.67376	1867	1151
4.62/4.69	4.68618	1866	1177
4.62/4.72	4.71758	1865	1252
4.62/4.73	4.73271	1864	1288
4.62/4.73	4.73331	1863	1289
4.62/4.74	4.73627	1862	1295
4.62/4.76	4.75579	1861	1340
4.76/4.77	4.76476	1860	1360
4.76/4.77	4.77196	1859	1377
4.76/4.78	4.77667	1858	1387
4.79/4.80	4.79608	1857	1434
4.79/4.81	4.80775	1856	1463
4.79/4.82	4.81519	1855	1481
4.79/4.82	4.81707	1854	1485
4.79/4.83	4.83376	1853	1522
4.79/4.85	4.84929	1852	1557
4.79/4.86	4.85601	1851	1571
4.79/4.89	4.89253	1850	1650
4.89/4.95	4.94795	1849	1774
4.89/4.97	4.96487	1848	1811
4.99/5.06	5.06186	1847	2018
4.99/5.07	5.06613	1846	2027
4.99/5.07	5.07132	1845	2038
4.99/5.09	5.08804	1844	2071
4.99/5.09	5.08949	1843	2074
4.99/5.10	5.09789	1842	2096
4.99/5.12	5.12076	1841	2150
4.99/5.22	5.21866	1840	2369
4.99/5.24	5.24354	1839	2421
5.27/5.28	5.27993	1838	2504
5.29/5.30	5.2977	1837	2545
5.29/5.36	5.35509	1836	2670
5.29/5.36	5.35833	1835	2678
5.29/5.37	5.36503	1834	2691
5.29/5.37	5.36566	1833	2692
5.39/5.46	5.45816	1832	2896
5.39/5.47	5.46527	1831	2912
5.39/5.47	5.46936	1830	2920
5.49/5.50	5.49845	1829	2985
5.49/5.51	5.51389	1828	3018
5.59/5.66	5.66392	1827	3358
5.59/5.69	5.69374	1826	3420
5.69/5.70	5.70315	1825	3442
5.69/5.78	5.77534	1824	3595
5.69/5.78	5.7773	1823	3600
5.69/5.81	5.81275	1822	3683
5.97/5.99	5.98629	1821	4055
5.97/5.99	5.98977	1820	4064
5.99/6.00	5.99667	1819	4080
6.09/6.11	6.10752	1818	4313
6.09/6.11	6.10876	1817	4316
6.19/6.20	6.19616	1816	4509
6.19/6.22	6.21798	1815	4554
6.19/6.39	6.38694	1814	4917
6.19/6.44	6.441	1813	5030
6.53/6.56	6.56125	1812	5289
6.59/6.66	6.6616	1811	5512
6.69/6.71	6.70578	1810	5617
6.69/6.71	6.71336	1809	5635
6.69/6.72	6.72112	1808	5653
6.89/6.90	6.90151	1807	6061
6.89/6.92	6.91788	1806	6097
6.89/6.95	6.9523	1805	6171
7.10/7.20	7.19771	1804	6726
7.10/7.22	7.2235	1803	6790
7.39/7.44	7.44038	1802	7282
7.49/7.51	7.51025	1801	7436
7.49/7.62	7.62173	1800	7674
7.49/7.65	7.64412	1799	7725
7.89/7.90	7.90138	1798	8277
7.89/7.92	7.91486	1797	8306
7.99/8.06	8.05882	1796	8627
8.09/8.11	8.10775	1795	8739
8.09/8.13	8.12553	1794	8777
8.09/8.18	8.17396	1793	8882
8.19/8.28	8.27389	1792	9108
8.29/8.41	8.40671	1791	9404
8.40/8.42	8.41926	1790	9439
8.40/8.43	8.42998	1789	9463
8.40/8.44	8.43626	1788	9476
8.40/8.48	8.48312	1787	9586
8.51/8.52	8.52143	1786	9670
8.69/8.75	8.75248	1785	10176
8.79/8.80	8.79738	1784	10271
8.79/9.01	9.01077	1783	10733
9.28/9.36	9.35642	1782	11478
9.38/9.42	9.4148	1781	11610
9.38/9.49	9.48842	1780	11770
9.48/9.55	9.55015	1779	11906
9.70/9.72	9.72164	1778	12276
9.80/9.88	9.8828	1777	12632
10.08/10.25	10.2463	1776	13402
10.08/10.33	10.3312	1775	13587
10.08/10.42	10.4197	1774	13781
10.99/11.08	11.0741	1773	15181
10.99/11.09	11.093	1772	15219
11.29/11.34	11.3375	1771	15756
12.19/12.21	12.2135	1770	17705
12.39/12.44	12.4433	1769	18237
13.69/13.79	13.784	1768	21203
14.19/14.37	14.3705	1767	22481
14.68/14.75	14.7445	1766	23314
15.58/16.05	16.047	1765	26181
16.49/16.58	16.5771	1764	27333
16.59/16.66	16.6628	1763	27514
16.71/16.77	16.7674	1762	27743
16.99/17.07	17.0664	1761	28389
17.89/17.98	17.977	1760	30370
19.58/19.63	19.6302	1759	33883
19.81/19.90	19.901	1758	34465
19.81/20.14	20.1409	1757	34989
20.39/20.46	20.4555	1756	35692
21.08/21.10	21.1007	1755	37097
21.20/21.73	21.7315	1754	38434
23.14/23.38	23.3825	1753	42053
23.48/23.50	23.4992	1752	42313
23.48/23.59	23.5844	1751	42508
23.89/23.95	23.9463	1750	43304
25.68/25.72	25.7149	1749	47194
25.68/25.73	25.7317	1748	47232
25.68/25.98	25.9761	1747	47774
28.48/28.55	28.5466	1746	53312
30.99/31.02	31.0198	1745	58574
32.21/32.28	32.2744	1744	61187
33.88/33.90	33.8964	1743	64613
44.18/44.29	44.2886	1742	86599
45.69/45.74	45.7336	1741	89784
46.19/46.52	46.5174	1739	91505
47.38/47.42	47.4157	1738	93439
54.88/55.03	55.0239	1737	109748
67.88/67.98	67.9786	1736	137157
69.08/69.14	69.1349	1735	139574
75.48/75.71	75.7069	1734	153579
75.48/76.06	76.0604	1733	154339
78.28/78.34	78.3361	1732	159148
78.38/78.42	78.4185	1731	159317
80.88/80.90	80.8962	1730	164587
81.38/81.48	81.4725	1729	165811
84.19/84.27	84.2664	1728	171669
86.55/86.57	86.5686	1727	176718
114.50/114.68	114.67	1726	235007
118.38/118.78	118.771	1725	243695
144.78/145.14	145.136	1724	298664
144.78/145.28	145.274	1723	298964
148.58/148.64	148.637	1722	306164
148.58/148.66	148.657	1721	306208
150.48/150.53	150.523	1720	310186
152.18/152.56	152.548	1719	314551
321.07/321.12	321.102	1718	664994
323.88/323.98	323.966	1717	670975
340.08/340.17	340.16	1716	705223
614.76/614.99	614.97	1715	1277513
618.37/618.49	618.469	1714	1285044
704.26/704.34	704.317	1713	1465196
708.06/708.17	708.146	1712	1473458
708.16/708.20	708.172	1711	1473514
999.95/1000.04	2080888
