4.09/4.18	4.18557	2031	0
4.09/4.18	4.18629	2030	1
4.09/4.19	4.19003	2027	9
4.09/4.19	4.19118	2026	12
4.09/4.19	4.19174	2025	13
4.09/4.19	4.1925	2024	14
4.09/4.19	4.19357	2023	16
4.09/4.19	4.19416	2022	17
4.09/4.19	4.19597	2021	22
4.09/4.19	4.19717	2020	24
4.09/4.20	4.19916	2019	29
4.09/4.20	4.20022	2018	31
4.09/4.20	4.20172	2017	35
4.09/4.20	4.20303	2016	37
4.20/4.20	4.20491	2015	42
4.20/4.20	4.20647	2014	45
4.20/4.20	4.20775	2013	47
4.20/4.21	4.20838	2012	48
4.20/4.21	4.2092	2011	49
4.20/4.21	4.21114	2010	54
4.20/4.21	4.21435	2009	63
4.20/4.21	4.21553	2008	64
4.20/4.21	4.21626	2007	65
4.20/4.21	4.21741	2006	68
4.20/4.21	4.21797	2005	69
4.20/4.22	4.21898	2004	71
4.20/4.22	4.21955	2003	72
4.20/4.22	4.22008	2002	73
4.20/4.22	4.22346	2001	80
4.20/4.22	4.22494	2000	83
4.20/4.22	4.22563	1999	84
4.20/4.22	4.22642	1998	86
4.20/4.22	4.22742	1997	88
4.20/4.23	4.22834	1996	90
4.20/4.23	4.22887	1995	91
4.20/4.23	4.23006	1994	93
4.20/4.23	4.23116	1993	95
4.20/4.23	4.2334	1992	99
4.20/4.23	4.23544	1991	103
4.20/4.23	4.23614	1990	104
4.20/4.23	4.23768	1989	108
4.20/4.24	4.23825	1988	109
4.20/4.24	4.24208	1987	115
4.20/4.24	4.24334	1986	117
4.20/4.24	4.24392	1985	118
4.20/4.24	4.24654	1984	124
4.20/4.25	4.24898	1983	129
4.20/4.25	4.25077	1982	133
4.20/4.25	4.25197	1981	135
4.20/4.25	4.253	1980	137
4.20/4.25	4.25356	1979	138
4.20/4.25	4.25479	1978	140
4.20/4.25	4.25627	1977	143
4.20/4.26	4.2582	1976	147
4.20/4.26	4.26079	1975	154
4.20/4.26	4.26187	1974	156
4.20/4.26	4.26241	1973	157
4.20/4.26	4.26362	1972	159
4.20/4.26	4.26527	1971	162
4.20/4.26	4.26675	1970	165
4.20/4.27	4.26886	1969	170
4.20/4.27	4.26983	1968	172
4.20/4.27	4.27048	1967	173
4.20/4.27	4.2738	1966	181
4.20/4.27	4.27759	1965	192
4.20/4.28	4.27855	1964	193
4.20/4.28	4.2802	1963	196
4.20/4.28	4.28454	1962	207
4.20/4.28	4.28603	1961	210
4.20/4.29	4.28848	1960	215
4.20/4.29	4.29009	1959	218
4.20/4.29	4.29058	1958	219
4.20/4.29	4.2935	1957	225
4.20/4.29	4.29557	1956	229
4.29/4.30	4.30197	1955	244
4.29/4.30	4.30467	1954	250
4.29/4.30	4.30587	1953	253
4.29/4.30	4.30733	1952	256
4.29/4.31	4.30894	1951	259
4.29/4.31	4.31446	1950	270
4.29/4.31	4.31554	1949	272
4.29/4.31	4.31762	1948	276
4.29/4.32	4.32143	1946	287
4.29/4.33	4.3307	1945	309
4.29/4.33	4.33176	1944	311
4.29/4.33	4.33254	1943	313
4.29/4.33	4.33648	1942	321
4.29/4.34	4.34332	1941	338
4.29/4.34	4.34389	1940	339
4.29/4.34	4.347	1939	347
4.29/4.35	4.34841	1938	350
4.29/4.35	4.35134	1937	357
4.29/4.35	4.35388	1936	362
4.29/4.35	4.3544	1935	363
4.29/4.36	4.36073	1934	375
4.29/4.36	4.36266	1933	378
4.29/4.36	4.36614	1932	387
4.29/4.38	4.38044	1931	423
4.29/4.38	4.3812	1929	424
4.29/4.39	4.39684	1928	461
4.39/4.40	4.39862	1927	464
4.39/4.40	4.40028	1926	467
4.39/4.41	4.4091	1925	488
4.39/4.41	4.41349	1924	497
4.39/4.41	4.41406	1923	498
4.39/4.41	4.41469	1922	499
4.39/4.41	4.41663	1921	503
4.39/4.42	4.42091	1920	512
4.39/4.43	4.4319	1919	536
4.39/4.43	4.43257	1918	537
4.39/4.43	4.4375	1917	547
4.39/4.43	4.4381	1916	548
4.39/4.44	4.44133	1915	555
4.39/4.44	4.44382	1914	560
4.39/4.45	4.45032	1913	574
4.39/4.45	4.45242	1912	578
4.39/4.45	4.45733	1911	590
4.39/4.46	4.46226	1910	601
4.39/4.46	4.46281	1909	602
4.39/4.46	4.46477	1908	606
4.39/4.46	4.46685	1907	610
4.39/4.47	4.47485	1906	630
4.39/4.47	4.47636	1905	633
4.39/4.47	4.47698	1904	634
4.39/4.48	4.47857	1903	637
4.39/4.48	4.48691	1902	653
4.39/4.49	4.48962	1901	658
4.39/4.49	4.49231	1900	663
4.39/4.49	4.49368	1899	665
4.39/4.49	4.49559	1898	669
4.49/4.50	4.49894	1897	676
4.49/4.50	4.5019	1896	682
4.49/4.51	4.50981	1895	699
4.49/4.51	4.51118	1894	702
4.49/4.51	4.51441	1893	708
4.49/4.51	4.51539	1892	710
4.49/4.52	4.51993	1891	720
4.49/4.53	4.53085	1890	743
4.49/4.53	4.53609	1889	754
4.49/4.54	4.53903	1888	760
4.49/4.54	4.54006	1887	762
4.49/4.54	4.54286	1886	768
4.49/4.54	4.54658	1885	775
4.49/4.55	4.55375	1884	793
4.49/4.55	4.55581	1883	797
4.49/4.58	4.58186	1882	855
4.49/4.58	4.5863	1881	864
4.59/4.60	4.59898	1880	896
4.59/4.60	4.60014	1879	898
4.59/4.63	4.62926	1878	977
4.59/4.65	4.65109	1877	1028
4.59/4.65	4.65664	1876	1041
4.59/4.66	4.66797	1875	1065
4.59/4.67	4.67098	1874	1072
4.59/4.67	4.67667	1873	1086
4.59/4.69	4.68816	1872	1115
4.69/4.70	4.69994	1871	1141
4.69/4.70	4.70523	1870	1153
4.69/4.73	4.73563	1869	1222
4.69/4.74	4.74545	1868	1241
4.69/4.74	4.74686	1867	1244
4.69/4.75	4.75036	1866	1252
4.69/4.75	4.75463	1865	1261
4.69/4.76	4.76307	1864	1279
4.69/4.77	4.77053	1863	1295
4.69/4.77	4.77426	1862	1304
4.69/4.78	4.7787	1861	1314
4.79/4.80	4.80163	1860	1364
4.79/4.81	4.8162	1859	1396
4.79/4.83	4.83761	1858	1442
4.79/4.85	4.85352	1857	1479
4.79/4.85	4.85645	1856	1485
4.79/4.87	4.87292	1855	1525
4.79/4.87	4.87702	1854	1534
4.79/4.87	4.87814	1853	1536
4.79/4.88	4.87901	1852	1538
4.79/4.88	4.88449	1851	1550
4.79/4.89	4.89028	1850	1564
4.89/4.90	4.89935	1849	1586
4.89/4.91	4.9096	1848	1609
4.89/4.92	4.92534	1847	1645
4.89/4.93	4.93686	1846	1670
4.89/4.96	4.96607	1845	1732
4.89/4.99	4.99486	1844	1795
4.89/5.02	5.02205	1843	1853
4.89/5.04	5.04075	1842	1892
4.89/5.05	5.05405	1841	1923
4.89/5.07	5.07433	1840	1968
4.89/5.09	5.09342	1839	2011
4.89/5.10	5.0997	1838	2026
4.89/5.10	5.10452	1837	2036
4.89/5.14	5.1454	1836	2127
4.89/5.16	5.15864	1835	2158
4.89/5.17	5.17124	1834	2187
4.89/5.20	5.20164	1833	2250
4.89/5.20	5.20765	1832	2262
4.89/5.22	5.21914	1831	2287
4.89/5.27	5.27258	1830	2402
4.89/5.29	5.29741	1829	2458
4.89/5.39	5.3929	1828	2672
4.89/5.41	5.41544	1827	2720
5.30/5.49	5.49666	1826	2896
5.30/5.53	5.53471	1825	2982
5.56/5.58	5.58744	1824	3096
5.58/5.63	5.63505	1823	3199
5.68/5.77	5.76896	1822	3483
5.68/5.78	5.78015	1821	3509
5.68/5.79	5.79237	1820	3534
5.78/5.81	5.81389	1819	3582
5.78/5.82	5.82149	1818	3598
5.78/5.82	5.82776	1817	3609
5.78/5.86	5.86085	1816	3681
5.88/5.91	5.91533	1815	3797
5.88/5.92	5.92251	1814	3812
5.88/5.95	5.95007	1813	3870
5.88/5.96	5.95994	1812	3890
5.98/6.01	6.01604	1811	4011
5.98/6.03	6.03105	1810	4044
5.98/6.06	6.06178	1809	4109
6.08/6.11	6.10818	1808	4207
6.08/6.11	6.1143	1807	4220
6.08/6.14	6.14389	1806	4280
6.18/6.21	6.20995	1805	4420
6.18/6.25	6.25695	1804	4514
6.28/6.30	6.30231	1803	4612
6.28/6.38	6.37924	1802	4768
6.28/6.38	6.38437	1801	4779
6.39/6.62	6.62021	1800	5264
6.39/6.62	6.62217	1799	5268
6.39/6.63	6.6311	1798	5286
6.39/6.67	6.66858	1797	5369
6.39/6.71	6.70867	1796	5462
6.39/6.73	6.73745	1795	5527
6.89/6.91	6.91714	1794	5930
6.99/7.07	7.07154	1793	6285
7.09/7.13	7.12808	1792	6409
7.19/7.22	7.22703	1791	6627
7.29/7.30	7.29973	1790	6785
7.59/7.68	7.68353	1789	7639
7.79/7.91	7.91419	1788	8131
7.79/8.02	8.02357	1787	8366
7.79/8.06	8.05927	1786	8441
7.79/8.12	8.12779	1785	8583
7.79/8.13	8.13167	1784	8591
7.79/8.13	8.13382	1783	8595
7.79/8.13	8.13531	1782	8598
8.49/8.54	8.53825	1781	9442
8.69/8.73	8.73371	1780	9860
8.99/9.05	9.05266	1779	10524
9.29/9.34	9.34226	1778	11125
9.29/9.45	9.44836	1777	11350
9.29/9.76	9.76209	1776	12016
10.09/10.15	10.152	1775	12863
10.29/10.34	10.3397	1774	13280
10.39/10.43	10.4306	1773	13492
10.39/10.46	10.4646	1772	13571
10.39/10.47	10.4742	1771	13592
10.95/10.97	10.9684	1770	14684
10.95/11.03	11.036	1769	14830
11.44/11.45	11.4515	1768	15721
12.33/12.66	12.6586	1767	18336
12.33/12.78	12.7791	1766	18602
12.90/12.95	12.9543	1765	18990
12.90/12.97	12.9727	1764	19031
12.99/13.08	13.0852	1763	19270
13.09/13.18	13.1846	1762	19487
13.19/13.25	13.2518	1761	19659
13.39/13.41	13.4164	1760	20012
13.59/13.66	13.6661	1759	20542
13.94/14.03	14.0343	1758	21339
13.94/14.05	14.0535	1757	21380
13.94/14.05	14.0547	1756	21382
15.19/15.31	15.3134	1755	24493
15.42/15.71	15.7134	1754	25397
15.42/15.73	15.7309	1753	25439
16.68/16.81	16.8165	1752	27820
16.90/16.92	16.9235	1751	28072
18.19/18.25	18.2516	1750	30935
18.19/18.67	18.6712	1749	31837
19.29/19.34	19.3458	1748	33298
20.39/20.40	20.4011	1747	35556
20.49/20.54	20.5431	1746	35882
22.38/22.44	22.4415	1745	40003
22.68/22.87	22.8726	1744	40937
24.18/24.25	24.2531	1743	43930
24.18/24.64	24.6447	1742	44795
24.88/24.99	24.9908	1741	45530
25.48/25.58	25.586	1740	46774
25.58/25.96	25.9615	1739	47558
26.99/27.00	27.0029	1738	49728
28.59/28.72	28.7269	1737	53437
29.69/29.76	29.7638	1736	55697
32.28/32.31	32.3167	1735	61032
38.88/38.90	38.9026	1734	74728
43.90/43.99	43.9881	1733	85461
45.89/45.99	45.9955	1732	89687
46.09/46.12	46.1257	1731	89955
47.92/48.02	48.0219	1730	93974
47.92/48.17	48.1709	1729	94288
52.18/52.21	52.2098	1728	103016
52.28/52.50	52.5035	1727	103644
63.79/63.82	63.824	1726	127291
73.89/73.99	73.9875	1725	148533
75.99/76.17	76.1689	1724	153126
75.99/76.27	76.2664	1723	153335
77.38/77.72	77.7205	1722	156411
87.79/87.96	87.9589	1721	177870
102.49/102.52	102.516	1720	208444
105.39/105.47	105.475	1719	214710
105.49/105.80	105.803	1718	215403
106.39/106.48	106.476	1717	216849
149.99/150.06	150.055	1716	308385
167.98/168.34	168.337	1715	347118
199.18/199.29	199.286	1714	411831
201.58/201.60	201.601	1713	416741
209.59/209.65	209.65	1712	433589
225.99/226.21	226.209	1711	467870
290.98/291.05	291.047	1710	605538
999.96/1000.02	2068914
