4.09/4.18	4.18498	2026	0
4.09/4.18	4.18596	2025	2
4.09/4.18	4.18715	2024	4
4.09/4.18	4.188	2023	5
4.09/4.19	4.18847	2022	6
4.09/4.19	4.19151	2021	12
4.09/4.19	4.19215	2020	13
4.09/4.19	4.19289	2019	14
4.09/4.19	4.19374	2018	16
4.09/4.19	4.19477	2017	18
4.09/4.19	4.19675	2016	22
4.09/4.19	4.19728	2015	23
4.19/4.20	4.2015	2014	32
4.19/4.20	4.20221	2013	33
4.19/4.20	4.20292	2012	34
4.19/4.20	4.20434	2011	37
4.19/4.20	4.20494	2010	38
4.19/4.20	4.20587	2009	39
4.19/4.20	4.20646	2008	40
4.19/4.20	4.20769	2007	42
4.19/4.21	4.20974	2006	44
4.19/4.21	4.21312	2005	54
4.19/4.21	4.21445	2003	56
4.19/4.21	4.2156	2002	59
4.19/4.22	4.21982	2001	65
4.19/4.22	4.22113	2000	68
4.19/4.22	4.22172	1999	69
4.19/4.22	4.22262	1998	70
4.19/4.22	4.22314	1997	71
4.19/4.22	4.2242	1996	73
4.19/4.22	4.22621	1995	76
4.19/4.22	4.22779	1994	79
4.19/4.23	4.22853	1993	80
4.19/4.23	4.2293	1992	81
4.19/4.23	4.22985	1991	82
4.19/4.23	4.23128	1990	86
4.19/4.23	4.23306	1989	90
4.19/4.23	4.23363	1988	91
4.19/4.23	4.23437	1987	92
4.19/4.23	4.2349	1986	93
4.19/4.23	4.23545	1985	94
4.19/4.23	4.23677	1984	97
4.19/4.24	4.23861	1983	100
4.19/4.24	4.24125	1982	106
4.19/4.24	4.2419	1981	107
4.19/4.24	4.24259	1980	108
4.19/4.24	4.24661	1979	116
4.19/4.24	4.24768	1978	118
4.19/4.25	4.2495	1977	122
4.19/4.25	4.25223	1976	127
4.19/4.25	4.25493	1975	133
4.19/4.25	4.25551	1974	134
4.19/4.25	4.25609	1973	135
4.19/4.26	4.25854	1972	140
4.19/4.26	4.26137	1971	146
4.19/4.26	4.26186	1970	147
4.19/4.26	4.26272	1969	148
4.19/4.26	4.26323	1968	149
4.19/4.26	4.26735	1967	160
4.19/4.27	4.27069	1966	166
4.19/4.27	4.27135	1965	167
4.19/4.27	4.2741	1964	173
4.19/4.27	4.27501	1963	174
4.19/4.27	4.27565	1962	175
4.19/4.27	4.2774	1961	178
4.19/4.28	4.28045	1960	187
4.19/4.28	4.28479	1959	200
4.19/4.28	4.28596	1958	202
4.19/4.29	4.28901	1957	210
4.19/4.29	4.29133	1956	214
4.19/4.29	4.29231	1955	215
4.19/4.29	4.29372	1954	218
4.19/4.29	4.29426	1953	219
4.19/4.29	4.2948	1952	220
4.29/4.30	4.30059	1951	234
4.29/4.30	4.3033	1950	242
4.29/4.30	4.3065	1949	249
4.29/4.30	4.30751	1948	251
4.29/4.31	4.30906	1947	255
4.29/4.31	4.31141	1946	261
4.29/4.31	4.31195	1945	262
4.29/4.31	4.31478	1944	268
4.29/4.31	4.3163	1943	270
4.29/4.31	4.31715	1942	272
4.29/4.33	4.32861	1941	299
4.29/4.33	4.3293	1940	300
4.29/4.33	4.33097	1939	303
4.29/4.33	4.33203	1938	305
4.29/4.33	4.33542	1937	312
4.29/4.33	4.33779	1936	317
4.29/4.34	4.33868	1935	319
4.29/4.34	4.34098	1934	326
4.29/4.34	4.34166	1933	327
4.29/4.34	4.34297	1932	329
4.29/4.34	4.34537	1931	334
4.29/4.34	4.34669	1930	337
4.29/4.35	4.34842	1929	341
4.29/4.35	4.35013	1928	344
4.29/4.35	4.3515	1927	346
4.29/4.35	4.35343	1926	350
4.29/4.35	4.35725	1925	359
4.29/4.36	4.35834	1924	361
4.29/4.36	4.36262	1923	370
4.29/4.36	4.36419	1922	373
4.29/4.37	4.37045	1921	390
4.29/4.37	4.37141	1920	392
4.29/4.37	4.37522	1919	401
4.29/4.38	4.38058	1918	413
4.29/4.38	4.38651	1917	426
4.29/4.39	4.38956	1916	435
4.29/4.39	4.39265	1915	441
4.39/4.40	4.39963	1914	458
4.39/4.40	4.40132	1913	461
4.39/4.40	4.40298	1912	464
4.39/4.40	4.40535	1911	469
4.39/4.40	4.40596	1910	470
4.39/4.40	4.40805	1909	474
4.39/4.41	4.41319	1908	486
4.39/4.42	4.42383	1907	514
4.39/4.42	4.42568	1906	518
4.39/4.42	4.42625	1905	519
4.39/4.42	4.42689	1904	520
4.39/4.43	4.43269	1903	535
4.39/4.43	4.43328	1902	536
4.39/4.44	4.44011	1901	552
4.39/4.44	4.44541	1900	564
4.39/4.44	4.4473	1899	568
4.39/4.44	4.44806	1898	569
4.39/4.45	4.44904	1897	571
4.39/4.45	4.44961	1896	572
4.39/4.45	4.45444	1895	582
4.39/4.46	4.45837	1894	592
4.39/4.46	4.45976	1893	596
4.39/4.46	4.4613	1892	599
4.39/4.47	4.469	1891	617
4.39/4.47	4.47107	1890	623
4.39/4.47	4.47272	1889	626
4.39/4.47	4.47477	1888	631
4.39/4.48	4.47869	1887	638
4.39/4.48	4.48156	1886	643
4.39/4.48	4.48318	1885	647
4.39/4.48	4.48539	1884	651
4.39/4.48	4.48686	1883	653
4.39/4.49	4.49747	1882	675
4.49/4.50	4.50338	1881	690
4.49/4.51	4.51136	1880	708
4.49/4.53	4.52898	1879	753
4.49/4.53	4.53491	1878	765
4.49/4.53	4.5362	1877	768
4.49/4.54	4.53932	1876	775
4.49/4.55	4.55266	1875	804
4.49/4.56	4.56065	1874	826
4.49/4.56	4.56314	1873	831
4.49/4.57	4.57454	1872	858
4.49/4.57	4.57816	1871	866
4.49/4.58	4.58032	1870	871
4.49/4.58	4.58087	1869	872
4.49/4.58	4.58152	1868	873
4.49/4.59	4.59423	1867	902
4.59/4.60	4.60284	1866	921
4.59/4.61	4.61584	1865	950
4.59/4.62	4.62757	1864	977
4.59/4.64	4.64208	1863	1010
4.59/4.64	4.64335	1862	1012
4.59/4.65	4.64877	1861	1022
4.59/4.65	4.65584	1860	1036
4.59/4.66	4.65906	1859	1043
4.59/4.66	4.66319	1858	1054
4.59/4.66	4.6651	1857	1058
4.59/4.68	4.68497	1856	1102
4.69/4.71	4.70852	1855	1157
4.69/4.71	4.71785	1854	1176
4.69/4.73	4.73217	1853	1212
4.69/4.75	4.75467	1852	1262
4.69/4.76	4.76397	1851	1287
4.69/4.78	4.78057	1850	1323
4.69/4.79	4.79473	1849	1355
4.69/4.82	4.81883	1848	1412
4.69/4.82	4.82407	1847	1424
4.69/4.84	4.84061	1846	1459
4.69/4.84	4.84171	1845	1461
4.69/4.84	4.84708	1844	1472
4.69/4.90	4.89885	1843	1592
4.69/4.91	4.91169	1842	1621
4.69/4.91	4.91523	1841	1628
4.69/4.91	4.91593	1840	1629
4.69/4.94	4.94014	1839	1679
4.69/4.95	4.95807	1838	1719
4.69/4.96	4.96333	1837	1730
4.69/4.98	4.98189	1836	1769
5.01/5.05	5.05318	1835	1923
5.01/5.07	5.06965	1834	1960
5.10/5.15	5.15518	1833	2141
5.10/5.15	5.1569	1832	2144
5.19/5.21	5.21807	1831	2273
5.19/5.29	5.29235	1830	2428
5.29/5.33	5.33541	1829	2522
5.29/5.36	5.36089	1828	2575
5.29/5.37	5.3712	1827	2598
5.39/5.40	5.40121	1826	2662
5.39/5.40	5.40363	1825	2667
5.39/5.46	5.46063	1824	2791
5.49/5.53	5.52899	1823	2938
5.49/5.53	5.53119	1822	2942
5.49/5.54	5.54332	1821	2966
5.49/5.59	5.59232	1820	3076
5.59/5.64	5.63848	1819	3183
5.69/5.71	5.7083	1818	3327
5.69/5.72	5.71871	1817	3347
5.69/5.73	5.72995	1816	3370
5.69/5.73	5.73574	1815	3381
5.69/5.77	5.77482	1814	3461
5.89/5.97	5.96865	1813	3889
5.99/6.01	6.01655	1812	3990
5.99/6.04	6.04113	1811	4040
5.99/6.09	6.0933	1810	4154
5.99/6.10	6.09953	1809	4169
6.31/6.38	6.38225	1808	4788
6.59/6.65	6.64977	1807	5374
6.89/6.90	6.90774	1806	5958
6.89/6.94	6.94504	1805	6046
6.99/7.03	7.03697	1804	6248
6.99/7.04	7.04158	1803	6257
7.09/7.12	7.12125	1802	6437
7.19/7.20	7.20557	1801	6628
7.19/7.29	7.29384	1800	6824
7.29/7.31	7.31284	1799	6865
7.29/7.41	7.41228	1798	7086
7.29/7.46	7.46395	1797	7216
7.29/7.55	7.55682	1796	7420
7.57/7.66	7.66696	1795	7659
7.89/7.93	7.93187	1794	8248
7.89/7.99	7.99617	1793	8387
7.99/8.00	8.00342	1792	8401
8.29/8.33	8.33322	1791	9113
8.29/8.33	8.33603	1790	9119
8.29/8.34	8.33875	1789	9127
8.50/8.50	8.50257	1788	9483
8.50/8.54	8.54385	1787	9571
9.00/9.05	9.05083	1786	10750
9.00/9.05	9.05688	1785	10763
9.09/9.13	9.1324	1784	10936
9.09/9.17	9.17186	1783	11022
9.40/9.41	9.41206	1782	11516
9.40/9.45	9.45641	1781	11617
9.40/9.47	9.47237	1780	11647
9.69/9.77	9.76879	1779	12294
9.79/9.98	9.98685	1778	12764
9.79/10.04	10.0454	1777	12885
9.79/10.06	10.0593	1776	12915
10.11/10.19	10.1957	1775	13205
10.39/10.40	10.399	1774	13641
10.49/10.55	10.5505	1773	13962
10.59/10.62	10.6228	1772	14115
10.59/10.65	10.6523	1771	14179
10.69/10.75	10.7498	1770	14385
11.09/11.35	11.3514	1769	15662
11.48/11.50	11.5039	1768	15980
11.69/11.77	11.7706	1767	16550
12.09/12.12	12.1234	1766	17354
12.29/12.34	12.3431	1765	17843
12.29/12.36	12.3608	1764	17883
12.39/12.40	12.4036	1763	17981
12.80/12.82	12.8251	1762	18905
13.49/13.52	13.5252	1761	20413
13.69/13.73	13.7372	1760	20866
13.69/13.74	13.7433	1759	20879
14.20/14.24	14.2478	1758	21989
14.30/14.34	14.345	1757	22199
14.39/14.42	14.4244	1756	22371
14.48/14.55	14.5493	1755	22641
14.78/14.80	14.8019	1754	23217
14.78/14.81	14.814	1753	23243
16.19/16.24	16.2468	1752	26352
17.49/17.54	17.541	1751	29129
17.79/17.88	17.8814	1750	29881
17.89/17.98	17.9792	1749	30094
17.98/18.15	18.1493	1748	30451
17.98/18.28	18.2839	1747	30736
17.98/18.29	18.2907	1746	30752
17.98/18.31	18.3109	1745	30795
22.39/22.44	22.4458	1744	39488
23.78/24.24	24.2415	1743	43452
23.78/24.28	24.2839	1742	43547
25.18/25.24	25.2381	1741	45608
25.99/26.00	26.0018	1740	47518
26.08/26.19	26.1961	1739	47940
32.68/33.06	33.0639	1738	62797
32.68/33.23	33.2349	1737	63147
33.88/33.94	33.9478	1736	64667
35.59/35.62	35.6215	1735	68239
36.29/36.39	36.3894	1734	69844
38.69/38.84	38.8398	1733	75054
40.73/40.78	40.7792	1732	79119
42.29/42.36	42.364	1731	82474
42.59/42.67	42.6699	1730	83121
44.39/44.48	44.4832	1729	87104
48.48/48.55	48.557	1728	95751
48.78/48.87	48.8692	1727	96427
48.98/49.00	49.003	1726	96700
51.08/51.12	51.1225	1725	101260
51.59/51.65	51.6569	1724	102425
51.59/51.67	51.6748	1723	102463
52.89/52.91	52.9078	1722	105102
53.39/53.43	53.4279	1721	106191
69.59/70.03	70.0338	1720	141449
141.29/141.62	141.622	1719	290475
143.89/143.94	143.943	1718	295491
144.19/144.28	144.283	1717	296199
146.79/146.82	146.818	1716	301718
153.09/153.74	153.743	1715	316482
166.28/166.34	166.339	1714	343166
176.89/176.98	176.984	1713	366461
201.39/201.46	201.464	1712	417427
389.88/389.90	389.9	1711	804154
543.48/543.74	543.734	1710	1123983
565.68/565.76	565.759	1709	1170288
638.88/638.93	638.919	1708	1321318
999.57/1000.02	2059706
