3.88/4.12	4.11455	2031	0
3.88/4.12	4.1153	2030	1
3.88/4.12	4.11631	2029	3
3.88/4.12	4.11862	2027	7
3.88/4.12	4.11916	2026	8
3.88/4.13	4.12395	2025	18
3.88/4.13	4.12644	2024	22
3.88/4.13	4.12861	2023	27
3.88/4.14	4.1301	2022	30
3.88/4.14	4.13077	2021	31
3.88/4.14	4.13148	2020	32
3.88/4.14	4.13204	2019	33
3.88/4.14	4.13321	2018	35
3.88/4.14	4.13471	2017	38
3.88/4.14	4.13641	2016	41
3.88/4.14	4.13702	2015	42
3.88/4.14	4.13774	2014	43
4.13/4.15	4.14115	2013	51
4.13/4.15	4.14167	2012	52
4.13/4.15	4.14227	2011	53
4.13/4.15	4.14468	2010	58
4.13/4.15	4.14621	2009	61
4.13/4.15	4.14672	2008	62
4.13/4.15	4.14737	2007	63
4.13/4.15	4.14862	2006	65
4.13/4.16	4.14972	2005	67
4.13/4.16	4.15036	2004	68
4.13/4.16	4.15094	2003	69
4.13/4.16	4.1534	2002	74
4.13/4.16	4.15601	2001	79
4.13/4.16	4.1567	2000	80
4.13/4.16	4.15765	1999	82
4.13/4.17	4.15979	1998	86
4.13/4.17	4.16145	1997	89
4.13/4.17	4.16201	1996	90
4.13/4.17	4.16268	1995	91
4.13/4.17	4.16385	1994	94
4.13/4.17	4.16813	1993	103
4.13/4.17	4.16904	1992	105
4.13/4.18	4.17028	1991	107
4.13/4.18	4.17135	1990	110
4.13/4.18	4.17239	1989	112
4.13/4.18	4.17541	1988	119
4.13/4.18	4.17765	1987	124
4.13/4.19	4.18136	1986	132
4.13/4.19	4.18302	1985	134
4.13/4.19	4.18389	1984	135
4.13/4.19	4.18485	1983	137
4.13/4.19	4.18532	1982	138
4.13/4.19	4.18631	1981	140
4.13/4.19	4.18689	1980	141
4.18/4.20	4.19789	1979	167
4.18/4.20	4.19857	1978	168
4.18/4.21	4.19921	1977	169
4.18/4.21	4.2012	1976	173
4.18/4.21	4.20272	1975	176
4.18/4.21	4.20328	1974	177
4.18/4.21	4.20534	1973	183
4.18/4.21	4.20589	1972	184
4.18/4.22	4.21321	1971	200
4.18/4.22	4.21414	1970	202
4.18/4.22	4.21865	1969	215
4.18/4.23	4.22058	1968	219
4.18/4.23	4.22484	1967	230
4.18/4.23	4.22535	1966	231
4.18/4.23	4.22725	1965	233
4.18/4.23	4.22884	1964	236
4.18/4.24	4.23191	1963	244
4.18/4.24	4.23329	1962	247
4.18/4.24	4.23438	1961	249
4.18/4.24	4.23591	1960	252
4.18/4.25	4.24285	1959	269
4.18/4.25	4.24581	1958	276
4.18/4.25	4.24879	1957	283
4.18/4.26	4.25476	1956	297
4.18/4.26	4.25543	1955	298
4.18/4.26	4.25817	1954	304
4.18/4.27	4.2629	1953	314
4.18/4.27	4.26348	1952	315
4.18/4.27	4.26419	1951	316
4.18/4.27	4.2659	1950	319
4.18/4.27	4.26638	1949	320
4.18/4.27	4.26703	1948	321
4.18/4.28	4.27273	1947	335
4.18/4.28	4.27405	1946	337
4.18/4.28	4.2761	1945	342
4.18/4.28	4.27853	1944	347
4.18/4.29	4.28031	1943	351
4.18/4.29	4.2822	1942	353
4.18/4.29	4.28291	1941	354
4.18/4.29	4.28867	1940	366
4.28/4.30	4.29085	1939	372
4.28/4.30	4.2914	1938	373
4.28/4.31	4.30494	1937	405
4.28/4.32	4.31073	1936	418
4.28/4.32	4.3162	1935	430
4.28/4.33	4.32082	1934	440
4.28/4.33	4.32266	1933	444
4.28/4.33	4.32379	1932	446
4.28/4.34	4.33344	1931	467
4.28/4.34	4.33479	1930	470
4.28/4.34	4.33832	1929	478
4.28/4.35	4.34251	1928	487
4.28/4.35	4.34788	1927	500
4.28/4.36	4.34989	1926	504
4.28/4.36	4.3528	1925	511
4.28/4.36	4.35664	1924	520
4.28/4.36	4.35896	1923	525
4.28/4.37	4.35953	1922	526
4.28/4.37	4.36016	1921	527
4.28/4.37	4.36265	1920	532
4.28/4.37	4.36335	1919	533
4.28/4.37	4.36698	1918	542
4.28/4.37	4.36818	1917	544
4.28/4.38	4.37018	1916	547
4.28/4.38	4.37197	1915	550
4.28/4.38	4.37438	1914	555
4.28/4.38	4.37513	1913	556
4.28/4.39	4.3812	1912	569
4.28/4.39	4.38169	1911	570
4.28/4.39	4.38442	1910	577
4.38/4.40	4.3931	1909	597
4.38/4.41	4.40378	1908	621
4.38/4.41	4.40719	1906	629
4.38/4.41	4.4088	1905	632
4.38/4.42	4.41003	1904	634
4.38/4.42	4.41823	1903	652
4.38/4.43	4.42191	1902	660
4.38/4.43	4.42379	1901	664
4.38/4.43	4.42852	1900	673
4.38/4.44	4.43176	1899	681
4.38/4.44	4.43474	1898	689
4.38/4.45	4.43929	1897	699
4.38/4.45	4.44718	1896	716
4.38/4.45	4.44831	1895	718
4.38/4.47	4.46249	1894	749
4.38/4.47	4.46604	1893	757
4.38/4.48	4.47204	1892	770
4.38/4.48	4.47867	1891	784
4.38/4.49	4.48244	1890	794
4.38/4.49	4.48346	1889	796
4.38/4.49	4.48498	1888	799
4.48/4.50	4.49225	1887	815
4.48/4.50	4.49891	1886	830
4.48/4.51	4.50297	1885	839
4.48/4.51	4.50598	1884	846
4.48/4.52	4.51281	1883	861
4.48/4.52	4.5178	1882	872
4.48/4.56	4.55693	1881	964
4.48/4.57	4.56104	1880	973
4.48/4.57	4.56175	1879	974
4.48/4.57	4.5679	1878	987
4.48/4.58	4.57049	1877	992
4.48/4.58	4.5765	1876	1005
4.48/4.59	4.57918	1875	1010
4.48/4.59	4.58157	1874	1015
4.48/4.59	4.58447	1873	1021
4.48/4.60	4.5902	1872	1034
4.48/4.60	4.5921	1871	1038
4.48/4.61	4.60619	1870	1072
4.48/4.61	4.60818	1869	1076
4.48/4.64	4.63533	1868	1138
4.48/4.65	4.64066	1867	1150
4.48/4.65	4.6414	1866	1151
4.48/4.65	4.64341	1865	1155
4.48/4.65	4.6482	1864	1166
4.48/4.66	4.65907	1863	1192
4.48/4.67	4.66092	1862	1196
4.48/4.68	4.67144	1861	1220
4.48/4.68	4.6737	1860	1226
4.48/4.69	4.68439	1859	1249
4.48/4.70	4.69221	1858	1267
4.48/4.70	4.69367	1857	1271
4.48/4.70	4.69847	1856	1283
4.48/4.71	4.70207	1855	1291
4.48/4.71	4.70659	1854	1301
4.48/4.71	4.70721	1853	1302
4.48/4.72	4.71294	1852	1314
4.48/4.72	4.71431	1851	1317
4.71/4.73	4.72403	1850	1339
4.71/4.73	4.72767	1849	1347
4.71/4.74	4.73841	1848	1369
4.71/4.75	4.74003	1847	1372
4.71/4.76	4.75048	1846	1396
4.71/4.77	4.76216	1845	1422
4.71/4.78	4.77068	1844	1438
4.71/4.78	4.77822	1843	1454
4.71/4.79	4.77986	1842	1458
4.71/4.79	4.78792	1841	1476
4.71/4.80	4.79799	1840	1497
4.71/4.81	4.80052	1839	1502
4.71/4.82	4.81241	1838	1529
4.82/4.84	4.83708	1837	1583
4.82/4.85	4.84269	1836	1595
4.82/4.87	4.86423	1835	1644
4.82/4.89	4.88161	1834	1681
4.88/4.91	4.90908	1833	1743
4.88/4.95	4.94273	1832	1820
4.88/4.96	4.95824	1831	1853
4.88/4.97	4.96776	1830	1873
4.88/4.98	4.97451	1829	1888
4.88/4.98	4.97541	1828	1890
4.98/5.02	5.01179	1827	1971
4.98/5.08	5.07827	1826	2123
5.08/5.10	5.09397	1825	2160
5.08/5.12	5.10983	1824	2196
5.08/5.16	5.15818	1823	2304
5.29/5.33	5.32009	1822	2668
5.29/5.35	5.34239	1821	2716
5.38/5.40	5.39572	1820	2833
5.38/5.44	5.43261	1819	2912
5.48/5.51	5.50727	1818	3070
5.58/5.60	5.59189	1817	3245
5.58/5.61	5.6067	1816	3279
5.58/5.67	5.66106	1815	3394
5.68/5.71	5.7078	1814	3494
5.68/5.78	5.77398	1813	3639
5.86/5.91	5.90006	1812	3907
5.86/5.97	5.96649	1811	4052
5.96/5.98	5.97452	1810	4071
5.98/6.08	6.07466	1809	4282
6.08/6.16	6.15049	1808	4450
6.08/6.16	6.15166	1807	4452
6.18/6.20	6.19395	1806	4543
6.68/6.77	6.76663	1805	5802
6.78/6.86	6.85264	1804	5994
6.78/6.86	6.85717	1803	6004
6.78/6.87	6.86456	1802	6021
7.48/7.50	7.49156	1801	7427
7.48/7.53	7.52731	1800	7511
7.58/7.63	7.62644	1799	7734
7.58/7.64	7.63639	1798	7758
7.68/7.72	7.71566	1797	7930
7.68/7.73	7.71997	1796	7939
7.68/7.73	7.72194	1795	7943
7.68/7.75	7.74352	1794	7990
7.78/7.81	7.8078	1793	8126
7.88/7.97	7.9654	1792	8461
7.98/8.08	8.07447	1791	8697
8.28/8.43	8.42896	1790	9483
8.44/8.49	8.48351	1789	9603
8.48/8.58	8.57435	1788	9805
8.78/8.81	8.79938	1787	10281
9.28/9.36	9.35545	1786	11462
9.28/9.39	9.38641	1785	11525
9.28/9.44	9.43266	1784	11622
9.28/9.45	9.4394	1783	11637
9.50/9.62	9.61508	1782	12019
9.88/9.97	9.96478	1781	12766
10.38/10.40	10.3987	1780	13696
10.48/10.55	10.539	1779	13996
10.48/10.56	10.5521	1778	14025
10.58/10.64	10.6353	1777	14207
10.58/11.02	11.0159	1776	15035
10.58/11.04	11.036	1775	15079
11.58/11.64	11.6302	1774	16369
11.58/11.64	11.6347	1773	16379
12.13/12.39	12.3879	1772	18048
12.13/12.46	12.451	1771	18193
12.13/12.52	12.5165	1770	18335
12.68/12.71	12.7011	1769	18744
12.88/12.97	12.9603	1768	19329
13.18/13.29	13.2801	1767	20040
13.28/13.34	13.3363	1766	20161
13.38/13.40	13.3925	1765	20280
13.48/13.55	13.5474	1764	20616
14.08/14.13	14.1251	1763	21821
14.58/14.65	14.6428	1762	22942
14.58/14.67	14.6623	1761	22985
14.88/15.51	15.4996	1760	24779
15.60/15.65	15.647	1759	25096
15.60/15.67	15.6648	1758	25139
15.68/15.75	15.7471	1757	25310
15.68/15.78	15.7773	1756	25372
15.88/15.94	15.931	1755	25689
16.49/16.96	16.9546	1754	27818
17.48/17.50	17.4967	1753	28976
18.48/18.51	18.5003	1752	31082
20.48/20.59	20.5797	1751	35516
20.58/20.62	20.6171	1750	35598
20.88/20.91	20.9057	1749	36223
21.58/21.67	21.6593	1748	37830
23.18/23.24	23.2331	1747	41223
23.89/24.08	24.0785	1746	43045
24.68/24.71	24.705	1745	44408
24.78/24.81	24.8032	1744	44612
25.28/25.50	25.4919	1743	46128
25.28/25.87	25.8637	1742	46943
28.28/28.46	28.4579	1741	52472
28.28/28.68	28.6717	1740	52928
30.24/30.27	30.262	1739	56315
30.38/30.45	30.4428	1738	56711
30.48/30.57	30.5619	1737	56978
31.08/31.12	31.1116	1736	58187
31.18/31.69	31.6848	1735	59492
42.48/42.59	42.5838	1734	82485
43.88/43.93	43.9267	1733	85499
51.48/51.50	51.4964	1732	101659
51.78/51.80	51.7932	1731	102277
56.18/56.23	56.227	1730	111713
58.68/58.73	58.7197	1729	117033
66.68/66.76	66.7552	1728	134127
69.08/69.15	69.1375	1727	139174
69.68/69.76	69.7551	1726	140489
75.87/76.03	76.0228	1725	153757
87.08/87.13	87.124	1724	177281
90.18/90.27	90.2566	1723	184171
93.77/94.20	94.1903	1722	192728
100.77/100.86	100.852	1721	206799
101.27/101.67	101.662	1720	208537
106.77/106.90	106.885	1719	219704
167.70/167.73	167.719	1718	347260
172.68/172.73	172.721	1717	357887
186.17/186.26	186.249	1716	386955
300.38/300.48	300.459	1715	625463
340.17/340.42	340.405	1714	709140
340.97/341.05	341.033	1713	710477
341.72/342.05	342.028	1712	712585
483.26/483.39	483.37	1711	1009598
503.26/503.38	503.35	1710	1051739
999.95/1000.04	2085522
