0.05/0.17	0.132348	246	0
0.05/0.18	0.132842	245	3
0.05/0.18	0.133161	244	6
0.05/0.18	0.133329	243	7
0.05/0.18	0.133796	242	12
0.05/0.18	0.134239	241	17
0.05/0.18	0.134803	240	22
0.05/0.19	0.147442	239	204
0.05/0.19	0.147613	238	205
0.14/0.22	0.181027	237	748
0.24/0.39	0.350348	236	3556
0.34/0.41	0.369624	235	3860
0.34/0.46	0.415965	234	4622
0.44/0.58	0.541926	233	6661
0.44/0.58	0.542226	232	6664
0.75/0.83	0.783403	231	10559
1.25/1.38	1.33573	230	18984
1.35/1.40	1.36094	229	19390
1.45/1.52	1.47851	228	21292
1.45/1.53	1.48985	227	21434
1.84/1.95	1.90386	226	27222
2.42/2.54	2.49548	225	35302
2.55/2.62	2.57662	224	36592
2.55/2.67	2.63124	223	37379
3.86/4.00	3.96183	222	56587
999.92/1000.07	13718153
