0.00/0.10	0.105591	244	0
0.00/0.10	0.107396	243	27
0.00/0.20	0.207835	242	1790
0.00/0.21	0.210432	241	1824
0.00/0.21	0.210708	240	1826
0.00/0.23	0.236896	239	2243
0.00/0.26	0.26394	238	2666
0.00/0.28	0.280765	237	2941
0.00/0.34	0.340349	236	3893
0.50/0.57	0.573685	235	7786
0.59/0.66	0.667582	234	9352
0.79/0.84	0.8457	233	12330
0.79/0.86	0.861532	232	12579
0.89/0.91	0.918173	231	13518
0.89/0.98	0.987973	230	14657
1.19/1.24	1.2414	229	18757
1.40/1.46	1.46725	228	22139
2.29/2.39	2.38892	227	36324
2.69/2.70	2.70696	226	41455
2.69/2.75	2.74996	225	42230
2.79/2.82	2.82132	224	43534
2.79/2.84	2.84353	223	43837
3.09/3.18	3.17927	222	49411
999.96/1000.03	15231862
