0.00/0.11	0.108202	244	0
0.00/0.11	0.10855	243	1
0.00/0.11	0.110143	242	27
0.00/0.11	0.110364	241	29
0.00/0.11	0.110661	240	32
0.00/0.23	0.228638	239	1886
0.00/0.43	0.432986	238	4993
0.59/0.67	0.672189	237	8629
0.80/0.85	0.850935	236	11382
0.89/0.92	0.917963	235	12369
2.18/2.28	2.27907	234	31750
2.18/2.28	2.27945	233	31753
2.28/2.30	2.30354	232	32110
2.28/2.30	2.30372	231	32111
2.48/2.54	2.54653	230	35331
2.48/2.59	2.59137	229	35966
2.68/2.94	2.9433	228	40615
3.21/3.26	3.2609	227	45012
3.59/3.65	3.6547	226	50726
4.19/4.21	4.21499	225	58659
4.19/4.31	4.31558	224	59980
4.19/4.38	4.38223	223	60890
4.62/4.71	4.71155	222	65255
999.96/1000.03	12812280
