0.00/0.11	0.110282	248	0
0.00/0.11	0.110891	247	7
0.00/0.11	0.111145	245	10
0.00/0.11	0.111766	243	18
0.00/0.11	0.111871	242	19
0.00/0.13	0.128591	241	299
0.00/0.13	0.128881	240	301
0.00/0.13	0.129032	239	302
0.00/0.13	0.129222	238	303
0.00/0.15	0.150391	237	652
0.00/0.16	0.16285	236	866
0.00/0.16	0.163006	235	867
0.00/0.17	0.173244	233	1046
0.00/0.23	0.229073	232	2001
0.00/0.41	0.411331	231	5180
0.59/0.67	0.671108	230	9591
0.99/1.08	1.07849	229	15778
1.09/1.19	1.18837	228	17576
1.55/1.92	1.9266	227	27881
2.39/2.46	2.45939	226	35571
2.79/3.30	3.3028	225	47544
4.47/4.49	4.49207	224	66332
5.09/5.10	5.10351	223	75785
5.09/5.16	5.16501	222	76688
999.96/1000.03	14088859
