0.00/0.13	0.132747	243	0
0.00/0.13	0.134451	242	20
0.00/0.13	0.135885	241	39
0.00/0.24	0.242688	240	1743
0.00/0.27	0.273939	239	2220
0.00/0.27	0.274127	238	2221
0.00/0.27	0.274897	237	2231
0.00/0.27	0.275065	236	2232
0.00/0.39	0.395539	235	4147
0.49/0.57	0.569439	234	6689
0.79/0.86	0.859981	233	11288
1.54/1.59	1.59587	232	21316
1.79/1.80	1.80478	231	24385
1.89/1.94	1.94266	230	26574
1.99/2.00	2.00435	229	27544
1.99/2.04	2.04594	228	28318
2.19/2.24	2.24338	227	31730
2.39/2.57	2.57464	226	36794
2.39/2.70	2.7065	225	39025
2.89/2.96	2.96575	224	43259
3.20/3.23	3.23612	223	47659
4.09/4.12	4.12487	222	61265
999.96/1000.03	13832768
