0.10/0.11	0.109414	244	0
0.39/0.44	0.443099	243	5580
0.39/0.49	0.489966	242	6349
0.49/0.58	0.578555	241	7852
0.59/0.65	0.656142	240	9083
0.59/0.65	0.656391	239	9086
0.59/0.65	0.656756	238	9089
0.69/0.75	0.755238	237	10724
0.69/0.76	0.760128	236	10794
0.69/0.76	0.761512	235	10809
0.79/0.81	0.806738	234	11491
0.89/1.00	1.00207	233	14584
0.89/1.03	1.0283	232	15004
1.15/1.26	1.26357	231	18895
1.29/1.34	1.34522	230	20239
1.39/1.41	1.41139	229	21387
1.89/1.90	1.90327	228	28382
2.10/2.30	2.30379	227	34273
2.57/2.63	2.63318	226	39194
2.57/2.64	2.64276	225	39340
2.66/2.68	2.67873	224	39809
3.10/3.15	3.15728	223	47176
3.19/3.27	3.27193	222	48983
999.76/1000.03	13731455
