0.00/0.10	0.103971	248	0
0.00/0.10	0.104237	247	1
0.00/0.10	0.104348	246	2
0.00/0.12	0.117511	245	238
0.00/0.13	0.133634	244	526
0.29/0.33	0.329539	243	3761
0.39/0.46	0.460681	241	5955
0.49/0.57	0.571325	240	7760
0.59/0.68	0.677962	239	9469
0.59/0.68	0.678164	238	9470
0.59/0.68	0.685172	237	9577
0.69/0.74	0.738672	236	10431
0.69/0.77	0.771858	235	10969
0.78/0.81	0.809241	234	11560
0.78/0.84	0.843221	233	12088
1.69/1.73	1.7279	232	26344
1.79/1.81	1.81512	231	27733
2.20/2.23	2.22907	230	34633
2.20/2.33	2.3292	229	36258
2.49/2.55	2.55375	228	39557
2.79/2.83	2.83386	227	43257
3.29/3.38	3.38287	226	51772
3.69/3.78	3.78578	225	58103
3.79/3.88	3.87869	224	59593
4.09/4.16	4.16512	223	64229
4.19/4.23	4.23108	222	65211
999.93/1000.06	13936798
