0.00/0.14	0.130525	246	0
0.00/0.14	0.130741	245	1
0.00/0.15	0.130896	244	2
0.00/0.15	0.131546	243	11
0.00/0.16	0.141857	242	184
0.00/0.16	0.142	241	185
0.27/0.32	0.304712	240	2990
0.27/0.32	0.305219	239	2995
0.27/0.32	0.305644	238	2999
0.27/0.33	0.312814	237	3107
0.27/0.33	0.313557	236	3114
0.37/0.40	0.38951	235	4352
0.57/0.60	0.582909	234	7532
0.57/0.63	0.616135	233	8045
0.67/0.72	0.709805	232	9526
0.67/0.77	0.754558	231	10239
0.87/0.90	0.887752	230	12339
1.37/1.45	1.43239	229	20005
1.37/1.49	1.47495	228	20600
1.47/1.55	1.53213	227	21604
1.77/1.86	1.84505	226	26628
2.17/2.25	2.23651	225	32415
2.17/2.27	2.25082	224	32597
2.17/2.43	2.4157	223	35029
2.17/2.50	2.48504	222	35869
999.94/1000.04	13789541
