0.00/0.11	0.109633	244	0
0.11/0.14	0.139653	243	520
0.11/0.14	0.139799	242	521
0.11/0.17	0.169301	241	1012
0.49/0.59	0.59159	239	8122
0.59/0.63	0.6298	238	8730
0.59/0.63	0.630197	237	8734
0.59/0.63	0.630497	236	8737
0.59/0.66	0.663741	235	9274
0.68/0.74	0.741518	234	10512
0.68/0.76	0.758771	233	10784
0.68/0.76	0.758918	232	10785
0.89/0.94	0.942911	231	13663
0.89/0.94	0.945554	230	13694
1.59/1.67	1.66979	229	23973
1.89/1.90	1.90008	228	27669
1.99/2.06	2.05947	227	29868
2.09/2.10	2.09943	226	30455
2.09/2.34	2.34326	225	34064
2.09/2.40	2.40442	224	35069
2.90/2.95	2.95409	223	43288
3.10/3.19	3.19092	222	46409
999.68/1000.02	13828013
