0.09/0.11	0.107663	242	0
0.09/0.11	0.107955	241	1
0.09/0.11	0.108943	240	15
0.09/0.11	0.109162	239	17
0.09/0.11	0.109444	238	20
0.09/0.11	0.111734	237	51
0.09/0.11	0.111938	236	52
0.09/0.11	0.113162	235	72
0.29/0.30	0.30039	234	3237
0.49/0.58	0.584076	233	7838
0.89/1.08	1.08101	232	15339
1.23/1.25	1.24775	231	18118
1.23/1.29	1.29383	230	18841
1.48/1.59	1.59234	229	22795
2.09/2.10	2.10114	228	30533
2.59/2.64	2.63718	227	38928
2.89/2.90	2.90037	226	43163
2.89/2.97	2.97579	225	44208
2.99/3.00	2.99728	224	44504
3.19/3.29	3.28963	223	48631
3.29/3.48	3.47746	222	51409
999.94/1000.04	13789206
