0.89/0.93	0.935809	6929	0
0.89/1.04	1.03815	6928	1
1.04/1.14	1.14421	6927	7
1.04/1.25	1.24954	6926	11
1.04/1.36	1.35934	6925	19
1.41/1.46	1.46781	6924	25
1.51/1.59	1.59137	6923	53
1.69/1.70	1.699	6922	59
1.79/1.80	1.80115	6921	60
1.89/1.90	1.90324	6920	61
1.99/2.00	2.00584	6919	62
2.09/2.12	2.12146	6918	84
2.19/2.22	2.22513	6917	87
2.29/2.32	2.3271	6916	88
2.38/2.43	2.43295	6915	95
2.38/2.54	2.54167	6914	106
2.38/2.65	2.65152	6913	115
2.38/2.76	2.75907	6912	124
2.38/2.86	2.86222	6911	127
2.93/2.97	2.96855	6910	135
2.98/3.07	3.07165	6909	138
3.09/3.19	3.18872	6908	162
3.19/3.29	3.29175	6907	165
3.29/3.39	3.39478	6906	168
3.49/3.50	3.49902	6905	173
3.59/3.60	3.60775	6904	185
3.68/3.71	3.71055	6903	187
3.79/3.82	3.81796	6902	197
3.79/3.92	3.9215	6901	201
3.79/4.04	4.03834	6900	224
3.79/4.14	4.1442	6899	233
3.79/4.25	4.25661	6898	250
4.27/4.36	4.35814	6897	251
4.39/4.46	4.46227	6896	256
4.48/4.57	4.57488	6895	274
4.69/4.70	4.69973	6894	311
4.79/4.81	4.81492	6893	333
4.88/4.92	4.92053	6892	339
4.98/5.03	5.03275	6891	353
5.08/5.15	5.15405	6890	385
5.19/5.26	5.26114	6889	394
5.19/5.36	5.36435	6888	398
5.19/5.48	5.48364	6887	427
5.19/5.60	5.60025	6886	452
5.19/5.71	5.71371	6885	471
5.19/5.82	5.82265	6884	484
5.93/5.94	5.94586	6883	519
5.99/6.04	6.04703	6882	520
6.09/6.15	6.15071	6881	525
6.19/6.25	6.25363	6880	528
6.29/6.36	6.36263	6879	541
6.38/6.47	6.46896	6878	549
6.48/6.58	6.58401	6877	572
6.59/6.69	6.69037	6876	579
6.79/6.80	6.80509	6875	601
6.79/6.91	6.91442	6874	615
6.79/7.02	7.01982	6873	623
6.79/7.14	7.14376	6872	660
6.79/7.25	7.25212	6871	671
7.24/7.37	7.36977	6870	694
7.49/7.50	7.49967	6869	740
7.59/7.66	7.66654	6868	841
7.89/7.91	7.91051	6867	1051
7.99/8.06	8.0633	6866	1124
8.19/8.21	8.20979	6865	1188
8.19/8.40	8.40293	6864	1325
8.19/8.53	8.53509	6863	1368
8.19/8.69	8.69511	6862	1454
8.73/8.81	8.81233	6861	1481
8.98/9.08	9.08651	6860	1736
9.20/9.24	9.23787	6859	1811
9.49/9.54	9.54506	6858	2128
9.70/9.72	9.72167	6857	2243
9.70/9.83	9.83509	6856	2259
9.70/9.95	9.9515	6855	2285
9.70/10.05	10.0569	6854	2293
10.39/10.41	10.4128	6853	2669
10.59/10.65	10.6513	6852	2874
11.09/11.46	11.4613	6851	3928
1000.06/1000.14	797.173	82953558	1468059
