0.67/0.76	0.75077	236	0
0.67/0.76	0.751242	235	1
0.67/0.77	0.752073	234	5
0.67/0.77	0.752526	233	6
0.67/0.77	0.752896	232	7
0.67/0.77	0.753314	231	8
0.67/0.77	0.753693	230	9
0.67/0.77	0.754061	229	10
0.67/0.77	0.754468	228	11
0.67/0.77	0.754876	227	12
0.67/0.77	0.755237	226	13
0.67/0.77	0.755665	225	14
0.67/0.77	0.756052	224	15
0.67/0.77	0.75652	223	16
0.67/0.77	0.756936	222	17
0.67/0.77	0.757503	221	19
0.67/0.77	0.757883	220	20
0.67/0.77	0.758495	219	22
0.67/0.77	0.759002	218	24
0.67/0.77	0.759598	217	26
0.67/0.77	0.760361	216	29
0.67/0.77	0.761171	215	31
0.67/0.78	0.761839	214	34
0.67/0.78	0.762415	213	36
0.67/0.78	0.763179	212	39
0.67/0.78	0.76424	211	44
0.67/0.78	0.765561	210	50
0.67/0.78	0.766293	209	52
0.67/0.78	0.766822	208	53
0.67/0.78	0.76766	207	56
0.67/0.78	0.768223	206	58
0.67/0.78	0.769497	205	63
0.67/0.78	0.7701	204	65
0.67/0.79	0.772993	203	80
0.67/0.79	0.777626	202	104
0.67/0.79	0.779619	201	114
0.77/0.80	0.78277	200	129
0.77/0.80	0.784138	199	135
0.77/0.81	0.792268	198	183
0.77/0.81	0.796806	197	208
0.77/0.81	0.797796	196	212
0.77/0.81	0.798601	195	215
0.77/0.81	0.799254	194	217
0.77/0.81	0.800314	193	221
0.77/0.82	0.802379	192	232
0.77/0.82	0.80429	191	239
0.77/0.82	0.809756	190	268
0.77/0.82	0.810849	189	272
0.77/0.83	0.811889	188	276
0.77/0.83	0.813619	187	280
0.77/0.83	0.814841	186	285
0.77/0.83	0.816233	185	290
0.77/0.83	0.817505	184	294
0.77/0.83	0.820585	183	307
0.77/0.84	0.826263	182	328
0.77/0.84	0.827235	181	331
0.77/0.85	0.832927	180	357
0.77/0.85	0.839187	179	383
0.77/0.87	0.853281	178	454
0.77/0.87	0.857891	177	476
0.77/0.88	0.870009	176	533
0.87/0.90	0.888143	175	618
0.87/0.90	0.89078	174	629
0.87/0.91	0.893624	173	641
0.87/0.95	0.932498	172	819
0.87/0.98	0.968309	171	991
0.97/1.01	0.994237	170	1109
1.07/1.17	1.15235	169	1878
1.07/1.20	1.18834	168	2067
1.49/1.58	1.56815	167	3864
1.49/1.59	1.5804	166	3917
1.77/1.89	1.87319	165	5345
1.97/2.02	2.01059	164	5996
2.07/2.16	2.14758	163	6699
2.17/2.26	2.24691	162	7196
3.27/3.32	3.30894	161	12417
3.27/3.32	3.30985	160	12420
3.67/4.03	4.01852	159	15833
4.67/4.78	4.76479	158	19605
12.07/12.16	12.1433	157	55904
12.27/12.46	12.4424	156	57442
14.47/14.59	14.5739	155	67980
100.17/100.65	100.635	154	430271
