0.79/0.81	0.808987	231	0
0.79/0.81	0.809563	230	1
0.79/0.81	0.80999	229	2
0.79/0.81	0.810391	228	3
0.79/0.81	0.810836	227	4
0.79/0.81	0.811281	226	5
0.79/0.81	0.811755	225	6
0.79/0.81	0.812127	224	7
0.79/0.81	0.8126	223	8
0.79/0.81	0.813107	222	9
0.79/0.81	0.813516	221	10
0.79/0.81	0.814128	220	12
0.79/0.81	0.814565	219	13
0.79/0.81	0.814995	218	14
0.79/0.81	0.815397	217	15
0.79/0.81	0.815992	216	17
0.79/0.81	0.816869	215	20
0.79/0.82	0.817619	214	22
0.79/0.82	0.818113	213	23
0.79/0.82	0.818781	212	25
0.79/0.82	0.819563	211	28
0.79/0.82	0.820017	210	29
0.79/0.82	0.820455	209	30
0.79/0.82	0.821134	208	32
0.79/0.82	0.82171	207	34
0.79/0.82	0.822654	206	37
0.79/0.82	0.823512	205	41
0.79/0.82	0.82444	204	44
0.79/0.82	0.825219	203	46
0.79/0.82	0.826349	202	50
0.79/0.83	0.827509	201	54
0.79/0.83	0.832444	200	75
0.79/0.83	0.832945	199	76
0.79/0.83	0.834196	198	81
0.79/0.83	0.835009	197	84
0.79/0.84	0.836556	196	90
0.79/0.84	0.838186	195	97
0.79/0.84	0.840188	194	104
0.79/0.84	0.841538	193	109
0.79/0.84	0.843284	192	115
0.79/0.84	0.845118	191	121
0.79/0.85	0.854344	190	164
0.79/0.85	0.85525	189	167
0.79/0.86	0.856547	188	171
0.79/0.86	0.858076	187	177
0.79/0.86	0.862929	186	200
0.79/0.86	0.863639	185	202
0.79/0.87	0.86938	184	226
0.79/0.87	0.871101	183	232
0.79/0.87	0.873521	182	241
0.79/0.88	0.879896	181	270
0.79/0.88	0.883311	180	283
0.79/0.89	0.896216	179	343
0.90/0.92	0.926227	178	474
0.90/0.94	0.936445	177	519
0.90/1.00	0.99775	176	783
0.90/1.00	1.00635	175	823
1.00/1.02	1.02207	174	899
1.00/1.03	1.02831	173	928
1.00/1.05	1.05551	172	1055
1.10/1.18	1.18477	171	1667
1.19/1.20	1.19714	170	1728
1.19/1.20	1.20369	169	1757
1.19/1.26	1.25718	168	1998
1.19/1.27	1.27	167	2059
1.29/1.34	1.34555	166	2421
1.49/1.50	1.50411	165	3151
1.49/1.59	1.58799	164	3517
1.59/1.62	1.61792	163	3656
2.69/2.74	2.73618	162	8833
2.69/2.77	2.7744	161	9016
2.79/2.81	2.81622	160	9228
2.79/2.82	2.8225	159	9259
5.69/5.76	5.76396	158	23511
6.09/6.42	6.41754	157	26778
70.28/70.32	70.316	156	321207
74.59/74.69	74.6833	155	340972
