0.68/0.79	0.7858	225	0
0.68/0.79	0.786316	224	1
0.68/0.79	0.786707	223	2
0.68/0.79	0.787165	222	3
0.68/0.79	0.787531	221	4
0.68/0.79	0.787898	220	5
0.68/0.79	0.788261	219	6
0.68/0.79	0.788613	218	7
0.68/0.79	0.788954	217	8
0.68/0.79	0.789507	216	10
0.68/0.79	0.790292	215	13
0.68/0.79	0.791083	214	16
0.68/0.79	0.79156	213	18
0.68/0.79	0.792518	212	22
0.68/0.80	0.79307	211	24
0.78/0.80	0.793604	210	26
0.78/0.80	0.794403	209	29
0.78/0.80	0.794851	208	30
0.78/0.80	0.796134	207	35
0.78/0.80	0.796756	206	37
0.78/0.80	0.797471	205	39
0.78/0.80	0.798074	204	41
0.78/0.80	0.799219	203	46
0.78/0.80	0.800139	202	49
0.78/0.80	0.800895	201	52
0.78/0.80	0.801577	200	55
0.78/0.80	0.802416	199	58
0.78/0.81	0.80959	198	95
0.78/0.83	0.823733	197	168
0.78/0.83	0.826061	196	180
0.78/0.83	0.827058	195	184
0.78/0.83	0.828348	194	190
0.78/0.83	0.829937	193	198
0.78/0.83	0.83098	192	202
0.78/0.84	0.833244	191	212
0.78/0.84	0.838885	190	241
0.78/0.85	0.845216	189	274
0.78/0.85	0.846635	188	279
0.78/0.85	0.847429	187	281
0.78/0.85	0.848043	186	283
0.78/0.86	0.858999	185	340
0.78/0.88	0.874782	184	429
0.88/0.90	0.895947	183	551
0.88/0.90	0.90079	182	576
0.88/0.91	0.903438	181	589
0.88/0.91	0.906629	180	604
0.88/0.91	0.908202	179	610
0.88/0.91	0.91017	178	618
0.88/0.92	0.92076	177	673
0.88/0.93	0.923921	176	687
0.98/1.05	1.05146	175	1308
0.98/1.06	1.05727	174	1332
0.98/1.06	1.06006	173	1343
1.08/1.13	1.12654	172	1692
1.19/1.26	1.25382	171	2379
1.31/1.35	1.34636	170	2860
1.31/1.44	1.44148	169	3315
1.31/1.48	1.47803	168	3488
1.31/1.64	1.64037	167	4280
1.31/1.67	1.66791	166	4403
1.71/1.82	1.81326	165	5099
1.98/2.05	2.04693	164	6183
2.19/2.27	2.26974	163	7298
2.58/2.73	2.72601	162	9277
3.08/3.13	3.13274	161	11122
3.69/3.75	3.75089	160	14148
3.69/3.75	3.75134	159	14149
3.89/3.92	3.91478	158	14944
11.28/11.33	11.3258	157	51376
92.08/92.14	92.1354	156	399620
92.18/92.24	92.2336	155	400114
92.68/93.27	93.2607	154	405189
