0.69/0.74	0.746428	228	0
0.69/0.74	0.747171	227	3
0.69/0.74	0.747538	226	4
0.69/0.75	0.747998	225	5
0.69/0.75	0.748346	224	6
0.69/0.75	0.748763	223	7
0.69/0.75	0.749141	222	8
0.69/0.75	0.749522	221	9
0.69/0.75	0.7499	220	10
0.69/0.75	0.750432	219	12
0.69/0.75	0.75099	218	14
0.69/0.75	0.751414	217	15
0.69/0.75	0.752971	216	21
0.69/0.75	0.753366	215	22
0.69/0.75	0.753756	214	23
0.69/0.75	0.754225	213	25
0.69/0.75	0.754769	212	27
0.69/0.75	0.755379	211	29
0.69/0.75	0.756	210	31
0.69/0.75	0.756614	209	33
0.69/0.75	0.757234	208	35
0.69/0.76	0.757834	207	37
0.69/0.76	0.758324	206	39
0.69/0.76	0.759264	205	43
0.69/0.76	0.760081	204	47
0.69/0.76	0.76062	203	49
0.69/0.76	0.761643	202	53
0.69/0.76	0.762283	201	55
0.69/0.76	0.763236	200	59
0.69/0.76	0.764037	199	62
0.69/0.76	0.76484	198	65
0.69/0.77	0.767702	197	79
0.69/0.77	0.769411	196	86
0.69/0.77	0.770778	195	91
0.69/0.77	0.772005	194	96
0.69/0.77	0.7738	193	103
0.69/0.77	0.776453	192	114
0.69/0.78	0.777857	191	119
0.69/0.78	0.780317	190	128
0.69/0.78	0.782297	189	135
0.69/0.78	0.784108	188	142
0.69/0.78	0.78632	187	151
0.69/0.79	0.788399	186	160
0.79/0.80	0.798969	185	209
0.79/0.81	0.809892	184	260
0.79/0.82	0.821447	183	312
0.79/0.82	0.824497	182	325
0.79/0.84	0.844329	181	415
0.79/0.84	0.845246	180	418
0.79/0.85	0.855107	179	468
0.79/0.85	0.857375	178	477
0.79/0.86	0.861127	177	495
0.79/0.86	0.866644	176	521
0.79/0.87	0.871265	175	544
0.79/0.88	0.878051	174	578
0.90/0.90	0.907044	173	721
0.90/0.94	0.945755	172	914
0.90/0.96	0.966495	171	1007
0.90/0.97	0.97063	170	1023
0.99/1.01	1.01537	169	1231
0.99/1.02	1.01921	168	1250
1.09/1.11	1.11315	167	1697
1.09/1.12	1.12379	166	1747
1.09/1.16	1.16729	165	1953
1.23/1.27	1.27412	164	2457
1.49/1.56	1.565	163	3786
1.49/1.59	1.59099	162	3911
2.19/2.26	2.26036	161	7186
2.68/2.78	2.77995	160	9805
4.30/4.40	4.39932	159	17943
5.00/5.08	5.08244	158	21306
11.72/11.85	11.848	157	53417
30.69/30.96	30.964	156	140697
34.28/34.37	34.3762	155	156227
418.28/418.48	418.475	154	1688896
418.28/418.77	418.763	153	1690355
