0.79/0.80	0.804257	227	0
0.79/0.80	0.804763	226	1
0.79/0.80	0.805195	225	2
0.79/0.80	0.805546	224	3
0.79/0.80	0.805943	223	4
0.79/0.80	0.806334	222	5
0.79/0.80	0.806838	221	7
0.79/0.80	0.807355	220	9
0.79/0.81	0.807794	219	10
0.79/0.81	0.808183	218	11
0.79/0.81	0.80858	217	12
0.79/0.81	0.809159	216	14
0.79/0.81	0.809562	215	15
0.79/0.81	0.810004	214	16
0.79/0.81	0.811079	213	20
0.79/0.81	0.811714	212	22
0.79/0.81	0.812331	211	24
0.79/0.81	0.812949	210	26
0.79/0.81	0.813962	209	30
0.79/0.81	0.814669	208	32
0.79/0.81	0.815313	207	34
0.79/0.81	0.816064	206	37
0.79/0.81	0.817433	205	44
0.79/0.82	0.8178	204	45
0.79/0.82	0.81928	203	52
0.79/0.82	0.820179	202	56
0.79/0.82	0.820554	201	57
0.79/0.82	0.821431	200	60
0.79/0.82	0.821939	199	61
0.79/0.82	0.822733	198	64
0.79/0.82	0.823546	197	67
0.79/0.82	0.825609	196	78
0.79/0.83	0.828072	195	90
0.79/0.83	0.828973	194	94
0.79/0.83	0.829893	193	98
0.79/0.83	0.83216	192	109
0.79/0.83	0.835419	191	125
0.79/0.84	0.838243	190	138
0.79/0.84	0.83977	189	144
0.79/0.84	0.841812	188	153
0.79/0.84	0.842845	187	157
0.79/0.84	0.84411	186	162
0.79/0.84	0.845355	185	167
0.79/0.84	0.846235	184	170
0.79/0.85	0.848372	183	179
0.79/0.85	0.852479	182	199
0.79/0.85	0.857016	181	222
0.79/0.87	0.869858	180	288
0.79/0.87	0.871541	179	295
0.79/0.87	0.874801	178	310
0.79/0.89	0.890163	177	385
0.89/0.93	0.93526	176	619
0.89/0.93	0.936426	175	623
0.89/0.96	0.964643	174	769
0.99/1.00	1.00163	173	968
0.99/1.01	1.01576	172	1040
0.99/1.03	1.02808	171	1103
0.99/1.06	1.06052	170	1262
0.99/1.06	1.06546	169	1283
0.99/1.07	1.07408	168	1320
1.10/1.19	1.18975	167	1915
1.10/1.19	1.19283	166	1930
1.29/1.34	1.34721	165	2683
1.49/1.54	1.54194	164	3610
1.49/1.58	1.58569	163	3844
1.69/1.71	1.71533	162	4493
3.29/3.38	3.38077	161	12247
3.29/3.40	3.39931	160	12342
6.39/6.42	6.41931	159	27025
7.19/7.49	7.48876	158	32084
19.69/19.75	19.7471	157	88658
20.09/20.11	20.1119	156	90461
106.19/106.27	106.267	155	468214
125.99/126.07	126.073	154	555324
