0.79/0.86	0.858336	236	0
0.79/0.86	0.858859	235	1
0.79/0.86	0.859285	234	2
0.79/0.86	0.859679	233	3
0.79/0.86	0.860115	232	4
0.79/0.86	0.860471	231	5
0.79/0.86	0.860853	230	6
0.79/0.86	0.861226	229	7
0.79/0.86	0.861562	228	8
0.79/0.86	0.862031	227	10
0.79/0.86	0.86244	226	11
0.79/0.86	0.862818	225	12
0.79/0.86	0.863212	224	13
0.79/0.86	0.863555	223	14
0.79/0.86	0.863914	222	15
0.79/0.86	0.864252	221	16
0.79/0.86	0.864664	220	17
0.79/0.86	0.865466	219	19
0.79/0.86	0.865866	218	20
0.79/0.86	0.866483	217	22
0.79/0.86	0.867059	216	24
0.79/0.86	0.867418	215	25
0.79/0.87	0.868361	214	28
0.79/0.87	0.869098	213	30
0.79/0.87	0.869782	212	32
0.79/0.87	0.870792	211	36
0.79/0.87	0.87153	210	39
0.79/0.87	0.872011	209	40
0.79/0.87	0.872797	208	43
0.79/0.87	0.873603	207	46
0.79/0.87	0.874315	206	48
0.79/0.87	0.874939	205	50
0.79/0.87	0.875851	204	53
0.79/0.87	0.876745	203	56
0.79/0.88	0.878308	202	62
0.79/0.88	0.879453	201	66
0.79/0.88	0.883378	199	83
0.79/0.88	0.88512	198	90
0.79/0.88	0.88659	197	96
0.79/0.89	0.888112	196	102
0.79/0.89	0.89062	195	113
0.79/0.89	0.892752	194	121
0.79/0.89	0.893646	193	124
0.79/0.89	0.895035	192	130
0.89/0.90	0.897779	191	142
0.89/0.90	0.899607	190	148
0.89/0.90	0.901991	189	156
0.89/0.90	0.90371	188	162
0.89/0.91	0.915469	187	215
0.89/0.91	0.916636	186	219
0.89/0.92	0.919242	185	230
0.89/0.92	0.925485	184	254
0.89/0.93	0.930761	183	280
0.89/0.93	0.932858	182	289
0.89/0.93	0.936406	181	305
0.89/0.94	0.939212	180	318
0.89/0.94	0.94433	179	342
0.89/0.97	0.971726	178	476
0.89/0.97	0.976348	177	494
0.89/0.98	0.985664	176	537
0.89/0.99	0.993932	175	575
0.89/0.99	0.997414	174	590
1.00/1.00	1.00436	173	619
1.00/1.03	1.03563	172	753
1.00/1.09	1.0911	171	1028
1.19/1.21	1.21068	170	1584
1.19/1.26	1.26252	169	1840
1.30/1.30	1.30552	168	2034
1.30/1.33	1.33163	167	2152
1.30/1.37	1.37043	166	2349
1.30/1.41	1.40958	165	2546
2.19/2.24	2.24612	164	6606
2.19/2.26	2.25811	163	6666
2.29/2.30	2.30262	162	6890
2.29/2.37	2.3743	161	7258
2.29/2.39	2.39261	160	7354
5.29/5.34	5.34499	159	21992
5.39/5.45	5.44897	158	22495
10.16/10.19	10.195	157	45334
16.28/16.34	16.3373	156	75273
626.67/626.71	626.692	155	2616518
