0.72/0.76	0.7637	222	0
0.72/0.76	0.764131	221	1
0.72/0.76	0.764726	219	2
0.72/0.76	0.765289	218	4
0.72/0.76	0.765706	217	5
0.72/0.76	0.766106	216	6
0.72/0.76	0.766531	215	7
0.72/0.76	0.767095	214	9
0.72/0.76	0.767436	213	10
0.72/0.77	0.768085	212	12
0.72/0.77	0.768994	211	16
0.72/0.77	0.769707	210	18
0.72/0.77	0.770287	209	20
0.72/0.77	0.771162	208	24
0.72/0.77	0.772091	207	27
0.72/0.77	0.774372	206	38
0.72/0.77	0.775099	205	40
0.72/0.77	0.7758	204	42
0.72/0.77	0.77739	203	48
0.72/0.77	0.777948	202	50
0.72/0.78	0.779858	201	58
0.72/0.78	0.781681	200	66
0.72/0.78	0.782557	199	69
0.72/0.78	0.783373	198	72
0.72/0.78	0.785363	197	79
0.72/0.78	0.786659	196	85
0.72/0.78	0.787885	195	90
0.72/0.79	0.789456	194	97
0.72/0.79	0.790505	193	100
0.72/0.79	0.791649	192	104
0.72/0.79	0.793114	191	110
0.72/0.79	0.794733	190	117
0.72/0.79	0.79672	189	125
0.79/0.80	0.799038	188	134
0.79/0.80	0.800917	187	141
0.79/0.80	0.802657	186	147
0.79/0.80	0.80499	185	156
0.79/0.81	0.814576	184	199
0.79/0.82	0.818399	183	215
0.79/0.82	0.821261	182	227
0.79/0.82	0.823184	181	234
0.79/0.83	0.828625	180	257
0.79/0.83	0.833843	179	279
0.79/0.83	0.83795	178	294
0.79/0.84	0.844961	177	324
0.79/0.85	0.853867	176	362
0.79/0.88	0.881435	175	496
0.79/0.88	0.883704	174	505
0.79/0.89	0.891254	173	543
0.89/0.90	0.901406	172	591
0.89/0.93	0.931164	171	729
0.89/0.93	0.932208	170	733
0.98/1.02	1.02231	169	1166
0.98/1.07	1.07433	168	1404
1.18/1.22	1.22319	167	2132
1.40/1.50	1.49817	166	3433
1.50/1.58	1.57946	165	3816
1.59/1.63	1.62891	164	4054
2.18/2.29	2.2932	163	7254
2.28/2.30	2.30106	162	7295
2.28/2.30	2.30413	161	7309
3.00/3.43	3.43167	160	12662
3.00/3.59	3.59525	159	13445
4.51/4.62	4.62612	158	18552
8.89/9.13	9.12972	157	39478
54.29/54.31	54.3056	156	243636
54.69/54.76	54.76	155	245894
