0.69/0.74	0.738549	230	0
0.69/0.74	0.739172	229	2
0.69/0.74	0.739521	228	3
0.69/0.74	0.740045	227	5
0.69/0.74	0.740431	226	6
0.69/0.74	0.740782	225	7
0.69/0.74	0.741208	224	8
0.69/0.74	0.741728	223	10
0.69/0.74	0.74215	222	11
0.69/0.74	0.742534	221	12
0.69/0.74	0.742855	220	13
0.69/0.74	0.743246	219	14
0.69/0.74	0.744017	218	17
0.69/0.74	0.744782	217	20
0.69/0.74	0.74519	216	21
0.69/0.74	0.745719	215	23
0.69/0.74	0.746102	214	24
0.69/0.74	0.746481	213	25
0.69/0.74	0.746823	212	26
0.69/0.74	0.747161	211	27
0.69/0.74	0.747503	210	28
0.69/0.75	0.74853	209	32
0.69/0.75	0.748905	208	33
0.69/0.75	0.749504	207	35
0.69/0.75	0.750032	206	37
0.69/0.75	0.750735	205	40
0.69/0.75	0.751838	204	44
0.69/0.75	0.752575	203	46
0.69/0.75	0.753442	202	50
0.69/0.75	0.754116	201	52
0.69/0.75	0.755363	200	57
0.69/0.75	0.75634	199	61
0.69/0.75	0.757552	198	66
0.69/0.76	0.759047	197	73
0.69/0.76	0.766688	196	110
0.69/0.77	0.768965	195	121
0.69/0.77	0.769595	194	123
0.69/0.77	0.772547	193	138
0.69/0.77	0.777857	192	164
0.69/0.78	0.78142	191	182
0.69/0.78	0.782053	190	184
0.69/0.78	0.783781	189	192
0.69/0.79	0.793286	188	240
0.69/0.79	0.794708	187	245
0.79/0.80	0.803506	186	284
0.79/0.81	0.808513	185	306
0.79/0.81	0.81166	184	320
0.79/0.81	0.813557	183	327
0.79/0.81	0.81758	182	343
0.79/0.82	0.821436	181	358
0.79/0.83	0.828327	180	387
0.79/0.83	0.8321	179	402
0.79/0.84	0.847789	178	473
0.79/0.85	0.84944	177	479
0.79/0.86	0.867146	176	560
0.79/0.89	0.891505	175	678
0.79/0.89	0.895803	174	699
0.89/0.95	0.948618	173	956
0.89/0.96	0.958595	172	1000
0.89/0.99	0.99642	171	1176
0.99/1.00	1.00411	170	1210
1.09/1.10	1.10433	169	1717
1.09/1.11	1.10873	168	1738
1.19/1.20	1.19962	167	2168
1.19/1.27	1.26857	166	2522
1.30/1.31	1.31407	165	2752
1.30/1.33	1.33513	164	2850
1.30/1.62	1.61996	163	4213
1.30/1.63	1.63246	162	4269
1.67/1.69	1.68983	161	4548
2.39/2.45	2.45772	160	8305
3.39/3.43	3.43181	159	13187
3.49/3.55	3.55414	158	13763
10.69/10.79	10.7895	157	48407
10.99/11.01	11.0157	156	49487
12.82/12.88	12.8789	155	58639
