0.69/0.73	0.730737	226	0
0.69/0.73	0.731233	225	1
0.69/0.73	0.731624	224	2
0.69/0.73	0.73198	223	3
0.69/0.73	0.73234	222	4
0.69/0.73	0.732748	221	5
0.69/0.73	0.733145	220	6
0.69/0.73	0.733696	219	8
0.69/0.73	0.73406	218	9
0.69/0.73	0.73444	217	10
0.69/0.73	0.735064	216	12
0.69/0.73	0.735615	215	14
0.69/0.73	0.736048	214	15
0.69/0.73	0.736399	213	16
0.69/0.73	0.737264	212	19
0.69/0.73	0.737857	211	21
0.69/0.74	0.738521	210	23
0.69/0.74	0.739109	209	25
0.69/0.74	0.739606	208	27
0.69/0.74	0.74022	207	29
0.69/0.74	0.740813	206	31
0.69/0.74	0.742199	205	38
0.69/0.74	0.743066	204	41
0.69/0.74	0.743859	203	44
0.69/0.74	0.744718	202	47
0.69/0.74	0.745198	201	48
0.69/0.74	0.746818	200	56
0.69/0.74	0.748355	199	62
0.69/0.75	0.750206	198	69
0.69/0.75	0.751384	197	74
0.69/0.75	0.752497	196	79
0.69/0.75	0.753929	195	85
0.69/0.75	0.757692	194	106
0.69/0.76	0.759085	193	112
0.69/0.76	0.762096	192	126
0.69/0.76	0.763728	191	133
0.69/0.76	0.767653	190	152
0.69/0.77	0.76959	189	160
0.69/0.77	0.770528	188	164
0.69/0.78	0.780037	187	206
0.69/0.78	0.785421	186	231
0.69/0.78	0.787061	185	237
0.69/0.79	0.7899	184	248
0.69/0.79	0.793294	183	261
0.69/0.79	0.797908	182	282
0.79/0.80	0.79937	181	287
0.79/0.81	0.81196	180	349
0.79/0.82	0.82191	179	392
0.79/0.82	0.823381	178	398
0.79/0.84	0.839704	177	477
0.79/0.84	0.845853	176	503
0.79/0.85	0.854635	175	541
0.89/0.96	0.961391	174	1028
0.89/0.96	0.966741	173	1055
0.89/0.99	0.991921	172	1172
0.89/0.99	0.993724	171	1179
0.99/1.03	1.03342	170	1368
1.09/1.12	1.12707	169	1820
1.09/1.13	1.13426	168	1851
1.09/1.16	1.16736	167	2006
1.09/1.18	1.18383	166	2080
1.19/1.23	1.23453	165	2323
1.19/1.25	1.25255	164	2409
1.40/1.50	1.50075	163	3633
1.79/1.88	1.88709	162	5621
3.50/3.60	3.60481	161	13858
4.29/4.36	4.36595	160	17570
4.39/4.44	4.44102	159	17948
4.49/4.53	4.53385	158	18426
4.99/5.04	5.04525	157	21062
5.18/5.21	5.21005	156	21894
206.24/206.54	206.492	155	912081
