0.79/0.83	0.830582	231	0
0.79/0.83	0.830993	230	1
0.79/0.83	0.83134	229	2
0.79/0.83	0.831831	228	3
0.79/0.83	0.832404	227	5
0.79/0.83	0.832829	226	6
0.79/0.83	0.833279	225	7
0.79/0.83	0.833709	224	8
0.79/0.83	0.834127	223	9
0.79/0.83	0.834472	222	10
0.79/0.83	0.834856	221	11
0.79/0.83	0.835743	220	14
0.79/0.83	0.836189	219	15
0.79/0.83	0.836619	218	16
0.79/0.83	0.837024	217	17
0.79/0.84	0.837639	216	19
0.79/0.84	0.838201	215	21
0.79/0.84	0.838814	214	23
0.79/0.84	0.839498	213	25
0.79/0.84	0.839881	212	26
0.79/0.84	0.840627	211	28
0.79/0.84	0.841519	210	31
0.79/0.84	0.842199	209	33
0.79/0.84	0.84355	208	39
0.79/0.84	0.844138	207	41
0.79/0.84	0.844845	206	43
0.79/0.84	0.845616	205	46
0.79/0.84	0.846416	204	48
0.79/0.85	0.847543	203	53
0.79/0.85	0.848492	202	57
0.79/0.85	0.849618	201	61
0.79/0.85	0.850378	200	64
0.79/0.85	0.852441	199	75
0.79/0.85	0.854362	198	84
0.79/0.85	0.855495	197	89
0.79/0.85	0.857239	196	96
0.79/0.86	0.858819	195	103
0.79/0.86	0.859302	194	104
0.79/0.86	0.861437	193	114
0.79/0.86	0.862733	192	119
0.79/0.86	0.865147	191	130
0.79/0.86	0.867241	190	139
0.79/0.87	0.868482	189	143
0.79/0.87	0.872734	188	165
0.79/0.87	0.87496	187	175
0.79/0.88	0.886052	186	228
0.79/0.89	0.887637	185	235
0.79/0.89	0.891192	184	251
0.79/0.89	0.892934	183	257
0.89/0.90	0.902733	182	304
0.89/0.90	0.904232	181	309
0.89/0.91	0.91487	180	364
0.89/0.91	0.916925	179	372
0.89/0.93	0.928567	178	432
0.89/0.93	0.936155	177	469
0.89/0.96	0.963222	176	600
0.89/0.96	0.96678	175	614
0.89/0.98	0.981313	174	679
0.89/0.98	0.985123	173	694
0.89/0.99	0.989414	172	711
0.89/1.02	1.02077	171	876
1.01/1.08	1.08006	170	1163
1.01/1.08	1.0872	169	1201
1.01/1.09	1.09701	168	1250
1.01/1.12	1.11878	167	1362
1.11/1.14	1.13824	166	1459
1.11/1.15	1.15082	165	1522
1.19/1.23	1.2303	164	1946
1.69/1.74	1.74197	163	4485
1.89/1.99	1.98872	162	5681
1.99/2.10	2.10566	161	6289
3.10/3.29	3.28878	160	12162
4.19/4.27	4.27042	159	16939
4.50/4.67	4.67084	158	19029
4.50/4.83	4.82757	157	19839
40.58/40.60	40.6015	156	184225
87.59/87.63	87.6289	155	383709
652.11/652.20	652.176	154	2578343
