0.59/0.60	0.604171	236	0
0.59/0.60	0.605132	234	5
0.59/0.60	0.605763	233	10
0.59/0.60	0.606086	232	13
0.59/0.60	0.606495	231	16
0.59/0.60	0.606744	230	18
0.59/0.61	0.607447	229	23
0.59/0.61	0.608599	228	34
0.59/0.61	0.609164	227	38
0.59/0.61	0.610285	226	48
0.59/0.61	0.610627	225	51
0.59/0.61	0.61157	224	61
0.59/0.61	0.612168	223	65
0.59/0.61	0.612423	222	67
0.59/0.61	0.613175	221	72
0.59/0.61	0.613517	220	75
0.59/0.61	0.61547	219	92
0.59/0.61	0.615905	218	95
0.59/0.61	0.61668	217	99
0.59/0.62	0.61838	216	110
0.59/0.62	0.620361	214	126
0.59/0.62	0.620866	213	131
0.59/0.62	0.622045	212	142
0.59/0.62	0.622241	211	143
0.59/0.62	0.623484	210	153
0.59/0.62	0.623852	209	157
0.59/0.62	0.624723	208	164
0.59/0.62	0.626262	207	177
0.59/0.62	0.626846	206	182
0.59/0.63	0.63031	205	199
0.59/0.63	0.631251	204	209
0.59/0.63	0.632188	203	217
0.59/0.63	0.633269	202	227
0.59/0.63	0.634428	201	238
0.59/0.63	0.634845	200	241
0.59/0.63	0.635477	199	247
0.59/0.64	0.640701	198	288
0.59/0.64	0.641896	197	303
0.59/0.64	0.643365	196	319
0.59/0.65	0.649585	195	366
0.59/0.65	0.653648	194	412
0.59/0.65	0.655781	193	438
0.59/0.66	0.657601	192	461
0.59/0.66	0.658126	191	465
0.59/0.66	0.658895	190	474
0.59/0.66	0.660074	189	482
0.59/0.66	0.662525	188	499
0.59/0.67	0.667861	187	560
0.59/0.67	0.673218	186	623
0.59/0.68	0.677396	185	647
0.59/0.68	0.685833	184	752
0.59/0.69	0.689206	183	790
0.69/0.70	0.699743	182	923
0.69/0.70	0.706992	181	992
0.69/0.71	0.708823	180	1014
0.69/0.71	0.715762	179	1074
0.69/0.72	0.726861	178	1203
0.69/0.73	0.7333	177	1282
0.69/0.73	0.734578	176	1298
0.69/0.74	0.73938	175	1326
0.69/0.75	0.749706	174	1415
0.69/0.77	0.768667	173	1593
0.69/0.78	0.784709	172	1766
0.79/0.85	0.855715	171	2426
0.79/0.86	0.861152	170	2468
0.79/0.87	0.874715	169	2617
0.79/0.89	0.888834	168	2753
0.90/0.93	0.934587	167	3202
0.98/1.04	1.04246	166	4062
0.98/1.06	1.06455	165	4346
0.98/1.11	1.11456	164	4755
0.98/1.23	1.23111	163	5794
1.49/1.52	1.52498	162	7616
1.69/1.77	1.76814	161	9488
1.79/1.88	1.88013	160	10555
1.99/2.07	2.07615	159	12403
4.89/4.92	4.9173	158	30276
10.59/10.63	10.6288	157	59080
20.19/20.64	20.6397	156	104105
21.68/21.98	21.9799	155	112588
27.59/28.06	28.0588	154	142617
28.49/28.51	28.5107	153	146181
166.98/167.00	166.993	152	521931
1000.23/1000.40	********Debuging CoveringArray::optimize*********
1000.23/1000.40	total size : 152
1000.23/1000.40	********End of Debuing CoveringArray::optimize********
