0.68/0.71	0.712655	231	0
0.68/0.71	0.712948	230	1
0.68/0.71	0.713649	229	5
0.68/0.71	0.71397	228	6
0.68/0.72	0.714911	227	13
0.68/0.72	0.715162	226	14
0.68/0.72	0.715392	225	15
0.68/0.72	0.715777	224	18
0.68/0.72	0.716164	222	19
0.68/0.72	0.717311	221	29
0.68/0.72	0.717602	220	31
0.68/0.72	0.71839	218	39
0.68/0.72	0.721114	217	49
0.68/0.72	0.721992	216	57
0.68/0.72	0.722884	215	64
0.68/0.72	0.723614	214	70
0.68/0.73	0.724621	213	78
0.68/0.73	0.7251	212	82
0.68/0.73	0.726343	211	94
0.68/0.73	0.727373	209	102
0.68/0.73	0.727718	208	105
0.68/0.73	0.728407	207	111
0.68/0.73	0.72917	206	119
0.68/0.73	0.729424	205	121
0.68/0.73	0.729983	204	124
0.68/0.73	0.730314	203	126
0.68/0.73	0.731393	202	135
0.68/0.73	0.732191	201	141
0.68/0.73	0.733122	200	149
0.68/0.74	0.73448	199	161
0.68/0.74	0.735014	198	167
0.68/0.74	0.735501	197	172
0.68/0.74	0.738083	196	200
0.68/0.74	0.738737	195	206
0.68/0.74	0.74119	194	225
0.68/0.74	0.743812	193	238
0.68/0.75	0.7497	192	307
0.68/0.75	0.751906	191	330
0.68/0.75	0.752657	190	336
0.68/0.76	0.754912	189	352
0.68/0.77	0.764866	188	434
0.68/0.77	0.767352	187	462
0.68/0.78	0.774597	186	548
0.68/0.78	0.776244	185	565
0.68/0.78	0.782282	184	627
0.68/0.78	0.783903	183	639
0.68/0.79	0.789947	182	695
0.78/0.80	0.795339	181	745
0.78/0.80	0.79743	180	762
0.78/0.80	0.801439	179	799
0.78/0.81	0.809302	178	872
0.78/0.82	0.817575	177	955
0.78/0.83	0.82551	176	1034
0.78/0.84	0.843216	175	1244
0.78/0.86	0.856735	174	1354
0.78/0.86	0.863808	173	1419
0.78/0.88	0.882191	172	1554
1.29/1.40	1.39657	171	7700
1.29/1.40	1.39886	170	7714
1.29/1.40	1.40145	169	7739
1.29/1.42	1.42359	168	7920
1.29/1.47	1.47016	167	8253
1.29/1.54	1.53497	166	8926
1.29/1.67	1.67097	165	9960
1.99/2.09	2.0924	164	13939
2.09/2.17	2.16558	163	14645
2.19/2.22	2.21913	162	15057
2.29/2.34	2.34108	161	16200
2.29/2.39	2.38645	160	16575
2.59/2.65	2.64454	159	18798
4.79/4.82	4.823	158	29900
4.89/4.99	4.98646	157	31037
4.99/5.01	5.00866	156	31267
82.38/82.59	82.588	155	295653
83.29/83.31	83.308	154	300396
110.09/110.19	110.184	153	398205
312.68/312.79	312.779	152	996029
