0.58/0.68	0.681392	225	0
0.58/0.68	0.6818	224	2
0.58/0.68	0.682562	223	8
0.58/0.68	0.683616	222	16
0.58/0.68	0.68397	221	19
0.58/0.68	0.685434	220	34
0.58/0.68	0.685883	219	38
0.58/0.68	0.686648	218	46
0.58/0.69	0.68692	217	48
0.58/0.69	0.687818	216	55
0.58/0.69	0.688719	215	63
0.58/0.69	0.689004	214	65
0.58/0.69	0.689349	213	68
0.58/0.69	0.689685	212	71
0.58/0.69	0.690326	211	77
0.58/0.69	0.692313	210	101
0.58/0.69	0.692795	209	106
0.58/0.69	0.694381	208	122
0.58/0.69	0.695209	207	127
0.68/0.70	0.69762	206	143
0.68/0.70	0.699075	205	159
0.68/0.70	0.7004	204	173
0.68/0.70	0.70113	203	179
0.68/0.70	0.705092	202	222
0.68/0.71	0.706805	201	232
0.68/0.71	0.710198	200	256
0.68/0.71	0.71064	199	259
0.68/0.71	0.711341	198	265
0.68/0.71	0.714121	197	292
0.68/0.71	0.714954	196	299
0.68/0.71	0.716494	195	308
0.68/0.72	0.722449	194	353
0.68/0.72	0.724601	193	372
0.68/0.73	0.728375	192	397
0.68/0.73	0.729105	191	406
0.68/0.73	0.730971	190	422
0.68/0.73	0.733868	189	450
0.68/0.73	0.735114	188	463
0.68/0.73	0.735803	187	470
0.68/0.74	0.743966	186	538
0.68/0.74	0.745881	185	553
0.68/0.75	0.748077	184	574
0.68/0.75	0.751991	183	611
0.68/0.78	0.780512	182	909
0.68/0.78	0.784268	181	942
0.79/0.80	0.797207	180	1045
0.79/0.80	0.802896	179	1090
0.79/0.84	0.839021	178	1462
0.79/0.84	0.844836	177	1522
0.88/0.94	0.941508	176	2393
0.88/0.94	0.94233	175	2400
0.88/0.94	0.945196	174	2422
0.88/0.95	0.952002	173	2491
0.88/1.33	1.32784	172	5969
1.30/1.43	1.43622	171	6882
1.30/1.44	1.44049	170	6923
1.78/1.80	1.7999	169	10091
1.78/1.81	1.81644	168	10227
1.88/1.95	1.95059	167	11270
1.88/1.96	1.96476	166	11400
2.08/2.12	2.12394	165	12864
2.18/2.28	2.28284	164	14468
2.28/2.67	2.66742	163	17037
2.73/2.73	2.73604	162	17653
2.73/2.81	2.80826	161	18271
2.89/2.92	2.92642	160	19325
3.29/3.33	3.33181	159	22313
9.69/9.87	9.87179	158	56371
9.93/10.04	10.0389	157	57539
16.79/16.87	16.8673	156	92747
19.39/19.47	19.4715	155	108426
28.38/28.41	28.4089	154	149800
337.96/338.01	337.979	153	968502
546.48/546.67	546.624	152	1447076
564.24/564.47	564.429	151	1501876
