0.49/0.60	0.60279	228	0
0.49/0.60	0.604061	226	8
0.49/0.60	0.604515	225	11
0.49/0.60	0.604984	224	15
0.49/0.60	0.605471	223	19
0.49/0.60	0.605771	222	22
0.49/0.60	0.606249	221	27
0.49/0.60	0.607648	220	39
0.49/0.60	0.607894	219	41
0.49/0.60	0.608416	218	46
0.49/0.61	0.608685	217	48
0.49/0.61	0.609029	216	51
0.49/0.61	0.609475	215	54
0.49/0.61	0.610662	214	64
0.49/0.61	0.611875	213	70
0.49/0.61	0.613463	212	84
0.49/0.61	0.613652	211	85
0.49/0.61	0.614295	210	93
0.49/0.61	0.614754	209	97
0.49/0.61	0.615386	208	103
0.49/0.61	0.616338	207	110
0.49/0.61	0.617112	206	115
0.49/0.62	0.618491	205	126
0.49/0.62	0.619623	204	134
0.49/0.62	0.620297	203	142
0.49/0.62	0.621267	202	151
0.49/0.62	0.621863	201	156
0.49/0.62	0.622486	200	161
0.49/0.62	0.622934	199	165
0.49/0.62	0.623805	198	172
0.49/0.62	0.625746	197	191
0.49/0.63	0.631188	196	258
0.49/0.63	0.633137	195	282
0.49/0.63	0.634185	194	292
0.49/0.63	0.638243	193	328
0.49/0.64	0.642439	192	357
0.49/0.64	0.645235	191	387
0.49/0.64	0.647654	190	410
0.49/0.65	0.653341	189	456
0.49/0.65	0.654658	188	469
0.49/0.65	0.65689	187	480
0.49/0.66	0.659979	186	505
0.49/0.66	0.661706	185	520
0.49/0.66	0.664448	184	539
0.49/0.66	0.66696	183	563
0.49/0.67	0.671444	182	599
0.49/0.68	0.679355	181	676
0.49/0.68	0.685016	180	719
0.49/0.69	0.695322	179	783
0.49/0.70	0.699637	178	821
0.49/0.72	0.7241	177	1069
0.49/0.73	0.73093	176	1124
0.49/0.74	0.743149	175	1266
0.74/0.77	0.769539	174	1487
0.74/0.78	0.788243	173	1669
0.74/0.80	0.806917	172	1876
0.80/0.81	0.813924	171	1934
0.80/0.84	0.844854	170	2210
0.80/0.87	0.868717	169	2455
0.88/0.99	0.991911	168	3411
0.99/1.00	1.00257	167	3515
1.09/1.18	1.18117	166	4837
1.09/1.19	1.19127	165	4955
2.09/2.17	2.17658	164	11324
2.49/2.58	2.58719	163	14976
3.29/3.40	3.39934	162	21615
6.79/6.84	6.84083	161	42029
6.89/6.96	6.96004	160	43155
6.99/7.09	7.09516	159	44004
7.19/7.29	7.29768	158	45768
7.29/7.36	7.35855	157	46317
8.79/9.32	9.32264	156	55952
55.59/55.66	55.661	155	245125
56.29/56.30	56.2994	154	248832
93.29/93.35	93.346	153	380116
235.98/236.09	236.085	152	677374
469.58/469.69	469.675	151	1262747
