0.48/0.58	0.580284	227	0
0.48/0.58	0.58149	226	6
0.48/0.58	0.582039	225	10
0.48/0.58	0.582288	224	12
0.48/0.58	0.582531	223	14
0.48/0.58	0.583377	222	19
0.48/0.58	0.583843	221	24
0.48/0.58	0.58469	220	30
0.48/0.58	0.585776	218	37
0.48/0.58	0.586366	217	43
0.48/0.59	0.586822	216	47
0.48/0.59	0.588197	215	60
0.48/0.59	0.588728	214	65
0.48/0.59	0.589304	213	70
0.48/0.59	0.589887	212	77
0.48/0.59	0.590828	211	84
0.48/0.59	0.591096	210	86
0.48/0.59	0.592345	209	94
0.48/0.59	0.592783	208	98
0.48/0.59	0.593488	207	105
0.48/0.59	0.594364	206	114
0.48/0.59	0.595917	205	126
0.58/0.60	0.597158	204	139
0.58/0.60	0.598322	203	149
0.58/0.60	0.598877	202	153
0.58/0.60	0.599467	201	160
0.58/0.60	0.599932	200	165
0.58/0.60	0.600471	199	170
0.58/0.60	0.60207	198	187
0.58/0.60	0.60289	197	194
0.58/0.60	0.603482	196	202
0.58/0.60	0.604831	195	211
0.58/0.61	0.608176	194	239
0.58/0.61	0.608976	193	247
0.58/0.61	0.611373	192	273
0.58/0.61	0.612094	191	282
0.58/0.61	0.615047	190	302
0.58/0.61	0.615966	189	313
0.58/0.62	0.619242	188	351
0.58/0.62	0.622174	187	386
0.58/0.62	0.62326	186	397
0.58/0.62	0.624828	185	410
0.58/0.63	0.634546	184	508
0.58/0.64	0.638368	183	546
0.58/0.64	0.641809	182	584
0.58/0.67	0.675128	181	944
0.58/0.68	0.680626	180	1000
0.58/0.68	0.682928	179	1020
0.58/0.68	0.68574	178	1049
0.69/0.70	0.704233	177	1254
0.69/0.74	0.745829	176	1625
0.69/0.75	0.752143	175	1688
0.69/0.77	0.770094	174	1874
0.78/0.82	0.824564	173	2318
0.78/0.86	0.862234	172	2659
0.78/0.87	0.875975	171	2799
1.28/1.35	1.35393	170	6345
1.69/1.79	1.7911	169	9434
1.79/1.89	1.88797	168	10279
1.89/1.98	1.9791	167	11242
4.48/4.69	4.6909	166	31846
4.48/4.94	4.94557	165	33667
8.09/8.19	8.18783	164	53064
8.49/8.54	8.54274	163	55819
8.69/8.74	8.74305	162	57516
10.99/11.07	11.0675	161	70190
19.19/19.33	19.3323	160	110583
19.19/19.59	19.5944	159	112027
19.89/19.99	19.9892	158	115687
19.99/20.06	20.0587	157	116388
31.18/31.45	31.4537	156	148510
36.89/36.91	36.9064	155	178203
78.99/79.01	79.0124	154	319057
87.28/87.30	87.2991	153	363330
515.27/515.75	515.733	152	1320414
999.86/1000.38	********Debuging CoveringArray::optimize*********
999.86/1000.38	total size : 152
999.86/1000.38	********End of Debuing CoveringArray::optimize********
