0.59/0.60	0.601655	236	0
0.59/0.60	0.602105	235	3
0.59/0.60	0.602364	234	5
0.59/0.60	0.603031	232	10
0.59/0.60	0.603237	231	11
0.59/0.60	0.603525	230	13
0.59/0.60	0.60389	229	17
0.59/0.60	0.604072	228	18
0.59/0.60	0.604585	227	22
0.59/0.60	0.605247	226	27
0.59/0.60	0.605918	225	33
0.59/0.61	0.607757	224	44
0.59/0.61	0.608667	223	51
0.59/0.61	0.610126	222	63
0.59/0.61	0.610393	221	65
0.59/0.61	0.610734	220	68
0.59/0.61	0.611255	219	73
0.59/0.61	0.612521	218	81
0.59/0.61	0.614218	217	89
0.59/0.61	0.615724	215	102
0.59/0.61	0.616624	214	108
0.59/0.61	0.617721	213	117
0.59/0.62	0.618288	212	122
0.59/0.62	0.618884	211	127
0.59/0.62	0.619268	210	130
0.59/0.62	0.620343	209	140
0.59/0.62	0.620884	208	147
0.59/0.62	0.621512	207	154
0.59/0.62	0.622167	206	159
0.59/0.62	0.623225	205	170
0.59/0.62	0.623476	204	172
0.59/0.62	0.624072	203	178
0.59/0.62	0.627123	202	202
0.59/0.63	0.628799	201	219
0.59/0.63	0.629276	200	223
0.59/0.63	0.630743	199	236
0.59/0.63	0.632301	198	250
0.59/0.63	0.635653	197	290
0.59/0.63	0.637647	196	312
0.59/0.64	0.639001	195	327
0.59/0.64	0.646208	194	375
0.59/0.64	0.647402	193	387
0.59/0.65	0.649539	192	410
0.59/0.65	0.652759	191	439
0.59/0.65	0.654001	190	453
0.59/0.65	0.655142	189	465
0.59/0.65	0.657689	188	494
0.59/0.66	0.66505	187	569
0.59/0.67	0.672131	186	629
0.59/0.67	0.673599	185	641
0.59/0.67	0.677521	184	670
0.59/0.68	0.683606	183	720
0.68/0.72	0.718822	182	1062
0.68/0.72	0.726717	181	1138
0.68/0.74	0.74733	180	1275
0.68/0.76	0.761549	179	1426
0.68/0.76	0.764274	178	1459
0.68/0.76	0.764688	177	1462
0.68/0.77	0.771159	176	1512
0.68/0.78	0.780483	175	1582
0.78/0.81	0.810299	174	1826
0.78/0.87	0.870793	173	2302
0.88/0.90	0.900893	172	2612
0.88/0.91	0.916071	171	2785
0.88/0.99	0.993516	170	3298
0.98/1.05	1.05587	169	3944
0.98/1.09	1.0881	168	4213
1.19/1.24	1.24752	167	5369
1.79/1.81	1.81744	166	8543
1.99/2.06	2.06403	165	10930
2.09/2.11	2.11127	164	11376
2.09/2.13	2.13516	163	11610
6.19/6.20	6.19954	162	36198
7.36/7.42	7.42699	161	42992
7.53/7.56	7.55952	160	44158
8.29/8.38	8.38656	159	48935
8.39/8.54	8.54632	158	50187
25.16/25.17	25.1724	157	127987
25.30/25.36	25.3574	156	129185
26.79/26.85	26.8536	155	139986
48.29/48.68	48.6815	154	229671
103.09/103.44	103.442	153	362914
