0.58/0.63	0.629674	222	0
0.58/0.63	0.630707	221	7
0.58/0.63	0.631016	220	9
0.58/0.63	0.631576	219	13
0.58/0.63	0.63302	218	20
0.58/0.64	0.634529	217	28
0.58/0.64	0.63572	216	38
0.58/0.64	0.63652	215	44
0.58/0.64	0.637463	214	50
0.58/0.64	0.638546	213	58
0.58/0.64	0.639282	212	63
0.58/0.64	0.640764	211	74
0.58/0.64	0.641473	210	79
0.58/0.64	0.64248	209	89
0.58/0.65	0.64508	208	107
0.58/0.65	0.645848	207	113
0.58/0.65	0.648286	206	132
0.58/0.65	0.649813	204	140
0.58/0.65	0.650775	203	150
0.58/0.65	0.652331	202	160
0.58/0.66	0.653663	201	168
0.58/0.66	0.655268	200	173
0.58/0.66	0.657618	199	188
0.58/0.66	0.659323	198	204
0.58/0.66	0.66056	197	213
0.58/0.66	0.661766	196	222
0.58/0.66	0.663051	195	232
0.58/0.67	0.669704	194	279
0.58/0.67	0.67045	193	284
0.58/0.68	0.677799	192	332
0.58/0.68	0.679542	191	343
0.58/0.69	0.683933	190	360
0.58/0.69	0.689862	189	399
0.58/0.69	0.691406	188	410
0.58/0.69	0.692071	187	415
0.58/0.70	0.693495	186	423
0.69/0.70	0.696075	185	445
0.69/0.70	0.698937	184	463
0.69/0.70	0.701099	183	476
0.69/0.71	0.708928	182	535
0.69/0.72	0.718586	181	627
0.69/0.73	0.725818	180	697
0.69/0.73	0.730785	179	739
0.69/0.74	0.739565	178	824
0.69/0.74	0.741879	177	845
0.69/0.78	0.777036	176	1187
0.69/0.79	0.786255	175	1260
0.69/0.79	0.791002	174	1307
0.79/0.83	0.829133	173	1653
0.79/0.84	0.843231	172	1763
0.88/0.94	0.937591	171	2316
0.88/0.94	0.941042	170	2344
0.88/0.95	0.949889	169	2417
1.08/1.13	1.12949	168	3721
1.08/1.16	1.15346	167	3894
1.08/1.19	1.19215	166	4219
1.18/1.23	1.2329	165	4537
1.18/1.24	1.23904	164	4582
1.18/1.33	1.33227	163	5215
1.18/1.41	1.41173	162	5765
1.18/1.69	1.68612	161	8025
1.78/1.88	1.88314	160	9710
2.09/2.18	2.18022	159	11497
3.68/3.78	3.77774	158	20654
3.98/4.08	4.07544	157	22815
4.24/4.48	4.4791	156	25664
11.58/11.60	11.5991	155	49475
53.28/53.36	53.356	154	224959
154.38/154.46	154.454	153	560507
594.97/595.09	595.067	152	1649446
1000.22/1000.38	********Debuging CoveringArray::optimize*********
1000.22/1000.38	total size : 152
1000.22/1000.38	********End of Debuing CoveringArray::optimize********
