0.00/0.64	0.643481	230	0
0.00/0.64	0.644427	229	6
0.00/0.64	0.645025	227	9
0.00/0.64	0.645438	225	11
0.00/0.64	0.645896	223	14
0.00/0.64	0.646704	221	19
0.00/0.64	0.647264	220	24
0.64/0.64	0.647641	219	27
0.64/0.65	0.648168	218	32
0.64/0.65	0.649076	217	39
0.64/0.65	0.65114	216	67
0.64/0.65	0.651986	215	73
0.64/0.65	0.652641	214	77
0.64/0.65	0.653334	213	83
0.64/0.65	0.65405	212	90
0.64/0.65	0.654723	211	96
0.64/0.65	0.655574	210	107
0.64/0.65	0.656155	209	111
0.64/0.65	0.657234	208	121
0.64/0.66	0.658699	206	132
0.64/0.66	0.659449	205	139
0.64/0.66	0.660914	204	151
0.64/0.66	0.663578	203	177
0.64/0.66	0.66387	202	179
0.64/0.66	0.66528	201	194
0.64/0.67	0.667986	200	218
0.64/0.67	0.669093	199	228
0.64/0.67	0.67128	198	249
0.64/0.67	0.674573	197	277
0.64/0.67	0.676042	196	291
0.64/0.67	0.676745	195	296
0.64/0.68	0.678713	194	318
0.64/0.68	0.679875	193	330
0.64/0.68	0.680353	192	334
0.64/0.68	0.681663	191	347
0.64/0.68	0.686099	190	384
0.64/0.69	0.688898	189	411
0.64/0.69	0.691216	188	439
0.64/0.69	0.693623	187	457
0.69/0.70	0.698033	186	505
0.69/0.70	0.701923	185	542
0.69/0.71	0.709184	184	603
0.69/0.71	0.713936	183	650
0.69/0.71	0.715441	182	665
0.69/0.72	0.724782	181	755
0.69/0.72	0.72643	180	765
0.69/0.74	0.741287	179	921
0.69/0.75	0.749702	178	1021
0.69/0.75	0.751108	177	1033
0.69/0.75	0.755123	176	1077
0.69/0.77	0.768174	175	1229
0.69/0.77	0.775109	174	1310
0.69/0.79	0.79488	173	1474
0.79/0.80	0.803345	172	1547
0.79/0.80	0.806837	171	1589
0.79/0.81	0.807974	170	1600
0.79/0.82	0.82335	169	1753
0.79/0.84	0.842974	168	1962
0.79/0.85	0.849146	167	2029
0.79/0.89	0.893933	166	2488
0.89/0.95	0.948102	165	3017
0.99/1.02	1.02114	164	3699
0.99/1.08	1.08334	163	4196
0.99/1.09	1.09411	162	4313
2.09/2.10	2.10037	161	10854
2.19/2.26	2.26192	160	12351
2.19/2.28	2.28423	159	12580
3.09/3.18	3.17847	158	20061
3.89/4.17	4.17622	157	27736
11.29/11.74	11.7457	156	68635
12.49/12.51	12.5116	155	74162
57.89/57.96	57.9646	154	250069
64.29/64.49	64.4922	153	281424
692.56/692.60	692.576	152	1810341
