0.59/0.65	0.656353	226	0
0.59/0.66	0.657807	225	8
0.59/0.66	0.658254	224	12
0.59/0.66	0.65885	223	18
0.59/0.66	0.659751	222	23
0.59/0.66	0.660473	221	29
0.59/0.66	0.661514	219	34
0.59/0.66	0.661755	218	36
0.59/0.66	0.662618	217	44
0.59/0.66	0.662824	216	45
0.59/0.66	0.663558	215	51
0.59/0.66	0.664484	214	58
0.59/0.66	0.665932	213	67
0.59/0.66	0.666456	212	73
0.59/0.66	0.667135	211	78
0.59/0.67	0.668406	210	86
0.59/0.67	0.669659	209	95
0.59/0.67	0.670198	208	100
0.59/0.67	0.6711	207	107
0.59/0.67	0.671972	206	113
0.59/0.67	0.673869	204	124
0.59/0.67	0.674447	203	129
0.59/0.67	0.675669	202	140
0.59/0.67	0.676536	201	147
0.59/0.67	0.677174	200	153
0.59/0.68	0.67877	199	160
0.59/0.68	0.679962	198	172
0.59/0.68	0.681119	197	178
0.59/0.68	0.685562	196	206
0.59/0.68	0.687165	195	225
0.59/0.69	0.688139	194	231
0.59/0.69	0.689648	193	247
0.59/0.69	0.690306	192	254
0.59/0.69	0.691635	191	265
0.59/0.69	0.693347	190	281
0.59/0.69	0.696192	189	306
0.69/0.70	0.698118	188	323
0.69/0.70	0.700678	187	351
0.69/0.70	0.70349	186	386
0.69/0.70	0.706522	185	417
0.69/0.71	0.707754	184	428
0.69/0.71	0.709836	183	450
0.69/0.71	0.715813	182	523
0.69/0.71	0.717216	181	537
0.69/0.72	0.722166	180	586
0.69/0.73	0.732353	179	672
0.69/0.73	0.73718	178	721
0.69/0.74	0.738752	177	739
0.69/0.74	0.746807	176	800
0.69/0.76	0.765548	175	990
0.69/0.77	0.775813	174	1094
0.69/0.79	0.788994	173	1211
0.79/0.80	0.799115	172	1310
0.79/0.81	0.808334	171	1402
0.79/0.82	0.82528	170	1567
0.79/0.83	0.82989	169	1598
0.89/0.93	0.933119	168	2519
0.89/0.93	0.935398	167	2541
0.89/1.00	0.997967	166	2999
1.00/1.11	1.10899	165	3902
1.20/1.25	1.2518	164	5158
1.39/1.48	1.48237	163	7219
2.20/2.28	2.27939	162	13778
2.39/2.44	2.44357	161	15230
2.68/2.70	2.69798	160	17220
2.68/2.74	2.74173	159	17676
3.69/3.78	3.78597	158	25009
6.39/6.49	6.48966	157	42605
9.59/9.64	9.64565	156	60062
9.69/9.75	9.75404	155	61078
37.99/38.05	38.0498	154	177823
39.69/40.11	40.1141	153	188310
44.19/44.54	44.5383	152	215067
