0.59/0.64	0.644121	231	0
0.59/0.64	0.644865	230	7
0.59/0.64	0.645847	229	14
0.59/0.64	0.646414	228	17
0.59/0.64	0.647039	227	21
0.59/0.65	0.647874	225	26
0.59/0.65	0.64929	223	35
0.59/0.65	0.650392	222	42
0.59/0.65	0.65073	221	44
0.59/0.65	0.651445	220	50
0.59/0.65	0.652012	219	54
0.59/0.65	0.652613	218	58
0.59/0.65	0.653156	217	62
0.59/0.65	0.654388	216	72
0.59/0.65	0.654942	215	78
0.59/0.65	0.655389	214	82
0.59/0.65	0.655672	213	84
0.59/0.65	0.656237	212	88
0.59/0.65	0.656868	211	93
0.59/0.65	0.657292	210	97
0.59/0.65	0.657615	209	99
0.59/0.66	0.658109	208	104
0.59/0.66	0.659002	207	110
0.59/0.66	0.659624	206	114
0.59/0.66	0.660602	205	122
0.59/0.66	0.661283	204	128
0.59/0.66	0.66383	203	155
0.59/0.66	0.665899	202	176
0.59/0.67	0.669075	201	215
0.59/0.67	0.669625	200	220
0.59/0.67	0.669995	199	223
0.59/0.67	0.670451	198	227
0.59/0.67	0.67136	197	235
0.59/0.67	0.67417	196	263
0.59/0.67	0.676219	195	271
0.59/0.67	0.676772	194	276
0.59/0.68	0.681584	193	326
0.59/0.68	0.684659	192	346
0.59/0.68	0.687262	191	360
0.59/0.69	0.691025	190	385
0.59/0.69	0.694871	189	426
0.59/0.69	0.695561	188	430
0.69/0.70	0.700933	187	492
0.69/0.70	0.703453	186	513
0.69/0.70	0.70707	185	543
0.69/0.71	0.709616	184	573
0.69/0.71	0.711507	183	587
0.69/0.71	0.714151	182	604
0.69/0.71	0.717242	181	629
0.69/0.72	0.721057	180	671
0.69/0.72	0.726875	179	733
0.69/0.75	0.749768	178	955
0.69/0.76	0.758414	177	1024
0.69/0.77	0.776414	176	1191
0.69/0.78	0.780387	175	1228
0.69/0.79	0.791384	174	1341
0.79/0.81	0.810065	173	1482
0.79/0.91	0.916707	172	2111
0.79/0.93	0.929105	171	2219
0.93/0.96	0.967321	170	2643
0.93/0.97	0.974094	169	2701
0.93/0.99	0.988033	168	2836
0.93/1.07	1.07496	167	3730
1.10/1.12	1.12385	166	4151
1.20/1.26	1.26755	165	5384
1.30/1.31	1.31404	164	5813
1.30/1.33	1.32897	163	5984
1.30/1.37	1.37288	162	6301
2.08/2.49	2.49084	161	13793
2.57/2.58	2.58545	160	14468
4.29/4.33	4.33207	159	24096
6.41/6.88	6.88289	158	38003
18.89/18.97	18.9762	157	90510
20.49/20.53	20.5346	156	100188
26.99/27.20	27.1989	155	137941
131.68/132.16	132.161	154	496669
135.49/135.52	135.517	153	508667
514.76/514.84	514.811	152	1536104
