57.58/57.68	57.6784	1890	0
64.18/64.24	64.2382	1889	1
70.78/70.80	70.7995	1887	2
77.78/77.83	77.8247	1886	3
84.80/84.86	84.8567	1885	4
91.52/91.56	91.5582	1884	5
98.28/98.33	98.3262	1883	6
105.18/105.28	105.278	1882	7
111.78/111.85	111.846	1881	8
118.38/118.43	118.421	1880	9
124.88/124.99	124.979	1879	10
131.48/131.54	131.532	1878	11
137.98/138.09	138.081	1877	13
144.88/144.91	144.907	1875	14
151.38/151.40	151.395	1874	15
157.51/157.59	157.58	1873	16
163.88/163.91	163.897	1872	17
170.38/170.41	170.405	1871	19
176.78/176.87	176.863	1870	20
183.28/183.33	183.317	1869	21
189.48/189.56	189.55	1868	22
195.78/195.84	195.831	1867	23
201.87/201.96	201.955	1866	24
208.02/208.10	208.095	1865	25
214.37/214.43	214.424	1864	26
220.48/220.54	220.529	1863	27
226.58/226.63	226.619	1862	28
232.68/232.77	232.76	1861	29
239.28/239.32	239.31	1860	30
245.68/245.73	245.72	1859	31
252.00/252.11	252.103	1858	32
258.47/258.51	258.501	1857	34
264.78/264.85	264.843	1856	36
271.08/271.15	271.135	1855	37
277.17/277.28	277.271	1854	38
283.47/283.52	283.504	1853	39
290.37/290.41	290.398	1852	40
296.68/296.75	296.737	1851	41
303.08/303.10	303.09	1850	42
309.38/309.45	309.434	1849	43
315.68/315.77	315.762	1848	44
322.08/322.12	322.11	1847	45
328.38/328.40	328.386	1846	46
334.60/334.67	334.656	1845	47
340.97/341.01	340.993	1844	48
347.27/347.33	347.32	1843	49
353.57/353.62	353.606	1842	50
359.81/359.92	359.908	1841	51
366.17/366.20	366.189	1840	52
372.37/372.42	372.407	1839	53
378.27/378.38	378.361	1838	55
384.37/384.40	384.381	1837	56
390.37/390.40	390.384	1836	57
396.47/396.58	396.566	1835	58
402.97/403.03	403.01	1834	59
409.07/409.19	409.173	1833	60
415.27/415.38	415.36	1832	61
421.27/421.35	421.335	1831	64
427.77/427.84	427.819	1830	65
434.07/434.19	434.173	1829	66
440.47/440.55	440.537	1828	67
446.57/446.70	446.686	1827	69
452.77/452.89	452.869	1826	70
459.27/459.30	459.282	1825	72
465.87/465.91	465.895	1824	75
472.02/472.11	472.087	1823	76
478.47/478.58	478.565	1822	78
484.66/484.77	484.752	1821	79
491.07/491.12	491.098	1820	81
497.17/497.28	497.256	1819	82
503.37/503.46	503.437	1818	86
509.57/509.65	509.634	1817	88
515.67/515.75	515.729	1816	89
521.96/522.02	521.996	1815	90
528.11/528.18	528.157	1814	91
534.17/534.28	534.263	1813	94
540.46/540.58	540.56	1812	95
546.90/546.94	546.923	1811	98
553.27/553.35	553.33	1810	100
559.47/559.54	559.521	1809	102
565.37/565.49	565.471	1808	105
571.67/571.74	571.716	1807	111
577.97/578.09	578.068	1806	113
583.97/584.09	584.064	1805	116
590.47/590.55	590.527	1804	120
596.87/596.91	596.883	1803	121
603.66/603.78	603.759	1802	123
610.06/610.15	610.126	1801	126
615.97/616.12	616.101	1800	128
622.16/622.24	622.214	1799	131
628.20/628.29	628.265	1798	133
634.36/634.48	634.458	1797	135
640.67/640.76	640.733	1796	140
646.66/646.76	646.737	1795	143
652.67/652.74	652.718	1794	145
658.47/658.52	658.492	1793	147
664.27/664.35	664.326	1792	149
670.17/670.21	670.189	1791	151
676.17/676.24	676.216	1790	155
682.19/682.23	682.201	1789	157
688.07/688.19	688.169	1788	160
694.07/694.13	694.103	1787	165
700.06/700.13	700.107	1786	168
705.96/706.09	706.069	1785	170
711.96/712.09	712.063	1784	173
717.96/718.03	718.004	1783	175
723.89/723.96	723.93	1782	177
729.76/729.88	729.852	1781	179
735.56/735.62	735.592	1780	184
741.26/741.31	741.28	1779	186
746.76/746.89	746.865	1778	188
752.66/752.72	752.698	1777	191
758.56/758.67	758.641	1776	194
764.26/764.39	764.36	1775	198
769.76/769.83	769.804	1774	200
775.16/775.21	775.187	1773	201
780.56/780.61	780.586	1772	204
786.06/786.18	786.149	1771	207
791.76/791.88	791.851	1770	210
797.46/797.61	797.58	1769	214
803.08/803.15	803.116	1768	217
808.76/808.84	808.808	1767	221
814.18/814.27	814.243	1766	222
819.86/819.93	819.903	1765	231
825.26/825.32	825.293	1764	234
830.86/830.93	830.898	1763	235
836.76/836.89	836.856	1762	238
843.06/843.16	843.128	1761	241
848.96/849.02	848.992	1760	250
854.78/854.84	854.813	1759	253
860.75/860.83	860.796	1758	261
866.66/866.77	866.735	1757	262
873.05/873.13	873.103	1756	267
878.85/878.98	878.949	1755	270
884.35/884.42	884.392	1754	273
889.66/889.71	889.677	1753	276
894.96/895.00	894.973	1752	277
900.45/900.52	900.49	1751	280
905.95/906.08	906.048	1750	284
911.55/911.60	911.571	1749	288
917.05/917.15	917.114	1748	293
922.35/922.46	922.425	1747	298
927.65/927.71	927.676	1746	301
932.75/932.93	932.896	1745	303
938.56/938.65	938.618	1744	304
943.76/943.81	943.777	1743	305
949.48/949.56	949.524	1742	306
954.97/955.03	954.997	1741	311
960.66/960.73	960.7	1740	316
966.00/966.09	966.06	1739	319
971.39/971.45	971.42	1738	322
976.65/976.79	976.756	1737	323
981.95/982.08	982.048	1736	327
987.25/987.31	987.273	1735	328
992.55/992.68	992.645	1734	329
998.05/998.14	998.106	1733	332
