55.19/55.21	55.2123	1887	0
61.69/61.76	61.7582	1886	2
68.10/68.18	68.1839	1885	3
74.70/74.73	74.7288	1884	4
81.30/81.33	81.3298	1883	5
87.79/87.89	87.8848	1882	6
94.29/94.35	94.3501	1881	7
100.78/100.85	100.844	1880	8
107.28/107.31	107.303	1879	9
113.68/113.77	113.771	1878	10
120.08/120.14	120.134	1877	11
126.58/126.62	126.615	1876	12
133.00/133.03	133.031	1875	13
139.38/139.46	139.462	1874	14
145.88/145.95	145.951	1873	15
152.28/152.36	152.36	1872	16
158.58/158.62	158.619	1871	17
165.00/165.02	165.021	1870	18
171.38/171.47	171.465	1869	19
177.78/177.85	177.844	1868	21
183.98/184.04	184.039	1867	22
190.08/190.15	190.147	1866	23
196.18/196.26	196.257	1865	24
202.29/202.37	202.366	1864	25
208.48/208.52	208.512	1863	26
214.78/214.80	214.793	1862	27
220.99/221.09	221.081	1861	28
227.38/227.43	227.424	1860	29
233.68/233.75	233.744	1859	30
239.79/239.87	239.865	1858	31
246.08/246.10	246.098	1857	32
252.38/252.43	252.422	1856	33
258.78/258.83	258.828	1855	34
264.99/265.06	265.049	1854	35
271.18/271.26	271.256	1853	36
277.58/277.63	277.62	1852	37
283.79/283.84	283.836	1851	38
290.08/290.18	290.174	1850	39
296.38/296.46	296.457	1849	40
302.68/302.72	302.717	1848	42
308.68/308.74	308.735	1847	43
314.68/314.74	314.734	1846	44
320.68/320.77	320.758	1845	45
326.88/326.98	326.976	1844	52
332.98/333.08	333.077	1843	53
339.18/339.24	339.236	1842	54
345.39/345.45	345.44	1841	55
351.58/351.60	351.596	1840	56
357.68/357.79	357.783	1839	57
363.88/363.91	363.897	1838	58
369.98/370.04	370.028	1837	59
376.19/376.24	376.228	1836	60
382.18/382.26	382.253	1835	62
388.38/388.47	388.456	1834	63
394.58/394.63	394.623	1833	64
400.68/400.74	400.727	1832	65
406.78/406.80	406.791	1831	66
412.78/412.86	412.845	1830	67
418.88/418.96	418.945	1829	68
424.98/425.04	425.032	1828	69
430.98/431.08	431.073	1827	70
437.08/437.19	437.183	1826	71
443.08/443.17	443.161	1825	72
449.18/449.25	449.239	1824	73
455.39/455.48	455.47	1823	76
461.47/461.54	461.532	1822	78
467.57/467.61	467.598	1821	79
473.67/473.73	473.721	1820	81
479.67/479.73	479.713	1819	82
485.78/485.88	485.866	1818	87
492.08/492.19	492.174	1817	97
497.98/498.09	498.079	1816	98
503.98/504.04	504.023	1815	101
509.88/509.98	509.968	1814	103
515.79/515.88	515.87	1813	104
521.78/521.89	521.874	1812	105
527.89/527.93	527.919	1811	107
533.88/533.95	533.935	1810	109
539.88/539.94	539.921	1809	111
545.68/545.74	545.721	1808	113
551.68/551.71	551.697	1807	115
557.59/557.66	557.646	1806	116
563.58/563.66	563.643	1805	118
569.68/569.73	569.713	1804	120
575.68/575.73	575.713	1803	122
581.58/581.68	581.665	1802	124
587.68/587.77	587.756	1801	127
593.68/593.77	593.751	1799	129
599.68/599.76	599.744	1798	131
605.58/605.62	605.6	1797	133
611.48/611.52	611.507	1796	134
617.38/617.44	617.421	1795	136
623.28/623.39	623.371	1794	138
629.28/629.34	629.32	1793	140
635.08/635.16	635.141	1792	142
640.88/640.96	640.947	1791	143
646.88/646.95	646.929	1790	147
652.78/652.80	652.779	1789	149
658.58/658.67	658.648	1788	151
664.38/664.44	664.421	1787	153
670.17/670.26	670.243	1786	155
676.07/676.15	676.133	1785	157
681.98/682.09	682.077	1784	160
687.87/687.97	687.949	1783	161
693.77/693.80	693.779	1782	166
699.67/699.78	699.757	1781	171
705.57/705.63	705.614	1780	174
711.37/711.41	711.393	1779	176
717.08/717.19	717.175	1778	178
722.97/723.00	722.977	1777	181
728.67/728.75	728.728	1776	182
734.68/734.75	734.728	1775	192
740.37/740.49	740.474	1774	194
746.07/746.13	746.105	1773	196
751.87/751.92	751.897	1772	199
757.66/757.77	757.746	1771	202
763.47/763.55	763.528	1770	204
769.27/769.38	769.355	1769	208
775.07/775.15	775.127	1768	210
780.88/780.96	780.934	1767	214
786.57/786.64	786.622	1766	216
792.37/792.40	792.378	1765	218
797.96/798.09	798.065	1764	221
803.76/803.88	803.858	1763	224
809.66/809.70	809.676	1762	228
815.36/815.46	815.437	1761	231
820.96/821.06	821.037	1760	232
826.66/826.77	826.752	1759	234
832.46/832.57	832.549	1757	239
838.07/838.16	838.141	1756	240
843.76/843.85	843.829	1755	241
849.56/849.63	849.612	1754	244
855.16/855.29	855.271	1753	247
860.86/860.98	860.96	1752	249
866.56/866.67	866.648	1751	252
872.27/872.31	872.286	1750	255
877.77/877.88	877.854	1749	257
883.36/883.43	883.402	1748	260
889.16/889.22	889.199	1747	265
894.66/894.77	894.742	1746	266
900.36/900.45	900.424	1745	269
905.86/905.95	905.928	1744	273
911.46/911.57	911.544	1743	277
917.06/917.13	917.109	1742	280
922.46/922.51	922.487	1741	282
927.96/928.05	928.021	1740	285
933.56/933.68	933.66	1739	290
939.06/939.17	939.14	1738	293
944.46/944.56	944.539	1737	295
950.16/950.20	950.172	1736	298
955.66/955.79	955.763	1735	301
961.46/961.50	961.471	1734	309
966.87/966.97	966.94	1733	311
972.56/972.60	972.573	1732	315
978.16/978.20	978.175	1731	318
983.66/983.78	983.751	1730	321
989.26/989.31	989.285	1729	324
994.86/994.96	994.935	1728	330
