53.19/53.29	53.2928	1900	0
59.49/59.52	59.5198	1899	1
65.69/65.73	65.7279	1898	2
71.99/72.01	72.0088	1897	3
78.29/78.37	78.3708	1896	4
84.60/84.67	84.6722	1895	5
90.89/90.98	90.9761	1894	6
97.19/97.21	97.2082	1893	7
103.40/103.45	103.444	1892	8
109.59/109.61	109.612	1891	9
115.79/115.81	115.809	1890	10
121.89/121.99	121.984	1889	11
128.09/128.19	128.188	1888	12
134.20/134.28	134.282	1887	14
140.38/140.42	140.415	1886	15
146.58/146.63	146.63	1885	16
152.68/152.74	152.739	1884	17
158.78/158.84	158.835	1883	18
164.99/165.01	165.01	1882	19
170.98/171.06	171.057	1881	20
177.09/177.13	177.123	1880	21
183.18/183.23	183.223	1879	22
189.19/189.27	189.268	1878	23
195.38/195.49	195.49	1877	24
201.48/201.56	201.56	1876	25
207.58/207.62	207.615	1875	26
213.68/213.70	213.692	1874	27
219.68/219.79	219.784	1873	28
225.78/225.83	225.826	1872	29
231.88/231.91	231.91	1871	30
237.98/238.06	238.059	1870	31
244.38/244.49	244.483	1869	32
251.68/251.78	251.774	1868	33
257.98/258.06	258.053	1867	35
263.98/264.09	264.088	1866	36
270.18/270.23	270.228	1865	37
276.18/276.25	276.245	1864	38
282.28/282.32	282.318	1863	39
288.19/288.29	288.286	1862	40
294.58/294.62	294.617	1861	41
300.98/301.04	301.03	1860	42
306.98/307.01	306.998	1859	43
313.39/313.42	313.414	1858	44
319.38/319.45	319.442	1857	45
325.59/325.64	325.63	1856	46
332.28/332.33	332.317	1855	47
338.38/338.43	338.42	1854	48
344.78/344.84	344.83	1853	49
351.89/351.98	351.97	1852	50
357.98/358.01	358.003	1851	51
363.99/364.09	364.082	1850	52
370.48/370.57	370.559	1849	53
376.38/376.42	376.413	1848	54
382.48/382.50	382.49	1847	55
388.29/388.35	388.345	1846	56
394.38/394.40	394.391	1845	57
400.77/400.82	400.813	1844	58
406.68/406.70	406.693	1843	59
412.88/412.96	412.945	1842	60
419.09/419.16	419.145	1841	61
425.47/425.55	425.535	1840	62
431.48/431.58	431.573	1839	63
437.78/437.83	437.818	1838	64
443.88/443.91	443.897	1837	65
451.18/451.27	451.254	1836	66
458.07/458.19	458.181	1835	67
464.08/464.18	464.166	1834	68
469.88/469.90	469.887	1833	69
475.58/475.62	475.603	1832	70
481.18/481.29	481.277	1831	71
486.88/486.97	486.953	1830	72
492.58/492.66	492.651	1829	73
498.98/499.01	498.996	1828	75
504.68/504.74	504.729	1827	76
510.57/510.60	510.588	1826	77
516.58/516.61	516.595	1825	78
522.77/522.86	522.848	1824	79
529.27/529.36	529.35	1823	80
534.87/534.91	534.899	1822	81
540.37/540.45	540.437	1821	82
545.97/546.00	545.987	1820	84
551.47/551.52	551.502	1819	86
557.77/557.81	557.791	1818	87
563.27/563.39	563.371	1817	88
568.87/568.90	568.884	1816	89
574.37/574.40	574.382	1815	90
579.87/579.90	579.885	1814	91
585.27/585.38	585.361	1813	92
590.97/591.00	590.978	1812	94
596.37/596.48	596.46	1811	95
602.37/602.43	602.414	1810	97
607.87/607.93	607.909	1809	99
613.67/613.76	613.744	1808	101
619.28/619.35	619.326	1807	102
624.78/624.90	624.874	1806	104
630.96/631.02	631.003	1805	106
636.77/636.87	636.849	1804	108
642.66/642.72	642.697	1803	110
648.26/648.34	648.317	1802	112
653.87/653.96	653.936	1801	115
659.47/659.53	659.512	1800	117
664.87/664.93	664.903	1799	119
670.47/670.53	670.506	1798	124
675.97/676.05	676.022	1797	128
681.47/681.54	681.515	1796	132
686.97/687.03	687	1795	134
692.56/692.63	692.603	1794	137
697.96/698.06	698.036	1793	140
704.16/704.20	704.174	1792	142
709.66/709.70	709.671	1791	144
715.06/715.14	715.114	1790	145
720.76/720.89	720.859	1789	147
726.36/726.48	726.452	1788	149
732.47/732.52	732.492	1787	151
737.86/737.98	737.951	1786	152
743.36/743.50	743.473	1785	156
749.07/749.19	749.167	1784	166
754.66/754.74	754.712	1783	170
760.46/760.56	760.537	1782	172
766.06/766.19	766.158	1781	175
771.56/771.69	771.661	1780	177
777.06/777.17	777.14	1779	179
782.66/782.75	782.722	1778	184
788.06/788.11	788.081	1777	186
793.46/793.57	793.545	1776	188
798.96/799.01	798.985	1775	190
804.56/804.60	804.575	1774	196
809.86/809.97	809.94	1773	198
815.36/815.43	815.397	1772	199
820.66/820.77	820.738	1771	201
826.16/826.22	826.192	1770	203
831.66/831.78	831.746	1769	206
837.06/837.16	837.133	1768	208
842.46/842.50	842.475	1767	210
847.96/848.07	848.043	1766	215
853.56/853.65	853.616	1765	219
858.96/859.03	859.004	1764	220
864.25/864.39	864.359	1763	223
869.65/869.73	869.697	1762	225
874.95/875.09	875.063	1761	227
880.35/880.47	880.44	1760	232
885.95/886.09	886.058	1759	236
891.45/891.50	891.473	1758	238
896.75/896.86	896.825	1757	241
902.05/902.10	902.068	1756	244
907.36/907.48	907.449	1755	246
912.65/912.74	912.704	1754	248
917.85/917.99	917.956	1753	249
923.15/923.26	923.229	1752	250
928.45/928.57	928.54	1751	253
933.86/933.99	933.955	1750	258
939.15/939.26	939.225	1749	260
944.35/944.45	944.414	1748	261
949.66/949.72	949.689	1747	263
955.46/955.53	955.498	1746	287
960.86/960.95	960.914	1745	289
966.16/966.24	966.209	1744	291
971.27/971.36	971.332	1743	293
976.66/976.72	976.691	1742	296
981.95/982.07	982.037	1741	300
987.15/987.21	987.177	1740	301
992.65/992.75	992.712	1739	309
997.75/997.87	997.836	1738	312
