57.10/57.13	57.1259	1900	0
63.59/63.62	63.6184	1899	2
69.88/69.92	69.916	1898	3
76.59/76.63	76.6262	1897	4
83.39/83.42	83.4211	1896	5
89.99/90.09	90.091	1895	6
96.38/96.43	96.4311	1894	8
102.58/102.63	102.626	1893	9
109.19/109.26	109.263	1892	10
115.69/115.74	115.739	1891	11
121.89/121.93	121.928	1890	12
128.09/128.12	128.118	1889	14
134.79/134.84	134.835	1888	15
141.38/141.47	141.466	1887	16
147.59/147.60	147.596	1886	17
153.79/153.81	153.807	1885	18
160.28/160.36	160.353	1884	19
166.39/166.46	166.461	1883	20
172.99/173.03	173.023	1882	21
179.08/179.17	179.162	1881	22
186.78/186.83	186.83	1880	23
193.09/193.14	193.131	1879	24
199.19/199.23	199.224	1878	25
205.59/205.63	205.627	1877	26
212.29/212.37	212.366	1876	27
218.49/218.58	218.573	1875	28
224.58/224.65	224.642	1874	29
231.68/231.75	231.741	1873	30
240.38/240.47	240.467	1872	31
246.98/247.02	247.018	1871	32
253.18/253.20	253.192	1870	33
259.08/259.18	259.169	1869	34
265.09/265.15	265.14	1868	35
271.08/271.13	271.121	1867	37
277.09/277.17	277.165	1866	38
282.88/282.98	282.977	1865	39
288.68/288.78	288.769	1864	40
294.69/294.72	294.712	1863	41
300.68/300.74	300.731	1862	42
306.98/307.02	307.016	1861	43
312.98/313.09	313.083	1860	44
319.08/319.18	319.173	1859	45
325.18/325.23	325.22	1858	46
331.18/331.28	331.27	1857	47
337.18/337.29	337.284	1856	48
343.28/343.31	343.296	1855	49
349.28/349.30	349.287	1854	50
355.08/355.13	355.12	1853	51
360.88/360.97	360.963	1852	52
366.87/366.98	366.971	1851	53
373.37/373.41	373.399	1850	54
380.17/380.21	380.198	1849	55
387.37/387.47	387.46	1848	56
393.37/393.45	393.437	1847	57
399.37/399.50	399.484	1846	58
405.57/405.62	405.614	1845	59
411.57/411.61	411.595	1844	60
418.37/418.45	418.443	1843	61
424.27/424.38	424.364	1842	62
430.27/430.33	430.317	1841	63
436.48/436.55	436.54	1840	64
442.67/442.70	442.685	1839	65
448.57/448.63	448.614	1838	66
454.68/454.71	454.696	1837	67
460.88/460.96	460.942	1836	68
467.38/467.41	467.398	1835	69
473.68/473.76	473.75	1834	70
479.97/480.00	479.989	1833	71
485.98/486.02	486.007	1832	73
492.07/492.15	492.134	1831	74
498.07/498.16	498.146	1830	75
506.48/506.52	506.503	1829	76
512.88/512.92	512.904	1828	77
519.08/519.12	519.108	1827	78
525.27/525.37	525.355	1826	79
531.78/531.83	531.817	1825	80
537.88/537.95	537.936	1824	81
543.87/543.96	543.941	1823	82
550.18/550.22	550.207	1822	83
556.07/556.18	556.16	1821	84
562.97/563.09	563.077	1820	85
569.78/569.82	569.802	1819	86
575.68/575.70	575.688	1818	88
581.67/581.70	581.679	1817	90
587.58/587.67	587.649	1816	92
593.68/593.77	593.756	1815	94
599.87/599.90	599.884	1814	96
606.37/606.47	606.456	1813	99
612.57/612.63	612.612	1812	101
618.77/618.84	618.824	1811	103
624.78/624.84	624.819	1810	105
630.56/630.66	630.64	1809	107
636.46/636.53	636.511	1808	109
642.38/642.46	642.443	1807	111
648.88/648.94	648.918	1806	113
654.87/654.90	654.879	1805	115
660.77/660.81	660.795	1804	117
666.58/666.65	666.632	1803	119
672.27/672.39	672.369	1802	121
678.58/678.62	678.596	1801	122
684.47/684.53	684.508	1800	125
690.17/690.25	690.225	1799	127
695.87/695.94	695.921	1798	129
702.78/702.82	702.8	1797	130
708.17/708.26	708.241	1796	131
713.88/713.91	713.892	1795	133
719.97/720.08	720.055	1794	137
725.77/725.84	725.823	1793	139
731.48/731.55	731.528	1792	143
736.87/737.00	736.979	1791	145
742.56/742.66	742.643	1790	148
748.46/748.55	748.531	1789	150
754.17/754.20	754.176	1788	152
759.77/759.85	759.828	1787	156
765.97/766.07	766.045	1786	158
771.66/771.77	771.744	1785	160
777.68/777.78	777.76	1784	162
783.66/783.74	783.72	1783	164
789.27/789.33	789.303	1782	166
795.37/795.44	795.414	1781	169
801.06/801.15	801.125	1780	171
806.77/806.85	806.826	1779	173
812.67/812.72	812.694	1778	176
818.27/818.33	818.311	1777	180
823.66/823.74	823.713	1776	182
830.56/830.61	830.581	1775	184
836.07/836.19	836.168	1774	186
842.07/842.10	842.076	1773	189
847.67/847.79	847.766	1772	192
853.17/853.25	853.229	1771	194
858.57/858.64	858.615	1770	196
863.96/864.09	864.069	1769	200
869.46/869.51	869.482	1768	203
874.86/874.91	874.887	1767	206
880.16/880.29	880.264	1766	208
885.56/885.66	885.633	1765	210
891.36/891.46	891.431	1764	214
897.57/897.64	897.612	1763	216
902.97/903.06	903.031	1762	220
908.36/908.46	908.437	1761	222
913.86/913.93	913.9	1760	225
919.36/919.41	919.388	1759	231
924.76/924.85	924.826	1758	235
929.96/930.09	930.063	1757	239
935.16/935.23	935.207	1756	241
940.37/940.45	940.42	1755	245
945.46/945.57	945.546	1754	247
950.66/950.79	950.761	1753	249
955.96/956.08	956.054	1752	251
961.56/961.62	961.59	1751	258
967.06/967.10	967.076	1750	262
972.56/972.64	972.609	1749	263
978.06/978.17	978.145	1748	269
983.56/983.63	983.601	1747	272
988.87/988.91	988.877	1746	275
994.06/994.17	994.143	1745	276
999.96/1000.09	1000.06	1744	277
