56.19/56.26	56.2593	1907	0
62.79/62.82	62.8153	1906	1
69.29/69.32	69.3167	1905	2
75.58/75.63	75.6233	1904	3
82.58/82.61	82.6103	1903	4
89.18/89.20	89.1957	1902	5
95.79/95.84	95.8328	1901	6
102.79/102.89	102.881	1900	8
109.58/109.67	109.668	1899	9
115.78/115.85	115.847	1898	10
123.09/123.10	123.097	1897	11
129.98/130.08	130.077	1896	12
137.18/137.26	137.25	1895	13
143.99/144.04	144.037	1894	14
151.18/151.28	151.275	1893	15
158.48/158.58	158.576	1892	16
165.08/165.17	165.161	1891	17
171.59/171.66	171.651	1890	18
178.08/178.15	178.14	1889	19
185.08/185.17	185.158	1888	20
191.77/191.88	191.874	1887	21
198.08/198.20	198.185	1886	22
204.98/205.03	205.022	1885	23
211.28/211.30	211.287	1884	24
217.47/217.58	217.571	1883	25
223.87/223.94	223.928	1882	26
231.17/231.29	231.277	1881	27
237.58/237.69	237.675	1880	28
243.88/243.90	243.892	1879	29
250.79/250.83	250.821	1878	30
257.18/257.25	257.238	1877	31
263.77/263.83	263.821	1876	32
270.28/270.30	270.29	1875	33
277.18/277.29	277.279	1874	34
283.78/283.89	283.874	1873	35
290.39/290.47	290.455	1872	36
297.18/297.29	297.272	1871	37
304.97/305.03	305.015	1870	38
311.77/311.85	311.831	1869	39
319.17/319.25	319.238	1868	40
325.77/325.88	325.861	1867	41
332.47/332.51	332.499	1866	42
339.07/339.18	339.167	1865	43
345.38/345.46	345.449	1864	45
352.47/352.58	352.568	1863	47
358.67/358.70	358.686	1862	48
364.97/365.07	365.052	1861	49
371.57/371.62	371.602	1860	50
378.07/378.14	378.128	1859	51
384.67/384.79	384.777	1858	52
391.08/391.17	391.154	1857	54
397.38/397.46	397.446	1856	55
403.86/403.91	403.888	1855	56
409.77/409.88	409.864	1854	57
415.78/415.82	415.802	1853	58
422.28/422.35	422.333	1852	60
428.57/428.63	428.613	1851	61
435.37/435.47	435.453	1850	62
442.18/442.23	442.211	1849	63
448.27/448.30	448.278	1848	64
454.67/454.71	454.692	1847	65
460.78/460.89	460.874	1846	70
467.87/467.99	467.969	1845	72
474.17/474.22	474.201	1844	73
480.87/480.98	480.957	1843	74
487.37/487.45	487.426	1842	75
493.56/493.61	493.587	1841	76
499.56/499.61	499.591	1840	77
505.37/505.40	505.375	1839	78
511.47/511.59	511.565	1838	79
518.57/518.68	518.66	1837	80
524.97/525.03	525.002	1836	82
531.37/531.40	531.378	1835	83
537.57/537.64	537.617	1834	85
543.26/543.39	543.368	1833	86
549.06/549.15	549.128	1832	87
555.16/555.27	555.24	1831	88
561.56/561.65	561.628	1830	90
567.26/567.35	567.326	1829	91
573.66/573.71	573.684	1828	93
580.16/580.21	580.185	1827	95
586.27/586.33	586.299	1826	98
592.46/592.56	592.529	1825	100
598.46/598.58	598.547	1824	102
604.97/605.05	605.017	1823	104
611.16/611.21	611.182	1822	105
617.36/617.46	617.433	1821	107
624.45/624.57	624.539	1820	110
630.56/630.64	630.606	1819	113
636.56/636.69	636.663	1818	115
642.95/643.03	642.997	1817	116
649.45/649.52	649.49	1816	118
656.06/656.14	656.107	1815	120
663.27/663.36	663.33	1814	123
669.76/669.83	669.798	1813	124
676.56/676.67	676.641	1812	127
683.06/683.11	683.081	1811	129
689.36/689.43	689.393	1810	131
695.36/695.49	695.452	1809	133
701.45/701.53	701.496	1808	135
707.75/707.82	707.788	1807	137
713.86/713.95	713.916	1806	139
720.65/720.72	720.686	1805	141
727.15/727.29	727.253	1804	143
733.06/733.11	733.077	1803	145
738.96/739.07	739.038	1802	146
744.85/744.96	744.925	1801	149
750.75/750.87	750.835	1800	151
756.85/756.92	756.884	1799	153
762.85/762.95	762.913	1798	155
768.55/768.63	768.594	1797	157
774.55/774.69	774.658	1796	159
780.75/780.82	780.782	1795	162
786.95/787.06	787.02	1794	164
792.75/792.83	792.795	1793	166
798.65/798.74	798.706	1792	174
805.16/805.21	805.171	1791	175
811.05/811.12	811.082	1790	177
817.45/817.58	817.546	1789	179
823.35/823.46	823.418	1788	180
829.25/829.34	829.299	1787	184
835.65/835.78	835.742	1786	189
841.46/841.53	841.494	1785	192
847.35/847.45	847.409	1784	194
853.15/853.23	853.195	1783	196
858.96/859.01	858.967	1782	200
864.65/864.76	864.724	1781	203
870.15/870.29	870.25	1780	207
876.15/876.29	876.248	1779	212
882.25/882.30	882.261	1778	216
888.04/888.17	888.126	1777	220
893.64/893.78	893.742	1776	223
899.05/899.18	899.133	1775	226
904.54/904.60	904.562	1774	230
910.54/910.61	910.57	1773	231
915.94/916.06	916.017	1772	235
921.34/921.46	921.416	1771	239
926.74/926.87	926.825	1770	243
932.14/932.24	932.199	1769	246
938.25/938.33	938.281	1768	250
944.14/944.20	944.158	1767	252
949.94/950.04	949.996	1766	255
956.04/956.12	956.073	1765	259
961.35/961.48	961.435	1764	262
966.64/966.73	966.686	1763	263
971.94/972.02	971.976	1762	266
977.24/977.35	977.305	1761	269
982.94/983.08	983.028	1760	272
988.64/988.75	988.706	1759	275
994.94/995.08	995.031	1758	277
