54.39/54.49	54.4862	1906	0
60.69/60.71	60.7059	1905	1
67.29/67.37	67.3645	1904	2
73.79/73.80	73.8009	1903	4
79.99/80.05	80.0528	1902	5
86.29/86.34	86.3406	1901	6
93.09/93.14	93.1429	1899	7
99.28/99.32	99.3162	1898	8
105.38/105.48	105.475	1897	9
111.59/111.60	111.599	1896	10
117.69/117.74	117.743	1895	11
123.88/123.92	123.913	1894	12
130.08/130.15	130.15	1893	13
136.29/136.40	136.399	1892	14
142.48/142.53	142.532	1891	15
148.58/148.65	148.648	1890	16
154.68/154.74	154.739	1889	17
160.79/160.86	160.86	1888	18
166.99/167.05	167.045	1887	19
173.19/173.20	173.199	1886	20
179.49/179.56	179.559	1885	21
185.80/185.90	185.897	1884	22
191.89/191.97	191.962	1883	23
198.00/198.03	198.021	1882	24
203.99/204.07	204.061	1881	25
210.00/210.08	210.075	1880	26
216.09/216.12	216.114	1879	27
222.10/222.13	222.129	1878	28
228.18/228.20	228.198	1877	29
234.20/234.23	234.226	1876	30
240.18/240.23	240.228	1875	31
246.18/246.23	246.223	1874	32
252.18/252.23	252.219	1873	33
258.40/258.48	258.478	1872	34
264.58/264.66	264.65	1871	35
270.68/270.73	270.723	1870	36
276.98/277.00	276.989	1869	37
282.88/282.97	282.96	1868	38
289.08/289.14	289.136	1867	39
295.28/295.36	295.357	1866	40
301.48/301.59	301.583	1865	41
307.68/307.73	307.723	1864	42
313.88/313.90	313.89	1863	43
319.88/320.00	319.993	1862	44
325.88/325.94	325.932	1860	47
331.78/331.85	331.841	1858	48
337.78/337.84	337.83	1857	49
343.68/343.74	343.735	1856	51
349.58/349.64	349.627	1855	52
355.48/355.53	355.516	1854	53
361.28/361.37	361.365	1853	54
367.18/367.21	367.2	1852	55
372.98/373.05	373.039	1851	56
378.88/378.92	378.913	1850	57
384.68/384.78	384.769	1849	58
390.58/390.61	390.599	1848	59
396.38/396.43	396.422	1847	60
402.17/402.24	402.225	1846	61
408.17/408.24	408.227	1845	62
414.27/414.31	414.303	1844	63
420.08/420.13	420.122	1843	64
425.87/425.97	425.963	1842	65
431.67/431.74	431.726	1841	66
437.47/437.52	437.504	1840	67
443.18/443.30	443.285	1839	68
449.27/449.32	449.31	1838	69
455.28/455.36	455.35	1837	70
461.27/461.39	461.377	1836	71
467.38/467.42	467.409	1835	72
473.37/473.44	473.427	1834	73
479.37/479.45	479.436	1833	74
485.27/485.34	485.323	1832	79
491.17/491.27	491.255	1831	82
496.97/497.06	497.042	1830	83
502.97/503.03	503.014	1829	84
508.67/508.75	508.74	1828	85
514.37/514.43	514.416	1827	86
520.07/520.13	520.113	1826	87
525.78/525.81	525.793	1825	89
531.37/531.48	531.466	1824	91
537.07/537.19	537.178	1823	93
542.77/542.87	542.851	1822	95
548.47/548.52	548.509	1821	96
554.17/554.20	554.184	1820	98
559.79/559.87	559.851	1819	100
565.47/565.50	565.489	1818	101
571.17/571.20	571.189	1817	105
576.77/576.88	576.869	1816	107
582.47/582.53	582.51	1815	109
588.38/588.45	588.439	1814	114
594.27/594.34	594.325	1813	116
600.07/600.19	600.171	1812	119
605.77/605.87	605.849	1811	121
611.37/611.43	611.415	1810	122
616.99/617.10	617.084	1809	126
622.68/622.70	622.681	1808	128
628.18/628.24	628.226	1807	129
633.78/633.81	633.792	1806	130
639.37/639.40	639.383	1805	132
644.97/645.00	644.979	1804	134
650.47/650.52	650.506	1803	135
655.97/656.07	656.048	1802	137
661.57/661.61	661.591	1801	139
667.07/667.16	667.144	1800	141
672.67/672.71	672.694	1799	143
678.17/678.23	678.213	1798	145
683.67/683.72	683.704	1797	146
689.47/689.50	689.48	1796	148
695.18/695.29	695.267	1795	151
700.77/700.89	700.872	1794	153
706.57/706.68	706.659	1793	156
712.37/712.44	712.419	1792	158
718.07/718.12	718.102	1791	163
723.47/723.59	723.572	1790	165
728.97/729.09	729.066	1789	167
734.47/734.59	734.568	1788	170
740.18/740.24	740.216	1787	172
745.68/745.79	745.769	1786	174
751.18/751.22	751.202	1785	176
756.57/756.66	756.642	1784	178
762.07/762.12	762.098	1783	181
767.47/767.59	767.566	1782	184
773.06/773.14	773.117	1781	188
778.68/778.71	778.686	1780	190
784.06/784.19	784.169	1779	193
789.56/789.65	789.63	1778	195
795.06/795.11	795.083	1777	198
800.36/800.49	800.466	1776	199
805.86/805.91	805.889	1775	202
811.26/811.36	811.337	1774	207
816.66/816.78	816.757	1773	210
822.16/822.27	822.245	1772	216
827.56/827.64	827.62	1771	219
832.96/833.03	833.008	1770	222
838.36/838.45	838.431	1769	227
843.76/843.80	843.779	1768	230
849.17/849.24	849.218	1767	232
854.46/854.60	854.58	1766	235
859.86/859.95	859.928	1765	238
865.36/865.45	865.421	1764	246
870.66/870.76	870.735	1763	249
875.96/876.08	876.06	1762	252
881.36/881.44	881.42	1761	256
886.86/886.95	886.929	1760	262
892.36/892.46	892.435	1759	265
897.96/898.02	897.998	1758	268
903.46/903.52	903.494	1757	270
909.16/909.21	909.188	1756	272
914.56/914.69	914.659	1755	273
920.16/920.20	920.171	1754	276
925.36/925.40	925.377	1753	277
930.56/930.69	930.668	1752	281
935.97/936.01	935.988	1751	285
941.06/941.18	941.154	1750	286
946.36/946.41	946.388	1749	289
951.76/951.89	951.868	1748	294
957.36/957.43	957.407	1747	299
962.86/962.92	962.896	1746	303
968.36/968.46	968.433	1745	308
973.86/973.97	973.942	1744	313
979.26/979.37	979.347	1743	315
984.56/984.68	984.651	1742	320
989.87/989.93	989.905	1741	324
995.06/995.11	995.085	1740	327
