54.59/54.67	54.665	1897	0
60.99/61.01	61.0064	1896	1
67.29/67.34	67.3362	1895	2
73.70/73.78	73.7814	1894	3
80.09/80.16	80.1581	1893	4
86.59/86.64	86.6437	1892	5
93.09/93.14	93.1422	1891	7
99.39/99.43	99.4309	1890	8
105.79/105.80	105.801	1889	9
112.09/112.17	112.173	1888	10
118.48/118.54	118.538	1887	11
124.68/124.79	124.79	1886	12
130.98/131.01	131.007	1885	13
137.18/137.25	137.247	1884	15
143.38/143.45	143.446	1883	16
149.68/149.75	149.747	1882	17
156.09/156.14	156.14	1881	18
162.38/162.45	162.447	1880	19
168.78/168.81	168.804	1879	20
175.09/175.15	175.149	1878	21
181.39/181.49	181.491	1877	22
187.68/187.72	187.714	1876	24
193.98/194.06	194.061	1875	25
200.28/200.37	200.369	1874	26
206.58/206.64	206.638	1873	27
212.88/212.92	212.914	1872	28
219.08/219.19	219.181	1871	29
225.28/225.40	225.396	1870	30
231.58/231.66	231.654	1869	31
237.79/237.86	237.858	1868	32
244.09/244.15	244.146	1867	33
250.28/250.38	250.376	1866	35
256.49/256.55	256.548	1865	36
262.58/262.66	262.656	1864	37
268.88/268.94	268.938	1863	40
274.99/275.05	275.047	1862	41
281.18/281.22	281.217	1861	42
287.29/287.35	287.34	1860	44
293.38/293.49	293.479	1859	45
299.48/299.57	299.562	1858	46
305.79/305.88	305.87	1857	47
311.88/311.99	311.986	1856	49
318.09/318.12	318.109	1855	50
324.18/324.28	324.274	1854	51
330.38/330.40	330.39	1853	53
336.38/336.41	336.402	1852	54
342.48/342.53	342.517	1851	55
348.38/348.49	348.484	1850	56
354.48/354.58	354.569	1849	57
360.69/360.71	360.702	1848	60
366.88/366.93	366.924	1847	62
372.98/373.09	373.082	1846	63
379.08/379.17	379.165	1845	64
385.28/385.34	385.335	1844	65
391.49/391.55	391.536	1843	66
397.78/397.86	397.855	1841	71
403.78/403.85	403.84	1840	72
409.58/409.69	409.682	1839	73
415.58/415.63	415.623	1838	75
421.49/421.53	421.515	1837	76
427.28/427.37	427.357	1836	77
433.39/433.45	433.437	1835	80
439.38/439.40	439.39	1834	81
445.39/445.44	445.425	1833	82
451.48/451.51	451.499	1832	84
457.38/457.42	457.406	1831	85
463.29/463.34	463.332	1830	86
469.28/469.30	469.287	1829	88
475.09/475.14	475.13	1828	89
480.98/481.00	480.984	1827	91
486.78/486.89	486.877	1826	92
492.69/492.71	492.693	1825	93
498.48/498.54	498.528	1824	94
504.38/504.48	504.464	1823	95
510.29/510.35	510.334	1822	96
516.28/516.30	516.288	1821	97
522.08/522.13	522.12	1820	98
528.07/528.10	528.082	1819	102
533.97/534.03	534.021	1818	103
539.98/540.01	540	1817	104
545.78/545.84	545.825	1816	105
551.47/551.58	551.562	1815	106
557.47/557.57	557.551	1814	110
563.18/563.28	563.269	1813	111
568.97/569.06	569.05	1812	113
574.77/574.88	574.863	1811	115
580.57/580.68	580.663	1810	117
586.57/586.62	586.603	1809	119
592.38/592.44	592.421	1808	121
598.28/598.33	598.315	1807	128
604.08/604.16	604.147	1806	131
609.88/609.94	609.926	1805	133
615.68/615.77	615.758	1804	134
621.48/621.54	621.524	1803	136
627.28/627.30	627.286	1802	140
632.98/633.04	633.028	1801	142
638.78/638.86	638.844	1800	144
644.58/644.62	644.605	1799	146
650.48/650.55	650.528	1798	148
656.38/656.40	656.381	1797	151
661.97/662.06	662.047	1796	154
667.68/667.71	667.693	1795	156
673.27/673.39	673.367	1794	159
678.97/679.04	679.025	1793	161
684.57/684.69	684.667	1792	163
690.17/690.26	690.242	1791	164
695.87/695.94	695.921	1790	167
701.47/701.54	701.525	1789	169
707.07/707.12	707.098	1788	171
712.78/712.85	712.826	1787	173
718.37/718.48	718.46	1786	175
723.98/724.09	724.067	1785	177
729.57/729.67	729.646	1784	179
735.47/735.53	735.506	1783	183
741.28/741.37	741.35	1782	186
747.08/747.18	747.155	1781	188
752.77/752.83	752.807	1780	190
758.17/758.28	758.263	1779	191
763.87/763.98	763.958	1778	193
769.37/769.47	769.446	1777	195
774.87/774.99	774.974	1776	198
780.57/780.64	780.617	1775	202
786.17/786.29	786.274	1774	204
791.87/791.92	791.897	1773	206
797.48/797.59	797.564	1772	209
803.26/803.32	803.3	1771	211
808.86/808.99	808.971	1770	215
814.66/814.73	814.712	1769	219
820.36/820.45	820.428	1768	222
826.07/826.12	826.1	1767	228
831.57/831.67	831.649	1766	231
836.97/837.10	837.078	1765	232
842.57/842.62	842.597	1764	236
847.97/848.10	848.073	1763	237
853.66/853.71	853.688	1762	242
859.07/859.19	859.165	1761	243
864.57/864.68	864.659	1760	246
870.16/870.21	870.191	1759	249
875.57/875.62	875.598	1758	250
881.36/881.43	881.402	1757	260
886.86/886.97	886.945	1756	264
892.66/892.71	892.691	1755	270
898.26/898.31	898.29	1754	273
903.86/903.94	903.915	1753	276
909.46/909.51	909.485	1752	281
914.96/915.02	914.996	1751	283
920.36/920.48	920.458	1750	284
926.07/926.14	926.116	1749	289
931.56/931.65	931.628	1748	291
936.96/937.00	936.973	1747	293
942.46/942.51	942.485	1746	297
948.07/948.18	948.154	1745	301
953.76/953.80	953.778	1744	304
959.36/959.41	959.38	1743	309
964.76/964.84	964.813	1742	314
970.17/970.25	970.225	1741	316
975.67/975.72	975.698	1740	319
980.96/981.05	981.021	1739	320
986.46/986.54	986.514	1738	323
991.76/991.83	991.8	1737	325
997.06/997.11	997.084	1736	326
