61.49/61.56	61.5557	1898	0
68.29/68.36	68.357	1897	1
75.19/75.24	75.2368	1896	2
82.39/82.49	82.4828	1895	4
89.49/89.56	89.5571	1894	6
96.59/96.64	96.633	1893	7
103.08/103.15	103.142	1892	8
109.58/109.66	109.66	1891	10
116.88/116.95	116.945	1890	11
123.99/124.05	124.045	1889	12
130.48/130.50	130.491	1888	13
137.28/137.37	137.365	1887	14
144.09/144.15	144.141	1886	15
150.48/150.57	150.568	1885	16
157.09/157.14	157.134	1884	17
163.48/163.51	163.501	1883	18
170.08/170.12	170.112	1882	19
176.68/176.72	176.719	1881	20
184.48/184.57	184.561	1880	21
191.08/191.19	191.188	1879	22
198.28/198.34	198.328	1878	23
204.78/204.90	204.888	1877	25
211.58/211.64	211.632	1876	26
218.38/218.44	218.428	1875	27
225.39/225.41	225.4	1874	28
231.99/232.06	232.051	1873	29
238.68/238.78	238.775	1872	30
245.58/245.61	245.603	1871	31
253.38/253.45	253.441	1870	32
259.67/259.77	259.758	1869	33
265.77/265.87	265.856	1868	34
271.87/271.96	271.951	1867	35
277.98/278.00	277.989	1866	36
283.98/284.03	284.018	1865	37
290.48/290.53	290.518	1864	39
296.47/296.51	296.502	1863	40
302.98/303.05	303.043	1862	41
309.08/309.16	309.151	1861	42
315.48/315.59	315.577	1860	43
321.78/321.88	321.872	1859	45
327.78/327.86	327.853	1858	46
333.77/333.88	333.868	1857	48
339.89/339.95	339.934	1856	50
345.88/345.94	345.929	1855	52
352.08/352.12	352.103	1854	54
357.98/358.07	358.06	1853	56
363.98/364.06	364.049	1852	57
369.98/370.04	370.031	1851	58
376.08/376.17	376.16	1850	59
382.88/382.90	382.888	1849	60
388.88/388.97	388.954	1848	61
394.67/394.79	394.775	1847	62
400.57/400.69	400.671	1846	64
406.47/406.56	406.549	1845	65
412.97/413.00	412.982	1844	66
419.47/419.54	419.524	1843	67
426.17/426.22	426.208	1842	68
432.87/432.97	432.953	1841	69
439.37/439.48	439.463	1840	70
446.28/446.32	446.308	1839	71
452.57/452.65	452.629	1838	72
459.47/459.54	459.526	1837	73
465.58/465.67	465.653	1836	74
471.77/471.90	471.886	1835	76
477.77/477.87	477.85	1834	77
483.88/483.99	483.967	1833	78
490.36/490.48	490.46	1832	80
497.07/497.14	497.118	1831	81
503.17/503.24	503.217	1830	82
509.18/509.26	509.243	1829	83
515.56/515.68	515.664	1828	84
521.67/521.77	521.75	1827	86
527.67/527.70	527.682	1826	88
533.87/533.94	533.917	1825	90
540.07/540.19	540.172	1824	92
546.67/546.71	546.684	1823	95
552.66/552.76	552.737	1822	97
559.26/559.32	559.297	1821	98
565.47/565.51	565.492	1820	100
571.76/571.89	571.868	1819	102
578.17/578.23	578.21	1818	104
584.08/584.16	584.137	1817	106
590.06/590.12	590.093	1816	108
596.56/596.67	596.645	1815	111
603.26/603.34	603.316	1814	112
609.17/609.22	609.193	1813	114
615.66/615.78	615.754	1812	116
621.86/621.95	621.926	1811	120
627.77/627.80	627.779	1810	123
634.36/634.49	634.463	1809	125
640.57/640.65	640.626	1808	128
646.67/646.76	646.734	1807	130
653.47/653.51	653.485	1806	132
659.06/659.17	659.142	1805	133
665.16/665.24	665.216	1804	135
670.87/671.00	670.975	1803	136
677.16/677.22	677.191	1802	137
683.56/683.66	683.629	1801	141
689.66/689.76	689.734	1800	143
696.36/696.43	696.405	1798	145
702.66/702.72	702.696	1797	147
708.37/708.40	708.377	1796	149
714.96/715.04	715.008	1795	152
720.86/720.96	720.933	1794	154
727.46/727.52	727.492	1793	157
734.16/734.24	734.211	1792	159
740.46/740.51	740.479	1791	160
746.06/746.10	746.072	1790	162
751.56/751.61	751.584	1789	164
756.96/757.04	757.01	1788	166
762.66/762.72	762.691	1787	169
768.06/768.19	768.16	1786	170
774.55/774.67	774.644	1785	174
780.65/780.71	780.676	1784	178
786.37/786.43	786.398	1783	180
792.06/792.16	792.125	1782	181
798.36/798.43	798.395	1781	185
804.56/804.63	804.597	1780	186
810.46/810.55	810.518	1779	188
816.46/816.59	816.563	1778	191
822.15/822.24	822.213	1777	193
828.55/828.63	828.598	1776	196
834.96/835.04	835.01	1775	199
840.86/840.97	840.933	1774	206
846.86/846.96	846.923	1773	207
852.76/852.89	852.859	1772	210
858.65/858.76	858.73	1771	213
865.05/865.10	865.069	1770	216
870.85/870.94	870.907	1769	218
876.66/876.79	876.754	1768	221
882.85/882.90	882.867	1767	222
889.05/889.12	889.086	1766	225
894.65/894.77	894.738	1765	226
900.76/900.81	900.779	1764	229
906.55/906.60	906.565	1763	233
912.25/912.37	912.331	1762	236
918.36/918.49	918.459	1761	241
924.06/924.19	924.155	1760	245
929.95/930.02	929.981	1759	251
935.96/936.08	936.045	1758	255
941.86/941.96	941.923	1757	259
947.45/947.58	947.548	1756	262
952.96/953.07	953.037	1755	267
959.06/959.16	959.12	1754	270
965.25/965.39	965.352	1753	274
971.45/971.58	971.547	1752	277
977.35/977.41	977.375	1751	278
983.26/983.32	983.286	1750	281
989.24/989.39	989.355	1749	282
994.94/995.02	994.979	1748	285
