58.88/58.91	58.9057	1899	0
65.39/65.46	65.4556	1898	1
72.09/72.11	72.1124	1897	2
78.79/78.81	78.8121	1896	3
85.18/85.29	85.2898	1895	4
91.59/91.61	91.6046	1894	5
97.80/97.88	97.877	1893	6
103.99/104.09	104.083	1892	7
110.49/110.54	110.535	1891	8
116.69/116.73	116.722	1890	9
122.89/122.92	122.913	1889	10
128.99/129.08	129.076	1888	11
135.39/135.42	135.413	1887	12
141.49/141.59	141.584	1886	13
147.79/147.80	147.801	1885	15
154.09/154.18	154.177	1884	16
160.50/160.58	160.571	1883	17
166.69/166.75	166.749	1882	18
172.89/172.90	172.895	1881	19
178.99/179.09	179.089	1880	20
185.19/185.23	185.229	1879	21
191.30/191.38	191.372	1878	22
197.39/197.49	197.484	1877	23
203.59/203.60	203.596	1876	24
209.68/209.74	209.735	1875	26
215.78/215.85	215.841	1874	27
221.88/221.94	221.93	1873	28
227.98/228.03	228.025	1872	29
234.19/234.21	234.206	1871	30
240.28/240.32	240.314	1870	31
246.39/246.44	246.437	1869	32
252.78/252.83	252.821	1868	33
259.18/259.20	259.189	1867	34
265.48/265.55	265.542	1866	35
271.78/271.87	271.858	1865	36
278.19/278.21	278.203	1864	37
284.48/284.52	284.516	1863	38
290.58/290.61	290.601	1862	39
296.58/296.63	296.619	1861	40
302.68/302.73	302.72	1860	41
308.68/308.79	308.786	1859	42
314.98/315.01	315.004	1858	43
321.28/321.33	321.318	1857	44
327.38/327.48	327.472	1856	45
333.48/333.51	333.503	1855	48
339.38/339.47	339.462	1854	49
345.39/345.43	345.42	1853	50
351.28/351.36	351.355	1852	51
357.18/357.29	357.282	1851	52
363.28/363.39	363.382	1850	53
369.49/369.60	369.591	1849	54
375.58/375.63	375.62	1848	55
381.69/381.72	381.706	1847	56
387.68/387.78	387.768	1846	57
393.79/393.81	393.796	1845	59
399.78/399.89	399.874	1844	61
405.68/405.76	405.753	1843	62
411.58/411.64	411.627	1842	63
417.58/417.63	417.62	1841	64
423.68/423.75	423.734	1840	65
429.68/429.74	429.725	1839	66
435.68/435.70	435.684	1838	67
441.78/441.83	441.822	1837	68
447.88/447.90	447.887	1836	69
453.67/453.79	453.774	1835	70
459.57/459.68	459.664	1834	71
465.57/465.64	465.63	1833	72
471.57/471.63	471.612	1832	75
477.38/477.42	477.409	1831	76
483.17/483.25	483.234	1830	77
489.07/489.18	489.166	1829	82
494.88/494.96	494.942	1828	83
500.67/500.73	500.713	1827	84
506.47/506.50	506.483	1826	85
512.27/512.34	512.328	1825	87
518.08/518.14	518.126	1824	89
523.87/523.92	523.91	1823	90
529.77/529.81	529.796	1822	91
535.47/535.58	535.562	1821	92
541.27/541.33	541.316	1820	93
547.17/547.21	547.194	1819	95
553.07/553.14	553.128	1818	97
558.87/558.94	558.92	1817	100
564.57/564.69	564.676	1816	102
570.38/570.43	570.412	1815	104
576.08/576.17	576.152	1814	106
581.88/581.96	581.939	1813	108
587.58/587.67	587.651	1812	110
593.28/593.35	593.329	1811	111
599.08/599.12	599.1	1810	113
604.78/604.83	604.818	1809	115
610.58/610.64	610.625	1808	118
616.47/616.50	616.485	1807	120
622.17/622.24	622.226	1806	121
627.98/628.08	628.062	1805	123
633.97/634.04	634.018	1804	126
639.77/639.86	639.838	1803	127
645.77/645.80	645.781	1802	129
651.67/651.76	651.737	1801	132
657.57/657.68	657.662	1800	134
663.37/663.49	663.473	1799	137
669.07/669.14	669.123	1798	139
674.87/674.91	674.896	1797	142
680.57/680.68	680.659	1796	147
686.38/686.46	686.44	1795	149
692.27/692.35	692.329	1794	151
698.17/698.24	698.22	1793	154
704.07/704.14	704.117	1792	156
709.87/709.99	709.968	1791	161
715.67/715.73	715.713	1790	163
721.37/721.43	721.405	1789	165
727.17/727.24	727.216	1788	167
732.67/732.79	732.766	1787	169
738.27/738.35	738.324	1786	171
744.07/744.11	744.089	1785	174
749.77/749.83	749.804	1784	176
755.46/755.52	755.502	1783	178
761.07/761.13	761.106	1782	180
766.86/766.97	766.953	1781	182
772.66/772.74	772.719	1780	185
778.36/778.41	778.39	1779	188
784.06/784.11	784.089	1778	191
789.86/789.94	789.916	1777	194
795.46/795.58	795.557	1776	198
800.96/801.04	801.013	1775	200
806.46/806.56	806.54	1774	204
811.97/812.03	812.009	1773	206
817.47/817.55	817.524	1772	208
823.17/823.20	823.18	1771	209
828.57/828.66	828.638	1770	211
834.07/834.17	834.151	1769	215
839.77/839.87	839.842	1768	218
845.37/845.41	845.389	1767	222
850.97/851.03	851.002	1766	227
856.47/856.56	856.536	1765	231
861.97/862.03	862.007	1764	232
867.57/867.64	867.616	1763	236
873.27/873.39	873.37	1762	239
878.87/878.96	878.931	1761	243
884.56/884.62	884.591	1760	247
890.26/890.34	890.312	1759	251
895.96/896.03	896.002	1758	254
901.26/901.37	901.345	1757	255
906.86/906.90	906.877	1756	263
912.16/912.26	912.229	1755	265
917.76/917.85	917.827	1754	268
923.26/923.32	923.297	1753	269
928.66/928.72	928.689	1752	272
934.26/934.39	934.364	1751	275
939.96/940.04	940.016	1750	278
945.66/945.74	945.714	1749	283
951.26/951.38	951.354	1748	286
956.76/956.89	956.865	1747	291
962.26/962.38	962.352	1746	292
967.66/967.75	967.727	1745	293
973.16/973.22	973.195	1744	296
978.56/978.68	978.649	1743	299
983.86/983.92	983.889	1742	300
989.26/989.33	989.306	1741	305
994.56/994.66	994.629	1740	308
999.96/1000.06	1000.03	1739	310
