54.69/54.72	54.7168	1902	0
60.99/61.06	61.058	1901	1
67.30/67.37	67.3669	1900	2
73.70/73.74	73.7441	1899	3
79.99/80.09	80.0921	1898	4
86.29/86.35	86.3527	1897	5
92.69/92.73	92.7256	1896	6
99.09/99.13	99.1326	1895	7
105.39/105.47	105.466	1894	8
111.69/111.76	111.76	1893	9
117.99/118.04	118.037	1892	10
124.30/124.31	124.303	1891	11
130.49/130.59	130.584	1890	12
136.79/136.86	136.859	1889	13
143.39/143.48	143.482	1888	14
149.79/149.89	149.886	1887	15
156.20/156.27	156.267	1886	16
162.59/162.67	162.67	1885	17
168.99/169.05	169.042	1884	18
175.39/175.43	175.426	1883	20
181.59/181.68	181.673	1882	21
187.79/187.88	187.879	1881	24
194.09/194.14	194.141	1880	25
200.39/200.40	200.396	1879	27
206.49/206.56	206.552	1878	28
212.69/212.78	212.779	1877	29
218.90/218.98	218.976	1876	30
225.19/225.20	225.197	1875	31
231.39/231.46	231.454	1874	32
237.60/237.65	237.645	1873	33
243.69/243.70	243.696	1872	34
249.70/249.80	249.791	1871	36
255.99/256.05	256.047	1870	37
262.29/262.39	262.388	1869	41
268.49/268.54	268.534	1868	42
274.49/274.59	274.59	1867	43
280.79/280.87	280.864	1866	45
286.88/286.97	286.962	1865	46
292.98/293.02	293.015	1864	47
299.09/299.18	299.173	1863	48
305.28/305.33	305.323	1862	49
311.38/311.43	311.422	1861	50
317.58/317.62	317.616	1860	51
323.58/323.65	323.645	1859	53
329.68/329.74	329.733	1858	55
335.58/335.67	335.666	1857	56
341.58/341.67	341.666	1856	57
347.68/347.77	347.764	1855	58
353.88/353.92	353.914	1854	60
359.78/359.89	359.884	1853	61
365.78/365.80	365.795	1852	62
371.58/371.64	371.636	1851	63
377.68/377.70	377.688	1850	64
383.58/383.67	383.667	1849	65
389.68/389.77	389.76	1848	66
395.78/395.84	395.836	1847	68
401.68/401.75	401.746	1846	69
407.58/407.64	407.636	1845	70
413.48/413.53	413.521	1844	71
419.38/419.46	419.453	1843	72
425.28/425.36	425.351	1842	73
431.18/431.26	431.252	1841	75
437.18/437.23	437.218	1840	77
443.28/443.32	443.311	1839	78
449.18/449.23	449.226	1838	79
455.08/455.11	455.098	1837	80
460.98/461.00	460.989	1836	81
466.88/466.92	466.913	1835	82
472.68/472.72	472.715	1834	83
478.39/478.48	478.467	1833	84
484.38/484.41	484.406	1832	86
490.28/490.38	490.374	1831	87
496.38/496.42	496.408	1830	88
502.18/502.26	502.246	1829	90
507.98/508.06	508.052	1828	91
513.78/513.87	513.862	1827	93
519.58/519.67	519.66	1826	95
525.38/525.41	525.398	1825	96
531.18/531.21	531.199	1824	97
536.97/537.06	537.052	1823	100
542.87/542.92	542.912	1822	102
548.57/548.66	548.65	1821	103
554.38/554.48	554.467	1820	105
560.27/560.37	560.36	1819	107
566.27/566.31	566.298	1818	110
571.98/572.05	572.036	1817	112
577.97/578.04	578.025	1816	116
584.08/584.13	584.12	1815	119
589.87/589.97	589.954	1814	122
595.67/595.77	595.757	1813	127
601.47/601.52	601.507	1812	130
607.18/607.28	607.271	1811	131
613.07/613.11	613.094	1810	133
618.87/618.93	618.916	1809	135
624.47/624.56	624.544	1808	137
630.37/630.45	630.435	1807	139
636.07/636.16	636.15	1806	143
641.77/641.86	641.845	1805	146
647.58/647.69	647.676	1804	149
653.29/653.40	653.386	1803	151
659.18/659.21	659.196	1802	153
664.88/664.99	664.972	1801	155
670.78/670.86	670.851	1800	158
676.78/676.80	676.789	1799	164
682.58/682.64	682.625	1798	167
688.27/688.39	688.377	1797	169
693.98/694.08	694.065	1796	171
699.67/699.71	699.701	1795	173
705.17/705.28	705.27	1794	175
710.77/710.85	710.836	1793	177
716.47/716.55	716.533	1792	180
722.27/722.31	722.294	1791	182
727.97/728.05	728.032	1790	184
733.58/733.66	733.645	1789	186
739.18/739.28	739.269	1788	187
744.77/744.87	744.857	1787	189
750.47/750.58	750.565	1786	194
756.17/756.26	756.241	1785	197
761.87/761.96	761.94	1784	200
767.68/767.72	767.706	1783	203
773.47/773.50	773.485	1782	206
779.07/779.16	779.146	1781	209
784.67/784.73	784.716	1780	212
790.17/790.28	790.261	1779	215
795.87/795.96	795.943	1778	219
801.47/801.53	801.514	1777	222
807.07/807.17	807.148	1776	226
812.88/812.94	812.923	1775	231
818.47/818.54	818.521	1774	238
824.07/824.12	824.103	1773	243
829.67/829.72	829.702	1772	246
835.16/835.25	835.229	1771	249
840.76/840.87	840.851	1770	253
846.36/846.47	846.451	1769	256
851.86/851.99	851.974	1768	258
857.36/857.45	857.434	1767	261
862.86/862.99	862.971	1766	265
868.36/868.42	868.404	1765	271
873.76/873.86	873.844	1764	273
879.26/879.30	879.28	1763	277
884.66/884.79	884.776	1762	283
890.26/890.38	890.361	1761	290
895.76/895.88	895.859	1760	294
901.36/901.45	901.427	1759	297
906.76/906.80	906.778	1758	298
912.26/912.37	912.352	1757	302
917.76/917.82	917.797	1756	306
923.36/923.42	923.402	1755	309
928.96/929.00	928.982	1754	313
934.26/934.30	934.277	1753	315
939.46/939.57	939.548	1752	319
944.96/945.03	945.01	1751	323
950.46/950.55	950.528	1750	326
955.87/955.95	955.928	1749	329
961.37/961.45	961.427	1748	332
966.77/966.86	966.836	1747	334
972.16/972.27	972.248	1746	335
977.66/977.75	977.724	1745	338
983.06/983.16	983.137	1744	342
988.36/988.47	988.444	1743	349
993.86/993.91	993.885	1742	353
999.36/999.40	999.376	1741	359
