0.56/0.68	0.650216	1131	0
0.56/0.68	0.651176	1130	2
0.56/0.68	0.651618	1129	3
0.56/0.68	0.652703	1127	6
0.56/0.68	0.653495	1126	8
0.56/0.68	0.654228	1125	10
0.56/0.68	0.654705	1124	11
0.56/0.68	0.655793	1123	14
0.56/0.68	0.656586	1121	16
0.56/0.68	0.657004	1120	17
0.56/0.68	0.65769	1119	19
0.56/0.68	0.659992	1117	25
0.56/0.69	0.660743	1114	27
0.56/0.69	0.661964	1113	30
0.56/0.69	0.663415	1111	34
0.56/0.69	0.664181	1110	36
0.56/0.69	0.664695	1108	37
0.56/0.69	0.66548	1107	39
0.56/0.69	0.666173	1106	41
0.56/0.69	0.666613	1105	42
0.56/0.69	0.667221	1104	43
0.56/0.69	0.667688	1103	44
0.56/0.69	0.668163	1101	45
0.56/0.69	0.66874	1100	46
0.56/0.70	0.670487	1099	51
0.66/0.70	0.672551	1096	57
0.66/0.70	0.674996	1094	64
0.66/0.70	0.676073	1093	67
0.66/0.70	0.676542	1092	68
0.66/0.70	0.676978	1091	69
0.66/0.70	0.677599	1090	70
0.66/0.70	0.67923	1089	74
0.66/0.70	0.679995	1087	76
0.66/0.71	0.680874	1086	78
0.66/0.71	0.681836	1085	80
0.66/0.71	0.682722	1082	82
0.66/0.71	0.683242	1081	83
0.66/0.71	0.68368	1080	84
0.66/0.71	0.684189	1079	85
0.66/0.71	0.684791	1078	86
0.66/0.71	0.685586	1076	88
0.66/0.71	0.686335	1075	90
0.66/0.71	0.686773	1073	91
0.66/0.71	0.687549	1071	93
0.66/0.71	0.688576	1070	96
0.66/0.71	0.689039	1069	97
0.66/0.72	0.690475	1067	101
0.66/0.72	0.691006	1066	102
0.66/0.72	0.691441	1065	103
0.66/0.72	0.691875	1064	104
0.66/0.72	0.69255	1063	106
0.66/0.72	0.693921	1062	110
0.66/0.72	0.694994	1060	113
0.66/0.72	0.696203	1057	116
0.66/0.72	0.697515	1056	120
0.66/0.72	0.697938	1055	121
0.66/0.72	0.698549	1054	122
0.66/0.72	0.700174	1052	127
0.66/0.73	0.700882	1051	129
0.66/0.73	0.703886	1050	138
0.66/0.73	0.7055	1049	142
0.66/0.73	0.707266	1048	147
0.66/0.73	0.70889	1047	151
0.66/0.74	0.71049	1046	155
0.66/0.74	0.711912	1045	159
0.66/0.74	0.712698	1044	160
0.66/0.74	0.713108	1043	161
0.66/0.74	0.713547	1041	162
0.66/0.74	0.713972	1040	163
0.66/0.74	0.714471	1039	164
0.66/0.74	0.715659	1038	167
0.66/0.74	0.716565	1037	169
0.66/0.74	0.716993	1036	170
0.66/0.74	0.717672	1035	172
0.66/0.74	0.718177	1034	173
0.66/0.74	0.719645	1033	177
0.66/0.75	0.720928	1032	181
0.66/0.75	0.722273	1031	185
0.66/0.75	0.722744	1030	186
0.66/0.75	0.723765	1029	189
0.66/0.75	0.724807	1028	192
0.66/0.75	0.728126	1025	201
0.66/0.76	0.734309	1023	220
0.66/0.76	0.735946	1022	225
0.66/0.76	0.736341	1021	226
0.66/0.76	0.739051	1019	233
0.66/0.76	0.74018	1018	236
0.66/0.77	0.740977	1017	238
0.66/0.77	0.743577	1015	246
0.66/0.77	0.745253	1014	251
0.66/0.77	0.746715	1013	255
0.66/0.77	0.747127	1012	256
0.66/0.77	0.74845	1011	260
0.66/0.77	0.748866	1010	261
0.66/0.77	0.750074	1009	264
0.66/0.78	0.750523	1008	265
0.66/0.78	0.751104	1007	266
0.66/0.78	0.751687	1006	267
0.66/0.78	0.752425	1005	269
0.66/0.78	0.754069	1003	274
0.66/0.78	0.755419	1002	278
0.66/0.78	0.75948	1001	290
0.66/0.79	0.760484	1000	293
0.66/0.79	0.762071	999	298
0.66/0.79	0.764335	998	305
0.66/0.79	0.766313	997	311
0.66/0.79	0.766843	996	312
0.66/0.79	0.767422	995	313
0.66/0.79	0.76845	993	316
0.66/0.79	0.768885	991	317
0.66/0.79	0.770025	990	320
0.66/0.80	0.770415	989	321
0.77/0.80	0.771661	987	325
0.77/0.80	0.772034	986	326
0.77/0.80	0.772535	985	327
0.77/0.80	0.773018	984	328
0.77/0.80	0.775922	982	337
0.77/0.80	0.777193	981	341
0.77/0.80	0.777955	980	343
0.77/0.81	0.780873	979	352
0.77/0.81	0.782162	978	356
0.77/0.81	0.782626	977	357
0.77/0.81	0.784276	976	362
0.77/0.81	0.784791	975	363
0.77/0.82	0.796825	974	402
0.77/0.83	0.803558	973	423
0.77/0.83	0.80403	972	424
0.77/0.83	0.80442	971	425
0.77/0.83	0.810002	970	443
0.77/0.84	0.812853	969	452
0.77/0.84	0.8155	968	460
0.77/0.84	0.816542	967	463
0.77/0.84	0.817502	966	465
0.77/0.84	0.819756	965	472
0.77/0.84	0.820201	964	473
0.77/0.85	0.821676	963	477
0.77/0.85	0.826754	962	492
0.77/0.85	0.827537	961	494
0.77/0.85	0.828603	960	497
0.77/0.86	0.830962	959	505
0.77/0.86	0.831379	958	506
0.77/0.86	0.838602	957	530
0.77/0.87	0.847156	956	559
0.77/0.89	0.866831	955	625
0.77/0.89	0.869956	954	634
0.87/0.90	0.876604	953	655
0.87/0.90	0.878171	952	659
0.87/0.90	0.880164	951	665
0.87/0.93	0.901106	950	732
0.87/0.98	0.957217	948	913
0.87/0.98	0.960254	947	922
0.87/0.99	0.961312	946	925
0.87/0.99	0.969746	945	952
0.87/1.00	0.972686	944	962
0.87/1.00	0.977779	943	979
0.87/1.00	0.979195	942	983
0.87/1.01	0.984113	941	999
0.87/1.02	0.996065	940	1039
1.01/1.06	1.03946	939	1183
1.01/1.09	1.06569	938	1268
1.01/1.09	1.0682	937	1276
1.01/1.10	1.07068	936	1284
1.01/1.10	1.07636	935	1302
1.01/1.10	1.07723	934	1304
1.01/1.11	1.08432	933	1327
1.01/1.11	1.08533	932	1329
1.01/1.12	1.09692	931	1368
1.01/1.12	1.0973	930	1369
1.01/1.13	1.10241	929	1385
1.12/1.17	1.14665	928	1529
1.12/1.17	1.14708	927	1530
1.12/1.17	1.14755	926	1531
1.12/1.19	1.16452	925	1585
1.17/1.20	1.1767	924	1622
1.17/1.20	1.17857	923	1628
1.17/1.21	1.18941	922	1662
1.17/1.25	1.22636	920	1785
1.17/1.25	1.22778	919	1789
1.17/1.25	1.22864	918	1791
1.17/1.25	1.22904	917	1792
1.17/1.27	1.24563	914	1841
1.17/1.27	1.24787	913	1847
1.17/1.27	1.24838	912	1848
1.17/1.28	1.25143	911	1858
1.27/1.37	1.34396	910	2163
1.27/1.38	1.35512	909	2200
1.27/1.38	1.35648	908	2204
1.37/1.46	1.43486	905	2468
1.37/1.48	1.45246	904	2525
1.47/1.56	1.53219	903	2790
1.47/1.56	1.53595	902	2802
1.67/1.71	1.68499	899	3304
1.77/1.87	1.84101	897	3830
1.77/1.87	1.84309	895	3837
1.77/1.87	1.84475	894	3842
1.77/1.87	1.84514	893	3843
1.97/2.20	2.17373	892	4947
1.97/2.21	2.18781	891	4995
2.67/2.75	2.72157	890	6781
2.67/2.75	2.72249	889	6784
2.77/2.85	2.823	887	7128
2.77/2.85	2.82348	886	7129
2.97/3.00	2.9757	885	7643
2.97/3.03	3.00193	884	7732
2.97/3.03	3.00259	883	7733
2.97/3.08	3.05245	881	7901
3.07/3.12	3.09992	880	8062
3.07/3.13	3.10278	879	8071
3.37/3.59	3.56534	878	9641
3.37/3.60	3.57045	877	9659
3.58/3.91	3.88368	876	10735
3.58/3.91	3.88409	875	10736
3.58/3.91	3.88652	874	10743
3.58/3.94	3.91874	873	10848
6.36/6.70	6.67896	871	20115
6.36/6.70	6.67998	870	20118
6.36/6.71	6.68114	869	20121
6.36/6.71	6.68336	868	20127
8.96/9.01	8.98262	866	27798
10.16/10.24	10.2139	865	31926
11.96/12.09	12.0637	864	38241
11.96/12.09	12.064	863	38242
12.26/12.53	12.5085	861	39739
12.26/12.53	12.5091	860	39740
14.67/14.78	14.7578	859	47394
14.77/14.89	14.8674	858	47760
17.66/17.78	17.7562	857	57598
18.06/18.12	18.0963	856	58744
19.57/19.60	19.5731	855	63721
19.67/20.21	20.1867	854	65783
28.66/28.74	28.7143	853	94628
28.66/28.74	28.7149	852	94629
29.11/29.20	29.1789	851	96196
999.93/1000.06	3302177
