0.69/0.70	0.705575	1152	0
0.69/0.70	0.706147	1151	1
0.69/0.71	0.706962	1149	3
0.69/0.71	0.707428	1147	4
0.69/0.71	0.708215	1145	6
0.69/0.71	0.708936	1144	8
0.69/0.71	0.709351	1143	9
0.69/0.71	0.710111	1142	11
0.69/0.71	0.710806	1141	13
0.69/0.71	0.711364	1140	14
0.69/0.71	0.711906	1136	15
0.69/0.71	0.712718	1134	17
0.69/0.71	0.713135	1133	18
0.69/0.71	0.713575	1132	19
0.69/0.71	0.714389	1130	21
0.69/0.71	0.714836	1128	22
0.69/0.71	0.715286	1127	23
0.69/0.71	0.715795	1125	24
0.69/0.72	0.716758	1124	26
0.69/0.72	0.717567	1123	28
0.69/0.72	0.718446	1120	30
0.69/0.72	0.719201	1118	32
0.69/0.72	0.72084	1117	37
0.69/0.72	0.721251	1116	38
0.69/0.72	0.721684	1115	39
0.69/0.72	0.722352	1114	41
0.69/0.72	0.722999	1113	42
0.69/0.72	0.723897	1112	44
0.69/0.72	0.724342	1111	45
0.69/0.72	0.724852	1110	46
0.69/0.72	0.725287	1109	47
0.69/0.73	0.726346	1108	50
0.69/0.73	0.728381	1105	56
0.69/0.73	0.728814	1104	57
0.69/0.73	0.729254	1103	58
0.69/0.73	0.729709	1101	59
0.69/0.73	0.731536	1099	64
0.69/0.73	0.732242	1098	66
0.69/0.73	0.732639	1097	67
0.69/0.73	0.733579	1095	69
0.69/0.73	0.734366	1094	71
0.69/0.73	0.734836	1093	72
0.69/0.73	0.735301	1092	73
0.69/0.73	0.735681	1091	74
0.69/0.74	0.736115	1090	75
0.69/0.74	0.738342	1089	81
0.69/0.74	0.738916	1088	82
0.69/0.74	0.739991	1087	85
0.69/0.74	0.740745	1086	86
0.69/0.74	0.741167	1085	87
0.69/0.74	0.74173	1084	88
0.69/0.74	0.742411	1083	90
0.69/0.74	0.742889	1082	91
0.69/0.74	0.743667	1080	93
0.69/0.74	0.744092	1079	94
0.69/0.75	0.748701	1076	108
0.69/0.75	0.749657	1075	110
0.69/0.75	0.750082	1074	111
0.69/0.75	0.750517	1073	112
0.69/0.75	0.750923	1072	113
0.69/0.75	0.751469	1071	114
0.69/0.75	0.753183	1070	119
0.69/0.75	0.75378	1069	120
0.69/0.75	0.754233	1068	121
0.69/0.75	0.754746	1067	122
0.69/0.75	0.755331	1066	123
0.69/0.76	0.756154	1064	125
0.69/0.76	0.756896	1063	127
0.69/0.76	0.757623	1062	129
0.69/0.76	0.758036	1061	130
0.69/0.76	0.758774	1060	132
0.69/0.76	0.76034	1059	136
0.69/0.76	0.7611	1058	138
0.69/0.76	0.762258	1057	141
0.69/0.76	0.7648	1055	149
0.69/0.77	0.766167	1054	153
0.69/0.77	0.766951	1053	155
0.69/0.77	0.769535	1051	163
0.69/0.77	0.770581	1050	166
0.69/0.77	0.774252	1048	177
0.69/0.77	0.774675	1047	178
0.69/0.77	0.775086	1046	179
0.69/0.78	0.775987	1045	181
0.69/0.78	0.776372	1044	182
0.69/0.78	0.777122	1043	184
0.69/0.78	0.777529	1042	185
0.69/0.78	0.779235	1041	190
0.69/0.78	0.779791	1039	191
0.69/0.78	0.780182	1038	192
0.69/0.78	0.781311	1037	195
0.69/0.78	0.782957	1035	200
0.69/0.78	0.78339	1034	201
0.69/0.78	0.784515	1033	204
0.69/0.79	0.785586	1031	207
0.69/0.79	0.786164	1030	208
0.69/0.79	0.787597	1029	212
0.69/0.79	0.78819	1028	213
0.69/0.79	0.792216	1027	226
0.69/0.79	0.792794	1026	227
0.69/0.79	0.793195	1025	228
0.78/0.80	0.795706	1022	235
0.78/0.80	0.79629	1021	236
0.78/0.80	0.796821	1020	237
0.78/0.80	0.797927	1019	240
0.78/0.80	0.798289	1018	241
0.78/0.80	0.799287	1016	244
0.78/0.80	0.800584	1015	248
0.78/0.81	0.807894	1014	272
0.78/0.81	0.808515	1012	273
0.78/0.81	0.809386	1011	275
0.78/0.81	0.809791	1010	276
0.78/0.81	0.810725	1009	278
0.78/0.81	0.811751	1008	281
0.78/0.81	0.812167	1007	282
0.78/0.81	0.813563	1006	286
0.78/0.82	0.816076	1005	294
0.78/0.82	0.81653	1004	295
0.78/0.82	0.817581	1003	298
0.78/0.82	0.818161	1002	299
0.78/0.82	0.819315	1001	302
0.78/0.82	0.820789	1000	306
0.78/0.82	0.821213	999	307
0.78/0.82	0.821743	998	308
0.78/0.83	0.829046	997	330
0.78/0.83	0.829759	996	332
0.78/0.83	0.831061	995	336
0.78/0.83	0.831574	994	337
0.78/0.83	0.831941	993	338
0.78/0.83	0.832743	992	340
0.78/0.84	0.835172	991	348
0.78/0.84	0.840737	989	365
0.78/0.84	0.842568	988	371
0.78/0.85	0.845682	987	381
0.78/0.85	0.846583	986	383
0.78/0.86	0.860395	983	424
0.78/0.86	0.862916	982	432
0.78/0.87	0.87132	980	459
0.78/0.89	0.888766	978	515
0.78/0.89	0.890718	977	521
0.78/0.89	0.894883	975	534
0.88/0.90	0.904181	973	562
0.88/0.91	0.906956	972	568
0.88/0.91	0.907523	971	569
0.88/0.91	0.909024	970	573
0.88/0.91	0.910395	969	578
0.88/0.92	0.915325	967	593
0.88/0.92	0.915729	966	594
0.88/0.92	0.916556	965	596
0.88/0.92	0.917031	964	597
0.88/0.92	0.917962	963	600
0.88/0.92	0.920954	962	609
0.88/0.92	0.921814	961	611
0.88/0.93	0.932666	960	646
0.88/0.94	0.935021	959	653
0.88/0.95	0.944833	958	686
0.88/0.95	0.953477	957	713
0.88/0.96	0.957462	956	725
0.88/0.96	0.959001	955	730
0.88/0.96	0.960056	954	732
0.88/0.96	0.964422	952	745
0.88/0.97	0.965122	951	747
0.88/0.97	0.965582	950	748
0.88/0.97	0.966106	949	749
0.88/0.98	0.981501	948	798
0.88/0.98	0.98392	947	805
0.88/0.99	0.985128	946	808
0.88/1.01	1.00495	945	874
0.88/1.01	1.00614	944	877
0.88/1.01	1.01	943	889
0.88/1.02	1.01478	942	904
0.88/1.02	1.0166	941	909
0.88/1.02	1.0211	940	923
0.88/1.03	1.02772	939	941
0.88/1.03	1.029	938	945
0.88/1.04	1.04306	937	990
0.88/1.06	1.0555	934	1027
0.88/1.06	1.05602	933	1028
0.88/1.08	1.08037	931	1103
0.88/1.13	1.12476	930	1244
0.88/1.17	1.16636	929	1373
0.88/1.17	1.16772	928	1377
0.88/1.17	1.16818	927	1378
0.88/1.22	1.21636	925	1533
0.88/1.22	1.21957	924	1543
0.88/1.22	1.22087	923	1547
0.88/1.22	1.22163	922	1549
0.88/1.24	1.2352	921	1591
0.88/1.24	1.23565	920	1592
0.88/1.27	1.26904	919	1701
0.88/1.28	1.27975	918	1736
0.88/1.28	1.28207	917	1744
0.88/1.28	1.28318	916	1747
0.88/1.29	1.28483	915	1752
0.88/1.29	1.29278	914	1777
1.35/1.45	1.45201	913	2297
1.35/1.45	1.45264	912	2298
1.59/1.62	1.61548	909	2832
1.59/1.62	1.61643	908	2834
1.59/1.68	1.67524	907	3006
1.79/1.86	1.86383	906	3555
1.89/1.95	1.95247	904	3813
1.89/1.98	1.97498	901	3877
1.99/2.08	2.07866	900	4159
1.99/2.08	2.08003	899	4161
1.99/2.08	2.08099	897	4163
1.99/2.08	2.08157	896	4164
2.09/2.12	2.12161	894	4277
2.09/2.16	2.15636	893	4376
2.09/2.16	2.16033	892	4387
2.09/2.16	2.16239	891	4392
2.09/2.20	2.19417	890	4485
3.09/3.17	3.16638	888	8065
3.09/3.17	3.16697	887	8066
3.71/3.74	3.74284	885	10089
3.71/3.74	3.74392	883	10092
3.98/4.05	4.04976	882	11129
4.08/4.13	4.12588	880	11391
4.48/4.51	4.51053	879	12750
4.48/4.51	4.51319	878	12759
6.13/6.17	6.16881	877	18571
6.13/6.17	6.17129	876	18579
6.79/6.82	6.8216	875	21010
7.39/7.45	7.44671	872	23287
9.59/9.62	9.61922	871	31237
9.59/9.63	9.63157	870	31280
9.69/9.70	9.69571	868	31518
9.89/9.99	9.98816	867	32617
13.29/13.38	13.3789	866	45132
13.29/13.38	13.3815	865	45140
14.29/14.33	14.3251	863	48624
14.39/14.46	14.4567	861	49121
14.39/14.46	14.4578	860	49125
17.79/17.81	17.8032	858	61314
17.79/17.81	17.8052	857	61321
17.79/17.81	17.8074	856	61329
17.79/17.81	17.8122	855	61346
17.79/17.82	17.8136	853	61351
624.26/624.36	624.331	851	2214658
999.95/1000.04	3527018
