0.59/0.64	0.645054	1129	0
0.59/0.64	0.645577	1128	1
0.59/0.64	0.64611	1125	2
0.59/0.64	0.646602	1124	3
0.59/0.64	0.647476	1123	5
0.59/0.65	0.648229	1122	7
0.59/0.65	0.649016	1121	9
0.59/0.65	0.649461	1120	10
0.59/0.65	0.649956	1119	11
0.59/0.65	0.651012	1117	13
0.59/0.65	0.651468	1116	14
0.59/0.65	0.652035	1115	15
0.59/0.65	0.652887	1113	17
0.59/0.65	0.653313	1112	18
0.59/0.65	0.654804	1111	21
0.59/0.65	0.655739	1110	23
0.59/0.65	0.656188	1109	24
0.59/0.65	0.657025	1108	25
0.59/0.65	0.657455	1107	26
0.59/0.66	0.658699	1104	29
0.59/0.66	0.659503	1103	31
0.59/0.66	0.66032	1102	33
0.59/0.66	0.660817	1100	34
0.59/0.66	0.661281	1098	35
0.59/0.66	0.661865	1097	36
0.59/0.66	0.662407	1095	37
0.59/0.66	0.662765	1094	38
0.59/0.66	0.664217	1093	42
0.59/0.66	0.664614	1092	43
0.59/0.66	0.665077	1091	44
0.59/0.66	0.665565	1090	45
0.59/0.66	0.667018	1089	49
0.59/0.67	0.669495	1087	56
0.59/0.67	0.669944	1086	57
0.59/0.67	0.670659	1085	59
0.59/0.67	0.671084	1084	60
0.59/0.67	0.671941	1080	62
0.59/0.67	0.672377	1079	63
0.59/0.67	0.672795	1078	64
0.59/0.67	0.673251	1077	65
0.59/0.67	0.674625	1076	69
0.59/0.67	0.675098	1075	70
0.59/0.67	0.675508	1074	71
0.59/0.67	0.675988	1072	72
0.59/0.67	0.676408	1071	73
0.59/0.67	0.67725	1070	75
0.59/0.67	0.677713	1069	76
0.59/0.68	0.678432	1067	78
0.59/0.68	0.680432	1066	84
0.59/0.68	0.680914	1065	85
0.59/0.68	0.681974	1063	87
0.59/0.68	0.682876	1061	89
0.59/0.68	0.68379	1060	91
0.59/0.68	0.684218	1059	92
0.59/0.68	0.685287	1058	95
0.59/0.68	0.686644	1057	99
0.59/0.68	0.687124	1056	100
0.59/0.68	0.687553	1055	101
0.59/0.69	0.688316	1054	103
0.59/0.69	0.689034	1053	105
0.59/0.69	0.689547	1052	106
0.59/0.69	0.691017	1051	110
0.59/0.69	0.691439	1050	111
0.59/0.69	0.691918	1049	112
0.59/0.69	0.69252	1048	113
0.59/0.69	0.693254	1047	115
0.59/0.69	0.693675	1046	116
0.59/0.69	0.694443	1045	118
0.59/0.69	0.695881	1043	122
0.59/0.69	0.696728	1042	124
0.59/0.69	0.697433	1041	126
0.59/0.69	0.697861	1040	127
0.69/0.70	0.698627	1039	129
0.69/0.70	0.699072	1038	130
0.69/0.70	0.699962	1037	132
0.69/0.70	0.702356	1036	139
0.69/0.70	0.702751	1035	140
0.69/0.70	0.704552	1034	145
0.69/0.70	0.706801	1033	150
0.69/0.70	0.707285	1032	151
0.69/0.70	0.707834	1031	152
0.69/0.71	0.711695	1029	163
0.69/0.71	0.712547	1028	165
0.69/0.71	0.714744	1026	172
0.69/0.71	0.715347	1025	173
0.69/0.71	0.715765	1024	174
0.69/0.71	0.716166	1023	175
0.69/0.71	0.717033	1022	177
0.69/0.72	0.719035	1021	183
0.69/0.72	0.721406	1020	190
0.69/0.72	0.722309	1019	192
0.69/0.72	0.722703	1018	193
0.69/0.72	0.724712	1015	199
0.69/0.72	0.72547	1014	201
0.69/0.73	0.73595	1013	233
0.69/0.73	0.736955	1012	236
0.69/0.74	0.73951	1011	244
0.69/0.74	0.740226	1010	246
0.69/0.74	0.740692	1009	247
0.69/0.74	0.74134	1008	248
0.69/0.74	0.746691	1007	264
0.69/0.74	0.747327	1006	266
0.69/0.76	0.760636	1004	309
0.69/0.76	0.762533	1003	314
0.69/0.76	0.76389	1002	318
0.69/0.76	0.764363	1001	319
0.69/0.77	0.769124	999	333
0.69/0.77	0.776308	997	355
0.69/0.77	0.776704	996	356
0.69/0.78	0.779658	995	365
0.79/0.80	0.798582	993	424
0.79/0.80	0.803052	991	437
0.79/0.80	0.80355	990	438
0.79/0.80	0.804288	989	439
0.79/0.80	0.805489	987	442
0.79/0.81	0.810891	986	459
0.79/0.81	0.812691	985	464
0.79/0.81	0.816495	984	476
0.79/0.83	0.830071	982	519
0.79/0.85	0.84819	977	575
0.79/0.85	0.849524	976	579
0.79/0.85	0.850848	975	582
0.79/0.85	0.856283	974	599
0.79/0.85	0.857313	973	602
0.79/0.86	0.85853	972	604
0.79/0.86	0.859093	971	605
0.79/0.86	0.859749	970	606
0.79/0.86	0.861394	969	611
0.79/0.86	0.861941	968	612
0.79/0.86	0.863067	967	615
0.79/0.86	0.864104	966	618
0.79/0.86	0.864701	965	619
0.79/0.87	0.870352	964	636
0.79/0.87	0.871076	963	638
0.79/0.87	0.872487	962	642
0.79/0.87	0.873388	961	644
0.79/0.87	0.873836	960	645
0.79/0.87	0.875281	959	648
0.79/0.87	0.876836	958	651
0.79/0.88	0.879456	957	657
0.79/0.88	0.881898	956	664
0.79/0.88	0.882315	955	665
0.79/0.88	0.883128	954	667
0.79/0.88	0.883673	953	668
0.79/0.89	0.88747	952	679
0.79/0.89	0.888622	951	682
0.79/0.89	0.889529	950	684
0.79/0.89	0.889987	949	685
0.79/0.89	0.892008	948	691
0.89/0.90	0.896704	947	706
0.89/0.90	0.89842	946	711
0.89/0.95	0.950052	944	869
0.89/0.96	0.956649	943	890
0.89/0.96	0.957097	942	891
0.89/0.98	0.978153	941	956
0.89/0.98	0.978918	940	958
0.89/0.99	0.989102	939	990
0.89/0.99	0.992013	938	998
0.89/0.99	0.992441	937	999
0.89/0.99	0.994547	936	1006
0.89/0.99	0.995209	935	1007
0.98/1.00	0.996246	934	1010
0.98/1.04	1.04105	933	1149
0.98/1.05	1.05131	931	1179
0.98/1.08	1.07839	929	1264
0.98/1.08	1.07912	928	1266
0.98/1.09	1.09135	927	1302
1.08/1.10	1.09689	926	1320
1.08/1.10	1.09767	925	1322
1.08/1.10	1.09822	924	1323
1.08/1.11	1.10884	923	1355
1.08/1.11	1.11119	922	1361
1.08/1.13	1.13283	921	1429
1.08/1.14	1.13723	920	1441
1.08/1.16	1.16299	919	1521
1.08/1.17	1.16474	918	1526
1.40/1.41	1.41125	916	2317
1.40/1.41	1.4132	915	2322
1.40/1.42	1.41456	914	2325
1.40/1.42	1.42003	913	2343
1.40/1.42	1.42237	912	2349
1.40/1.42	1.42294	911	2350
1.40/1.43	1.42495	910	2356
1.59/1.64	1.63863	908	3031
1.59/1.64	1.63984	907	3035
1.78/1.80	1.80082	905	3545
1.78/1.81	1.80504	904	3559
1.78/1.88	1.87616	903	3785
1.88/1.93	1.92997	902	3958
1.88/1.99	1.98549	901	4130
1.98/2.02	2.02193	900	4245
1.98/2.03	2.02423	899	4252
1.98/2.03	2.02486	898	4254
1.98/2.03	2.02569	897	4256
1.98/2.03	2.0309	896	4272
1.98/2.04	2.03925	895	4297
1.98/2.04	2.04347	894	4310
2.18/2.28	2.27603	892	5051
2.28/2.41	2.40526	891	5463
2.28/2.41	2.40588	890	5464
2.39/2.46	2.45416	889	5629
2.39/2.46	2.4561	888	5634
2.39/2.46	2.45667	887	5635
2.68/2.76	2.75917	886	6609
2.78/3.15	3.15177	885	7875
3.49/3.54	3.53622	884	9109
3.49/3.58	3.57594	882	9236
5.09/5.14	5.14221	880	14219
5.69/5.79	5.7894	879	16319
5.69/5.79	5.79107	878	16324
5.69/5.80	5.7946	877	16335
5.69/6.01	6.00729	875	17045
5.69/6.01	6.00879	874	17049
5.69/6.03	6.0283	873	17109
9.29/9.38	9.38128	870	28031
9.79/9.87	9.86937	869	29594
9.99/10.10	10.1024	868	30346
9.99/10.11	10.1037	867	30349
9.99/10.15	10.1437	866	30474
9.99/10.56	10.5591	864	31802
10.99/11.04	11.0349	863	33358
11.09/11.12	11.1146	862	33623
11.09/11.12	11.1171	861	33631
11.09/11.18	11.1835	860	33846
11.09/11.19	11.1839	859	33847
16.78/16.88	16.8741	858	52397
16.98/17.06	17.0561	857	53000
22.49/22.55	22.5487	855	71090
22.49/22.55	22.5511	854	71098
22.59/22.68	22.6734	853	71491
37.78/37.87	37.8651	852	121039
999.94/1000.04	3239942
