0.60/0.67	0.668823	1128	0
0.60/0.67	0.669303	1127	1
0.60/0.67	0.67007	1126	3
0.60/0.67	0.670534	1125	4
0.60/0.67	0.671009	1124	5
0.60/0.67	0.671805	1122	7
0.60/0.67	0.67237	1121	8
0.60/0.67	0.673115	1120	10
0.60/0.67	0.673891	1119	12
0.60/0.67	0.674488	1116	13
0.60/0.67	0.675387	1115	15
0.60/0.67	0.675835	1113	16
0.60/0.67	0.676658	1112	18
0.60/0.67	0.677329	1111	19
0.60/0.68	0.678039	1110	21
0.60/0.68	0.678817	1109	23
0.60/0.68	0.679233	1108	24
0.60/0.68	0.679965	1107	26
0.60/0.68	0.680383	1106	27
0.60/0.68	0.682055	1104	32
0.60/0.68	0.682469	1103	33
0.60/0.68	0.683004	1102	34
0.60/0.68	0.683753	1101	36
0.68/0.70	0.685581	1099	41
0.68/0.70	0.686158	1098	42
0.68/0.70	0.687904	1097	47
0.68/0.70	0.68846	1096	48
0.68/0.70	0.690871	1095	55
0.68/0.70	0.691288	1094	56
0.68/0.71	0.691981	1092	57
0.68/0.71	0.694111	1090	63
0.68/0.71	0.694531	1089	64
0.68/0.71	0.695094	1088	65
0.68/0.71	0.695648	1087	66
0.68/0.71	0.696272	1086	67
0.68/0.71	0.698016	1083	72
0.68/0.71	0.698491	1082	73
0.68/0.71	0.698924	1081	74
0.68/0.71	0.69978	1079	76
0.68/0.73	0.700685	1077	77
0.68/0.73	0.702557	1074	82
0.68/0.73	0.703143	1073	83
0.68/0.74	0.70607	1072	91
0.68/0.74	0.707776	1071	96
0.68/0.74	0.708285	1069	97
0.68/0.74	0.709175	1067	99
0.68/0.74	0.709878	1066	101
0.68/0.74	0.710313	1065	102
0.68/0.74	0.71205	1063	107
0.68/0.74	0.712592	1062	108
0.68/0.74	0.713025	1061	109
0.68/0.74	0.713459	1060	110
0.68/0.74	0.714318	1057	112
0.68/0.74	0.715577	1056	115
0.68/0.75	0.716074	1055	116
0.68/0.75	0.716552	1054	117
0.68/0.75	0.716979	1053	118
0.68/0.75	0.717681	1052	120
0.68/0.75	0.718708	1051	123
0.68/0.75	0.719091	1050	124
0.68/0.75	0.719954	1049	126
0.68/0.75	0.720363	1048	127
0.68/0.75	0.721701	1047	131
0.68/0.75	0.722269	1046	132
0.68/0.75	0.722798	1045	133
0.68/0.76	0.726046	1044	142
0.68/0.76	0.726469	1043	143
0.68/0.76	0.727458	1042	146
0.68/0.76	0.729528	1041	152
0.68/0.76	0.730234	1040	154
0.68/0.76	0.730745	1039	155
0.68/0.76	0.731572	1038	157
0.68/0.76	0.731972	1037	158
0.68/0.76	0.732884	1035	160
0.68/0.76	0.733917	1034	163
0.68/0.76	0.734315	1033	164
0.68/0.76	0.735319	1032	167
0.68/0.77	0.736227	1031	169
0.68/0.77	0.738859	1030	176
0.68/0.77	0.741227	1028	183
0.68/0.77	0.744976	1027	194
0.68/0.78	0.746703	1026	198
0.68/0.78	0.747075	1025	199
0.68/0.78	0.747801	1024	201
0.68/0.78	0.748824	1023	203
0.68/0.78	0.749395	1022	204
0.68/0.78	0.750463	1021	207
0.68/0.78	0.75131	1020	209
0.68/0.78	0.75184	1019	210
0.68/0.78	0.752634	1018	212
0.68/0.78	0.754199	1017	217
0.68/0.78	0.755809	1016	221
0.68/0.79	0.756491	1015	223
0.68/0.79	0.757196	1014	225
0.68/0.79	0.758364	1013	228
0.68/0.79	0.761182	1012	236
0.68/0.79	0.762385	1011	238
0.68/0.80	0.766046	1010	247
0.76/0.80	0.766798	1009	249
0.76/0.80	0.768086	1008	253
0.76/0.80	0.769821	1007	257
0.76/0.80	0.770682	1006	259
0.76/0.80	0.771685	1005	262
0.76/0.80	0.77337	1004	267
0.76/0.80	0.775095	1001	272
0.76/0.81	0.779609	1000	286
0.76/0.81	0.781902	998	293
0.76/0.81	0.78306	997	296
0.76/0.81	0.785794	996	304
0.76/0.82	0.787415	995	308
0.76/0.82	0.788598	994	311
0.76/0.82	0.789077	993	312
0.76/0.82	0.789878	992	314
0.76/0.82	0.791442	991	319
0.76/0.83	0.79937	988	344
0.76/0.83	0.801951	986	352
0.76/0.83	0.802855	985	354
0.76/0.84	0.80673	984	365
0.76/0.84	0.807222	983	366
0.76/0.84	0.80796	982	368
0.76/0.84	0.81229	981	382
0.76/0.85	0.817628	979	398
0.76/0.85	0.818167	978	399
0.76/0.85	0.818718	977	400
0.76/0.85	0.820351	976	405
0.76/0.85	0.821754	975	409
0.76/0.85	0.822162	974	410
0.76/0.85	0.824069	973	416
0.76/0.85	0.825195	972	419
0.76/0.86	0.826264	971	422
0.76/0.86	0.826698	970	423
0.76/0.86	0.827979	969	427
0.76/0.86	0.82924	968	431
0.76/0.86	0.834512	967	447
0.76/0.87	0.844298	966	477
0.86/0.90	0.872097	964	567
0.86/0.91	0.877934	963	586
0.86/0.92	0.886648	960	613
0.86/0.92	0.887414	959	615
0.86/0.92	0.891312	957	627
0.86/0.92	0.891806	956	628
0.86/0.94	0.914725	955	700
0.86/0.95	0.920338	954	718
0.86/0.96	0.931888	953	756
0.86/0.96	0.933035	952	759
0.86/0.97	0.93661	951	770
0.86/0.99	0.964311	950	857
0.86/0.99	0.965406	949	860
0.96/1.03	1.00164	948	977
0.96/1.03	1.00278	947	980
0.96/1.04	1.00742	946	995
0.96/1.04	1.01275	944	1012
0.96/1.04	1.01433	943	1017
0.96/1.04	1.01471	942	1018
0.96/1.05	1.01584	941	1021
0.96/1.05	1.01844	940	1029
0.96/1.05	1.02235	939	1041
0.96/1.05	1.02277	938	1042
0.96/1.05	1.02499	937	1049
0.96/1.07	1.03984	935	1096
0.96/1.08	1.05435	934	1142
0.96/1.09	1.0558	933	1146
1.06/1.12	1.09427	931	1267
1.06/1.12	1.09488	930	1268
1.06/1.13	1.09666	929	1273
1.06/1.14	1.11533	928	1333
1.06/1.18	1.14682	927	1435
1.06/1.19	1.16018	926	1475
1.06/1.19	1.1607	925	1476
1.06/1.19	1.16211	924	1480
1.06/1.19	1.16361	923	1485
1.16/1.21	1.18394	922	1550
1.16/1.21	1.18438	921	1551
1.16/1.23	1.19628	920	1587
1.16/1.24	1.21084	919	1633
1.16/1.27	1.24307	918	1737
1.26/1.38	1.34804	915	2080
1.26/1.38	1.34882	914	2082
1.26/1.38	1.35136	912	2090
1.36/1.40	1.3675	911	2141
1.36/1.40	1.36838	910	2143
1.36/1.40	1.3734	909	2157
1.36/1.40	1.3739	908	2158
1.36/1.40	1.3747	907	2160
1.36/1.40	1.37542	906	2162
1.36/1.41	1.37584	905	2163
1.53/1.61	1.57762	903	2830
1.53/1.67	1.63607	900	3023
1.53/1.68	1.64924	899	3068
1.53/1.68	1.65159	898	3075
1.53/1.68	1.6535	897	3081
1.53/1.68	1.6541	896	3083
1.53/1.95	1.91641	895	3942
1.53/1.95	1.92431	894	3969
1.53/1.95	1.92478	893	3970
1.96/2.01	1.98232	892	4165
2.15/2.26	2.23521	890	5005
2.15/2.28	2.25206	889	5059
2.15/2.28	2.25346	888	5064
2.15/2.29	2.25756	887	5077
2.15/2.29	2.26553	886	5102
2.25/2.30	2.26645	885	5104
2.25/2.30	2.27304	884	5125
2.25/2.30	2.27343	883	5126
2.25/2.33	2.30417	882	5227
2.25/2.37	2.33689	881	5335
2.25/2.37	2.33811	880	5339
2.25/2.37	2.33912	879	5342
2.25/2.37	2.34061	878	5347
2.25/2.37	2.341	877	5348
2.25/2.37	2.34308	876	5353
2.35/2.40	2.36866	875	5434
2.45/2.52	2.48575	874	5832
2.45/2.54	2.51147	873	5918
2.45/2.54	2.51325	872	5924
2.65/2.75	2.71755	871	6608
2.65/2.75	2.72087	870	6619
2.65/2.75	2.72141	869	6620
2.65/2.75	2.72447	868	6629
2.65/2.76	2.7347	867	6664
2.65/2.76	2.73522	866	6665
2.75/2.82	2.79174	865	6854
2.75/2.96	2.92762	864	7298
2.75/3.11	3.08302	863	7830
2.75/3.32	3.2917	862	8523
2.75/3.32	3.29328	861	8528
3.76/3.80	3.76995	860	10135
3.76/3.80	3.77044	859	10136
3.76/3.83	3.8039	857	10248
3.76/3.83	3.80489	856	10251
8.26/8.34	8.31512	855	25218
8.56/8.68	8.64597	854	26316
14.46/14.99	14.9631	853	47506
15.56/15.64	15.6063	851	49650
20.88/21.15	21.1213	850	68100
21.76/21.85	21.818	849	70443
21.76/21.85	21.819	848	70445
21.76/21.85	21.8195	847	70446
24.36/24.44	24.4095	846	79167
999.92/1000.07	3230620
