0.69/0.75	0.750778	1127	0
0.69/0.75	0.751463	1126	1
0.69/0.75	0.751966	1125	2
0.69/0.75	0.752536	1123	3
0.69/0.75	0.753019	1122	4
0.69/0.75	0.753917	1120	6
0.69/0.75	0.754449	1119	7
0.69/0.75	0.754892	1118	8
0.69/0.75	0.755396	1117	9
0.69/0.75	0.755976	1116	10
0.69/0.75	0.75641	1115	11
0.69/0.75	0.757649	1114	14
0.69/0.76	0.758101	1113	15
0.69/0.76	0.758953	1112	17
0.69/0.76	0.759392	1111	18
0.69/0.76	0.760725	1110	21
0.69/0.76	0.7617	1108	23
0.69/0.76	0.762324	1107	24
0.69/0.76	0.762904	1106	25
0.69/0.76	0.763864	1105	27
0.69/0.76	0.764287	1104	28
0.69/0.76	0.764937	1103	29
0.69/0.76	0.765435	1101	30
0.69/0.76	0.765909	1100	31
0.69/0.76	0.766747	1098	33
0.69/0.77	0.76796	1097	36
0.69/0.77	0.768619	1096	37
0.69/0.77	0.770587	1095	42
0.69/0.77	0.772211	1093	46
0.69/0.77	0.772781	1092	47
0.69/0.77	0.774013	1090	50
0.69/0.77	0.774457	1089	51
0.69/0.77	0.77493	1088	52
0.69/0.77	0.776518	1087	56
0.69/0.78	0.777743	1086	59
0.69/0.78	0.778406	1085	60
0.69/0.78	0.779115	1084	61
0.69/0.78	0.779605	1082	62
0.69/0.78	0.780827	1081	64
0.69/0.78	0.781318	1079	65
0.69/0.78	0.782175	1078	67
0.69/0.78	0.783153	1077	69
0.69/0.78	0.783817	1076	70
0.69/0.78	0.784311	1075	71
0.69/0.78	0.785003	1074	72
0.69/0.78	0.785626	1073	73
0.69/0.78	0.787196	1070	77
0.69/0.79	0.787969	1069	79
0.69/0.79	0.78843	1068	80
0.69/0.79	0.789008	1067	81
0.69/0.79	0.789751	1066	82
0.69/0.79	0.790875	1063	84
0.69/0.79	0.792308	1062	88
0.69/0.79	0.794087	1060	93
0.69/0.79	0.795046	1059	95
0.69/0.79	0.795646	1058	96
0.69/0.79	0.796463	1057	98
0.69/0.79	0.797311	1056	100
0.79/0.80	0.798129	1055	102
0.79/0.80	0.800014	1053	107
0.79/0.80	0.800543	1051	108
0.79/0.80	0.80109	1050	109
0.79/0.80	0.801568	1049	110
0.79/0.80	0.802772	1047	113
0.79/0.80	0.803636	1046	115
0.79/0.80	0.80426	1045	116
0.79/0.80	0.805086	1044	118
0.79/0.80	0.805917	1043	120
0.79/0.80	0.807624	1042	124
0.79/0.81	0.808307	1041	125
0.79/0.81	0.809779	1039	129
0.79/0.81	0.810211	1038	130
0.79/0.81	0.812549	1037	135
0.79/0.81	0.813032	1036	136
0.79/0.81	0.813494	1035	137
0.79/0.81	0.814079	1034	138
0.79/0.81	0.815369	1033	141
0.79/0.81	0.817221	1032	146
0.79/0.82	0.820168	1031	153
0.79/0.82	0.82162	1030	157
0.79/0.82	0.82242	1029	159
0.79/0.82	0.822881	1028	160
0.79/0.82	0.825379	1027	166
0.79/0.82	0.826466	1026	169
0.79/0.82	0.826976	1025	170
0.79/0.83	0.827734	1024	171
0.79/0.83	0.831539	1023	182
0.79/0.83	0.832291	1022	184
0.79/0.83	0.833795	1021	187
0.79/0.83	0.834507	1020	189
0.79/0.83	0.834992	1019	190
0.79/0.83	0.835446	1018	191
0.79/0.83	0.836083	1017	192
0.79/0.83	0.836612	1015	193
0.79/0.84	0.840828	1013	205
0.79/0.84	0.841467	1011	206
0.79/0.84	0.843921	1009	212
0.79/0.84	0.847315	1008	222
0.79/0.85	0.848398	1007	224
0.79/0.85	0.849374	1006	226
0.79/0.85	0.85014	1005	228
0.79/0.85	0.852556	1004	235
0.79/0.85	0.853461	1003	237
0.79/0.85	0.854077	1002	238
0.79/0.85	0.855369	1001	241
0.79/0.86	0.859151	1000	251
0.79/0.86	0.860332	999	254
0.79/0.86	0.860987	998	255
0.79/0.86	0.863731	997	262
0.79/0.86	0.866056	996	268
0.79/0.87	0.869817	994	278
0.79/0.87	0.873016	993	287
0.79/0.87	0.876444	992	296
0.79/0.88	0.878068	991	299
0.79/0.88	0.878576	990	300
0.79/0.88	0.879681	989	303
0.88/0.90	0.90111	988	362
0.88/0.90	0.902287	987	365
0.88/0.90	0.904214	986	370
0.88/0.90	0.906261	985	375
0.88/0.90	0.906844	984	376
0.88/0.91	0.908103	983	379
0.88/0.91	0.911675	980	389
0.88/0.92	0.917771	979	406
0.88/0.92	0.918229	978	407
0.88/0.92	0.918707	977	408
0.88/0.92	0.920253	976	412
0.88/0.93	0.933192	975	449
0.88/0.93	0.933712	974	450
0.88/0.93	0.935895	973	456
0.88/0.94	0.94725	971	488
0.88/0.95	0.950403	970	497
0.88/0.95	0.952606	969	503
0.88/0.95	0.955804	968	511
0.88/0.96	0.960786	967	524
0.88/0.96	0.962796	966	529
0.88/0.96	0.96339	965	530
0.88/0.96	0.966473	964	537
0.88/0.99	0.990593	962	604
0.88/0.99	0.993401	961	612
0.98/1.00	1.00512	959	647
0.98/1.00	1.00599	958	649
0.98/1.00	1.00694	957	651
0.98/1.03	1.02824	953	711
0.98/1.03	1.03411	952	729
0.98/1.03	1.03651	951	736
0.98/1.03	1.03693	950	737
0.98/1.03	1.03754	949	738
0.98/1.04	1.03901	948	742
0.98/1.04	1.0394	947	743
0.98/1.04	1.03982	946	744
0.98/1.04	1.04558	944	761
0.98/1.05	1.05113	943	774
0.98/1.05	1.05453	942	784
0.98/1.06	1.0583	941	795
0.98/1.06	1.06318	940	809
0.98/1.09	1.08817	938	882
0.98/1.09	1.0896	937	885
0.98/1.09	1.09467	936	898
0.98/1.09	1.09522	935	899
0.98/1.09	1.09691	934	904
0.98/1.09	1.09751	933	905
1.08/1.10	1.09866	932	907
1.08/1.10	1.09902	931	908
1.08/1.10	1.1004	930	912
1.08/1.13	1.13331	928	1014
1.08/1.13	1.13576	927	1022
1.08/1.13	1.1362	926	1023
1.08/1.14	1.14152	925	1039
1.08/1.15	1.15181	923	1071
1.08/1.17	1.16913	922	1126
1.08/1.17	1.17331	921	1139
1.08/1.17	1.17479	920	1143
1.08/1.17	1.17563	919	1145
1.18/1.22	1.21917	918	1282
1.18/1.24	1.24383	917	1363
1.18/1.25	1.2495	916	1380
1.18/1.28	1.27918	915	1472
1.18/1.28	1.28037	914	1475
1.18/1.28	1.28293	913	1482
1.18/1.29	1.2893	912	1502
1.18/1.29	1.29062	911	1505
1.18/1.29	1.29493	910	1517
1.28/1.31	1.31367	909	1577
1.28/1.31	1.31404	908	1578
1.28/1.31	1.31438	907	1579
1.28/1.47	1.47016	906	2098
1.28/1.47	1.47556	905	2116
1.51/1.57	1.57549	902	2444
1.51/1.57	1.57684	901	2447
1.51/1.59	1.59367	899	2506
1.51/1.59	1.59601	898	2512
1.69/1.79	1.79694	897	3182
1.78/1.86	1.8669	896	3417
1.78/1.87	1.86787	895	3420
1.78/1.87	1.86828	894	3421
1.90/1.99	1.99069	892	3823
1.99/2.03	2.03231	891	3963
1.99/2.03	2.03676	890	3977
1.99/2.06	2.0639	889	4069
1.99/2.08	2.07943	888	4122
2.08/2.20	2.19766	887	4514
2.48/2.57	2.57098	884	5778
2.48/2.57	2.57158	883	5779
2.48/2.72	2.72677	882	6284
2.48/2.75	2.74814	881	6353
2.48/2.75	2.75246	880	6367
3.68/3.72	3.71913	879	9634
3.68/4.06	4.05837	877	10756
4.20/4.24	4.24411	876	11375
4.20/4.25	4.25485	875	11410
4.20/4.26	4.26091	874	11430
4.20/4.26	4.26161	873	11432
4.69/4.76	4.76559	871	13152
4.69/4.76	4.76653	870	13155
4.69/4.76	4.76749	869	13158
5.15/5.39	5.38795	868	15249
5.48/5.55	5.54944	866	15783
5.48/5.60	5.60021	865	15954
7.68/8.14	8.14391	864	24582
10.09/10.19	10.1929	862	31546
12.21/12.44	12.4462	861	39135
17.38/17.45	17.4473	859	55896
17.88/17.90	17.8988	858	57400
17.88/17.91	17.9108	857	57441
20.49/20.53	20.529	856	66265
20.79/20.86	20.8647	854	67408
21.89/21.98	21.9808	853	71178
23.99/24.04	24.0422	851	78120
24.09/24.35	24.3516	849	79173
999.96/1000.03	3313936
