0.69/0.72	0.718193	1135	0
0.69/0.72	0.718769	1134	1
0.69/0.72	0.719758	1133	4
0.69/0.72	0.720327	1132	5
0.69/0.72	0.720769	1131	6
0.69/0.72	0.721791	1130	8
0.69/0.72	0.72216	1129	9
0.69/0.72	0.722573	1128	10
0.69/0.72	0.722993	1127	11
0.69/0.72	0.723793	1126	12
0.69/0.72	0.724214	1125	13
0.69/0.72	0.724671	1124	14
0.69/0.72	0.725291	1123	15
0.69/0.72	0.726473	1121	18
0.69/0.72	0.726888	1120	19
0.69/0.73	0.72734	1119	20
0.69/0.73	0.727767	1118	21
0.69/0.73	0.728368	1117	22
0.69/0.73	0.728755	1116	23
0.69/0.73	0.729157	1115	24
0.69/0.73	0.729566	1114	25
0.69/0.73	0.729956	1113	26
0.69/0.73	0.730342	1112	27
0.69/0.73	0.730913	1111	28
0.69/0.73	0.731291	1110	29
0.69/0.73	0.731686	1109	30
0.69/0.73	0.732138	1107	31
0.69/0.73	0.73295	1106	33
0.69/0.73	0.734243	1105	36
0.69/0.73	0.734691	1104	37
0.69/0.73	0.735139	1103	38
0.69/0.73	0.735588	1102	39
0.69/0.73	0.73599	1101	40
0.69/0.73	0.736392	1100	41
0.69/0.73	0.736993	1099	42
0.69/0.74	0.738089	1098	45
0.69/0.74	0.738842	1097	47
0.69/0.74	0.739279	1096	48
0.69/0.74	0.739731	1095	49
0.69/0.74	0.740135	1094	50
0.69/0.74	0.740544	1093	51
0.69/0.74	0.74108	1092	52
0.69/0.74	0.741486	1091	53
0.69/0.74	0.741902	1089	54
0.69/0.74	0.743471	1088	59
0.69/0.74	0.744181	1087	61
0.69/0.74	0.744586	1086	62
0.69/0.74	0.745055	1085	63
0.69/0.74	0.745523	1084	64
0.69/0.74	0.745935	1083	65
0.69/0.74	0.746731	1082	67
0.69/0.75	0.747544	1080	69
0.69/0.75	0.749171	1079	73
0.69/0.75	0.749874	1078	75
0.69/0.75	0.751566	1076	80
0.69/0.75	0.752401	1075	82
0.69/0.75	0.75281	1074	83
0.69/0.75	0.75355	1073	85
0.69/0.75	0.753975	1072	86
0.69/0.75	0.75542	1070	90
0.69/0.75	0.757017	1069	95
0.69/0.76	0.757764	1068	97
0.69/0.76	0.75908	1067	101
0.69/0.76	0.76009	1066	104
0.69/0.76	0.760578	1065	105
0.69/0.76	0.761659	1064	108
0.69/0.76	0.762249	1063	109
0.69/0.76	0.76279	1062	110
0.69/0.76	0.763376	1061	111
0.69/0.76	0.765225	1059	116
0.69/0.76	0.766051	1058	118
0.69/0.76	0.766468	1057	119
0.69/0.76	0.766971	1056	120
0.69/0.77	0.767948	1055	122
0.69/0.77	0.768645	1054	124
0.69/0.77	0.769197	1053	125
0.69/0.77	0.770876	1052	130
0.69/0.77	0.773322	1050	138
0.69/0.77	0.77401	1048	140
0.69/0.77	0.775335	1047	143
0.69/0.77	0.77698	1046	148
0.69/0.78	0.777332	1045	149
0.69/0.78	0.777709	1044	150
0.69/0.78	0.778629	1043	153
0.69/0.78	0.779061	1042	154
0.69/0.78	0.780177	1041	157
0.69/0.78	0.780874	1040	159
0.69/0.78	0.782736	1039	165
0.69/0.78	0.784273	1038	169
0.69/0.78	0.785558	1037	173
0.69/0.78	0.786981	1036	177
0.69/0.79	0.7877	1035	179
0.69/0.79	0.788066	1034	180
0.69/0.79	0.788486	1033	181
0.69/0.79	0.790297	1031	186
0.69/0.79	0.793874	1028	197
0.69/0.79	0.795865	1027	203
0.69/0.79	0.796372	1026	204
0.79/0.80	0.799159	1024	213
0.79/0.80	0.800784	1023	218
0.79/0.80	0.801361	1022	219
0.79/0.80	0.804883	1021	229
0.79/0.81	0.80821	1020	238
0.79/0.81	0.810706	1018	246
0.79/0.81	0.811392	1017	248
0.79/0.81	0.812269	1016	250
0.79/0.81	0.812982	1015	252
0.79/0.81	0.814542	1014	257
0.79/0.81	0.814967	1013	258
0.79/0.81	0.815738	1012	260
0.79/0.82	0.817294	1011	265
0.79/0.82	0.818669	1010	269
0.79/0.82	0.82231	1008	280
0.79/0.82	0.823465	1007	283
0.79/0.82	0.823977	1006	284
0.79/0.83	0.827151	1005	294
0.79/0.84	0.838592	1002	330
0.79/0.84	0.83993	1000	334
0.79/0.84	0.845514	999	352
0.79/0.85	0.847201	997	357
0.79/0.85	0.84759	996	358
0.79/0.85	0.848072	995	359
0.79/0.85	0.851108	992	368
0.79/0.85	0.851497	991	369
0.79/0.85	0.851867	990	370
0.79/0.85	0.854351	988	378
0.79/0.85	0.854852	987	379
0.79/0.85	0.855511	986	381
0.79/0.86	0.86108	985	398
0.79/0.86	0.861927	983	400
0.79/0.86	0.862446	982	401
0.79/0.86	0.86341	981	404
0.79/0.86	0.865123	980	409
0.79/0.87	0.867892	979	416
0.79/0.87	0.868285	978	417
0.79/0.87	0.869166	977	419
0.79/0.87	0.86966	976	420
0.79/0.87	0.872303	975	427
0.79/0.87	0.875612	973	437
0.79/0.87	0.875991	972	438
0.79/0.87	0.876483	971	439
0.79/0.88	0.885661	970	468
0.79/0.89	0.895209	969	499
0.79/0.89	0.895714	968	500
0.79/0.89	0.89611	967	501
0.89/0.90	0.906484	966	535
0.89/0.91	0.908082	965	540
0.89/0.91	0.916046	964	566
0.89/0.92	0.920146	962	580
0.89/0.92	0.921687	961	585
0.89/0.92	0.923364	960	590
0.89/0.94	0.940818	958	647
0.89/0.94	0.944822	957	660
0.89/0.95	0.954756	954	692
0.89/0.95	0.955235	953	693
0.89/0.96	0.957059	952	698
0.89/0.96	0.958397	951	702
0.89/0.99	0.994104	948	817
0.99/1.00	1.00407	945	847
0.99/1.00	1.00452	944	848
0.99/1.01	1.01002	943	866
0.99/1.02	1.02235	942	906
0.99/1.02	1.02274	941	907
0.99/1.04	1.0459	939	981
0.99/1.04	1.0469	938	984
0.99/1.05	1.04744	937	985
0.99/1.07	1.06723	935	1049
0.99/1.08	1.07947	934	1088
0.99/1.09	1.09196	933	1129
0.99/1.15	1.15543	930	1334
0.99/1.15	1.15626	929	1336
0.99/1.16	1.15778	928	1340
0.99/1.16	1.15817	927	1341
0.99/1.22	1.21786	926	1535
0.99/1.22	1.21837	925	1536
0.99/1.22	1.21892	924	1537
0.99/1.25	1.25279	922	1648
0.99/1.25	1.25549	921	1657
0.99/1.25	1.25699	920	1660
0.99/1.26	1.2579	919	1663
0.99/1.26	1.25849	918	1664
0.99/1.26	1.26661	917	1691
0.99/1.27	1.26711	916	1692
0.99/1.27	1.26908	915	1698
0.99/1.28	1.27871	914	1729
0.99/1.28	1.2796	913	1731
0.99/1.28	1.2801	912	1732
1.39/1.40	1.40172	911	2142
1.39/1.48	1.47986	910	2408
1.49/1.54	1.54584	909	2627
1.49/1.58	1.58043	908	2746
1.59/1.67	1.66987	906	3044
1.59/1.67	1.67343	905	3055
1.59/1.67	1.67528	904	3061
1.69/1.74	1.74104	902	3280
1.69/1.74	1.74332	901	3288
1.69/1.74	1.74396	900	3290
1.89/1.91	1.90801	899	3833
1.89/1.91	1.90839	898	3834
1.89/1.97	1.97034	897	4044
1.89/1.97	1.97141	896	4047
1.89/1.97	1.97221	895	4049
1.89/1.98	1.9842	894	4086
1.89/1.99	1.99206	893	4111
1.99/2.06	2.05952	892	4340
1.99/2.06	2.06079	891	4343
2.09/2.16	2.16018	890	4688
2.09/2.16	2.16332	889	4699
2.19/2.27	2.27363	887	5076
2.19/2.27	2.27613	886	5084
2.19/2.61	2.61651	884	6239
2.19/2.69	2.69528	883	6505
2.19/2.77	2.77293	882	6768
3.60/3.65	3.64868	878	9656
3.60/3.65	3.64926	877	9657
5.08/5.31	5.31219	876	14958
5.08/5.31	5.31676	875	14974
5.58/5.71	5.70944	874	16314
5.58/5.75	5.75197	873	16457
5.58/5.75	5.75234	872	16458
7.29/7.35	7.35453	869	21630
8.89/8.98	8.98582	868	26885
10.25/10.26	10.2644	867	31122
10.25/10.26	10.2653	866	31125
10.25/10.27	10.2671	865	31131
10.25/10.27	10.2675	864	31132
10.25/10.27	10.268	863	31133
13.89/13.95	13.95	861	43757
14.11/14.60	14.6001	860	45958
14.89/14.99	14.9955	859	47316
15.09/15.14	15.1405	858	47815
15.95/16.21	16.2122	857	51444
16.29/16.34	16.3439	855	51895
16.39/16.41	16.4132	854	52124
21.29/21.34	21.3444	853	68849
60.10/60.41	60.4111	852	201684
60.10/60.41	60.4119	851	201686
60.10/60.41	60.4128	850	201688
79.39/79.48	79.482	849	266308
738.16/738.22	738.2	848	2469326
999.85/1000.03	3347909
