0.59/0.66	0.665789	1132	0
0.59/0.67	0.666564	1131	1
0.59/0.67	0.66763	1130	4
0.59/0.67	0.668177	1129	5
0.59/0.67	0.668634	1127	6
0.59/0.67	0.669159	1126	7
0.59/0.67	0.669924	1125	9
0.59/0.67	0.670329	1124	10
0.59/0.67	0.671174	1123	12
0.59/0.67	0.671589	1122	13
0.59/0.67	0.672271	1121	15
0.59/0.67	0.67303	1120	17
0.59/0.67	0.673727	1119	19
0.59/0.67	0.674127	1118	20
0.59/0.67	0.674577	1117	21
0.59/0.67	0.675355	1116	23
0.59/0.67	0.675909	1115	24
0.59/0.67	0.676336	1114	25
0.59/0.68	0.677088	1112	27
0.59/0.68	0.677653	1111	28
0.59/0.68	0.67808	1110	29
0.59/0.68	0.678505	1109	30
0.59/0.68	0.678949	1108	31
0.59/0.68	0.679785	1107	33
0.59/0.68	0.680268	1106	34
0.59/0.68	0.680725	1104	35
0.59/0.68	0.681344	1103	36
0.59/0.68	0.681771	1101	37
0.59/0.68	0.682704	1100	39
0.59/0.68	0.683127	1099	40
0.59/0.68	0.683775	1098	41
0.59/0.68	0.684218	1097	42
0.59/0.68	0.684891	1096	43
0.59/0.68	0.685391	1095	44
0.59/0.68	0.686133	1094	46
0.59/0.69	0.687167	1093	49
0.59/0.69	0.687602	1092	50
0.59/0.69	0.688937	1091	54
0.59/0.69	0.68984	1090	56
0.59/0.69	0.690354	1089	57
0.59/0.69	0.690791	1088	58
0.59/0.69	0.691441	1087	59
0.59/0.69	0.691839	1086	60
0.59/0.69	0.69226	1085	61
0.59/0.69	0.692654	1084	62
0.59/0.69	0.693145	1083	63
0.59/0.69	0.693558	1082	64
0.59/0.69	0.694953	1081	67
0.59/0.69	0.696043	1080	69
0.69/0.70	0.69677	1079	71
0.69/0.70	0.697414	1077	72
0.69/0.70	0.698117	1076	74
0.69/0.70	0.699349	1074	77
0.69/0.70	0.699882	1073	78
0.69/0.70	0.700329	1072	79
0.69/0.70	0.700745	1071	80
0.69/0.70	0.701377	1070	81
0.69/0.70	0.7025	1069	84
0.69/0.70	0.703219	1068	86
0.69/0.70	0.703926	1067	88
0.69/0.70	0.704378	1065	89
0.69/0.70	0.70646	1063	95
0.69/0.71	0.706849	1062	96
0.69/0.71	0.707362	1060	97
0.69/0.71	0.707866	1059	98
0.69/0.71	0.708346	1057	99
0.69/0.71	0.709652	1056	103
0.69/0.71	0.710388	1055	105
0.69/0.71	0.71094	1054	106
0.69/0.71	0.711352	1052	107
0.69/0.71	0.712812	1050	111
0.69/0.71	0.713323	1049	112
0.69/0.72	0.71697	1047	122
0.69/0.72	0.717531	1046	123
0.69/0.72	0.71832	1044	125
0.69/0.72	0.720025	1043	130
0.69/0.72	0.72083	1042	132
0.69/0.72	0.721723	1041	134
0.69/0.72	0.722122	1040	135
0.69/0.72	0.724141	1039	141
0.69/0.72	0.724725	1038	142
0.69/0.72	0.725595	1037	144
0.69/0.72	0.726134	1036	145
0.69/0.73	0.727177	1035	148
0.69/0.73	0.727873	1034	150
0.69/0.73	0.729218	1033	154
0.69/0.73	0.731678	1030	161
0.69/0.73	0.735032	1029	170
0.69/0.74	0.736806	1027	175
0.69/0.74	0.737794	1026	178
0.69/0.74	0.739057	1025	182
0.69/0.74	0.739549	1023	183
0.69/0.74	0.739929	1022	184
0.69/0.74	0.74095	1021	187
0.69/0.74	0.741317	1020	188
0.69/0.74	0.7421	1019	190
0.69/0.74	0.743065	1018	193
0.69/0.74	0.743796	1017	195
0.69/0.74	0.744427	1016	197
0.69/0.75	0.747638	1012	206
0.69/0.75	0.748783	1011	209
0.69/0.75	0.750442	1010	214
0.69/0.75	0.751183	1009	216
0.69/0.75	0.753665	1008	224
0.69/0.75	0.754213	1007	225
0.69/0.76	0.757829	1006	235
0.69/0.76	0.760351	1004	242
0.69/0.76	0.761616	1003	245
0.69/0.76	0.762949	1002	249
0.69/0.76	0.763428	1001	250
0.69/0.76	0.764283	999	252
0.69/0.77	0.766626	998	259
0.69/0.77	0.767829	996	262
0.69/0.77	0.773105	993	279
0.69/0.77	0.77462	992	283
0.69/0.77	0.775605	991	286
0.69/0.77	0.776235	990	288
0.69/0.78	0.777928	989	293
0.69/0.78	0.780035	988	299
0.69/0.78	0.781968	987	305
0.69/0.78	0.782675	986	307
0.69/0.78	0.78526	984	315
0.69/0.79	0.78673	983	319
0.69/0.79	0.791232	982	334
0.69/0.79	0.7917	981	335
0.69/0.79	0.793053	980	339
0.69/0.80	0.799869	979	359
0.80/0.80	0.803654	977	370
0.80/0.80	0.804398	976	372
0.80/0.81	0.808933	975	386
0.80/0.81	0.810601	974	390
0.80/0.81	0.815043	973	404
0.80/0.82	0.817755	972	412
0.80/0.82	0.821078	971	422
0.80/0.82	0.822706	970	427
0.80/0.84	0.836835	969	472
0.80/0.84	0.839397	968	480
0.80/0.84	0.840413	967	483
0.80/0.84	0.840951	966	484
0.80/0.84	0.841401	965	485
0.80/0.84	0.842463	964	488
0.80/0.84	0.842787	963	489
0.80/0.84	0.843746	962	492
0.80/0.84	0.844877	961	494
0.80/0.84	0.845587	960	496
0.80/0.86	0.856894	959	532
0.80/0.86	0.864302	958	556
0.80/0.89	0.888509	956	633
0.80/0.89	0.892048	955	644
0.80/0.89	0.894955	954	653
0.80/0.89	0.896108	952	656
0.89/0.90	0.906337	951	688
0.89/0.91	0.906861	950	689
0.89/0.92	0.91744	949	722
0.89/0.93	0.928348	947	757
0.89/0.93	0.929568	946	760
0.89/0.93	0.932678	945	769
0.89/0.94	0.937632	944	785
0.89/0.94	0.938615	943	788
0.89/0.94	0.939975	942	792
0.89/0.94	0.941064	941	795
0.89/0.94	0.941503	940	796
0.89/0.95	0.956267	939	842
0.89/0.96	0.962027	938	860
0.89/0.97	0.967015	937	876
0.89/0.97	0.968381	936	880
0.89/0.97	0.969429	935	883
0.89/0.97	0.970983	934	887
0.89/0.97	0.973175	933	893
0.89/0.97	0.973668	932	894
0.89/0.97	0.976187	931	901
0.89/0.98	0.977271	930	902
0.89/0.98	0.978006	929	904
0.99/1.02	1.0225	928	1046
0.99/1.02	1.02409	927	1051
0.99/1.06	1.06183	926	1168
0.99/1.06	1.06455	925	1176
0.99/1.06	1.06513	924	1177
0.99/1.06	1.06607	923	1179
0.99/1.07	1.06751	922	1183
0.99/1.20	1.19856	921	1608
0.99/1.20	1.19907	920	1609
0.99/1.20	1.20357	918	1624
0.99/1.23	1.23526	916	1730
0.99/1.24	1.23859	915	1740
0.99/1.24	1.23899	914	1741
0.99/1.24	1.24026	913	1745
0.99/1.24	1.24094	912	1747
1.12/1.25	1.24991	911	1774
1.12/1.25	1.25052	910	1776
1.12/1.26	1.25895	909	1805
1.12/1.28	1.28224	907	1885
1.12/1.32	1.31771	906	2001
1.12/1.32	1.31901	905	2005
1.12/1.33	1.33035	904	2040
1.34/1.36	1.35665	903	2127
1.34/1.36	1.35699	902	2128
1.39/1.44	1.44078	900	2408
1.49/1.52	1.52194	899	2677
1.49/1.53	1.53257	898	2712
1.60/1.62	1.62133	896	3007
1.60/1.63	1.63329	895	3047
1.60/1.69	1.68744	894	3232
1.60/1.69	1.68815	893	3233
1.60/1.69	1.68866	892	3234
1.69/1.73	1.72991	890	3366
1.69/1.76	1.7614	889	3473
1.69/1.76	1.76178	888	3474
2.19/2.25	2.25347	887	5121
2.31/2.45	2.45376	885	5799
2.31/2.45	2.45538	884	5803
2.31/2.45	2.45571	883	5804
2.31/2.46	2.45646	882	5806
2.31/2.47	2.4697	881	5852
2.48/2.57	2.57199	879	6201
2.48/2.57	2.57262	878	6203
2.48/2.58	2.58534	877	6247
2.48/2.59	2.59006	876	6263
2.48/2.59	2.5904	875	6264
3.28/3.35	3.35294	872	8826
3.41/3.45	3.44887	870	9161
3.41/3.45	3.44932	869	9162
3.59/3.61	3.60668	868	9697
3.59/3.61	3.61307	867	9718
3.59/3.61	3.61447	866	9722
4.39/4.45	4.44692	865	12509
4.39/4.45	4.44738	864	12510
5.58/5.68	5.67934	862	16701
7.89/7.98	7.98245	860	24644
8.09/8.18	8.18408	859	25319
8.09/8.18	8.18469	858	25321
8.19/8.22	8.21797	857	25432
10.09/10.47	10.4716	855	33126
28.19/28.27	28.274	853	93783
29.49/29.59	29.5859	852	98228
30.44/30.70	30.7016	851	102060
41.09/41.20	41.1947	850	137835
41.19/41.26	41.2586	849	138051
49.09/49.14	49.1366	847	164707
49.09/49.14	49.137	846	164708
999.94/1000.04	3335988
