0.59/0.66	0.665205	1138	0
0.59/0.66	0.666444	1135	3
0.59/0.66	0.66688	1134	4
0.59/0.67	0.66737	1133	5
0.59/0.67	0.667807	1131	6
0.59/0.67	0.668287	1130	7
0.59/0.67	0.668767	1128	8
0.59/0.67	0.669217	1127	9
0.59/0.67	0.670502	1126	12
0.59/0.67	0.671271	1124	14
0.59/0.67	0.671722	1123	15
0.59/0.67	0.67225	1121	16
0.59/0.67	0.672866	1120	17
0.59/0.67	0.673322	1119	18
0.59/0.67	0.673866	1118	19
0.59/0.67	0.674306	1117	20
0.59/0.67	0.67476	1116	21
0.59/0.67	0.675175	1115	22
0.59/0.67	0.67625	1114	25
0.59/0.67	0.676797	1113	26
0.59/0.68	0.67729	1112	27
0.59/0.68	0.677736	1111	28
0.59/0.68	0.678298	1110	29
0.59/0.68	0.678821	1108	30
0.59/0.68	0.679264	1107	31
0.59/0.68	0.679695	1106	32
0.59/0.68	0.680417	1105	34
0.59/0.68	0.681872	1103	38
0.59/0.68	0.682699	1102	40
0.59/0.68	0.68353	1101	42
0.59/0.68	0.683971	1100	43
0.59/0.68	0.684367	1099	44
0.59/0.68	0.685177	1098	46
0.59/0.68	0.68569	1096	47
0.59/0.68	0.686069	1095	48
0.59/0.68	0.686509	1094	49
0.59/0.69	0.687563	1093	52
0.59/0.69	0.689034	1091	56
0.59/0.69	0.690381	1090	60
0.59/0.69	0.691362	1089	63
0.59/0.69	0.69242	1088	66
0.59/0.69	0.692846	1087	67
0.59/0.69	0.694455	1085	72
0.59/0.69	0.694845	1084	73
0.59/0.69	0.695265	1083	74
0.59/0.69	0.695741	1082	75
0.69/0.70	0.69649	1080	77
0.69/0.70	0.697116	1078	78
0.69/0.70	0.697556	1077	79
0.69/0.70	0.698628	1076	82
0.69/0.70	0.699119	1074	83
0.69/0.70	0.69964	1073	84
0.69/0.70	0.700101	1072	85
0.69/0.70	0.700629	1071	86
0.69/0.70	0.701758	1070	89
0.69/0.70	0.702719	1069	92
0.69/0.70	0.703527	1067	94
0.69/0.70	0.704531	1066	96
0.69/0.70	0.704926	1065	97
0.69/0.70	0.705408	1064	98
0.69/0.70	0.705826	1063	99
0.69/0.70	0.706512	1062	101
0.69/0.71	0.708615	1060	107
0.69/0.71	0.711481	1058	115
0.69/0.71	0.712281	1057	117
0.69/0.71	0.713039	1056	119
0.69/0.71	0.713466	1055	120
0.69/0.71	0.714577	1054	123
0.69/0.71	0.716228	1053	128
0.69/0.72	0.717567	1052	132
0.69/0.72	0.719255	1050	137
0.69/0.72	0.720034	1049	139
0.69/0.72	0.720771	1048	141
0.69/0.72	0.721903	1047	144
0.69/0.72	0.72382	1046	150
0.69/0.72	0.724278	1045	151
0.69/0.72	0.72474	1043	152
0.69/0.72	0.725843	1041	155
0.69/0.72	0.726358	1040	156
0.69/0.73	0.727138	1039	158
0.69/0.73	0.731708	1038	172
0.69/0.73	0.732137	1037	173
0.69/0.73	0.732668	1036	174
0.69/0.73	0.73333	1035	175
0.69/0.73	0.734785	1034	179
0.69/0.74	0.738714	1033	191
0.69/0.74	0.739916	1032	194
0.69/0.74	0.743775	1030	205
0.69/0.74	0.744461	1029	207
0.69/0.74	0.745483	1028	210
0.69/0.75	0.749434	1026	222
0.69/0.75	0.749872	1025	223
0.69/0.75	0.751697	1023	228
0.69/0.75	0.752109	1022	229
0.69/0.75	0.753166	1021	232
0.69/0.75	0.753892	1020	234
0.69/0.75	0.754387	1019	235
0.69/0.76	0.757403	1018	244
0.69/0.76	0.757944	1017	245
0.69/0.76	0.763144	1016	260
0.69/0.76	0.764241	1015	263
0.69/0.76	0.764727	1014	264
0.69/0.77	0.768646	1012	276
0.69/0.77	0.769314	1011	277
0.69/0.77	0.771636	1009	283
0.69/0.77	0.773108	1008	287
0.69/0.77	0.773516	1007	288
0.69/0.77	0.773972	1006	289
0.69/0.78	0.779139	1005	305
0.69/0.78	0.779703	1004	306
0.69/0.78	0.780123	1003	307
0.69/0.78	0.780652	1002	308
0.69/0.78	0.784054	1001	319
0.69/0.78	0.786266	1000	326
0.69/0.78	0.786635	999	327
0.69/0.79	0.789339	997	335
0.69/0.79	0.791357	996	341
0.69/0.79	0.791765	995	342
0.69/0.79	0.792217	994	343
0.79/0.80	0.79874	993	364
0.79/0.80	0.799277	992	365
0.79/0.81	0.815481	991	417
0.79/0.81	0.816094	990	418
0.79/0.82	0.817143	989	421
0.79/0.82	0.818176	988	424
0.79/0.82	0.820607	987	431
0.79/0.82	0.824421	986	444
0.79/0.82	0.827089	985	452
0.79/0.83	0.827794	984	454
0.79/0.83	0.833026	982	470
0.79/0.83	0.835446	981	477
0.79/0.84	0.839651	980	490
0.79/0.84	0.840096	979	491
0.79/0.84	0.842701	978	499
0.79/0.85	0.847103	977	513
0.79/0.86	0.857239	975	543
0.79/0.86	0.865678	973	569
0.79/0.86	0.866142	972	570
0.79/0.87	0.87205	971	589
0.79/0.88	0.886798	970	635
0.89/0.90	0.906328	969	697
0.89/0.94	0.942052	968	809
0.89/0.94	0.942446	967	810
0.89/0.94	0.943806	966	814
0.89/0.97	0.976737	965	922
0.89/0.98	0.977216	964	923
0.89/0.98	0.980426	963	934
0.89/0.99	0.987701	962	957
0.89/0.99	0.988656	961	960
0.89/0.99	0.991719	960	968
0.89/0.99	0.993298	959	972
0.89/0.99	0.993777	958	973
0.99/1.00	1.00056	955	992
0.99/1.00	1.00139	954	994
0.99/1.01	1.00869	953	1014
0.99/1.01	1.0109	951	1020
0.99/1.01	1.01171	950	1022
0.99/1.01	1.01366	949	1028
0.99/1.03	1.03288	947	1088
0.99/1.03	1.03659	946	1099
0.99/1.04	1.03935	945	1107
0.99/1.04	1.04391	944	1122
0.99/1.04	1.04567	943	1128
0.99/1.04	1.04606	942	1129
0.99/1.04	1.04678	941	1131
0.99/1.05	1.04772	940	1134
0.99/1.05	1.04955	939	1140
0.99/1.07	1.06865	938	1199
0.99/1.07	1.07497	937	1217
0.99/1.08	1.0833	935	1245
1.09/1.12	1.11877	934	1359
1.09/1.12	1.12042	933	1364
1.09/1.16	1.16144	932	1496
1.09/1.16	1.16256	931	1498
1.09/1.17	1.17261	929	1529
1.09/1.18	1.1776	928	1545
1.09/1.18	1.18073	927	1554
1.09/1.19	1.1928	926	1592
1.19/1.20	1.20388	924	1630
1.19/1.21	1.20887	923	1645
1.19/1.21	1.20939	922	1646
1.19/1.28	1.28604	921	1892
1.19/1.29	1.28746	920	1896
1.19/1.31	1.31474	919	1988
1.19/1.33	1.32769	918	2030
1.19/1.34	1.34427	917	2088
1.33/1.38	1.38653	916	2225
1.33/1.39	1.3871	915	2226
1.33/1.39	1.38754	914	2227
1.33/1.42	1.42509	913	2350
1.33/1.42	1.42549	912	2351
1.45/1.45	1.45266	911	2438
1.45/1.46	1.45969	910	2461
1.45/1.49	1.4891	908	2553
1.45/1.49	1.49012	907	2556
1.49/1.51	1.51235	906	2628
1.49/1.52	1.525	905	2671
1.49/1.53	1.53035	904	2688
1.49/1.53	1.5312	903	2690
1.59/1.61	1.60784	902	2945
1.59/1.61	1.60932	901	2949
1.59/1.62	1.62047	900	2984
1.59/1.62	1.62095	899	2985
1.59/1.62	1.62281	898	2989
1.59/1.62	1.62368	897	2992
1.59/1.62	1.62436	896	2994
2.29/2.54	2.54225	894	5971
2.29/2.54	2.54327	893	5973
2.29/2.54	2.54381	892	5974
3.29/3.33	3.33239	889	8619
3.29/3.33	3.33347	888	8622
3.29/3.33	3.33505	887	8627
3.39/3.46	3.45934	886	9036
3.59/3.95	3.9481	883	10691
3.59/3.95	3.94858	882	10692
4.05/4.05	4.05409	881	11030
4.89/4.91	4.90809	878	13837
4.89/4.91	4.90912	876	13840
4.89/5.04	5.04098	875	14293
4.89/5.14	5.14386	874	14638
4.89/5.21	5.21172	872	14868
4.89/5.23	5.22975	871	14930
5.69/5.71	5.70888	870	16510
7.90/7.95	7.9429	869	23241
8.47/8.49	8.49069	867	24846
9.09/9.13	9.1297	866	26955
9.19/9.26	9.25864	865	27394
9.29/9.32	9.31594	864	27593
9.29/9.32	9.31732	863	27597
9.29/9.32	9.31776	862	27598
11.31/11.34	11.3361	861	34007
11.31/11.34	11.3378	860	34012
15.98/16.07	16.0689	857	49395
18.18/18.67	18.6711	855	57380
20.59/20.62	20.619	854	63817
20.59/20.62	20.6197	853	63819
21.19/21.52	21.5192	852	66888
103.59/103.68	103.678	851	343722
999.95/1000.04	3320275
