0.58/0.63	0.630499	1122	0
0.58/0.63	0.631024	1121	1
0.58/0.63	0.631545	1120	2
0.58/0.63	0.631986	1119	3
0.58/0.63	0.632694	1117	5
0.58/0.63	0.634632	1115	11
0.58/0.63	0.635206	1114	12
0.58/0.63	0.635612	1113	13
0.58/0.63	0.637346	1112	18
0.58/0.64	0.640062	1111	27
0.58/0.64	0.641261	1110	30
0.58/0.64	0.641767	1109	31
0.58/0.64	0.642128	1108	32
0.58/0.64	0.642768	1106	33
0.58/0.64	0.643178	1105	34
0.58/0.64	0.643655	1103	35
0.58/0.64	0.64404	1102	36
0.58/0.64	0.645134	1101	39
0.58/0.64	0.645579	1100	40
0.58/0.64	0.646364	1098	42
0.58/0.64	0.647166	1097	44
0.58/0.65	0.649192	1096	50
0.58/0.65	0.649916	1095	52
0.58/0.65	0.650375	1094	53
0.58/0.65	0.651316	1093	55
0.58/0.65	0.651751	1092	56
0.58/0.65	0.652295	1091	57
0.58/0.65	0.653716	1090	61
0.58/0.65	0.655259	1087	66
0.58/0.65	0.656072	1085	68
0.58/0.65	0.656857	1084	70
0.58/0.65	0.657286	1083	71
0.58/0.65	0.657901	1082	72
0.58/0.66	0.658314	1081	73
0.58/0.66	0.658867	1078	74
0.58/0.66	0.659587	1076	75
0.58/0.66	0.660293	1075	77
0.58/0.66	0.660749	1074	78
0.58/0.66	0.661489	1072	80
0.58/0.66	0.662096	1071	81
0.58/0.66	0.662604	1070	82
0.58/0.66	0.663048	1068	83
0.58/0.66	0.663552	1066	84
0.58/0.66	0.664942	1064	88
0.58/0.66	0.665682	1063	90
0.58/0.66	0.666409	1062	92
0.58/0.66	0.667451	1060	95
0.58/0.67	0.668568	1058	98
0.58/0.67	0.669756	1056	101
0.58/0.67	0.670154	1055	102
0.58/0.67	0.67105	1053	104
0.58/0.67	0.671736	1052	106
0.58/0.67	0.672242	1051	107
0.58/0.67	0.673005	1049	109
0.58/0.67	0.673695	1048	111
0.58/0.67	0.674702	1047	114
0.58/0.67	0.675198	1046	115
0.58/0.67	0.676137	1045	118
0.58/0.67	0.676535	1044	119
0.58/0.67	0.677241	1042	121
0.58/0.68	0.680619	1040	131
0.58/0.68	0.684137	1037	141
0.58/0.68	0.688091	1036	154
0.58/0.69	0.689432	1035	158
0.58/0.69	0.690288	1034	160
0.58/0.69	0.690978	1033	162
0.58/0.69	0.69136	1032	163
0.58/0.69	0.694713	1031	173
0.58/0.69	0.697275	1030	181
0.58/0.69	0.697835	1029	182
0.68/0.70	0.703306	1028	199
0.68/0.70	0.704856	1027	204
0.68/0.70	0.706358	1026	208
0.68/0.70	0.70774	1025	212
0.68/0.71	0.708531	1023	214
0.68/0.71	0.709243	1022	216
0.68/0.71	0.71027	1021	219
0.68/0.71	0.712675	1019	225
0.68/0.71	0.713192	1018	226
0.68/0.71	0.714952	1017	231
0.68/0.72	0.722161	1015	253
0.68/0.72	0.723295	1014	256
0.68/0.72	0.723848	1013	257
0.68/0.73	0.728347	1012	269
0.68/0.73	0.73025	1011	275
0.68/0.73	0.732111	1010	281
0.68/0.73	0.733353	1009	285
0.68/0.73	0.735962	1008	293
0.68/0.73	0.736635	1007	295
0.68/0.73	0.737381	1006	297
0.68/0.73	0.737756	1005	298
0.68/0.74	0.740142	1004	305
0.68/0.74	0.741362	1003	309
0.68/0.74	0.744175	1002	318
0.68/0.74	0.74458	1001	319
0.68/0.74	0.745089	1000	320
0.68/0.74	0.74675	999	325
0.68/0.75	0.748388	998	329
0.68/0.75	0.748968	997	330
0.68/0.75	0.750314	996	334
0.68/0.75	0.751011	995	336
0.68/0.75	0.75456	994	347
0.68/0.75	0.75771	993	355
0.68/0.76	0.759041	992	359
0.68/0.76	0.760405	991	363
0.68/0.76	0.761681	990	367
0.68/0.76	0.76225	989	368
0.68/0.76	0.762613	988	369
0.68/0.76	0.766914	984	380
0.68/0.77	0.768955	982	386
0.68/0.77	0.769404	981	387
0.68/0.77	0.770218	979	389
0.68/0.77	0.77066	978	390
0.68/0.77	0.771073	977	391
0.68/0.77	0.772483	976	394
0.68/0.77	0.773255	975	396
0.68/0.77	0.773736	974	397
0.68/0.77	0.777704	973	410
0.68/0.78	0.786384	972	436
0.68/0.79	0.788243	971	442
0.68/0.79	0.793383	970	458
0.68/0.79	0.796465	968	468
0.68/0.79	0.796959	967	469
0.79/0.80	0.806536	964	500
0.79/0.80	0.807448	963	502
0.79/0.81	0.811739	962	516
0.79/0.82	0.819668	961	540
0.79/0.82	0.821045	960	544
0.79/0.82	0.825258	959	558
0.79/0.83	0.835508	957	591
0.79/0.85	0.848855	956	635
0.79/0.85	0.850668	955	640
0.79/0.85	0.851231	954	641
0.79/0.85	0.851624	953	642
0.79/0.86	0.862899	951	678
0.79/0.86	0.863365	950	679
0.79/0.87	0.868515	949	696
0.79/0.87	0.869322	948	698
0.79/0.88	0.882392	946	741
0.79/0.88	0.883371	945	744
0.79/0.88	0.887357	944	757
0.79/0.88	0.887918	943	758
0.79/0.89	0.888871	942	761
0.79/0.89	0.896071	941	782
0.88/0.90	0.899593	940	793
0.88/0.90	0.899953	939	794
0.88/0.92	0.927823	937	886
0.88/0.94	0.942367	935	933
0.88/0.94	0.944958	934	941
0.88/0.94	0.945444	933	942
0.88/0.94	0.946965	932	947
0.88/0.95	0.948786	931	953
0.88/0.95	0.949248	930	954
0.88/0.95	0.955664	929	975
0.88/0.96	0.96228	928	996
0.88/0.96	0.965564	927	1007
0.88/0.97	0.975073	926	1037
0.88/0.98	0.984311	925	1068
0.88/0.98	0.984779	924	1069
0.99/1.04	1.04688	923	1268
0.99/1.04	1.04742	922	1269
0.99/1.05	1.04894	921	1274
0.99/1.05	1.05265	920	1286
0.99/1.05	1.05366	919	1289
0.99/1.05	1.0554	918	1295
0.99/1.08	1.08483	917	1391
0.99/1.08	1.08775	916	1400
0.99/1.09	1.08845	915	1401
0.99/1.09	1.09038	914	1406
1.09/1.20	1.1992	910	1759
1.09/1.20	1.20178	909	1768
1.09/1.25	1.25457	908	1943
1.09/1.26	1.25851	907	1957
1.09/1.26	1.25934	906	1959
1.09/1.26	1.2601	905	1961
1.09/1.26	1.26123	904	1964
1.32/1.38	1.38623	903	2382
1.32/1.43	1.43418	902	2538
1.32/1.44	1.44003	901	2556
1.32/1.44	1.442	900	2562
1.32/1.44	1.44267	899	2564
1.32/1.44	1.44401	898	2567
1.32/1.47	1.47201	897	2659
1.49/1.53	1.53471	896	2863
1.49/1.54	1.54259	895	2889
1.49/1.58	1.57843	894	3009
1.49/1.58	1.57881	893	3010
1.59/1.60	1.6033	892	3090
1.59/1.65	1.65088	890	3256
1.59/1.68	1.68658	889	3378
1.59/1.69	1.68848	888	3383
1.79/1.83	1.82956	887	3852
1.79/1.88	1.87907	886	4010
1.99/2.09	2.09737	885	4735
1.99/2.09	2.09787	884	4736
2.19/2.25	2.25624	883	5259
2.19/2.25	2.25715	882	5261
2.29/2.30	2.30503	881	5423
2.29/2.30	2.30655	880	5428
2.29/2.31	2.31232	879	5446
2.29/2.31	2.31328	878	5449
2.29/2.32	2.31891	877	5467
3.09/3.18	3.18758	875	8355
3.19/3.21	3.21504	874	8444
3.19/3.21	3.21581	873	8446
3.19/3.21	3.21652	872	8448
3.29/3.37	3.37051	871	8965
3.59/3.80	3.79996	870	10397
3.59/3.84	3.8477	868	10559
3.59/3.90	3.90308	867	10744
3.59/3.90	3.90377	866	10746
3.59/3.90	3.90738	865	10759
5.98/6.06	6.0626	864	18121
5.98/6.07	6.07421	863	18160
6.19/6.30	6.30176	862	18924
6.70/6.71	6.71571	861	20331
6.70/6.71	6.71666	859	20334
6.70/6.71	6.71709	858	20335
8.79/8.88	8.88231	857	27568
9.49/9.59	9.59529	855	29974
9.49/9.59	9.59585	854	29975
9.59/9.61	9.61733	853	30048
21.61/21.77	21.7751	851	70789
21.61/21.77	21.7758	850	70791
21.89/21.99	21.9937	848	71510
21.99/22.00	21.9992	847	71528
41.79/42.20	42.2054	846	139866
41.79/42.21	42.2155	845	139900
42.99/43.02	43.0178	843	142634
44.08/44.13	44.1348	842	146419
999.77/1000.02	3275236
