0.59/0.64	0.64577	1138	0
0.59/0.64	0.646239	1136	1
0.59/0.64	0.646615	1135	2
0.59/0.64	0.647137	1134	3
0.59/0.65	0.647545	1133	4
0.59/0.65	0.647945	1132	5
0.59/0.65	0.64875	1131	7
0.59/0.65	0.649141	1130	8
0.59/0.65	0.649538	1128	9
0.59/0.65	0.649917	1127	10
0.59/0.65	0.650319	1126	11
0.59/0.65	0.650722	1125	12
0.59/0.65	0.651554	1124	14
0.59/0.65	0.65276	1123	17
0.59/0.65	0.653203	1120	18
0.59/0.65	0.654044	1119	20
0.59/0.65	0.654462	1118	21
0.59/0.65	0.655036	1116	22
0.59/0.65	0.655437	1115	23
0.59/0.65	0.656132	1114	25
0.59/0.65	0.65655	1113	26
0.59/0.65	0.657278	1112	28
0.59/0.66	0.658143	1111	30
0.59/0.66	0.658599	1110	31
0.59/0.66	0.658992	1109	32
0.59/0.66	0.659385	1108	33
0.59/0.66	0.660153	1107	35
0.59/0.66	0.660599	1106	36
0.59/0.66	0.661967	1104	40
0.59/0.66	0.663851	1102	45
0.59/0.66	0.664724	1101	47
0.59/0.66	0.665892	1100	50
0.59/0.66	0.666283	1099	51
0.59/0.66	0.666843	1098	52
0.59/0.67	0.670098	1096	60
0.59/0.67	0.670661	1094	61
0.59/0.67	0.672849	1093	67
0.59/0.67	0.673517	1091	69
0.59/0.67	0.674523	1090	72
0.59/0.67	0.674947	1089	73
0.59/0.67	0.675449	1088	74
0.59/0.67	0.67621	1087	76
0.59/0.67	0.676629	1086	77
0.59/0.68	0.678458	1084	83
0.59/0.68	0.678882	1083	84
0.59/0.68	0.680724	1081	89
0.59/0.68	0.681637	1079	91
0.59/0.68	0.682101	1078	92
0.59/0.68	0.683391	1076	96
0.59/0.68	0.685311	1075	102
0.59/0.68	0.686314	1074	105
0.59/0.69	0.687619	1073	109
0.59/0.69	0.688954	1072	113
0.59/0.69	0.690378	1071	117
0.59/0.69	0.691308	1070	119
0.59/0.69	0.691836	1069	120
0.59/0.69	0.692394	1068	121
0.59/0.69	0.694052	1067	126
0.59/0.69	0.69446	1066	127
0.59/0.69	0.694906	1065	128
0.59/0.69	0.695403	1064	129
0.59/0.69	0.696982	1062	133
0.69/0.70	0.697722	1061	135
0.69/0.70	0.698844	1058	138
0.69/0.70	0.699295	1057	139
0.69/0.70	0.699853	1056	140
0.69/0.70	0.700664	1055	142
0.69/0.70	0.701215	1054	143
0.69/0.70	0.701778	1053	144
0.69/0.71	0.704237	1052	151
0.69/0.71	0.704633	1051	152
0.69/0.71	0.705709	1050	155
0.69/0.71	0.706167	1049	156
0.69/0.71	0.70694	1048	158
0.69/0.71	0.707458	1047	159
0.69/0.71	0.70786	1046	160
0.69/0.71	0.710704	1042	169
0.69/0.71	0.713313	1040	177
0.69/0.71	0.71387	1039	178
0.69/0.71	0.715569	1037	183
0.69/0.71	0.717475	1036	189
0.69/0.72	0.717892	1035	190
0.69/0.72	0.718259	1034	191
0.69/0.72	0.720245	1032	197
0.69/0.72	0.721347	1031	200
0.69/0.72	0.723048	1030	205
0.69/0.72	0.72385	1029	207
0.69/0.72	0.724286	1028	208
0.69/0.72	0.725121	1027	210
0.69/0.72	0.725612	1026	211
0.69/0.72	0.726131	1025	212
0.69/0.72	0.726884	1024	214
0.69/0.72	0.727334	1022	215
0.69/0.73	0.728662	1021	219
0.69/0.73	0.729372	1020	220
0.69/0.73	0.731003	1019	225
0.69/0.73	0.733997	1017	233
0.69/0.73	0.734453	1016	234
0.69/0.73	0.735274	1015	236
0.69/0.73	0.73574	1014	237
0.69/0.74	0.738271	1013	245
0.69/0.74	0.738922	1012	247
0.69/0.74	0.739772	1010	249
0.69/0.74	0.74366	1009	261
0.69/0.74	0.746812	1008	271
0.69/0.75	0.747761	1007	274
0.69/0.75	0.749715	1006	280
0.69/0.75	0.751537	1005	285
0.69/0.75	0.754073	1004	293
0.69/0.75	0.75483	1003	295
0.69/0.75	0.75552	1002	297
0.69/0.75	0.756007	1001	298
0.69/0.75	0.757105	1000	301
0.69/0.76	0.75902	999	306
0.69/0.76	0.760975	997	312
0.69/0.76	0.761963	996	315
0.69/0.76	0.764828	995	324
0.69/0.76	0.765259	994	325
0.69/0.76	0.765708	993	326
0.69/0.77	0.768795	992	335
0.69/0.77	0.76981	991	338
0.69/0.77	0.770697	990	341
0.69/0.77	0.774102	989	352
0.69/0.77	0.774803	988	354
0.69/0.77	0.77567	987	356
0.69/0.77	0.776153	986	357
0.69/0.79	0.790908	984	405
0.69/0.79	0.795913	982	419
0.69/0.79	0.797127	981	423
0.69/0.80	0.797657	980	424
0.69/0.80	0.798766	979	427
0.69/0.80	0.799181	978	428
0.69/0.80	0.799612	977	429
0.69/0.80	0.800042	976	430
0.69/0.80	0.800873	974	432
0.69/0.81	0.807584	973	454
0.69/0.81	0.809228	972	459
0.69/0.81	0.810926	971	464
0.69/0.81	0.813189	970	471
0.69/0.81	0.8163	969	480
0.69/0.82	0.818154	968	485
0.69/0.82	0.819777	967	490
0.82/0.84	0.845652	966	577
0.82/0.84	0.846764	965	580
0.82/0.85	0.847591	964	581
0.82/0.85	0.849261	963	586
0.82/0.85	0.850426	962	589
0.82/0.86	0.858034	960	613
0.82/0.86	0.859254	959	616
0.82/0.86	0.863793	958	630
0.82/0.86	0.864281	957	631
0.82/0.86	0.865635	956	635
0.82/0.86	0.86619	955	636
0.82/0.87	0.875254	954	664
0.82/0.87	0.876487	953	668
0.82/0.87	0.877289	952	670
0.89/0.90	0.901722	950	750
0.89/0.92	0.923043	948	819
0.89/0.92	0.924064	947	822
0.89/0.93	0.927684	946	833
0.89/0.93	0.931244	945	845
0.89/0.99	0.992158	943	1046
0.89/0.99	0.993043	942	1048
0.89/0.99	0.993603	941	1049
0.89/0.99	0.996335	940	1058
1.00/1.02	1.01965	939	1134
1.00/1.02	1.02132	938	1139
1.00/1.02	1.02177	937	1140
1.00/1.03	1.03695	936	1189
1.00/1.04	1.0411	935	1201
1.00/1.04	1.04156	934	1202
1.00/1.05	1.05673	933	1250
1.00/1.06	1.06238	932	1269
1.00/1.07	1.06772	931	1288
1.00/1.07	1.07242	930	1304
1.00/1.08	1.08476	929	1344
1.00/1.08	1.0852	928	1345
1.00/1.08	1.08586	927	1347
1.00/1.09	1.08779	926	1353
1.00/1.09	1.08842	925	1355
1.11/1.11	1.115	924	1443
1.11/1.11	1.11565	923	1444
1.11/1.14	1.14529	922	1540
1.11/1.19	1.18936	921	1685
1.19/1.20	1.20142	920	1723
1.19/1.27	1.27526	916	1968
1.19/1.27	1.27575	915	1969
1.19/1.28	1.27748	914	1975
1.58/1.68	1.67945	913	3294
1.68/1.72	1.719	912	3425
1.78/1.82	1.8219	910	3760
1.88/1.94	1.94309	908	4151
1.88/1.95	1.94874	907	4169
1.88/2.00	2.00159	906	4334
2.00/2.08	2.08299	905	4601
2.38/2.49	2.48989	904	5942
2.38/2.49	2.49148	903	5947
2.38/2.49	2.49266	902	5951
2.48/2.50	2.50091	901	5977
2.48/2.52	2.52114	900	6045
2.48/2.52	2.52436	899	6055
2.48/2.52	2.52472	898	6056
2.48/2.54	2.53861	896	6101
2.48/2.54	2.54529	895	6123
2.48/2.55	2.55314	894	6149
2.48/2.55	2.55507	893	6155
2.48/2.55	2.55581	892	6157
2.58/2.66	2.65996	891	6505
2.58/2.71	2.70755	890	6666
2.98/3.01	3.00788	888	7669
3.99/4.08	4.08338	887	11232
4.09/4.11	4.11723	885	11343
4.09/4.12	4.1177	884	11344
4.79/4.80	4.80336	883	13647
4.79/4.80	4.80377	882	13648
4.79/4.85	4.85157	881	13808
4.79/4.85	4.85206	880	13809
5.29/5.35	5.35307	877	15471
5.29/5.35	5.35352	876	15472
5.29/5.39	5.38808	875	15587
6.59/6.65	6.6546	873	19824
6.59/6.66	6.65749	872	19832
8.99/9.04	9.043	870	27730
8.99/9.04	9.04338	869	27731
8.99/9.08	9.08131	868	27863
9.49/9.77	9.7678	867	30141
10.10/10.19	10.1943	865	31575
10.18/10.29	10.2896	864	31896
10.18/10.29	10.2902	863	31897
11.99/12.01	12.0171	862	37652
11.99/12.02	12.018	861	37654
11.99/12.02	12.0195	860	37659
11.99/12.02	12.0242	859	37674
20.69/20.71	20.7128	858	66937
21.39/21.84	21.8439	857	70739
21.98/22.01	22.0157	856	71304
42.19/42.23	42.2283	855	139493
49.08/49.17	49.1658	854	162962
49.28/49.30	49.2973	852	163417
88.38/88.45	88.4449	851	295586
89.38/89.42	89.4224	850	298893
89.38/89.43	89.4268	849	298909
999.95/1000.04	3305783
