0.39/0.45	0.45129	198	0
0.39/0.45	0.451583	197	1
0.39/0.45	0.45177	196	2
0.39/0.45	0.452819	195	7
0.39/0.46	0.453344	193	12
0.39/0.46	0.454038	192	18
0.39/0.46	0.454295	191	20
0.39/0.46	0.454548	190	22
0.39/0.46	0.455561	189	27
0.39/0.46	0.455755	188	28
0.39/0.46	0.457603	187	37
0.39/0.46	0.458217	186	42
0.39/0.46	0.458573	185	45
0.39/0.46	0.459049	184	50
0.39/0.46	0.459787	183	56
0.39/0.46	0.461049	182	61
0.39/0.46	0.461777	181	67
0.39/0.47	0.463265	180	77
0.39/0.47	0.464563	179	86
0.39/0.47	0.465011	178	88
0.39/0.47	0.466943	177	100
0.39/0.47	0.469393	176	109
0.39/0.47	0.470481	175	119
0.39/0.48	0.475704	174	136
0.39/0.48	0.476347	173	141
0.39/0.48	0.479184	172	158
0.39/0.48	0.480048	171	164
0.39/0.49	0.481887	170	176
0.39/0.49	0.483971	169	189
0.39/0.49	0.486201	168	199
0.39/0.49	0.487246	167	208
0.39/0.49	0.489355	166	215
0.39/0.49	0.490411	165	222
0.48/0.50	0.492334	164	234
0.48/0.50	0.492818	163	237
0.48/0.50	0.494915	162	264
0.48/0.50	0.498079	161	289
0.48/0.50	0.49948	160	302
0.48/0.51	0.50107	159	317
0.48/0.51	0.503278	158	329
0.48/0.51	0.506218	157	356
0.48/0.52	0.511067	156	398
0.48/0.52	0.513954	155	419
0.48/0.52	0.514451	154	423
0.48/0.52	0.519457	153	449
0.48/0.53	0.527013	152	501
0.48/0.53	0.529325	151	512
0.48/0.55	0.541366	150	605
0.48/0.55	0.544721	149	617
0.48/0.55	0.547557	148	649
0.48/0.56	0.554488	147	704
0.48/0.56	0.55915	146	743
0.48/0.57	0.564457	145	803
0.48/0.59	0.579439	144	919
0.58/0.60	0.590779	143	981
0.58/0.60	0.59868	142	1040
0.58/0.61	0.604405	141	1067
0.58/0.63	0.627975	140	1262
0.58/0.64	0.637711	139	1334
0.58/0.66	0.65547	138	1497
0.58/0.68	0.673082	137	1652
0.68/0.72	0.709095	136	1982
0.78/0.81	0.808137	135	2485
0.78/0.83	0.822104	134	2553
0.78/0.88	0.874616	133	2872
0.98/1.03	1.02814	132	3351
1.68/1.75	1.74734	131	8580
1.78/1.80	1.79235	130	8856
3.68/3.94	3.92977	129	20857
5.18/5.33	5.3225	128	27675
9.38/9.48	9.46861	127	48709
158.37/158.47	158.459	126	433682
1000.09/1000.33	********Debuging CoveringArray::optimize*********
1000.09/1000.33	total size : 126
1000.09/1000.33	********End of Debuing CoveringArray::optimize********
