0.20/0.53	0.532536	192	0
0.20/0.53	0.533176	190	3
0.20/0.53	0.534756	189	10
0.20/0.53	0.535479	188	16
0.20/0.53	0.535623	187	17
0.20/0.53	0.536984	186	24
0.20/0.53	0.537321	185	27
0.20/0.54	0.537849	184	32
0.20/0.54	0.539767	183	38
0.20/0.54	0.540162	182	41
0.20/0.54	0.542093	181	48
0.20/0.54	0.542887	180	55
0.20/0.54	0.543675	179	61
0.20/0.54	0.544705	178	67
0.20/0.54	0.546527	177	84
0.20/0.55	0.548523	176	94
0.20/0.55	0.549267	175	100
0.20/0.55	0.549582	174	103
0.20/0.55	0.550217	173	108
0.20/0.55	0.5536	172	123
0.20/0.55	0.554319	171	129
0.20/0.55	0.555592	170	139
0.20/0.55	0.556691	169	148
0.20/0.56	0.557892	168	157
0.20/0.56	0.559902	167	171
0.20/0.56	0.561707	166	191
0.20/0.56	0.563464	165	208
0.20/0.56	0.566209	164	224
0.20/0.57	0.569104	163	239
0.20/0.57	0.574366	162	252
0.20/0.57	0.577085	161	277
0.20/0.58	0.581015	160	304
0.20/0.58	0.584705	159	324
0.20/0.58	0.587545	158	352
0.20/0.59	0.591386	157	383
0.20/0.59	0.592152	156	388
0.20/0.59	0.594384	155	405
0.20/0.60	0.59906	154	450
0.20/0.60	0.604004	153	483
0.20/0.60	0.607498	152	513
0.20/0.61	0.609954	151	529
0.20/0.61	0.616141	150	584
0.61/0.62	0.626868	149	662
0.61/0.63	0.630269	148	681
0.61/0.64	0.639662	147	754
0.61/0.64	0.642635	146	790
0.61/0.66	0.660281	145	880
0.69/0.75	0.756432	144	1516
0.79/0.82	0.819698	143	1988
0.79/0.84	0.847276	142	2262
0.79/0.86	0.859176	141	2345
0.79/0.86	0.86685	140	2400
0.88/0.93	0.931912	139	2972
0.88/0.99	0.988206	138	3470
0.98/1.00	1.001	137	3545
0.98/1.09	1.09304	136	4072
1.08/1.14	1.14235	135	4465
1.08/1.15	1.15694	134	4569
1.18/1.25	1.25593	133	5120
1.18/1.27	1.27357	132	5271
1.40/1.47	1.47499	131	6641
1.59/2.00	2.00699	130	9884
2.49/2.58	2.58138	129	13735
10.58/10.85	10.8569	128	36751
15.99/16.00	16.0006	127	61440
20.89/21.06	21.0613	126	75647
