0.39/0.45	0.452606	187	0
0.39/0.45	0.454233	186	9
0.39/0.45	0.455048	185	14
0.39/0.45	0.455621	184	19
0.39/0.45	0.456087	183	24
0.39/0.45	0.456237	182	25
0.39/0.45	0.456796	181	30
0.39/0.45	0.457283	180	36
0.39/0.45	0.457863	179	41
0.39/0.46	0.458418	178	46
0.39/0.46	0.460395	177	57
0.39/0.46	0.46104	176	64
0.39/0.46	0.462749	175	71
0.39/0.46	0.463158	174	75
0.39/0.46	0.46423	173	85
0.39/0.46	0.465152	172	94
0.39/0.46	0.466924	171	104
0.39/0.46	0.467628	170	112
0.39/0.47	0.468845	169	121
0.39/0.47	0.469341	168	126
0.39/0.47	0.471942	167	145
0.39/0.47	0.472309	166	149
0.39/0.47	0.473082	165	156
0.39/0.47	0.474559	164	172
0.39/0.47	0.475826	163	182
0.39/0.47	0.477353	162	193
0.39/0.48	0.483736	161	208
0.39/0.48	0.485372	160	221
0.39/0.48	0.486175	159	229
0.39/0.49	0.489136	158	251
0.59/0.62	0.624599	157	1387
0.59/0.62	0.625523	156	1398
0.59/0.62	0.626592	155	1408
0.59/0.67	0.668861	154	1750
0.59/0.67	0.670188	153	1763
0.59/0.67	0.673126	152	1791
0.59/0.67	0.67612	151	1809
0.59/0.68	0.680643	150	1849
0.79/0.88	0.884453	149	3597
0.79/0.88	0.887478	148	3627
0.79/0.89	0.890804	147	3658
0.79/0.89	0.895084	146	3695
0.89/0.90	0.90532	145	3743
1.00/1.11	1.10866	144	5530
1.11/1.11	1.11714	143	5633
1.19/1.28	1.28582	142	7074
1.19/1.29	1.29392	141	7138
1.29/1.31	1.3146	140	7248
1.29/1.32	1.32068	139	7288
1.29/1.46	1.46025	138	8369
1.47/1.49	1.48895	137	8579
1.53/1.56	1.56639	136	9198
2.49/2.50	2.50008	135	16790
2.59/2.72	2.72083	134	18562
2.79/2.88	2.8836	133	19675
4.79/4.87	4.87167	132	33440
5.59/5.85	5.85326	131	39102
5.93/6.08	6.08183	130	40946
6.49/6.55	6.55711	129	43633
6.89/7.05	7.05213	128	46045
8.38/8.50	8.50468	127	54159
25.39/25.49	25.4895	126	126374
1000.13/1000.31	********Debuging CoveringArray::optimize*********
1000.13/1000.31	total size : 126
1000.13/1000.31	********End of Debuing CoveringArray::optimize********
