0.39/0.44	0.441709	192	0
0.39/0.44	0.441958	191	1
0.39/0.44	0.442178	190	3
0.39/0.44	0.44373	189	12
0.39/0.44	0.445301	187	21
0.39/0.44	0.445894	186	25
0.39/0.44	0.446162	185	28
0.39/0.44	0.446873	184	34
0.39/0.44	0.447156	183	37
0.39/0.44	0.447479	182	40
0.39/0.45	0.448554	181	45
0.39/0.45	0.449711	180	53
0.39/0.45	0.450681	179	63
0.39/0.45	0.452206	178	72
0.39/0.45	0.458191	177	83
0.39/0.46	0.45942	176	92
0.39/0.46	0.460644	175	103
0.39/0.46	0.461819	174	112
0.39/0.46	0.462162	173	115
0.39/0.46	0.463013	172	121
0.39/0.46	0.464493	171	132
0.39/0.46	0.467174	170	150
0.39/0.47	0.469021	169	161
0.39/0.47	0.470672	168	175
0.39/0.47	0.471812	167	187
0.39/0.47	0.473125	166	199
0.39/0.47	0.473723	165	205
0.39/0.47	0.47639	164	234
0.39/0.48	0.47951	163	265
0.39/0.48	0.485675	162	284
0.39/0.49	0.489703	161	313
0.39/0.49	0.498166	160	357
0.39/0.50	0.498695	159	361
0.39/0.50	0.499897	158	373
0.39/0.50	0.503907	157	412
0.50/0.50	0.506506	156	427
0.50/0.52	0.519366	155	525
0.50/0.52	0.522967	154	545
0.50/0.52	0.524271	153	558
0.50/0.52	0.526473	152	577
0.50/0.52	0.5277	151	587
0.50/0.53	0.531748	150	621
0.50/0.67	0.675164	149	1769
0.50/0.68	0.680201	148	1808
0.50/0.69	0.688848	147	1875
0.50/0.69	0.69139	146	1897
0.50/0.70	0.700803	145	1993
0.50/0.70	0.703749	144	2005
0.50/0.70	0.708277	143	2037
0.50/0.73	0.728521	142	2190
0.73/0.74	0.74581	141	2327
0.73/0.75	0.754568	140	2365
0.73/0.79	0.794677	139	2645
0.79/0.83	0.837526	138	2988
0.89/0.94	0.9481	137	3813
0.89/0.97	0.969228	136	3952
0.99/1.00	0.998574	135	4135
0.99/1.03	1.03411	134	4368
1.09/1.13	1.13511	133	5148
1.09/1.20	1.19901	132	5645
2.19/2.25	2.25109	131	10712
2.19/2.34	2.3409	130	11445
6.46/6.50	6.5051	129	30053
13.31/13.69	13.6884	128	61138
22.19/22.44	22.443	127	90508
60.39/60.41	60.411	126	188113
106.99/107.27	107.265	125	324842
189.69/189.75	189.747	124	475277
