0.37/0.49	0.472607	190	0
0.37/0.49	0.472955	189	2
0.37/0.49	0.47441	188	13
0.37/0.49	0.474577	187	14
0.37/0.49	0.474949	186	18
0.37/0.49	0.475239	185	21
0.37/0.49	0.475846	183	27
0.37/0.49	0.476407	182	32
0.37/0.49	0.477715	181	38
0.37/0.49	0.478807	180	46
0.47/0.50	0.480197	179	55
0.47/0.50	0.480736	178	58
0.47/0.50	0.48119	177	63
0.47/0.50	0.48164	175	65
0.47/0.50	0.482948	174	77
0.47/0.50	0.483374	173	81
0.47/0.50	0.484483	172	92
0.47/0.50	0.485014	171	96
0.47/0.50	0.486774	170	107
0.47/0.50	0.488088	169	119
0.47/0.50	0.488897	168	128
0.47/0.51	0.490316	167	139
0.47/0.51	0.493932	166	162
0.47/0.51	0.496617	165	185
0.47/0.52	0.499757	164	224
0.47/0.52	0.500378	163	232
0.47/0.52	0.50182	162	241
0.47/0.52	0.502856	161	252
0.47/0.52	0.50519	160	271
0.47/0.53	0.509504	159	301
0.47/0.53	0.511199	158	319
0.47/0.53	0.514499	157	367
0.47/0.53	0.515354	156	374
0.47/0.53	0.51651	155	386
0.47/0.53	0.517573	154	395
0.47/0.54	0.52027	153	405
0.47/0.54	0.521927	152	416
0.47/0.54	0.525812	151	467
0.47/0.54	0.529281	150	500
0.47/0.55	0.529915	149	505
0.47/0.55	0.534128	148	541
0.47/0.56	0.541449	147	606
0.47/0.56	0.548832	146	681
0.47/0.57	0.554663	145	733
0.47/0.57	0.557958	144	748
0.47/0.58	0.559662	143	766
0.47/0.58	0.565312	142	806
0.57/0.63	0.611447	141	1291
0.57/0.64	0.620707	140	1316
0.57/0.67	0.649781	139	1643
0.57/0.67	0.654482	138	1678
0.57/0.68	0.663849	137	1738
0.67/0.73	0.71452	136	2159
0.67/0.75	0.72989	135	2307
0.67/0.76	0.743236	134	2408
0.77/0.89	0.878	133	3457
0.87/0.98	0.965916	132	4201
1.08/1.12	1.10202	131	5021
1.08/1.17	1.15752	130	5444
3.18/3.32	3.30693	129	18318
5.07/5.10	5.08718	128	28412
18.67/18.91	18.8933	127	73523
20.07/20.67	20.6522	126	84836
21.67/21.98	21.9677	125	91701
