0.49/0.54	0.536462	189	0
0.49/0.54	0.537459	188	7
0.49/0.54	0.538086	187	10
0.49/0.54	0.538781	185	13
0.49/0.54	0.539975	184	20
0.49/0.54	0.543741	183	28
0.49/0.55	0.544392	182	33
0.49/0.55	0.544915	181	37
0.49/0.55	0.551446	180	60
0.49/0.55	0.551908	179	64
0.49/0.55	0.55237	178	68
0.49/0.55	0.552714	177	71
0.49/0.56	0.554274	176	76
0.49/0.56	0.554683	175	80
0.49/0.56	0.555515	174	87
0.49/0.56	0.556284	173	93
0.59/0.62	0.62173	172	566
0.59/0.62	0.622426	171	572
0.59/0.62	0.623391	170	579
0.59/0.67	0.672526	169	946
0.59/0.67	0.673622	168	956
0.59/0.68	0.674628	167	963
1.18/1.22	1.21835	165	5565
1.18/1.22	1.22105	164	5588
1.18/1.22	1.22279	163	5600
1.18/1.44	1.44173	162	7550
1.18/1.45	1.44416	161	7562
1.18/1.45	1.44489	160	7568
1.18/1.46	1.46042	159	7661
1.18/1.46	1.46343	158	7679
1.18/1.47	1.4683	157	7719
1.18/1.47	1.46875	156	7723
1.18/1.50	1.499	155	7860
1.44/1.50	1.5023	154	7883
1.59/1.69	1.68733	153	9447
1.59/1.69	1.69058	152	9470
1.69/1.72	1.71667	151	9692
1.69/1.73	1.72506	150	9775
1.69/1.73	1.72711	149	9793
1.69/1.75	1.74745	148	9955
1.69/1.75	1.75314	147	10004
1.69/1.76	1.75999	146	10049
1.69/1.76	1.76354	145	10085
1.89/1.92	1.92248	144	11301
1.89/1.93	1.93186	143	11397
1.89/1.97	1.96971	142	11673
1.89/1.98	1.97432	141	11718
1.89/1.99	1.99047	140	11860
1.99/2.02	2.01856	139	12089
2.29/2.36	2.36087	138	15142
2.29/2.37	2.37296	137	15222
2.49/2.50	2.49923	136	16200
2.49/2.51	2.51097	135	16323
2.49/2.59	2.58674	134	16779
3.29/3.32	3.32039	133	21099
3.59/3.68	3.68042	132	23970
4.49/4.55	4.55126	131	30332
4.99/5.09	5.09068	130	33403
7.37/7.39	7.38543	129	44524
14.19/14.64	14.6407	128	81051
21.48/21.72	21.714	127	113329
25.59/25.66	25.6559	126	131323
43.08/43.16	43.154	125	181324
