0.39/0.44	0.440141	198	0
0.39/0.44	0.44054	197	3
0.39/0.44	0.440826	196	6
0.39/0.44	0.442564	194	14
0.39/0.44	0.442763	193	16
0.39/0.44	0.443525	192	22
0.39/0.44	0.444371	191	29
0.39/0.44	0.444733	189	32
0.39/0.44	0.445163	188	38
0.39/0.44	0.445845	187	44
0.39/0.44	0.446455	186	49
0.39/0.44	0.446806	185	53
0.39/0.44	0.447972	184	59
0.39/0.45	0.448728	183	67
0.39/0.45	0.44943	182	73
0.39/0.45	0.449831	181	77
0.39/0.45	0.450148	180	81
0.39/0.45	0.451098	179	90
0.39/0.45	0.454982	178	113
0.39/0.45	0.456024	177	122
0.39/0.45	0.457719	176	134
0.39/0.46	0.4594	174	146
0.39/0.46	0.460026	173	153
0.39/0.46	0.460968	172	162
0.39/0.46	0.462398	171	174
0.39/0.46	0.464798	170	194
0.39/0.46	0.467879	169	220
0.39/0.47	0.469065	168	227
0.39/0.47	0.47034	167	238
0.39/0.47	0.472701	166	250
0.39/0.47	0.473542	165	258
0.39/0.47	0.476317	164	279
0.39/0.47	0.477948	163	289
0.39/0.48	0.478868	162	299
0.39/0.48	0.483985	161	311
0.39/0.48	0.484716	160	318
0.39/0.48	0.487888	159	348
0.39/0.49	0.491596	158	372
0.39/0.49	0.495806	157	387
0.39/0.49	0.497641	156	396
0.49/0.50	0.501168	155	427
0.49/0.50	0.504296	154	466
0.49/0.50	0.505998	153	482
0.49/0.50	0.50729	152	493
0.49/0.51	0.510616	151	517
0.49/0.51	0.516741	150	536
0.49/0.51	0.517944	149	547
0.49/0.52	0.522193	148	571
0.49/0.52	0.526222	147	605
0.59/0.61	0.60971	146	1244
0.59/0.61	0.612402	145	1261
0.59/0.61	0.616248	144	1303
0.59/0.62	0.623877	143	1374
0.59/0.63	0.632273	142	1443
0.59/0.64	0.641142	141	1500
0.59/0.65	0.651023	140	1555
0.59/0.66	0.66443	139	1675
0.59/0.68	0.678273	138	1783
0.69/0.72	0.727089	137	2118
0.69/0.78	0.780414	136	2526
0.79/0.82	0.822495	135	2836
1.10/1.19	1.19357	134	5118
1.20/1.28	1.28438	133	5849
1.29/1.36	1.3601	132	6535
2.43/2.48	2.48112	131	12112
3.20/3.26	3.26241	130	16548
3.44/3.73	3.73453	129	19094
4.59/4.66	4.6618	128	24838
15.59/15.64	15.6402	127	67063
451.28/451.32	451.309	126	1053526
451.58/451.79	451.779	125	1056392
