0.39/0.49	0.490437	192	0
0.39/0.49	0.491083	190	4
0.39/0.49	0.492058	189	12
0.49/0.50	0.492646	188	17
0.49/0.50	0.494099	187	26
0.49/0.50	0.494789	186	32
0.49/0.50	0.495811	185	41
0.49/0.50	0.49627	184	46
0.49/0.50	0.497723	182	55
0.49/0.50	0.498247	181	60
0.49/0.50	0.4989	180	66
0.49/0.50	0.500497	179	77
0.49/0.50	0.502127	178	88
0.49/0.51	0.50252	177	92
0.49/0.51	0.503736	176	101
0.49/0.51	0.504152	175	104
0.49/0.51	0.505436	174	109
0.49/0.51	0.506347	173	117
0.49/0.51	0.509116	172	129
0.49/0.51	0.509923	171	133
0.49/0.52	0.51305	170	153
0.49/0.52	0.515234	169	164
0.49/0.52	0.516702	168	177
0.49/0.52	0.52111	167	188
0.49/0.53	0.523794	166	213
0.49/0.53	0.524401	165	218
0.49/0.53	0.525488	164	223
0.49/0.53	0.526016	163	228
0.49/0.54	0.532593	162	280
0.49/0.54	0.53588	161	311
0.49/0.55	0.542877	160	350
0.49/0.55	0.543667	159	358
0.49/0.55	0.545742	158	376
0.49/0.55	0.546579	157	382
0.49/0.56	0.553302	156	405
0.49/0.56	0.555641	155	426
0.49/0.56	0.558181	154	446
0.49/0.57	0.563388	153	480
0.49/0.57	0.566865	152	506
0.49/0.57	0.571838	151	545
0.49/0.58	0.574954	150	558
0.49/0.58	0.579218	149	574
0.49/0.58	0.581735	148	598
0.49/0.59	0.587673	147	632
0.59/0.60	0.596112	146	690
0.59/0.61	0.603193	145	711
0.59/0.61	0.608997	144	761
0.59/0.62	0.615826	143	818
0.59/0.63	0.623586	142	889
0.59/0.63	0.632196	141	951
0.59/0.64	0.640163	140	999
0.59/0.67	0.667962	139	1265
0.69/0.72	0.719468	138	1659
0.69/0.75	0.745494	137	1838
0.69/0.77	0.770385	136	2012
0.69/0.78	0.782007	135	2102
0.79/0.84	0.833514	134	2451
0.79/0.88	0.877426	133	2801
1.49/1.50	1.49285	132	7417
1.69/1.77	1.76526	131	9184
2.19/2.28	2.27358	130	12182
3.59/3.69	3.69201	129	21101
19.79/20.07	20.0645	128	75807
20.69/20.78	20.7771	127	79602
70.36/70.38	70.3747	126	242321
97.48/97.54	97.5323	125	310584
