0.48/0.50	0.499715	188	0
0.48/0.50	0.500823	186	7
0.48/0.50	0.501434	184	11
0.48/0.50	0.503405	182	27
0.48/0.50	0.504478	181	35
0.48/0.50	0.505072	180	41
0.48/0.50	0.505658	179	48
0.48/0.50	0.506327	178	54
0.48/0.50	0.506928	177	58
0.48/0.51	0.510266	176	71
0.48/0.51	0.510915	175	78
0.48/0.51	0.512017	174	86
0.48/0.51	0.513604	173	100
0.48/0.51	0.515186	172	113
0.48/0.51	0.517365	171	136
0.48/0.52	0.518343	170	141
0.48/0.52	0.519233	169	149
0.48/0.52	0.52439	168	159
0.48/0.52	0.525365	167	169
0.48/0.52	0.525752	166	173
0.48/0.53	0.52857	165	199
0.48/0.53	0.530269	164	209
0.48/0.53	0.531801	163	216
0.48/0.53	0.536109	162	245
0.48/0.53	0.536903	161	251
0.48/0.54	0.53937	160	270
0.48/0.54	0.545269	159	290
0.48/0.54	0.546601	158	303
0.48/0.55	0.549327	157	328
0.48/0.55	0.552589	156	361
0.59/0.69	0.694318	155	1509
0.59/0.69	0.696794	154	1533
0.68/0.70	0.700759	153	1561
0.68/0.70	0.702051	152	1571
0.79/0.81	0.808058	151	2523
0.79/0.81	0.811125	150	2544
0.79/0.81	0.813137	149	2564
0.79/0.81	0.815379	148	2580
1.50/1.53	1.53322	147	8757
1.50/1.53	1.53625	146	8786
1.50/1.54	1.53937	145	8807
1.50/1.54	1.54383	144	8834
1.50/1.57	1.56841	143	8977
1.50/1.58	1.58185	142	9117
1.88/1.91	1.90902	141	11757
1.88/1.99	1.99664	140	12468
1.98/2.02	2.01938	139	12592
1.98/2.04	2.04433	138	12764
1.98/2.06	2.06567	137	12869
2.08/2.19	2.19165	136	13615
2.40/2.43	2.43682	135	15523
2.50/2.56	2.56339	134	16565
2.58/2.60	2.59948	133	16794
2.89/2.99	2.99018	132	19702
3.19/3.22	3.2259	131	21022
4.11/4.15	4.15611	130	25658
4.49/4.55	4.55163	129	28039
5.50/5.54	5.54251	128	34719
18.92/19.06	19.0607	127	81347
83.99/84.04	84.0435	126	251586
