0.49/0.50	0.499706	197	0
0.49/0.50	0.500795	196	9
0.49/0.50	0.501032	195	11
0.49/0.50	0.501432	194	14
0.49/0.50	0.501673	193	16
0.49/0.50	0.502097	192	20
0.49/0.50	0.503992	191	31
0.49/0.50	0.505015	190	37
0.49/0.50	0.505631	189	43
0.49/0.50	0.506169	188	47
0.49/0.50	0.506486	187	50
0.49/0.50	0.507007	186	55
0.49/0.51	0.507762	185	62
0.49/0.51	0.508141	184	65
0.49/0.51	0.508909	183	73
0.49/0.51	0.510008	181	79
0.49/0.51	0.510432	180	84
0.49/0.51	0.511277	179	91
0.49/0.51	0.514513	178	101
0.49/0.51	0.515017	177	104
0.49/0.52	0.51827	176	126
0.49/0.52	0.521138	175	150
0.49/0.52	0.52462	173	158
0.49/0.52	0.525601	172	167
0.49/0.52	0.525906	171	170
0.49/0.52	0.526841	170	177
0.49/0.53	0.528436	169	190
0.49/0.53	0.532815	168	198
0.49/0.57	0.573324	167	494
0.49/0.58	0.57826	166	511
0.59/0.62	0.621366	165	865
0.59/0.62	0.621977	164	871
0.59/0.62	0.623454	163	885
0.59/0.62	0.625998	162	903
0.59/0.67	0.677104	161	1286
0.59/0.68	0.678348	160	1300
0.59/0.68	0.687296	159	1366
0.59/0.69	0.688725	158	1377
0.59/0.69	0.689408	157	1383
0.59/0.69	0.69188	156	1398
0.59/0.69	0.693222	155	1411
0.59/0.69	0.69547	154	1434
0.59/0.69	0.69634	153	1441
0.59/0.70	0.699983	152	1491
0.69/0.75	0.752967	151	1977
0.69/0.75	0.754904	150	1989
0.69/0.76	0.759078	149	2032
0.69/0.76	0.762451	148	2063
0.79/0.89	0.894889	147	3219
0.89/0.91	0.913684	146	3414
0.89/0.91	0.916164	145	3431
0.89/0.93	0.933831	144	3635
0.89/0.95	0.956602	143	3893
1.00/1.04	1.04284	142	4636
1.00/1.08	1.08276	141	4977
1.10/1.12	1.1213	140	5270
1.10/1.12	1.12426	139	5297
1.10/1.18	1.18096	138	5735
1.19/1.21	1.21648	137	6051
1.29/1.32	1.32005	136	6968
1.40/1.41	1.41362	135	7727
1.40/1.49	1.49458	134	8384
2.79/2.80	2.80386	133	17968
2.79/2.87	2.87136	132	18472
4.08/4.11	4.11218	131	26969
4.08/4.20	4.20186	130	27709
4.20/4.25	4.24766	129	28126
20.39/20.87	20.8697	128	88916
26.19/26.23	26.2349	127	115220
26.29/26.49	26.4893	126	116851
333.68/334.12	334.109	125	667483
1000.14/1000.31	********Debuging CoveringArray::optimize*********
1000.14/1000.31	total size : 125
1000.14/1000.31	********End of Debuing CoveringArray::optimize********
