0.48/0.54	0.545287	198	0
0.48/0.55	0.545718	197	1
0.48/0.55	0.546116	196	2
0.48/0.55	0.546509	195	3
0.48/0.55	0.546945	194	4
0.48/0.55	0.547315	193	5
0.48/0.55	0.547907	192	7
0.48/0.55	0.548446	190	8
0.48/0.55	0.548819	189	9
0.48/0.55	0.549289	188	10
0.48/0.55	0.549646	187	11
0.48/0.55	0.550148	186	13
0.48/0.55	0.550669	185	15
0.48/0.55	0.551384	184	17
0.48/0.55	0.55301	183	24
0.48/0.55	0.553477	182	25
0.48/0.55	0.554047	181	27
0.48/0.55	0.554654	180	29
0.48/0.55	0.555451	179	32
0.48/0.56	0.556911	178	38
0.48/0.56	0.557308	177	39
0.48/0.56	0.55862	176	44
0.48/0.56	0.559472	175	47
0.48/0.56	0.560325	174	50
0.48/0.56	0.562318	173	59
0.48/0.57	0.565648	172	74
0.48/0.57	0.568139	171	85
0.48/0.57	0.569342	170	90
0.48/0.57	0.570429	169	94
0.48/0.57	0.571015	168	96
0.48/0.57	0.57379	167	108
0.48/0.57	0.575398	166	114
0.48/0.58	0.57754	165	123
0.48/0.58	0.578604	164	127
0.48/0.58	0.579748	163	131
0.48/0.58	0.580347	162	133
0.48/0.59	0.585659	161	156
0.48/0.59	0.587521	160	163
0.48/0.59	0.589329	159	171
0.48/0.60	0.597664	158	210
0.48/0.60	0.598581	157	213
0.59/0.60	0.600748	156	222
0.59/0.61	0.612453	155	278
0.59/0.62	0.624872	154	337
0.59/0.63	0.628604	153	353
0.59/0.64	0.643984	152	427
0.59/0.66	0.656076	151	485
0.59/0.67	0.672274	150	561
0.59/0.67	0.673768	149	567
0.59/0.68	0.683182	148	610
0.59/0.68	0.68516	147	617
0.59/0.70	0.697097	146	669
0.69/0.73	0.730343	145	825
0.69/0.78	0.77886	144	1059
0.69/0.79	0.793504	143	1134
0.88/0.91	0.907782	142	1701
0.88/0.93	0.926136	141	1785
0.88/0.93	0.927159	140	1789
1.04/1.12	1.12187	139	2720
1.04/1.15	1.14634	138	2832
1.18/1.27	1.26924	137	3416
1.28/1.39	1.39428	136	4018
1.38/1.45	1.45491	135	4299
1.58/1.68	1.68448	134	5422
2.47/2.49	2.49502	133	9393
3.19/3.27	3.2705	132	13132
3.29/3.37	3.37013	131	13605
3.94/3.96	3.96251	130	16386
3.94/4.00	4.00398	129	16586
151.38/151.47	151.464	128	626442
152.09/152.62	152.621	127	631888
153.48/153.59	153.582	126	636259
999.96/1000.03	3585491
