0.49/0.52	0.518736	192	0
0.49/0.52	0.519372	191	2
0.49/0.52	0.520004	189	4
0.49/0.52	0.520369	188	5
0.49/0.52	0.520708	187	6
0.49/0.52	0.521042	186	7
0.49/0.52	0.521564	185	9
0.49/0.52	0.522096	184	11
0.49/0.52	0.523154	183	15
0.49/0.52	0.523645	182	16
0.49/0.52	0.524008	181	17
0.49/0.52	0.524567	180	19
0.49/0.52	0.525143	179	21
0.49/0.52	0.526225	178	25
0.49/0.52	0.526629	177	26
0.49/0.52	0.527237	176	28
0.49/0.52	0.527812	175	30
0.49/0.53	0.528945	174	34
0.49/0.53	0.53011	173	39
0.49/0.53	0.530742	172	41
0.49/0.53	0.531843	171	45
0.49/0.53	0.532923	170	50
0.49/0.53	0.533589	169	52
0.49/0.53	0.534547	168	56
0.49/0.53	0.534917	167	57
0.49/0.53	0.537341	166	68
0.49/0.54	0.537943	165	70
0.49/0.54	0.539077	164	75
0.49/0.54	0.540707	163	81
0.49/0.54	0.543171	162	92
0.49/0.54	0.543999	161	95
0.49/0.54	0.544527	160	97
0.49/0.54	0.545902	159	103
0.49/0.54	0.546913	158	107
0.49/0.55	0.548186	157	112
0.49/0.55	0.550345	156	121
0.49/0.55	0.551537	155	125
0.49/0.55	0.555018	154	141
0.49/0.56	0.559152	153	160
0.49/0.57	0.57169	152	221
0.49/0.57	0.572235	151	223
0.49/0.58	0.582902	150	273
0.49/0.58	0.586394	149	287
0.49/0.59	0.597041	148	337
0.59/0.61	0.612481	147	411
0.59/0.62	0.622481	146	459
0.59/0.63	0.633848	145	516
0.59/0.65	0.649979	144	594
0.59/0.65	0.650565	143	596
0.69/0.70	0.703044	142	828
0.69/0.71	0.708172	141	850
0.69/0.71	0.711328	140	864
0.69/0.76	0.760278	139	1103
0.69/0.79	0.788515	138	1230
0.80/0.80	0.806219	137	1311
0.80/0.88	0.885672	136	1698
0.89/0.94	0.946167	135	1979
0.89/1.23	1.23637	134	3323
1.27/1.35	1.35215	133	3879
1.59/1.63	1.63097	132	5218
1.79/1.87	1.86998	131	6361
1.88/1.95	1.95669	130	6778
16.89/17.16	17.1589	129	74387
16.89/17.25	17.2476	128	74803
255.38/255.54	255.527	127	1004112
999.96/1000.04	3674730
