0.49/0.54	0.544174	187	0
0.49/0.54	0.544659	186	1
0.49/0.54	0.545218	185	3
0.49/0.54	0.545554	184	4
0.49/0.54	0.545926	183	5
0.49/0.54	0.54646	182	7
0.49/0.54	0.546798	181	8
0.49/0.54	0.547171	180	9
0.49/0.54	0.547565	179	10
0.49/0.55	0.548723	178	14
0.49/0.55	0.549236	177	16
0.49/0.55	0.549813	176	18
0.49/0.55	0.551009	175	23
0.49/0.55	0.5522	174	28
0.49/0.55	0.552843	173	30
0.49/0.55	0.554074	172	36
0.49/0.55	0.554671	171	38
0.49/0.55	0.555342	170	41
0.49/0.55	0.556354	169	45
0.49/0.55	0.557284	168	48
0.49/0.56	0.558091	167	51
0.49/0.56	0.558695	166	53
0.49/0.56	0.559435	165	56
0.49/0.56	0.561241	164	65
0.49/0.56	0.563342	163	74
0.49/0.56	0.564625	162	79
0.49/0.56	0.565509	161	82
0.49/0.57	0.568049	160	93
0.49/0.57	0.56934	159	97
0.49/0.57	0.573192	158	114
0.49/0.57	0.574969	157	121
0.49/0.58	0.578308	156	135
0.49/0.58	0.579912	155	141
0.49/0.58	0.583544	154	156
0.58/0.60	0.599628	153	232
0.58/0.60	0.600757	152	236
0.58/0.60	0.604493	151	253
0.58/0.60	0.607072	150	264
0.58/0.61	0.608483	149	269
0.58/0.62	0.618267	148	311
0.58/0.62	0.622897	147	330
0.58/0.62	0.626242	146	343
0.58/0.63	0.628282	145	351
0.58/0.65	0.652518	144	460
0.58/0.66	0.659118	143	488
0.68/0.75	0.756432	142	925
0.68/0.77	0.769391	141	987
0.68/0.78	0.779093	140	1031
0.79/0.81	0.816457	139	1205
0.89/0.91	0.915418	138	1665
0.89/0.93	0.933382	137	1751
0.99/1.08	1.07782	136	2430
1.09/1.17	1.17276	135	2882
1.40/1.41	1.41073	134	4007
1.40/1.42	1.42224	133	4058
1.54/1.61	1.61242	132	4914
1.89/1.91	1.91347	131	6362
1.89/1.94	1.94536	130	6510
11.69/11.84	11.8431	129	51920
11.69/11.94	11.9426	128	52390
84.88/84.95	84.9494	127	340084
999.94/1000.04	3585657
