0.49/0.57	0.571522	192	0
0.49/0.57	0.572107	191	2
0.49/0.57	0.572433	190	3
0.49/0.57	0.5728	189	4
0.49/0.57	0.573197	188	5
0.49/0.57	0.573541	187	6
0.49/0.57	0.573852	186	7
0.49/0.57	0.574202	185	8
0.49/0.57	0.574492	184	9
0.49/0.57	0.574915	183	10
0.49/0.57	0.575608	182	12
0.49/0.57	0.576176	181	14
0.49/0.57	0.57659	180	15
0.49/0.57	0.577027	179	16
0.49/0.57	0.577638	178	18
0.49/0.58	0.578267	177	20
0.49/0.58	0.578863	176	22
0.49/0.58	0.579885	175	26
0.49/0.58	0.580393	174	27
0.49/0.58	0.581519	173	31
0.49/0.58	0.582339	172	34
0.49/0.58	0.583217	171	37
0.49/0.58	0.585315	170	45
0.49/0.58	0.586366	169	49
0.49/0.58	0.587354	168	52
0.49/0.59	0.589401	167	61
0.49/0.59	0.590807	166	67
0.49/0.59	0.592202	165	73
0.49/0.59	0.593073	164	76
0.49/0.59	0.595033	163	84
0.49/0.59	0.597464	162	94
0.59/0.60	0.599588	161	103
0.59/0.60	0.603278	160	119
0.59/0.60	0.605421	159	128
0.59/0.61	0.615725	158	177
0.59/0.62	0.620861	157	200
0.59/0.62	0.622012	156	205
0.59/0.62	0.622977	155	208
0.59/0.62	0.624496	154	214
0.59/0.63	0.632198	153	246
0.59/0.64	0.645568	152	308
0.59/0.65	0.648562	151	320
0.59/0.65	0.650992	150	330
0.59/0.65	0.652964	149	338
0.59/0.65	0.655141	148	347
0.59/0.66	0.658234	147	360
0.59/0.67	0.66726	146	401
0.59/0.68	0.678278	145	451
0.59/0.68	0.685024	144	481
0.69/0.71	0.715545	143	622
0.69/0.73	0.728705	142	680
0.69/0.74	0.745857	141	755
0.69/0.77	0.771418	140	870
0.69/0.79	0.786925	139	938
0.69/0.79	0.790567	138	952
0.79/0.82	0.820501	137	1086
0.99/1.02	1.02519	136	2040
0.99/1.04	1.04237	135	2121
1.59/1.63	1.63245	134	4771
2.20/2.21	2.21137	133	7563
2.20/2.26	2.26094	132	7808
2.49/2.54	2.53938	131	9113
2.89/3.02	3.01779	130	11437
20.19/20.26	20.2613	129	87980
20.49/20.53	20.531	128	89229
20.68/20.80	20.7992	127	90477
693.66/693.70	693.679	126	2523181
999.96/1000.03	3578719
