0.48/0.58	0.581472	190	0
0.48/0.58	0.582039	189	1
0.48/0.58	0.582622	188	3
0.48/0.58	0.583054	187	4
0.48/0.58	0.583436	186	5
0.48/0.58	0.583752	185	6
0.48/0.58	0.584136	184	7
0.48/0.58	0.584493	183	8
0.48/0.58	0.585418	182	11
0.48/0.58	0.586712	181	17
0.48/0.58	0.587095	180	18
0.48/0.59	0.588367	179	24
0.48/0.59	0.588973	178	26
0.48/0.59	0.589698	177	29
0.48/0.59	0.590584	176	32
0.48/0.59	0.591615	175	36
0.48/0.59	0.592804	174	41
0.48/0.59	0.59363	173	44
0.48/0.59	0.594422	172	47
0.48/0.59	0.59508	171	49
0.48/0.59	0.596531	170	54
0.48/0.60	0.597529	169	58
0.58/0.60	0.598306	168	60
0.58/0.60	0.599101	167	63
0.58/0.60	0.600414	166	68
0.58/0.60	0.601244	165	71
0.58/0.60	0.601603	164	72
0.58/0.60	0.605133	163	89
0.58/0.61	0.607192	162	98
0.58/0.61	0.608701	161	104
0.58/0.61	0.612855	160	122
0.58/0.61	0.614293	159	128
0.58/0.62	0.618699	158	150
0.58/0.62	0.620017	157	155
0.58/0.63	0.630309	156	202
0.58/0.64	0.642327	155	259
0.58/0.65	0.64716	154	280
0.58/0.65	0.651981	153	300
0.58/0.65	0.654393	152	309
0.58/0.66	0.655728	151	314
0.58/0.67	0.671213	150	381
0.58/0.67	0.674614	149	396
0.58/0.68	0.682706	148	430
0.58/0.69	0.689777	147	463
0.69/0.72	0.718061	146	591
0.69/0.72	0.720099	145	599
0.69/0.73	0.72698	144	629
0.69/0.73	0.731943	143	652
0.69/0.74	0.738167	142	678
0.69/0.77	0.766835	141	809
0.69/0.79	0.786459	140	893
0.79/0.81	0.813099	139	1006
0.79/0.85	0.851044	138	1177
0.99/1.02	1.01874	137	1957
0.99/1.02	1.02133	136	1968
1.29/1.32	1.31879	135	3386
2.29/2.37	2.37175	134	8388
2.49/2.56	2.56098	133	9290
3.28/3.31	3.3089	132	12713
10.39/10.40	10.4008	131	45434
12.09/12.14	12.1431	130	53558
12.09/12.24	12.2386	129	54008
86.07/86.12	86.1147	128	363169
301.57/301.68	301.666	127	1211188
999.95/1000.03	3763767
