0.58/0.61	0.606695	189	0
0.58/0.61	0.607157	188	1
0.58/0.61	0.607516	187	2
0.58/0.61	0.607836	186	3
0.58/0.61	0.608208	185	4
0.58/0.61	0.6085	184	5
0.58/0.61	0.609051	183	7
0.58/0.61	0.609564	182	9
0.58/0.61	0.610685	181	14
0.58/0.61	0.611064	180	15
0.58/0.61	0.611442	179	16
0.58/0.61	0.612	178	18
0.58/0.61	0.612425	177	19
0.58/0.61	0.612968	176	21
0.58/0.61	0.613917	175	25
0.58/0.61	0.614906	174	28
0.58/0.62	0.615767	173	31
0.58/0.62	0.616277	172	33
0.58/0.62	0.617112	171	36
0.58/0.62	0.618229	170	40
0.58/0.62	0.619554	169	46
0.58/0.62	0.62111	168	53
0.58/0.62	0.623141	167	62
0.58/0.62	0.624654	166	68
0.58/0.62	0.625154	165	69
0.58/0.63	0.626752	164	75
0.58/0.63	0.628517	163	81
0.58/0.63	0.629832	162	86
0.58/0.63	0.631468	161	92
0.58/0.63	0.634179	160	104
0.58/0.64	0.636427	159	113
0.58/0.64	0.637446	158	117
0.58/0.64	0.639994	157	127
0.58/0.64	0.641886	156	135
0.58/0.64	0.643669	155	142
0.58/0.65	0.646711	154	154
0.58/0.65	0.649462	153	165
0.58/0.65	0.653802	152	183
0.58/0.66	0.658019	151	200
0.58/0.66	0.660286	150	209
0.58/0.67	0.666627	149	238
0.58/0.67	0.670591	148	255
0.68/0.70	0.699279	147	386
0.68/0.70	0.70138	146	394
0.68/0.74	0.736816	145	552
0.68/0.76	0.759414	144	652
0.68/0.78	0.778878	143	744
0.78/0.85	0.852549	142	1081
0.78/0.88	0.880525	141	1211
0.89/0.95	0.949162	140	1531
0.98/1.02	1.02121	139	1857
0.98/1.06	1.06393	138	2061
0.98/1.24	1.23896	137	2873
1.12/1.31	1.31426	136	3235
1.12/1.37	1.3715	135	3499
1.58/1.61	1.61208	134	4553
1.58/1.61	1.61447	133	4562
2.81/2.84	2.84047	132	10362
3.19/3.21	3.20792	131	12072
40.49/40.56	40.5568	130	175167
41.89/41.97	41.9696	129	181666
149.98/150.02	150.01	128	618095
332.15/332.40	332.383	127	1329229
416.27/416.72	416.704	126	1639519
999.85/1000.03	3637945
