0.59/0.64	0.637983	198	0
0.59/0.64	0.638551	197	1
0.59/0.64	0.638964	196	2
0.59/0.64	0.639381	195	3
0.59/0.64	0.639845	194	4
0.59/0.64	0.640198	193	5
0.59/0.64	0.640603	192	6
0.59/0.64	0.641003	191	7
0.59/0.64	0.641352	190	8
0.59/0.64	0.641731	189	9
0.59/0.64	0.642161	188	10
0.59/0.64	0.642684	187	11
0.59/0.64	0.643529	186	14
0.59/0.64	0.644386	185	17
0.59/0.64	0.645111	184	19
0.59/0.64	0.64598	183	22
0.59/0.64	0.646408	182	23
0.59/0.65	0.646941	181	24
0.59/0.65	0.647537	180	26
0.59/0.65	0.648711	179	30
0.59/0.65	0.649404	178	32
0.59/0.65	0.650259	177	35
0.59/0.65	0.651378	176	39
0.59/0.65	0.652545	175	44
0.59/0.65	0.654018	174	49
0.59/0.65	0.654766	173	52
0.59/0.66	0.656814	172	61
0.59/0.66	0.658561	171	68
0.59/0.66	0.663779	170	91
0.59/0.66	0.664536	169	94
0.59/0.67	0.666492	168	103
0.59/0.67	0.668017	167	109
0.59/0.67	0.66918	166	113
0.59/0.67	0.671208	165	121
0.59/0.67	0.672746	164	126
0.59/0.67	0.675109	163	134
0.59/0.68	0.676373	162	138
0.59/0.68	0.678304	161	145
0.59/0.68	0.679578	160	149
0.59/0.68	0.681415	159	156
0.59/0.68	0.682334	158	159
0.59/0.68	0.684195	157	166
0.59/0.69	0.687416	156	180
0.59/0.69	0.691144	155	196
0.69/0.70	0.695797	154	217
0.69/0.71	0.709003	153	275
0.69/0.72	0.71924	152	317
0.69/0.73	0.726761	151	352
0.69/0.73	0.728178	150	357
0.69/0.75	0.74645	149	443
0.69/0.75	0.748712	148	452
0.69/0.76	0.75527	147	482
0.69/0.76	0.756946	146	489
0.69/0.78	0.784091	145	615
0.69/0.79	0.788518	144	633
0.69/0.79	0.791556	143	646
0.79/0.88	0.87582	142	1050
0.79/0.88	0.88106	141	1074
0.89/0.96	0.95729	140	1438
0.99/1.01	1.0122	139	1698
1.09/1.12	1.12075	138	2223
1.09/1.13	1.13213	137	2277
1.09/1.14	1.14387	136	2335
1.29/1.39	1.39441	135	3487
1.69/1.75	1.74548	134	5096
2.19/2.23	2.22811	133	7362
2.19/2.25	2.24452	132	7438
3.59/3.61	3.60995	131	13807
3.80/3.85	3.84937	130	14937
4.29/4.35	4.34697	129	17255
72.38/72.41	72.4099	128	284965
198.57/198.70	198.686	127	761347
999.87/1000.04	3648481
