0.59/0.62	0.617906	192	0
0.59/0.62	0.6184	191	1
0.59/0.62	0.618975	190	3
0.59/0.62	0.619305	189	4
0.59/0.62	0.619653	188	5
0.59/0.62	0.61999	187	6
0.59/0.62	0.620486	185	7
0.59/0.62	0.620942	184	8
0.59/0.62	0.621388	183	9
0.59/0.62	0.621864	182	10
0.59/0.62	0.622264	181	11
0.59/0.62	0.623091	180	14
0.59/0.62	0.623765	179	16
0.59/0.62	0.624178	178	17
0.59/0.62	0.625526	177	22
0.59/0.62	0.626929	176	26
0.59/0.63	0.627835	175	29
0.59/0.63	0.628405	174	31
0.59/0.63	0.629592	173	35
0.59/0.63	0.631436	172	42
0.59/0.63	0.633514	171	50
0.59/0.63	0.633986	170	51
0.59/0.63	0.635264	169	55
0.59/0.63	0.635928	168	57
0.59/0.64	0.639069	167	69
0.59/0.64	0.639471	166	70
0.59/0.64	0.64513	165	93
0.59/0.64	0.646774	164	99
0.59/0.65	0.648339	163	105
0.59/0.65	0.65061	162	115
0.59/0.65	0.653417	161	125
0.59/0.65	0.655199	160	131
0.59/0.65	0.657142	159	138
0.59/0.66	0.658179	158	141
0.59/0.66	0.661281	157	153
0.59/0.66	0.663834	156	162
0.59/0.66	0.666329	155	171
0.59/0.67	0.668638	154	180
0.59/0.67	0.673293	153	198
0.59/0.69	0.692365	152	275
0.69/0.70	0.699211	151	303
0.69/0.73	0.731491	150	433
0.69/0.73	0.734162	149	442
0.69/0.73	0.735423	148	446
0.69/0.74	0.744651	147	483
0.69/0.76	0.758424	146	539
0.69/0.78	0.783441	145	643
0.99/1.01	1.01017	144	1715
0.99/1.01	1.0145	143	1734
0.99/1.01	1.01682	142	1744
0.99/1.05	1.05578	141	1926
0.99/1.06	1.06325	140	1960
0.99/1.06	1.06711	139	1978
1.09/1.19	1.19016	138	2568
1.09/1.19	1.19191	137	2575
1.19/1.20	1.20382	136	2630
1.88/1.98	1.98002	135	6071
1.98/2.08	2.08188	134	6573
1.98/2.08	2.08431	133	6583
2.18/2.22	2.22215	132	7263
5.44/5.58	5.57721	131	22522
8.98/9.06	9.06509	130	38219
14.39/14.47	14.4737	129	63073
68.58/69.16	69.1555	128	291622
376.96/377.13	377.12	127	1490408
999.95/1000.03	3758998
