0.59/0.60	0.601961	188	0
0.59/0.60	0.602426	187	1
0.59/0.60	0.602801	186	2
0.59/0.60	0.603153	185	3
0.59/0.60	0.603475	184	4
0.59/0.60	0.603768	183	5
0.59/0.60	0.604242	182	7
0.59/0.60	0.604926	180	9
0.59/0.60	0.605254	179	10
0.59/0.60	0.605638	178	11
0.59/0.60	0.606045	177	12
0.59/0.61	0.606857	176	15
0.59/0.61	0.607481	175	17
0.59/0.61	0.608071	174	19
0.59/0.61	0.609309	173	24
0.59/0.61	0.610614	172	29
0.59/0.61	0.611534	171	32
0.59/0.61	0.614769	170	47
0.59/0.61	0.615632	169	50
0.59/0.62	0.617492	168	58
0.59/0.62	0.618288	167	61
0.59/0.62	0.619601	166	66
0.59/0.62	0.621249	165	73
0.59/0.62	0.622208	164	76
0.59/0.62	0.62457	163	86
0.59/0.62	0.625991	162	92
0.59/0.63	0.627794	161	100
0.59/0.63	0.630488	160	111
0.59/0.63	0.63318	159	122
0.59/0.63	0.633978	158	125
0.59/0.63	0.635924	157	133
0.59/0.64	0.639039	156	147
0.59/0.64	0.641303	155	157
0.59/0.64	0.64559	154	177
0.59/0.65	0.65566	153	224
0.59/0.67	0.667193	152	279
0.59/0.68	0.676679	151	323
0.59/0.68	0.682314	150	348
0.59/0.68	0.684559	149	358
0.59/0.69	0.690376	148	386
0.69/0.70	0.701976	147	438
0.69/0.74	0.739554	146	615
0.69/0.75	0.748193	145	656
0.69/0.76	0.757584	144	699
0.69/0.78	0.785756	143	833
0.69/0.79	0.792033	142	861
0.89/0.91	0.914001	141	1427
0.89/0.92	0.925735	140	1481
0.89/0.95	0.951594	139	1595
0.99/1.04	1.04291	138	2019
0.99/1.07	1.07395	137	2159
1.09/1.39	1.39588	136	3691
1.59/1.60	1.59703	135	4623
1.59/1.64	1.63795	134	4818
1.89/1.94	1.94121	133	6246
1.99/2.04	2.04282	132	6722
2.40/2.69	2.69195	131	9818
4.89/5.02	5.02538	130	20720
4.89/5.17	5.17608	129	21425
5.33/5.38	5.38106	128	22373
5.99/6.03	6.02933	127	25350
246.32/246.44	246.432	126	886161
999.97/1000.02	3451441
