0.49/0.57	0.572082	197	0
0.49/0.57	0.572493	196	1
0.49/0.57	0.572825	195	2
0.49/0.57	0.573163	194	3
0.49/0.57	0.57398	192	6
0.49/0.57	0.574351	191	7
0.49/0.57	0.574746	190	8
0.49/0.57	0.575145	189	9
0.49/0.57	0.575552	188	10
0.49/0.57	0.57592	187	11
0.49/0.57	0.576237	186	12
0.49/0.57	0.576626	185	13
0.49/0.57	0.576983	184	14
0.49/0.57	0.577466	183	15
0.49/0.57	0.577822	182	16
0.49/0.58	0.578474	181	18
0.49/0.58	0.578927	180	19
0.49/0.58	0.579343	179	20
0.49/0.58	0.580134	178	23
0.49/0.58	0.581483	177	28
0.49/0.58	0.582092	176	30
0.49/0.58	0.582693	175	32
0.49/0.58	0.583981	174	37
0.49/0.58	0.585048	173	41
0.49/0.58	0.585933	172	44
0.49/0.58	0.586942	171	47
0.49/0.59	0.590063	170	60
0.49/0.59	0.590876	169	63
0.49/0.59	0.591711	168	66
0.49/0.59	0.592069	167	67
0.49/0.59	0.593964	166	75
0.49/0.59	0.596152	165	85
0.49/0.59	0.59713	164	89
0.60/0.60	0.607288	163	135
0.60/0.61	0.608195	162	138
0.60/0.61	0.60987	161	144
0.60/0.61	0.615881	160	170
0.60/0.61	0.617835	159	177
0.60/0.62	0.618965	158	181
0.60/0.62	0.62402	157	202
0.60/0.63	0.631679	156	236
0.60/0.63	0.632769	155	240
0.60/0.65	0.650058	154	314
0.60/0.65	0.651958	153	322
0.60/0.65	0.654879	152	334
0.60/0.65	0.657062	151	343
0.60/0.67	0.671559	150	410
0.60/0.68	0.68089	149	453
0.60/0.68	0.684204	148	467
0.69/0.70	0.704	147	560
0.69/0.74	0.742803	146	736
0.79/0.80	0.805178	145	1011
0.79/0.82	0.822473	144	1089
0.79/0.83	0.833158	143	1136
0.79/0.83	0.836494	142	1150
0.79/0.85	0.84833	141	1203
0.79/0.85	0.857258	140	1244
0.79/0.87	0.877048	139	1330
0.89/0.99	0.992185	138	1842
1.19/1.29	1.29766	137	3207
1.29/1.32	1.31829	136	3301
1.39/1.41	1.4151	135	3737
1.39/1.47	1.47552	134	4006
1.49/1.55	1.55616	133	4359
1.59/1.69	1.69394	132	4982
1.69/1.72	1.72508	131	5118
17.69/17.75	17.7524	130	71461
20.35/20.42	20.4226	129	82811
97.39/97.81	97.8115	128	380475
99.56/99.59	99.5898	127	388060
131.19/131.21	131.21	126	510095
999.82/1000.04	3350662
