0.00/0.11	0.110306	246	0
0.00/0.11	0.117428	245	3
0.00/0.12	0.124318	244	6
0.00/0.13	0.1309	243	7
0.00/0.13	0.138151	242	12
0.00/0.14	0.145302	241	17
0.00/0.15	0.152531	240	22
0.00/0.18	0.18711	239	204
0.00/0.19	0.193554	238	205
0.00/0.28	0.282996	237	748
0.60/0.68	0.686681	236	3556
0.69/0.73	0.734874	235	3860
0.79/0.84	0.847081	234	4622
1.10/1.13	1.13387	233	6661
1.10/1.14	1.1398	232	6664
1.63/1.69	1.69363	231	10559
2.86/2.91	2.90982	230	18984
2.95/2.97	2.97215	229	19390
3.19/3.24	3.24341	228	21292
3.19/3.27	3.27012	227	21434
3.79/4.09	4.09047	226	27222
5.09/5.26	5.26068	225	35302
5.09/5.44	5.44743	224	36592
5.48/5.57	5.57301	223	37379
8.29/8.31	8.31573	222	56587
999.99/1000.06	594.472	61952248	6718231
