0.00/0.03	0.033327	77	0
0.00/0.03	0.035038	75	1
0.00/0.03	0.036721	73	2
0.00/0.04	0.038197	72	3
0.00/0.04	0.039558	71	4
0.00/0.04	0.041061	70	6
0.00/0.04	0.042556	69	8
0.00/0.04	0.044121	68	10
0.00/0.04	0.04568	67	12
0.00/0.05	0.047615	66	16
0.00/0.05	0.049144	65	18
0.00/0.05	0.05113	64	23
0.00/0.05	0.052803	63	27
0.00/0.05	0.054058	62	29
0.00/0.05	0.056467	61	37
0.00/0.06	0.05898	60	46
0.00/0.06	0.060434	59	49
0.00/0.06	0.066755	58	82
0.00/0.08	0.084327	57	191
0.00/0.09	0.093241	56	247
0.00/0.09	0.095879	55	260
0.59/0.61	0.616955	54	3892
3.79/3.87	3.87183	53	28675
95.89/95.93	95.929	52	731309
999.96/1000.04	551.171	88495959	7646829
