0.00/0.09	0.095664	420	0
0.00/0.10	0.103707	419	3
0.00/0.11	0.111082	418	4
0.00/0.12	0.118782	417	7
0.00/0.12	0.126561	416	10
0.00/0.13	0.134024	415	12
0.00/0.14	0.142457	414	14
0.00/0.15	0.151215	413	23
0.00/0.16	0.158702	412	25
0.00/0.16	0.165912	411	26
0.00/0.17	0.173597	410	30
0.00/0.18	0.182231	409	38
0.00/0.19	0.189972	408	42
0.00/0.20	0.197462	407	45
0.00/0.20	0.205352	406	50
0.00/0.21	0.215326	405	66
0.00/0.22	0.22332	404	72
0.00/0.24	0.239419	403	124
0.00/0.24	0.246935	402	127
0.00/0.26	0.260037	401	162
0.00/0.26	0.267043	400	163
