0.00/0.07	0.070347	423	0
0.00/0.07	0.077145	421	1
0.00/0.08	0.084161	420	3
0.00/0.09	0.091043	419	4
0.00/0.09	0.097944	418	6
0.00/0.10	0.105595	417	13
0.00/0.11	0.112285	416	14
0.00/0.12	0.119022	415	16
0.00/0.12	0.125966	414	19
0.00/0.13	0.133224	413	24
0.00/0.14	0.140633	412	30
0.00/0.14	0.147166	411	31
0.00/0.15	0.153686	410	32
0.00/0.16	0.160515	409	35
0.00/0.16	0.167693	408	40
0.00/0.17	0.175635	407	50
0.00/0.18	0.182116	406	51
0.00/0.19	0.192684	405	77
0.00/0.20	0.200468	404	86
0.00/0.21	0.20976	403	105
0.00/0.22	0.223775	402	153
0.00/0.23	0.230161	401	154
0.00/0.25	0.251515	400	248
