0.02/0.09	0.096436	423	0
0.10/0.10	0.105109	422	7
0.10/0.11	0.113218	421	12
0.10/0.12	0.121108	420	16
0.10/0.13	0.128995	419	20
0.10/0.13	0.136336	418	21
0.10/0.14	0.143613	417	22
0.10/0.15	0.151276	416	25
0.10/0.16	0.160176	415	35
0.10/0.17	0.168263	414	40
0.10/0.18	0.180114	413	66
0.10/0.18	0.187339	412	67
0.10/0.19	0.195241	411	72
0.20/0.20	0.203078	410	77
0.20/0.21	0.210604	409	80
0.20/0.22	0.219351	408	90
0.20/0.23	0.22894	407	104
0.20/0.23	0.236041	406	105
0.20/0.24	0.247237	405	129
0.20/0.26	0.260104	404	153
0.20/0.27	0.271221	403	174
0.20/0.28	0.28095	402	190
0.20/0.29	0.293786	401	224
0.30/0.31	0.308757	400	270
