0.00/0.08	0.080437	418	0
0.00/0.09	0.088026	417	2
0.00/0.09	0.095351	416	3
0.00/0.10	0.103013	415	6
0.00/0.11	0.110322	414	7
0.00/0.12	0.117592	413	8
0.00/0.12	0.125919	412	15
0.00/0.13	0.134459	411	18
0.00/0.14	0.142874	410	26
0.00/0.15	0.150054	409	27
0.00/0.16	0.159236	408	39
0.00/0.17	0.167467	407	46
0.00/0.17	0.176923	406	60
0.17/0.18	0.184192	405	62
0.17/0.19	0.191282	404	63
0.19/0.20	0.198708	403	66
0.19/0.21	0.211664	402	100
0.19/0.22	0.221363	401	116
0.19/0.24	0.240118	400	183
