0.00/0.07	0.069045	418	0
0.00/0.07	0.075786	417	1
0.00/0.08	0.082394	416	2
0.00/0.09	0.088992	415	3
0.00/0.09	0.095608	414	4
0.00/0.10	0.102164	413	5
0.00/0.11	0.108724	412	6
0.00/0.11	0.11626	411	13
0.00/0.12	0.123559	410	18
0.00/0.13	0.130555	409	22
0.00/0.13	0.13716	408	23
0.00/0.14	0.143826	407	25
0.00/0.15	0.151121	406	31
0.00/0.16	0.15925	405	42
0.00/0.16	0.167182	404	52
0.00/0.17	0.173918	403	55
0.00/0.18	0.184994	402	85
0.00/0.19	0.191364	401	86
0.00/0.20	0.199992	400	101
