1.16/1.43	1.19016	1032	0
1.16/1.48	1.23703	1031	3
1.25/1.52	1.28256	1030	4
1.25/1.57	1.32803	1029	5
1.35/1.61	1.37669	1028	11
1.35/1.66	1.42355	1027	14
1.45/1.71	1.47131	1026	18
1.45/1.76	1.51778	1025	20
1.55/1.80	1.56322	1024	21
1.55/1.85	1.60854	1023	22
1.55/1.89	1.65383	1022	23
1.65/1.94	1.70061	1021	26
1.65/1.99	1.74782	1020	30
1.75/2.03	1.79384	1019	32
1.75/2.08	1.84073	1018	35
1.85/2.12	1.88658	1017	37
1.85/2.17	1.93397	1016	41
1.95/2.22	1.98032	1015	43
1.95/2.26	2.02605	1014	44
2.05/2.31	2.07108	1013	45
2.05/2.36	2.11722	1012	47
2.05/2.40	2.16208	1011	48
2.05/2.45	2.20711	1010	49
2.05/2.49	2.25199	1009	50
2.05/2.54	2.30042	1008	55
2.05/2.58	2.34524	1007	56
2.05/2.63	2.39494	1006	63
2.05/2.68	2.4394	1005	64
2.44/2.73	2.48703	1004	69
2.44/2.77	2.53532	1003	74
2.55/2.82	2.57967	1002	75
2.55/2.86	2.62471	1001	77
2.65/2.92	2.6775	1000	89
2.65/2.96	2.72177	999	90
2.75/3.00	2.76605	998	91
2.75/3.05	2.81419	997	96
2.85/3.10	2.85994	996	98
2.85/3.14	2.90417	995	99
2.85/3.19	2.95006	994	101
2.95/3.23	2.99417	993	102
2.95/3.28	3.03801	992	103
3.05/3.33	3.0895	991	115
3.05/3.37	3.13554	990	118
3.15/3.42	3.18038	989	120
3.15/3.46	3.22397	988	121
3.25/3.51	3.26829	987	123
3.25/3.55	3.31195	986	124
3.35/3.60	3.35885	985	130
3.35/3.64	3.40428	984	133
3.35/3.69	3.44851	983	134
3.35/3.73	3.4928	982	136
3.35/3.78	3.54468	981	150
3.35/3.83	3.5881	980	151
3.35/3.87	3.63495	979	156
3.35/3.92	3.67937	978	159
3.35/3.96	3.72457	977	163
3.74/4.01	3.77022	976	168
3.74/4.05	3.81519	975	171
3.85/4.10	3.86443	974	180
3.85/4.15	3.91033	973	184
3.85/4.19	3.95383	972	185
3.95/4.24	4.00028	971	190
3.95/4.28	4.04351	970	191
4.05/4.32	4.08626	969	192
4.05/4.37	4.13335	968	197
4.15/4.42	4.17739	967	199
4.15/4.47	4.22833	966	212
4.25/4.51	4.27579	965	218
4.25/4.56	4.32491	964	227
4.35/4.61	4.36971	963	231
4.35/4.66	4.41746	962	238
4.45/4.70	4.46356	961	244
4.45/4.75	4.51117	960	251
4.45/4.80	4.55669	959	256
4.55/4.85	4.60891	958	270
4.55/4.89	4.6524	957	272
4.65/4.94	4.69741	956	276
4.65/4.99	4.74865	955	286
4.65/5.04	4.79996	954	300
4.65/5.08	4.84261	953	302
4.65/5.13	4.89296	952	316
4.65/5.18	4.94311	951	328
4.65/5.23	4.98765	950	331
4.65/5.27	5.0312	949	335
4.65/5.31	5.07472	948	338
6.65/6.97	6.7338	947	3371
6.75/7.06	6.82144	946	3441
6.95/7.22	6.98618	945	3632
6.95/7.27	7.03362	944	3643
7.05/7.32	7.08525	943	3656
7.05/7.37	7.13204	942	3665
7.15/7.45	7.21337	941	3726
7.25/7.54	7.29724	940	3793
7.25/7.58	7.33913	939	3795
7.35/7.64	7.40254	938	3829
7.45/7.73	7.49033	937	3900
7.45/7.82	7.57728	936	3970
7.45/8.11	7.87191	935	4400
7.45/8.16	7.92532	934	4417
8.17/8.43	8.18914	933	4772
8.55/8.83	8.58776	932	5351
9.08/9.38	9.14071	931	6168
13.34/13.71	13.4751	930	13876
13.34/13.84	13.6023	929	14002
13.97/14.27	14.035	928	14601
14.14/14.40	14.1601	927	14713
14.84/15.22	14.9798	926	16106
17.03/17.29	17.0521	925	19752
17.45/17.76	17.5251	924	20539
17.85/18.45	18.2091	923	21569
17.85/18.54	18.3034	922	21656
17.85/18.64	18.4002	921	21742
19.25/20.04	19.8048	920	24116
20.05/20.37	20.1337	919	24652
20.85/21.48	21.2438	918	26508
21.45/21.73	21.4946	917	26828
22.15/22.43	22.1859	916	27837
25.78/26.07	25.835	915	33698
31.15/31.52	31.2791	914	42362
31.15/31.62	31.384	913	42469
34.15/34.44	34.1973	912	47135
35.55/35.91	35.6664	911	49336
37.85/38.10	37.8555	910	52794
