1.08/1.19	1.19503	1037	0
1.18/1.24	1.24161	1036	1
1.18/1.29	1.28865	1035	2
1.28/1.34	1.33804	1034	6
1.28/1.38	1.38559	1033	8
1.38/1.43	1.43193	1032	9
1.38/1.48	1.47811	1031	10
1.50/1.52	1.52483	1030	12
1.50/1.57	1.57149	1029	14
1.50/1.62	1.61776	1028	15
1.50/1.66	1.66384	1027	16
1.69/1.71	1.70986	1026	17
1.69/1.75	1.75745	1025	19
1.79/1.80	1.80315	1024	20
1.79/1.85	1.84913	1023	21
1.79/1.89	1.89549	1022	23
1.89/1.94	1.94093	1021	24
1.89/1.98	1.98691	1020	26
1.98/2.03	2.03614	1019	32
1.98/2.08	2.08147	1018	33
2.08/2.12	2.12692	1017	34
2.08/2.17	2.17349	1016	37
2.18/2.22	2.2188	1015	38
2.18/2.26	2.26618	1014	41
2.28/2.31	2.3113	1013	42
2.28/2.35	2.35744	1012	44
2.38/2.40	2.40245	1011	45
2.38/2.44	2.44749	1009	46
2.38/2.49	2.49246	1008	47
2.48/2.53	2.5373	1007	48
2.48/2.58	2.58382	1006	51
2.48/2.63	2.6285	1005	52
2.48/2.67	2.67313	1004	53
2.48/2.72	2.71764	1003	54
2.48/2.76	2.76493	1002	58
2.48/2.81	2.81027	1001	60
2.48/2.85	2.85556	1000	62
2.48/2.90	2.90098	999	64
2.48/2.94	2.94538	998	65
2.96/2.99	2.98986	997	66
2.96/3.03	3.03594	996	69
3.06/3.08	3.07995	995	70
3.08/3.12	3.12398	994	71
3.08/3.17	3.17072	993	77
3.18/3.21	3.21564	992	79
3.18/3.26	3.26091	991	81
3.28/3.31	3.30812	990	86
3.28/3.35	3.35191	989	87
3.28/3.39	3.39586	988	88
3.39/3.44	3.4397	987	89
3.39/3.49	3.48882	986	96
3.48/3.53	3.53247	985	97
3.48/3.57	3.57614	984	98
3.58/3.62	3.62221	983	103
3.58/3.66	3.66581	982	104
3.68/3.71	3.71316	981	110
3.68/3.76	3.75787	980	111
3.79/3.80	3.80242	979	113
3.79/3.85	3.85017	978	120
3.88/3.90	3.89966	977	130
3.88/3.94	3.94683	976	136
3.88/3.99	3.99123	975	138
3.88/4.03	4.03537	974	140
3.88/4.08	4.07923	973	142
3.88/4.12	4.12354	972	144
3.88/4.17	4.17057	971	152
3.88/4.21	4.21488	970	155
4.24/4.26	4.25893	969	156
4.24/4.30	4.30357	968	160
4.34/4.34	4.34695	967	161
4.34/4.39	4.39232	966	165
4.39/4.43	4.43576	965	167
4.39/4.48	4.48198	964	172
4.48/4.52	4.52566	963	174
4.48/4.57	4.56886	962	176
4.58/4.61	4.61345	961	180
4.58/4.66	4.65995	960	188
4.68/4.72	4.71847	959	218
4.68/4.77	4.76783	958	231
4.78/4.81	4.81231	957	235
4.78/4.85	4.85645	956	239
4.88/4.90	4.90179	955	244
4.88/4.94	4.9463	954	247
4.88/4.99	4.99183	953	251
4.98/5.05	5.05159	952	273
4.98/5.09	5.09607	951	278
5.08/5.14	5.14088	950	283
5.08/5.18	5.18506	949	286
5.18/5.23	5.22874	948	289
5.18/5.27	5.27299	947	292
5.18/5.31	5.31538	946	294
5.18/5.36	5.35825	945	296
5.18/5.42	5.4197	944	323
5.18/5.46	5.46699	943	332
5.18/5.51	5.51322	942	341
5.18/5.57	5.57434	941	373
5.50/5.62	5.61908	940	379
5.50/5.66	5.66581	939	388
5.68/5.72	5.72511	938	414
5.68/5.77	5.76858	937	417
5.78/5.82	5.82208	936	437
5.78/5.87	5.8716	935	452
5.88/5.91	5.91667	934	459
5.88/5.96	5.96275	933	465
5.98/6.02	6.02703	932	507
5.98/6.07	6.07486	931	518
6.08/6.12	6.12512	930	533
6.08/6.18	6.18288	929	558
6.18/6.24	6.246	928	593
6.38/6.46	6.46009	927	902
6.50/6.51	6.5091	926	915
6.50/6.55	6.55323	925	919
6.50/6.66	6.66436	924	1038
6.50/6.71	6.71094	923	1047
6.99/7.06	7.06208	922	1665
7.39/7.49	7.48807	921	2458
7.59/7.66	7.66085	920	2734
8.49/8.51	8.51024	919	4480
8.59/8.68	8.67945	918	4717
8.69/8.75	8.75642	917	4786
10.50/10.57	10.5699	916	8470
12.59/12.60	12.6006	915	12693
13.19/13.21	13.2103	914	13791
13.29/13.39	13.3943	913	14050
19.19/19.30	19.2972	912	25839
25.48/25.55	25.5556	911	38418
36.29/36.31	36.3114	910	60389
