1.09/1.13	1.13601	1031	0
1.09/1.18	1.18255	1030	1
1.19/1.23	1.22986	1029	4
1.19/1.27	1.27645	1028	6
1.29/1.32	1.32235	1027	7
1.29/1.37	1.37014	1025	11
1.29/1.41	1.41601	1024	12
1.29/1.46	1.46242	1023	14
1.29/1.50	1.50813	1022	15
1.29/1.55	1.55568	1021	18
1.29/1.60	1.60386	1020	21
1.63/1.65	1.65002	1019	23
1.63/1.69	1.6968	1018	26
1.63/1.74	1.7422	1017	27
1.76/1.78	1.78821	1016	28
1.79/1.83	1.83328	1015	29
1.79/1.87	1.87834	1014	30
1.89/1.92	1.92487	1013	32
1.89/1.97	1.97012	1012	33
1.99/2.01	2.01692	1011	35
1.99/2.06	2.06265	1010	37
2.09/2.11	2.10894	1009	39
2.09/2.15	2.15375	1008	40
2.09/2.19	2.19849	1007	41
2.19/2.24	2.24339	1006	42
2.19/2.29	2.28926	1005	44
2.29/2.33	2.33633	1004	48
2.29/2.38	2.38104	1003	49
2.39/2.42	2.42661	1002	52
2.39/2.47	2.47125	1001	53
2.49/2.52	2.51861	1000	57
2.49/2.56	2.56324	998	58
2.59/2.60	2.60825	997	59
2.59/2.65	2.65272	996	60
2.59/2.69	2.69721	995	61
2.59/2.74	2.74215	994	63
2.59/2.78	2.78762	993	66
2.59/2.83	2.83226	992	68
2.59/2.87	2.87635	991	69
2.59/2.92	2.92273	990	72
2.59/2.96	2.96749	989	74
2.59/3.01	3.01154	988	75
2.59/3.05	3.05593	987	76
2.59/3.10	3.09989	986	77
2.59/3.14	3.14497	985	79
3.15/3.19	3.19194	984	86
3.15/3.23	3.23552	983	87
3.25/3.28	3.28148	982	91
3.29/3.32	3.32496	981	92
3.29/3.37	3.36847	980	93
3.39/3.41	3.41184	979	94
3.39/3.45	3.45512	978	95
3.49/3.50	3.50696	977	111
3.49/3.55	3.55311	976	115
3.49/3.59	3.59827	975	118
3.59/3.65	3.65475	974	141
3.59/3.69	3.69807	973	142
3.69/3.74	3.74103	972	143
3.69/3.78	3.78483	971	145
3.79/3.83	3.83289	970	153
3.79/3.87	3.87798	969	157
3.89/3.94	3.93884	968	189
3.89/3.98	3.98202	967	191
3.99/4.03	4.0317	966	203
3.99/4.07	4.07587	965	206
4.09/4.12	4.12017	964	209
4.09/4.16	4.16387	963	212
4.09/4.21	4.20869	962	218
4.09/4.25	4.25127	961	219
4.09/4.30	4.30659	960	241
4.09/4.35	4.35213	959	247
4.09/4.42	4.42056	958	292
4.09/4.46	4.46563	957	295
4.47/4.51	4.51042	956	299
4.47/4.55	4.55441	955	302
4.60/4.63	4.63215	954	364
4.69/4.73	4.73215	953	468
4.69/4.78	4.77891	952	476
4.79/4.86	4.86746	951	555
4.89/4.91	4.91061	950	558
4.99/5.02	5.02124	949	677
4.99/5.06	5.06429	948	680
5.19/5.23	5.23085	947	911
5.29/5.36	5.36795	946	1079
5.39/5.41	5.41392	945	1085
5.49/5.55	5.54953	944	1255
5.49/5.60	5.60619	943	1280
5.49/5.69	5.69166	942	1367
5.49/5.76	5.76586	940	1431
5.49/5.92	5.92572	939	1639
5.95/5.97	5.96947	938	1645
5.95/6.01	6.01371	937	1649
6.19/6.23	6.23599	936	1966
6.29/6.31	6.31421	935	2033
6.29/6.36	6.35842	934	2038
6.39/6.40	6.40192	933	2043
6.39/6.44	6.44411	932	2045
6.49/6.50	6.50455	931	2078
6.49/6.58	6.57891	930	2136
8.09/8.12	8.12423	929	5048
8.39/8.77	8.77343	928	6241
11.52/11.85	11.8554	927	12660
12.38/12.45	12.4543	926	13652
14.48/14.53	14.536	925	17615
16.59/16.63	16.6295	924	21591
18.69/19.35	19.3512	923	27052
19.49/19.57	19.568	922	27362
21.09/21.13	21.136	921	30369
22.49/22.57	22.5772	920	32875
22.69/22.72	22.7193	919	33062
22.79/22.87	22.8732	918	33261
27.29/27.31	27.311	917	41790
29.09/29.11	29.1083	915	44893
29.09/29.16	29.1586	914	44911
30.60/30.61	30.609	913	47831
36.49/36.54	36.5395	912	58980
36.49/36.93	36.9296	911	59593
51.79/51.85	51.8563	910	87241
