1.08/1.15	1.14868	1040	0
1.18/1.20	1.19552	1039	1
1.18/1.24	1.24431	1038	5
1.18/1.29	1.29285	1037	6
1.28/1.34	1.34072	1036	7
1.28/1.39	1.38982	1035	9
1.28/1.44	1.4363	1034	10
1.28/1.48	1.48401	1033	11
1.28/1.53	1.53187	1032	13
1.28/1.58	1.57814	1031	14
1.28/1.63	1.62518	1030	16
1.28/1.67	1.67391	1029	21
1.28/1.72	1.72012	1028	22
1.28/1.77	1.77038	1027	27
1.68/1.82	1.81767	1026	28
1.68/1.87	1.86594	1025	32
1.88/1.91	1.91314	1024	33
1.88/1.96	1.96042	1023	34
1.98/2.01	2.008	1022	35
1.98/2.06	2.05572	1021	37
2.08/2.10	2.10219	1020	39
2.08/2.15	2.15281	1019	46
2.18/2.20	2.19968	1018	47
2.18/2.25	2.24783	1017	50
2.28/2.30	2.29528	1016	51
2.28/2.34	2.34133	1015	52
2.28/2.39	2.3881	1014	53
2.38/2.43	2.43357	1013	54
2.38/2.48	2.48003	1012	56
2.48/2.53	2.52986	1011	62
2.48/2.58	2.5762	1010	64
2.58/2.62	2.6239	1009	67
2.58/2.67	2.67341	1008	73
2.68/2.72	2.71941	1007	76
2.68/2.77	2.76508	1006	77
2.68/2.81	2.81129	1005	78
2.68/2.86	2.85884	1004	80
2.68/2.91	2.90478	1003	83
2.68/2.95	2.95084	1002	84
2.68/3.00	2.99606	1001	86
2.68/3.04	3.04385	1000	90
3.06/3.09	3.08997	999	91
3.06/3.14	3.14046	998	101
3.15/3.19	3.1892	997	107
3.18/3.24	3.23486	996	110
3.18/3.28	3.27971	995	111
3.28/3.33	3.32561	994	113
3.28/3.37	3.3707	993	116
3.38/3.42	3.41741	992	118
3.38/3.46	3.46311	991	121
3.48/3.51	3.50787	990	123
3.48/3.56	3.55471	989	125
3.58/3.60	3.59996	988	126
3.58/3.64	3.64398	987	127
3.58/3.69	3.68901	986	129
3.68/3.73	3.73301	985	130
3.68/3.78	3.77898	984	132
3.78/3.82	3.82416	983	135
3.78/3.87	3.8677	982	136
3.88/3.91	3.91186	981	138
3.88/3.96	3.95905	980	144
3.98/4.00	4.00279	979	145
3.98/4.06	4.05632	978	162
3.98/4.10	4.09977	977	163
3.98/4.14	4.144	976	166
3.98/4.19	4.19065	975	171
3.98/4.24	4.2366	974	173
3.98/4.29	4.28557	973	183
3.98/4.33	4.33254	972	187
3.98/4.38	4.3805	971	195
3.98/4.43	4.42855	970	202
3.98/4.48	4.48091	969	215
4.49/4.52	4.52416	968	216
4.49/4.57	4.57005	967	221
4.58/4.61	4.61378	966	222
4.58/4.66	4.66093	965	230
4.68/4.72	4.71688	964	252
4.68/4.76	4.76425	963	260
4.78/4.81	4.8125	962	267
4.78/4.86	4.86196	961	277
4.88/4.91	4.90886	960	283
4.88/4.96	4.9548	959	290
4.98/5.00	4.99918	958	293
4.98/5.05	5.04539	957	299
4.98/5.09	5.08937	956	303
5.08/5.14	5.13498	955	310
5.08/5.19	5.18692	954	323
5.18/5.25	5.24529	953	345
5.18/5.29	5.29142	952	352
5.28/5.36	5.35904	951	395
5.38/5.41	5.40937	950	408
5.38/5.45	5.45278	949	409
5.38/5.50	5.5036	948	425
5.38/5.55	5.54879	947	429
5.38/5.60	5.59586	946	437
5.38/5.64	5.64119	945	443
5.38/5.69	5.68677	944	451
5.38/5.73	5.73269	943	458
5.38/5.78	5.78062	942	465
5.38/5.83	5.82812	941	471
5.38/5.87	5.87157	940	474
5.38/5.92	5.91502	939	477
5.38/5.98	5.98018	938	518
5.64/6.04	6.03852	937	540
6.10/6.11	6.10652	936	581
6.10/6.16	6.16115	935	599
6.19/6.21	6.20714	934	609
6.19/6.25	6.24944	933	611
6.29/6.36	6.36237	932	727
6.39/6.43	6.43104	931	769
6.49/6.50	6.50172	930	816
6.59/6.61	6.6049	929	913
6.59/6.66	6.6607	928	937
6.69/6.72	6.72057	927	971
6.69/6.77	6.76462	926	977
6.89/6.92	6.91858	925	1163
7.01/7.05	7.04485	924	1318
7.01/7.41	7.41097	923	1883
7.59/7.60	7.59546	922	2132
7.59/7.64	7.63716	921	2134
8.39/8.51	8.51419	920	3671
8.39/8.84	8.84066	919	4187
10.19/10.32	10.3209	918	6835
10.59/10.68	10.6813	917	7435
11.19/11.34	11.3408	916	8571
11.19/11.77	11.7647	915	9261
12.39/12.44	12.4425	914	10468
12.59/12.67	12.6683	913	10812
18.69/19.11	19.1135	912	22911
21.49/22.13	22.1301	911	28291
55.49/55.91	55.9078	910	93047
