1.08/1.17	1.17511	1020	0
1.08/1.22	1.22076	1019	1
1.08/1.27	1.26938	1018	7
1.08/1.31	1.31577	1017	9
1.08/1.36	1.361	1016	10
1.39/1.40	1.40624	1015	11
1.39/1.45	1.45137	1014	12
1.39/1.50	1.49762	1013	14
1.49/1.54	1.5427	1012	15
1.49/1.59	1.59162	1011	22
1.62/1.64	1.63805	1010	24
1.62/1.68	1.68292	1009	25
1.68/1.73	1.72771	1008	26
1.68/1.77	1.7725	1007	27
1.78/1.82	1.8174	1006	28
1.78/1.86	1.86203	1005	29
1.88/1.90	1.90653	1004	30
1.88/1.95	1.95108	1003	31
1.88/1.99	1.99611	1002	33
1.98/2.04	2.04273	1001	36
1.98/2.09	2.08921	1000	40
2.08/2.14	2.14044	999	50
2.08/2.18	2.1848	998	51
2.18/2.23	2.22975	997	53
2.18/2.27	2.27447	996	55
2.28/2.32	2.31984	995	57
2.28/2.37	2.37105	994	67
2.39/2.41	2.41558	993	69
2.39/2.46	2.46572	992	80
2.39/2.51	2.51068	991	83
2.39/2.55	2.5557	990	85
2.39/2.60	2.60437	989	94
2.61/2.65	2.64922	988	96
2.61/2.69	2.69425	987	99
2.71/2.74	2.74536	986	109
2.71/2.79	2.79246	985	115
2.78/2.84	2.83684	984	117
2.78/2.88	2.88041	983	118
2.88/2.93	2.92667	982	124
2.88/2.97	2.97009	981	125
2.98/3.02	3.01763	980	132
2.98/3.06	3.06431	979	138
3.08/3.11	3.11018	978	141
3.08/3.15	3.15361	977	142
3.18/3.20	3.19928	976	147
3.18/3.24	3.24508	975	153
3.18/3.29	3.29238	974	162
3.28/3.34	3.33612	973	164
3.28/3.38	3.38214	972	171
3.38/3.44	3.44158	971	198
3.38/3.49	3.48685	970	203
3.48/3.53	3.52975	969	204
3.48/3.57	3.57436	968	208
3.58/3.62	3.61761	967	209
3.58/3.66	3.66053	966	210
3.58/3.70	3.70487	965	214
3.58/3.75	3.74844	964	217
3.58/3.79	3.79145	963	219
3.58/3.84	3.83588	962	222
3.86/3.88	3.88105	961	228
3.86/3.93	3.93186	960	242
3.96/3.98	3.97815	959	247
3.98/4.03	4.02618	958	255
3.98/4.07	4.07423	957	265
4.08/4.12	4.1178	956	267
4.08/4.16	4.16139	955	270
4.18/4.21	4.20597	954	274
4.18/4.25	4.25192	953	282
4.28/4.30	4.29844	952	288
4.28/4.34	4.34373	951	293
4.28/4.39	4.387	950	296
4.38/4.43	4.42936	949	298
4.38/4.47	4.47332	948	301
4.48/4.52	4.51809	947	305
4.48/4.56	4.56112	946	307
4.58/4.60	4.6034	945	309
4.58/4.65	4.64719	944	312
4.68/4.70	4.70457	943	338
4.68/4.75	4.75456	942	353
4.78/4.81	4.81289	941	381
4.78/4.85	4.85441	940	382
4.78/4.90	4.90113	939	390
4.78/4.96	4.95707	938	410
4.78/5.00	4.99964	937	413
4.78/5.05	5.04629	936	423
4.78/5.09	5.09198	935	431
4.78/5.14	5.13576	934	436
4.78/5.18	5.18088	933	444
4.90/5.24	5.24541	932	482
4.90/5.30	5.30366	931	511
5.29/5.37	5.36741	930	551
5.38/5.41	5.4091	929	553
5.38/5.47	5.46851	928	583
5.88/5.98	5.98278	927	1500
6.08/6.14	6.13576	926	1706
6.18/6.22	6.21733	925	1774
6.18/6.31	6.31359	924	1866
6.18/6.36	6.3601	923	1877
6.56/6.64	6.63881	922	2283
7.48/7.94	7.93804	921	4559
8.18/8.21	8.21229	920	4965
8.28/8.33	8.33247	919	5108
10.18/10.28	10.2776	918	9016
10.28/10.73	10.7338	917	9778
11.28/11.35	11.3546	916	11221
13.08/13.27	13.2671	915	14730
14.39/14.44	14.4431	914	16999
15.49/15.52	15.5167	913	18883
16.69/16.78	16.7769	912	21056
17.50/17.96	17.955	911	23001
18.89/19.14	19.143	910	25010
