1.09/1.18	1.18027	1023	0
1.19/1.22	1.22566	1022	1
1.19/1.27	1.27091	1021	2
1.29/1.31	1.31603	1020	3
1.29/1.36	1.36216	1019	5
1.29/1.41	1.40952	1018	8
1.40/1.45	1.45452	1017	9
1.40/1.50	1.50002	1016	11
1.40/1.54	1.54514	1015	12
1.40/1.59	1.59	1014	13
1.40/1.63	1.63468	1013	14
1.40/1.68	1.67958	1012	15
1.40/1.72	1.72438	1011	16
1.40/1.77	1.76894	1010	17
1.40/1.81	1.81347	1009	18
1.40/1.86	1.85812	1008	19
1.40/1.90	1.90496	1007	22
1.83/1.95	1.94921	1006	23
1.83/1.99	1.99358	1005	24
1.99/2.04	2.03993	1004	27
1.99/2.08	2.0844	1003	28
2.09/2.13	2.12872	1002	29
2.09/2.17	2.17344	1001	31
2.19/2.22	2.21754	1000	32
2.19/2.26	2.2615	999	33
2.29/2.30	2.30698	998	35
2.29/2.35	2.35086	997	36
2.29/2.39	2.39526	996	37
2.39/2.44	2.439	995	38
2.39/2.48	2.48274	994	39
2.49/2.52	2.52652	993	40
2.49/2.57	2.57012	992	41
2.59/2.61	2.61514	991	44
2.59/2.66	2.65924	990	46
2.69/2.70	2.70451	989	50
2.69/2.75	2.74934	988	52
2.69/2.79	2.7928	987	53
2.79/2.83	2.83709	986	55
2.79/2.88	2.88023	985	56
2.79/2.92	2.92537	984	58
2.79/2.97	2.96857	983	59
2.79/3.01	3.01278	982	61
2.79/3.05	3.05581	981	62
2.79/3.10	3.10221	980	68
2.79/3.14	3.14525	979	69
2.79/3.19	3.18975	978	73
2.79/3.23	3.23261	977	74
2.79/3.27	3.27557	976	75
3.27/3.32	3.32197	975	82
3.27/3.36	3.36448	974	83
3.39/3.41	3.4092	973	86
3.39/3.45	3.45639	972	95
3.49/3.50	3.50228	971	101
3.49/3.55	3.54856	970	106
3.49/3.59	3.59116	969	107
3.59/3.64	3.64145	968	118
3.59/3.68	3.68394	967	119
3.69/3.73	3.73328	966	129
3.69/3.78	3.7808	965	139
3.79/3.83	3.8283	964	148
3.79/3.87	3.87542	963	157
3.89/3.92	3.91935	962	159
3.89/3.96	3.96237	961	162
3.99/4.01	4.00867	960	171
3.99/4.06	4.05839	959	182
4.09/4.10	4.10489	958	190
4.09/4.15	4.14947	957	196
4.09/4.19	4.19371	956	200
4.19/4.23	4.23688	955	204
4.19/4.29	4.28032	954	207
4.19/4.32	4.32442	953	211
4.19/4.37	4.36833	952	214
4.19/4.42	4.42398	951	234
4.19/4.47	4.46901	950	240
4.19/4.51	4.51367	949	245
4.19/4.57	4.57052	948	272
4.19/4.61	4.61363	947	275
4.19/4.66	4.66461	946	288
4.71/4.72	4.72035	945	307
4.71/4.77	4.7724	944	320
4.71/4.82	4.8228	943	332
4.83/4.86	4.86693	942	335
4.89/4.91	4.91081	941	339
4.89/4.95	4.95379	940	343
4.99/5.00	5.00206	939	355
4.99/5.05	5.05569	938	374
5.09/5.10	5.10537	937	386
5.09/5.16	5.16474	936	410
5.19/5.21	5.2114	935	418
5.19/5.26	5.25765	934	428
5.29/5.30	5.29909	933	430
5.29/5.34	5.34328	932	437
5.29/5.39	5.39058	931	446
5.39/5.45	5.44965	930	471
5.49/5.52	5.52308	929	509
5.59/5.62	5.62119	928	591
5.59/5.66	5.66394	927	594
5.69/5.71	5.70789	926	601
5.69/5.77	5.77579	925	646
5.69/5.93	5.93038	924	851
5.69/5.98	5.97856	923	859
5.69/6.05	6.04756	922	907
6.15/6.21	6.21195	921	1112
6.29/6.30	6.30586	920	1193
6.39/6.44	6.44535	919	1358
6.49/6.50	6.50284	918	1381
6.69/6.79	6.79708	917	1824
9.06/9.09	9.08875	916	6376
9.21/9.24	9.23746	915	6563
10.09/10.62	10.6232	914	9367
11.49/11.51	11.5136	913	10908
12.99/13.15	13.1554	912	13805
22.59/22.66	22.6652	911	31242
25.39/25.49	25.4956	910	36597
