1.09/1.13	1.13794	1026	0
1.09/1.18	1.18445	1025	2
1.09/1.23	1.23202	1024	5
1.22/1.28	1.27934	1023	8
1.22/1.32	1.32492	1022	9
1.33/1.37	1.37028	1021	10
1.39/1.41	1.41603	1020	11
1.39/1.46	1.46215	1019	13
1.49/1.51	1.50898	1018	16
1.49/1.55	1.55481	1017	18
1.59/1.60	1.60119	1016	21
1.59/1.64	1.64709	1015	23
1.59/1.69	1.69222	1014	24
1.69/1.74	1.73846	1013	26
1.69/1.78	1.78541	1012	28
1.79/1.83	1.83032	1011	29
1.79/1.87	1.87657	1010	31
1.89/1.92	1.92281	1009	34
1.89/1.96	1.96771	1008	35
1.99/2.01	2.01323	1007	37
1.99/2.06	2.05876	1006	39
2.09/2.10	2.10473	1005	41
2.09/2.15	2.15083	1004	44
2.09/2.19	2.19712	1003	47
2.19/2.24	2.24153	1002	48
2.19/2.28	2.28665	1001	49
2.19/2.33	2.33143	1000	50
2.19/2.37	2.3774	999	53
2.19/2.42	2.42306	998	55
2.44/2.46	2.46744	997	56
2.44/2.51	2.51219	996	58
2.54/2.55	2.55724	995	60
2.59/2.60	2.60244	994	62
2.59/2.64	2.64649	993	63
2.59/2.69	2.69546	992	72
2.69/2.74	2.74317	991	79
2.69/2.78	2.78816	990	80
2.79/2.83	2.83189	989	81
2.79/2.87	2.87644	988	83
2.89/2.92	2.92009	987	84
2.89/2.96	2.96518	986	87
2.99/3.01	3.01209	985	93
2.99/3.05	3.05561	984	94
3.09/3.10	3.09934	983	95
3.09/3.14	3.14277	982	96
3.09/3.19	3.18929	981	101
3.19/3.23	3.23315	980	103
3.19/3.27	3.27695	979	104
3.29/3.32	3.32014	978	105
3.29/3.36	3.36333	977	106
3.39/3.40	3.40637	976	107
3.39/3.45	3.45115	975	109
3.39/3.49	3.49423	974	110
3.39/3.54	3.54173	973	118
3.39/3.58	3.58481	972	119
3.39/3.63	3.63297	971	128
3.64/3.67	3.67694	970	130
3.64/3.72	3.72154	969	133
3.74/3.76	3.76597	968	136
3.79/3.81	3.80863	967	137
3.79/3.85	3.85252	966	139
3.89/3.90	3.90319	965	151
3.89/3.94	3.94764	964	154
3.89/3.99	3.99033	963	155
3.99/4.03	4.034	962	157
3.99/4.07	4.07623	961	158
4.09/4.12	4.11882	960	159
4.09/4.16	4.16222	959	161
4.19/4.20	4.20554	958	163
4.19/4.25	4.25576	957	175
4.29/4.30	4.30238	956	181
4.29/4.34	4.34691	955	185
4.29/4.39	4.39206	954	190
4.39/4.43	4.4362	953	193
4.39/4.48	4.48172	952	200
4.49/4.52	4.52792	951	207
4.49/4.57	4.57202	950	210
4.59/4.61	4.61588	949	215
4.59/4.66	4.66131	948	222
4.59/4.70	4.70513	947	227
4.59/4.74	4.74742	946	228
4.59/4.79	4.79023	945	230
4.59/4.85	4.85121	944	259
4.85/4.90	4.89878	943	269
4.91/4.96	4.96022	942	302
4.99/5.02	5.01848	941	329
4.99/5.07	5.07349	940	353
5.09/5.12	5.12361	939	368
5.09/5.17	5.17196	938	377
5.19/5.23	5.23365	937	410
5.29/5.30	5.29935	936	453
5.29/5.36	5.36485	935	493
5.39/5.44	5.44392	934	562
5.39/5.49	5.49729	933	584
5.49/5.58	5.58135	932	660
5.59/5.62	5.62447	931	664
5.59/5.67	5.67367	930	674
5.68/5.72	5.72331	929	689
5.68/5.77	5.77763	928	710
5.78/5.83	5.83461	927	740
5.78/5.91	5.91115	926	799
5.78/5.96	5.96227	925	810
5.78/6.12	6.12032	924	1006
6.28/6.30	6.30769	923	1263
6.28/6.36	6.36205	922	1289
6.68/6.74	6.74607	921	1902
7.61/7.62	7.62533	920	3509
7.69/7.73	7.73159	919	3612
8.49/8.66	8.66317	918	5309
9.79/10.08	10.0846	917	7829
17.54/17.61	17.6139	916	23258
20.54/20.59	20.5945	915	28999
22.29/22.35	22.3483	914	32427
23.99/24.09	24.0884	913	36169
28.09/28.14	28.1398	912	43933
30.19/30.62	30.6205	911	48392
47.99/48.19	48.1966	910	81064
