1.19/1.22	1.22131	1022	0
1.19/1.26	1.26625	1021	1
1.19/1.31	1.31094	1020	2
1.19/1.35	1.35619	1019	3
1.19/1.40	1.40091	1018	4
1.19/1.44	1.44585	1017	5
1.19/1.49	1.49034	1016	6
1.19/1.53	1.53548	1015	7
1.57/1.58	1.58197	1014	11
1.57/1.62	1.62634	1013	12
1.57/1.67	1.67087	1012	13
1.69/1.71	1.71618	1011	16
1.69/1.76	1.76153	1010	18
1.79/1.81	1.80801	1009	22
1.79/1.85	1.85234	1008	23
1.89/1.90	1.89814	1007	27
1.89/1.94	1.94503	1006	32
1.89/1.99	1.99142	1005	36
2.02/2.03	2.03663	1004	37
2.02/2.08	2.08181	1003	40
2.09/2.12	2.12578	1002	41
2.09/2.17	2.16953	1001	42
2.19/2.21	2.21345	1000	43
2.19/2.26	2.25834	999	45
2.29/2.30	2.30184	998	46
2.29/2.34	2.34594	997	48
2.29/2.39	2.39044	996	50
2.39/2.43	2.43513	995	52
2.39/2.48	2.47866	994	53
2.49/2.52	2.52312	993	55
2.49/2.57	2.57063	992	64
2.49/2.61	2.61384	991	65
2.49/2.66	2.65741	990	66
2.49/2.70	2.70072	989	67
2.49/2.75	2.7477	988	75
2.49/2.79	2.79321	987	80
2.49/2.84	2.83792	986	84
2.49/2.88	2.88654	985	93
2.90/2.93	2.92935	984	94
2.90/2.97	2.97211	983	95
3.00/3.01	3.01707	982	98
3.00/3.06	3.0617	981	101
3.09/3.10	3.10426	980	102
3.09/3.14	3.14714	979	103
3.09/3.19	3.19033	978	105
3.19/3.23	3.23276	977	106
3.19/3.27	3.27522	976	107
3.29/3.32	3.31763	975	108
3.29/3.36	3.36225	974	112
3.39/3.41	3.40905	973	118
3.39/3.46	3.45754	972	125
3.49/3.51	3.50744	971	138
3.49/3.55	3.55195	970	142
3.49/3.59	3.59436	969	143
3.59/3.64	3.63692	968	145
3.59/3.68	3.68139	967	149
3.69/3.72	3.72475	966	151
3.69/3.77	3.76837	965	154
3.79/3.81	3.81023	964	155
3.79/3.85	3.85394	963	159
3.79/3.89	3.89587	962	160
3.92/3.94	3.94331	961	170
3.92/3.99	3.99349	960	184
3.92/4.03	4.03564	959	185
3.92/4.08	4.07829	958	188
3.92/4.12	4.12012	957	189
3.92/4.16	4.16166	956	190
3.92/4.20	4.20459	955	192
3.92/4.25	4.24768	954	195
3.92/4.29	4.29054	953	198
4.30/4.33	4.33273	952	200
4.30/4.38	4.37774	951	207
4.40/4.42	4.42251	950	214
4.40/4.47	4.46874	949	222
4.49/4.52	4.52237	948	238
4.49/4.57	4.56937	947	247
4.59/4.61	4.61225	946	249
4.59/4.65	4.65445	945	251
4.69/4.70	4.69771	944	254
4.69/4.75	4.75092	943	273
4.79/4.80	4.79937	942	284
4.79/4.85	4.85253	941	304
4.89/4.91	4.91253	940	332
4.89/4.96	4.96164	939	344
4.99/5.01	5.01345	938	361
4.99/5.05	5.05458	937	363
5.19/5.22	5.2198	936	581
5.19/5.27	5.27382	935	601
5.31/5.34	5.34599	934	655
5.31/5.51	5.51173	933	874
5.66/5.77	5.76929	932	1251
5.79/5.89	5.89597	931	1407
5.89/5.95	5.95351	930	1429
6.59/6.60	6.59718	929	2506
6.59/6.72	6.72286	928	2657
6.59/6.78	6.78079	927	2677
6.59/6.88	6.88634	926	2798
7.19/7.23	7.23377	925	3365
7.29/7.36	7.36361	924	3529
7.59/7.62	7.61812	923	3914
7.99/8.37	8.37532	922	5198
8.54/8.58	8.58565	921	5520
8.59/8.64	8.63851	920	5536
8.99/9.03	9.03637	919	6200
8.99/9.09	9.09441	918	6224
9.39/9.52	9.5213	917	6936
10.59/10.62	10.6207	916	8928
10.69/10.76	10.7623	915	9110
10.79/10.80	10.8034	914	9113
12.09/12.17	12.1713	913	11586
12.19/12.24	12.2458	912	11649
13.49/13.57	13.5748	911	14067
15.65/15.73	15.7266	910	18017
