1.13/1.16	1.16173	1023	0
1.13/1.20	1.2071	1022	1
1.23/1.25	1.25774	1021	9
1.30/1.30	1.30279	1020	10
1.30/1.35	1.34926	1019	12
1.30/1.39	1.3949	1018	13
1.40/1.44	1.43992	1017	14
1.40/1.48	1.48718	1016	18
1.49/1.53	1.53447	1015	22
1.49/1.58	1.58024	1014	24
1.59/1.63	1.62804	1013	30
1.59/1.67	1.67458	1012	34
1.69/1.72	1.72035	1011	36
1.69/1.76	1.76501	1010	37
1.79/1.81	1.81025	1009	39
1.79/1.85	1.85531	1008	40
1.89/1.90	1.90014	1007	41
1.89/1.94	1.94451	1006	42
1.89/1.99	1.99173	1005	48
1.99/2.04	2.03824	1004	51
1.99/2.08	2.08444	1003	55
2.10/2.13	2.12868	1002	56
2.10/2.17	2.17289	1001	57
2.10/2.21	2.21701	1000	58
2.10/2.26	2.26216	999	60
2.10/2.30	2.3062	998	61
2.10/2.35	2.35028	997	62
2.36/2.39	2.3942	996	63
2.36/2.44	2.43938	995	65
2.46/2.48	2.48452	994	68
2.49/2.53	2.53119	993	74
2.49/2.57	2.57506	992	75
2.59/2.62	2.6218	991	81
2.59/2.66	2.66588	990	83
2.69/2.71	2.70943	989	84
2.69/2.75	2.75514	988	88
2.80/2.80	2.79907	987	90
2.80/2.84	2.84245	986	91
2.80/2.88	2.88576	985	92
2.90/2.93	2.93018	984	95
2.90/2.97	2.97442	983	97
2.99/3.01	3.0174	982	98
2.99/3.06	3.06146	981	101
3.09/3.11	3.10922	980	109
3.09/3.15	3.15335	979	112
3.09/3.19	3.19646	978	113
3.20/3.24	3.24094	977	115
3.20/3.28	3.28603	976	120
3.29/3.33	3.33041	975	123
3.29/3.37	3.37367	974	125
3.29/3.42	3.41987	973	132
3.29/3.46	3.46244	972	133
3.29/3.50	3.50607	971	135
3.29/3.55	3.54915	970	137
3.29/3.59	3.59541	969	143
3.29/3.64	3.63799	968	144
3.29/3.68	3.68651	967	152
3.70/3.73	3.73339	966	157
3.70/3.78	3.78036	965	164
3.80/3.82	3.82624	964	171
3.80/3.87	3.86968	963	174
3.90/3.91	3.91413	962	179
3.90/3.95	3.95789	961	182
3.99/4.00	4.00402	960	189
3.99/4.05	4.05167	959	198
3.99/4.09	4.09435	958	200
4.09/4.14	4.14172	957	211
4.09/4.18	4.18622	956	216
4.19/4.23	4.23098	955	219
4.19/4.28	4.28337	954	237
4.29/4.33	4.32911	953	243
4.29/4.37	4.37332	952	247
4.39/4.44	4.43795	951	283
4.49/4.50	4.50387	950	329
4.59/4.60	4.59964	949	432
4.59/4.68	4.68552	948	508
4.69/4.73	4.73161	947	515
4.69/4.77	4.77424	946	517
4.69/4.95	4.95573	945	749
4.69/5.00	5.00551	944	764
4.69/5.05	5.0528	943	777
4.69/5.10	5.10564	942	796
5.29/5.37	5.3771	941	1212
5.59/5.61	5.61031	940	1569
5.59/5.67	5.66854	939	1596
5.89/5.96	5.96528	938	2068
5.99/6.10	6.09451	937	2220
6.44/6.50	6.5039	936	3046
6.59/6.68	6.68058	935	3281
6.88/6.91	6.91625	934	3666
6.88/6.96	6.96395	933	3677
7.18/7.22	7.22477	932	4083
7.38/7.47	7.47101	931	4430
7.38/7.57	7.57576	930	4535
8.18/8.25	8.25713	929	5717
8.68/8.76	8.75917	928	6602
9.33/9.35	9.35601	927	7641
10.08/10.15	10.153	926	9194
10.88/10.90	10.8996	925	10608
10.98/11.04	11.0463	924	10839
11.18/11.28	11.284	923	11253
11.58/11.76	11.7628	922	12163
12.20/12.28	12.2823	921	13049
12.89/12.99	12.9882	920	14262
13.89/13.99	13.9885	919	16013
14.09/14.15	14.1542	918	16223
14.49/14.68	14.6797	917	17094
16.59/16.67	16.6726	916	20383
17.29/17.46	17.4644	915	21790
17.29/17.56	17.5623	914	21893
20.41/20.61	20.6127	913	27545
25.28/25.37	25.3718	912	36399
29.60/29.66	29.6655	911	44085
31.59/31.61	31.6072	910	47489
