1.10/1.17	1.17169	1024	0
1.19/1.22	1.21821	1023	2
1.19/1.26	1.26361	1022	3
1.28/1.31	1.30997	1021	5
1.28/1.35	1.35728	1020	7
1.39/1.40	1.40413	1019	8
1.39/1.45	1.44936	1018	9
1.48/1.50	1.4986	1017	14
1.48/1.54	1.54437	1016	16
1.48/1.59	1.58926	1015	17
1.58/1.63	1.63619	1014	21
1.58/1.68	1.68667	1013	32
1.68/1.73	1.73141	1012	33
1.68/1.77	1.77727	1011	35
1.81/1.82	1.82595	1010	38
1.81/1.87	1.87055	1009	39
1.88/1.91	1.91574	1008	41
1.88/1.96	1.96198	1007	42
1.98/2.00	2.00696	1006	43
1.98/2.05	2.05196	1005	44
1.98/2.09	2.09651	1004	45
1.98/2.14	2.14447	1003	50
1.98/2.19	2.19137	1002	53
2.22/2.24	2.24009	1001	58
2.22/2.28	2.28447	1000	59
2.32/2.33	2.33107	999	60
2.32/2.37	2.37577	998	62
2.38/2.42	2.42035	997	64
2.38/2.47	2.46949	996	70
2.48/2.51	2.51359	995	71
2.48/2.56	2.56146	994	75
2.58/2.61	2.60711	993	76
2.58/2.65	2.6512	992	77
2.58/2.69	2.69642	991	78
2.69/2.74	2.74464	990	87
2.69/2.79	2.78837	989	88
2.78/2.83	2.83238	988	89
2.78/2.88	2.87788	987	92
2.88/2.92	2.92197	986	94
2.88/2.96	2.96591	985	96
2.98/3.01	3.01042	984	98
2.98/3.05	3.05463	983	100
3.08/3.10	3.09811	982	101
3.08/3.14	3.14335	981	103
3.08/3.18	3.18635	980	104
3.08/3.23	3.23377	979	109
3.08/3.28	3.27844	978	111
3.27/3.32	3.32462	977	114
3.27/3.37	3.36774	976	115
3.27/3.41	3.41036	975	116
3.27/3.45	3.45578	974	120
3.27/3.50	3.50183	973	125
3.27/3.54	3.54463	972	126
3.58/3.59	3.59157	971	129
3.58/3.63	3.63562	970	131
3.58/3.68	3.68043	969	133
3.69/3.73	3.73134	968	145
3.69/3.79	3.78873	967	168
3.78/3.83	3.83433	966	172
3.78/3.88	3.88107	965	180
3.88/3.93	3.93074	964	192
3.88/3.98	3.98094	963	200
3.98/4.03	4.0297	962	204
3.98/4.07	4.0752	961	210
4.08/4.12	4.12067	960	214
4.08/4.16	4.16371	959	215
4.18/4.21	4.21392	958	227
4.18/4.26	4.26012	957	233
4.28/4.30	4.30732	956	238
4.28/4.35	4.35266	955	242
4.28/4.39	4.3951	954	243
4.38/4.44	4.43983	953	246
4.38/4.48	4.48689	952	253
4.48/4.53	4.52895	951	255
4.48/4.57	4.5773	950	264
4.48/4.63	4.62921	949	283
4.48/4.68	4.67814	948	294
4.48/4.73	4.73056	947	307
4.48/4.78	4.78511	946	331
4.48/4.82	4.8276	945	333
4.48/4.89	4.89069	944	370
4.48/4.95	4.9561	943	408
4.95/5.02	5.02751	942	457
5.05/5.08	5.0814	941	476
5.08/5.13	5.131	940	489
5.08/5.17	5.17441	939	492
5.18/5.26	5.26478	938	570
5.28/5.31	5.31308	937	585
5.28/5.35	5.35595	936	588
5.38/5.40	5.39963	935	593
5.38/5.44	5.44273	934	595
5.38/5.48	5.48752	933	602
5.48/5.53	5.53385	932	612
5.48/5.57	5.57662	931	614
5.58/5.62	5.61783	930	616
5.68/5.71	5.70867	929	701
5.68/5.77	5.77042	928	738
5.78/5.88	5.88561	927	874
5.88/5.96	5.9619	926	922
5.88/6.04	6.04021	925	990
5.88/6.17	6.16945	924	1145
7.18/7.29	7.29255	923	3548
7.39/7.52	7.52063	922	3889
7.39/7.58	7.58096	921	3924
7.39/7.65	7.6564	920	3987
8.08/8.14	8.14185	919	4790
8.18/8.28	8.27961	918	4964
8.78/8.98	8.98581	917	6144
9.79/9.87	9.87234	916	7687
10.99/11.06	11.0613	915	9807
11.09/11.18	11.1813	914	9935
13.69/13.75	13.7503	913	14564
14.39/14.62	14.6225	912	16140
17.82/17.84	17.838	911	22660
25.89/26.33	26.3348	910	39426
