0.89/0.96	0.959582	6929	0
0.99/1.06	1.06287	6928	1
1.09/1.17	1.16992	6927	7
1.20/1.28	1.27497	6926	11
1.20/1.38	1.38261	6925	19
1.20/1.49	1.48904	6924	25
1.44/1.61	1.6123	6923	53
1.68/1.72	1.71932	6922	59
1.79/1.82	1.82236	6921	60
1.89/1.93	1.92735	6920	61
1.98/2.03	2.0309	6919	62
2.09/2.15	2.14802	6918	84
2.19/2.25	2.25364	6917	87
2.28/2.36	2.35623	6916	88
2.38/2.46	2.46279	6915	95
2.48/2.57	2.57246	6914	106
2.48/2.68	2.682	6913	115
2.48/2.79	2.78999	6912	124
2.48/2.89	2.894	6911	127
2.95/3.00	3.00121	6910	135
3.08/3.11	3.10589	6909	138
3.19/3.22	3.22423	6908	162
3.29/3.33	3.32813	6907	165
3.39/3.43	3.43211	6906	168
3.49/3.54	3.53724	6905	173
3.59/3.65	3.64761	6904	185
3.68/3.75	3.75076	6903	187
3.79/3.86	3.85887	6902	197
3.89/3.97	3.96575	6901	201
3.89/4.09	4.08478	6900	224
3.89/4.19	4.19256	6899	233
4.22/4.31	4.30784	6898	250
4.39/4.41	4.41025	6897	251
4.49/4.52	4.51524	6896	256
4.59/4.63	4.63033	6895	274
4.68/4.76	4.75613	6894	311
4.79/4.87	4.87261	6893	333
4.89/4.98	4.97822	6892	339
4.99/5.09	5.0912	6891	353
5.19/5.22	5.21662	6890	385
5.19/5.33	5.3266	6889	394
5.19/5.43	5.43092	6888	398
5.50/5.55	5.55134	6887	427
5.59/5.67	5.67046	6886	452
5.69/5.79	5.78727	6885	471
5.89/5.90	5.89691	6884	484
5.99/6.02	6.02165	6883	519
6.09/6.12	6.12425	6882	520
6.19/6.23	6.22883	6881	525
6.28/6.33	6.33187	6880	528
6.39/6.44	6.44217	6879	541
6.39/6.55	6.54868	6878	549
6.39/6.67	6.66536	6877	572
6.39/6.77	6.77381	6876	579
6.39/6.89	6.89005	6875	601
6.51/7.00	7.00047	6874	615
7.09/7.11	7.10874	6873	623
7.18/7.23	7.23431	6872	660
7.29/7.34	7.34265	6871	671
7.38/7.46	7.46031	6870	694
7.48/7.59	7.59252	6869	740
7.69/7.76	7.76344	6868	841
7.97/8.01	8.01028	6867	1051
7.97/8.16	8.1635	6866	1124
8.21/8.32	8.31467	6865	1188
8.49/8.51	8.50701	6864	1325
8.59/8.64	8.63997	6863	1368
8.79/8.80	8.79993	6862	1454
8.89/8.92	8.92199	6861	1481
9.09/9.20	9.20357	6860	1736
9.30/9.36	9.35835	6859	1811
9.62/9.68	9.67618	6858	2128
9.79/9.86	9.85793	6857	2243
9.89/9.97	9.96929	6856	2259
9.99/10.09	10.0879	6855	2285
10.19/10.20	10.1953	6854	2293
10.38/10.56	10.5549	6853	2669
10.62/10.80	10.799	6852	2874
11.59/11.61	11.6136	6851	3928
1000.06/1000.13	797.261	82906511	1467226
