0.87/0.94	0.917511	6929	0
0.97/1.03	1.01307	6928	1
1.07/1.13	1.11141	6927	7
1.07/1.23	1.20854	6926	11
1.07/1.33	1.30906	6925	19
1.07/1.43	1.41073	6924	25
1.34/1.54	1.52483	6923	53
1.57/1.64	1.62311	6922	59
1.67/1.74	1.71838	6921	60
1.77/1.84	1.81628	6920	61
1.87/1.93	1.91128	6919	62
1.97/2.04	2.01952	6918	84
2.07/2.14	2.11711	6917	87
2.17/2.23	2.21194	6916	88
2.27/2.33	2.3109	6915	95
2.37/2.43	2.41204	6914	106
2.37/2.53	2.51189	6913	115
2.37/2.63	2.6114	6912	124
2.70/2.73	2.70736	6911	127
2.70/2.83	2.80688	6910	135
2.87/2.92	2.90293	6909	138
2.97/3.03	3.0115	6908	162
3.07/3.13	3.10763	6907	165
3.17/3.22	3.20356	6906	168
3.27/3.32	3.30125	6905	173
3.37/3.42	3.40261	6904	185
3.47/3.52	3.49832	6903	187
3.57/3.62	3.59836	6902	197
3.67/3.72	3.69709	6901	201
3.67/3.83	3.80564	6900	224
3.67/3.92	3.90448	6899	233
3.67/4.03	4.0111	6898	250
4.09/4.13	4.10546	6897	251
4.18/4.22	4.2022	6896	256
4.27/4.33	4.30863	6895	274
4.37/4.44	4.42459	6894	311
4.47/4.55	4.53165	6893	333
4.57/4.65	4.62932	6892	339
4.67/4.76	4.73525	6891	353
4.77/4.87	4.85241	6890	385
4.87/4.98	4.9554	6889	394
4.97/5.07	5.05186	6888	398
5.08/5.18	5.16298	6887	427
5.08/5.29	5.27214	6886	452
5.08/5.40	5.37746	6885	471
5.41/5.50	5.47889	6884	484
5.57/5.61	5.59345	6883	519
5.67/5.71	5.68789	6882	520
5.77/5.81	5.78721	6881	525
5.87/5.90	5.88233	6880	528
5.97/6.00	5.98371	6879	541
6.07/6.11	6.08614	6878	549
6.17/6.22	6.19685	6877	572
6.27/6.32	6.29801	6876	579
6.37/6.43	6.40513	6875	601
6.37/6.53	6.50683	6874	615
6.37/6.63	6.6073	6873	623
6.37/6.74	6.72305	6872	660
6.81/6.85	6.8249	6871	671
6.81/6.95	6.93347	6870	694
6.97/7.08	7.05531	6869	740
7.17/7.23	7.21117	6868	841
7.37/7.45	7.43443	6867	1051
7.47/7.60	7.57469	6866	1124
7.67/7.73	7.71043	6865	1188
7.77/7.91	7.886	6864	1325
7.77/8.03	8.00462	6863	1368
7.77/8.17	8.14955	6862	1454
7.77/8.28	8.25863	6861	1481
8.47/8.53	8.50641	6860	1736
8.57/8.67	8.64659	6859	1811
8.87/8.96	8.93622	6858	2128
9.07/9.12	9.09999	6857	2243
9.17/9.22	9.20243	6856	2259
9.27/9.33	9.31147	6855	2285
9.27/9.43	9.40921	6854	2293
9.72/9.76	9.73786	6853	2669
9.87/9.98	9.96093	6852	2874
10.67/10.72	10.7	6851	3928
