0.89/0.92	0.925029	6908	0
1.00/1.02	1.02802	6907	12
1.10/1.12	1.12473	6906	15
1.19/1.22	1.22152	6905	18
1.29/1.32	1.32136	6904	26
1.39/1.42	1.42476	6903	39
1.49/1.53	1.52836	6902	51
1.59/1.63	1.63335	6901	68
1.59/1.74	1.73974	6900	87
1.59/1.84	1.84368	6899	102
1.59/1.94	1.94059	6898	105
1.59/2.04	2.04511	6897	119
1.59/2.14	2.1432	6896	124
2.21/2.25	2.25473	6895	152
2.29/2.36	2.36806	6894	183
2.39/2.46	2.46382	6893	184
2.49/2.57	2.57049	6892	204
2.60/2.66	2.66574	6891	205
2.70/2.76	2.76816	6890	218
2.79/2.87	2.87772	6889	243
2.89/2.97	2.97725	6888	250
2.99/3.08	3.08681	6887	275
3.09/3.18	3.18794	6886	286
3.09/3.30	3.30253	6885	319
3.09/3.40	3.40079	6884	325
3.09/3.50	3.50065	6883	333
3.09/3.60	3.60083	6882	342
3.64/3.69	3.69743	6881	345
3.69/3.79	3.7973	6880	354
3.79/3.89	3.89348	6879	357
3.99/4.02	4.02696	6878	419
4.10/4.13	4.13035	6877	434
4.20/4.22	4.22589	6876	436
4.29/4.33	4.32918	6875	451
4.39/4.44	4.43984	6874	478
4.49/4.54	4.54727	6873	499
4.49/4.65	4.65062	6872	514
4.49/4.75	4.74901	6871	520
4.49/4.89	4.89436	6870	604
4.49/5.06	5.06523	6869	730
5.09/5.16	5.16415	6868	738
5.19/5.26	5.26791	6867	753
5.29/5.38	5.38277	6866	785
5.49/5.50	5.49977	6865	822
5.59/5.63	5.63382	6864	887
5.70/5.75	5.7574	6863	935
5.80/5.85	5.85379	6862	939
5.89/5.96	5.96047	6861	959
5.99/6.06	6.06115	6860	970
5.99/6.17	6.17672	6859	1005
5.99/6.29	6.28943	6858	1036
5.99/6.44	6.43806	6857	1124
6.52/6.55	6.55463	6856	1161
6.59/6.69	6.69245	6855	1233
6.99/7.02	7.02675	6854	1627
7.31/7.35	7.35295	6853	2005
7.39/7.46	7.46232	6852	2028
8.19/8.28	8.28688	6851	3206
