0.89/0.96	0.958796	6928	0
0.99/1.09	1.08997	6927	11
1.19/1.20	1.19481	6926	15
1.19/1.29	1.29171	6925	16
1.39/1.41	1.41005	6924	52
1.50/1.52	1.5209	6923	72
1.60/1.62	1.6201	6922	74
1.69/1.73	1.72563	6921	86
1.79/1.82	1.8233	6920	88
1.89/1.92	1.92269	6919	92
2.01/2.02	2.02387	6918	98
2.08/2.13	2.12425	6917	106
2.18/2.23	2.23264	6916	127
2.28/2.33	2.33381	6915	135
2.38/2.45	2.44953	6914	164
2.48/2.55	2.54561	6913	165
2.60/2.65	2.64432	6912	170
2.70/2.75	2.74954	6911	178
2.78/2.85	2.84929	6910	185
2.88/2.95	2.94536	6909	186
2.98/3.05	3.05073	6908	202
3.08/3.16	3.15405	6907	212
3.18/3.26	3.25398	6906	219
3.28/3.35	3.35255	6905	224
3.40/3.46	3.45997	6904	233
3.49/3.57	3.56847	6903	249
3.58/3.67	3.66896	6902	258
3.71/3.77	3.77255	6901	270
3.82/3.88	3.88199	6900	294
3.88/3.98	3.97946	6899	296
4.08/4.11	4.10599	6898	346
4.19/4.21	4.20421	6897	351
4.28/4.30	4.30283	6896	356
4.38/4.40	4.39861	6895	357
4.48/4.51	4.51208	6894	384
4.58/4.61	4.60762	6893	385
4.68/4.71	4.70936	6892	396
4.68/4.81	4.80994	6891	397
4.68/4.92	4.91681	6890	417
4.68/5.03	5.0236	6889	437
4.68/5.12	5.12025	6888	440
5.18/5.22	5.22238	6887	449
5.28/5.32	5.32266	6886	457
5.38/5.42	5.42269	6885	466
5.48/5.57	5.57173	6884	549
5.68/5.72	5.72295	6883	644
5.78/5.86	5.86312	6882	716
5.88/5.97	5.96902	6881	729
5.98/6.08	6.07911	6880	750
6.08/6.18	6.18245	6879	764
6.08/6.29	6.28676	6878	779
6.08/6.39	6.38868	6877	785
6.08/6.51	6.5115	6876	826
6.08/6.61	6.61209	6875	836
6.70/6.71	6.70938	6874	841
6.78/6.82	6.81896	6873	865
6.88/6.92	6.91846	6872	873
6.98/7.04	7.03558	6871	909
7.08/7.18	7.17586	6870	984
7.18/7.28	7.27339	6869	986
7.38/7.43	7.43021	6868	1091
7.48/7.54	7.54144	6867	1119
7.58/7.68	7.6784	6866	1186
7.58/7.79	7.78532	6865	1205
7.58/7.91	7.9072	6864	1251
7.97/8.01	8.00841	6863	1256
7.97/8.12	8.11885	6862	1283
8.18/8.25	8.24765	6861	1338
8.28/8.36	8.35506	6860	1359
8.38/8.46	8.45678	6859	1364
8.58/8.63	8.63141	6858	1481
8.68/8.79	8.78812	6857	1582
8.78/8.90	8.89339	6856	1596
8.98/9.03	9.02724	6855	1662
8.98/9.41	9.40666	6854	2120
9.48/9.61	9.61223	6853	2308
9.98/10.02	10.0225	6852	2818
10.49/10.80	10.8001	6851	3928
