0.89/0.93	0.930905	6910	0
0.99/1.03	1.02978	6909	5
1.09/1.13	1.13043	6908	9
1.19/1.23	1.22939	6907	15
1.29/1.33	1.32626	6906	17
1.40/1.43	1.42484	6905	22
1.40/1.54	1.54028	6904	51
1.40/1.64	1.64294	6903	61
1.40/1.75	1.74515	6902	73
1.82/1.85	1.84508	6901	80
1.89/1.95	1.95275	6900	98
1.99/2.06	2.05614	6899	110
2.09/2.17	2.1669	6898	136
2.19/2.27	2.2663	6897	143
2.29/2.37	2.36854	6896	151
2.39/2.47	2.46854	6895	159
2.49/2.57	2.5647	6894	161
2.59/2.66	2.66168	6893	164
2.69/2.76	2.76205	6892	173
2.69/2.86	2.86012	6891	177
2.69/2.97	2.96448	6890	193
2.69/3.06	3.06237	6889	198
3.14/3.16	3.16367	6888	209
3.24/3.28	3.27997	6887	241
3.29/3.39	3.38745	6886	261
3.39/3.49	3.49162	6885	277
3.59/3.61	3.61306	6884	321
3.69/3.72	3.71683	6883	333
3.79/3.81	3.81308	6882	335
3.89/3.91	3.91336	6881	344
3.99/4.02	4.02258	6880	363
4.09/4.13	4.13032	6879	382
4.09/4.24	4.23857	6878	405
4.09/4.34	4.33479	6877	407
4.09/4.45	4.44443	6876	432
4.09/4.58	4.57619	6875	490
4.26/4.69	4.68791	6874	517
4.69/4.79	4.79251	6873	529
4.79/4.89	4.8887	6872	532
4.99/5.01	5.00612	6871	567
5.09/5.13	5.13248	6870	619
5.19/5.24	5.23521	6869	632
5.29/5.38	5.37657	6868	707
5.39/5.48	5.47826	6867	715
5.49/5.59	5.58733	6866	740
5.49/5.69	5.68982	6865	754
5.49/5.79	5.78568	6864	756
5.49/5.89	5.88666	6863	763
5.92/5.99	5.98793	6862	775
6.09/6.14	6.13793	6861	866
6.19/6.24	6.23936	6860	873
6.29/6.36	6.3573	6859	906
6.39/6.47	6.47113	6858	925
6.59/6.65	6.64344	6857	1042
6.69/6.77	6.77052	6856	1096
6.89/7.07	7.06609	6855	1422
6.89/7.18	7.18211	6854	1457
6.89/7.30	7.29498	6853	1487
7.89/7.94	7.93794	6852	2375
8.09/8.11	8.10924	6851	2502
