0.89/0.92	0.923858	6931	0
0.98/1.02	1.02125	6930	3
1.08/1.12	1.12254	6929	13
1.18/1.22	1.22229	6928	20
1.18/1.31	1.31806	6927	21
1.18/1.41	1.41404	6926	22
1.50/1.51	1.51497	6925	30
1.60/1.61	1.61402	6924	37
1.70/1.71	1.70999	6923	38
1.78/1.80	1.8063	6922	39
1.89/1.91	1.91278	6921	57
1.99/2.01	2.01205	6920	60
2.08/2.11	2.10922	6919	64
2.18/2.21	2.21245	6918	76
2.28/2.30	2.30804	6917	77
2.39/2.40	2.40414	6916	79
2.39/2.50	2.50744	6915	91
2.59/2.60	2.60828	6914	101
2.68/2.71	2.71458	6913	119
2.79/2.81	2.81496	6912	128
2.88/2.91	2.91756	6911	139
2.99/3.03	3.03003	6910	169
3.08/3.14	3.14035	6909	195
3.18/3.23	3.23631	6908	196
3.28/3.33	3.33344	6907	200
3.39/3.43	3.43643	6906	214
3.48/3.53	3.53197	6905	215
3.61/3.63	3.63426	6904	226
3.61/3.73	3.7376	6903	240
3.82/3.83	3.83616	6902	246
3.89/3.95	3.95615	6901	282
3.98/4.05	4.05718	6900	292
4.08/4.16	4.16566	6899	314
4.18/4.26	4.26089	6898	315
4.29/4.36	4.36056	6897	323
4.48/4.52	4.52075	6896	433
4.58/4.63	4.63397	6895	464
4.69/4.73	4.73198	6894	469
4.80/4.82	4.82704	6893	470
4.80/4.93	4.93761	6891	496
4.80/5.03	5.03375	6890	499
4.80/5.13	5.1366	6889	513
5.22/5.23	5.2382	6888	522
5.22/5.34	5.34216	6887	538
5.38/5.44	5.44176	6886	547
5.48/5.54	5.54629	6885	564
5.58/5.65	5.65338	6884	584
5.69/5.77	5.77263	6883	626
5.78/5.87	5.87479	6882	639
5.88/5.97	5.97581	6881	649
5.98/6.08	6.08315	6880	670
6.09/6.19	6.1908	6879	692
6.24/6.28	6.28706	6878	696
6.24/6.39	6.39403	6877	718
6.24/6.51	6.51006	6876	752
6.24/6.62	6.62349	6875	783
6.69/6.76	6.75859	6874	847
6.78/6.89	6.89385	6873	910
6.98/7.01	7.01368	6872	948
7.09/7.11	7.11241	6871	956
7.18/7.21	7.21259	6870	965
7.28/7.31	7.3172	6869	983
7.38/7.43	7.43179	6868	1017
7.49/7.60	7.60762	6867	1147
7.49/7.78	7.78405	6866	1277
7.49/7.91	7.90844	6865	1321
7.95/8.01	8.01308	6864	1338
8.08/8.10	8.10783	6863	1339
8.18/8.21	8.21528	6862	1361
8.28/8.35	8.357	6861	1442
8.39/8.46	8.46641	6860	1468
8.60/8.64	8.64294	6859	1607
8.69/8.78	8.78661	6858	1690
8.89/8.95	8.94978	6857	1802
8.89/9.22	9.22123	6856	2094
9.35/9.46	9.45837	6855	2323
9.79/9.84	9.8414	6854	2792
9.99/10.03	10.0296	6853	2948
10.29/10.69	10.6963	6852	3873
11.19/11.23	11.2351	6851	4592
