0.79/0.90	0.898482	6923	0
0.99/1.00	1.00301	6922	15
0.99/1.10	1.10119	6921	18
0.99/1.20	1.2074	6920	35
0.99/1.31	1.31543	6919	56
1.12/1.41	1.41606	6918	64
1.49/1.51	1.51794	6917	75
1.59/1.61	1.6146	6916	76
1.69/1.71	1.71087	6915	77
1.79/1.81	1.81139	6914	86
1.89/1.92	1.91986	6913	108
1.99/2.01	2.01735	6912	110
2.09/2.11	2.11789	6911	118
2.19/2.21	2.21542	6910	122
2.29/2.31	2.31187	6909	124
2.29/2.41	2.40905	6908	128
2.29/2.50	2.50614	6907	132
2.29/2.60	2.60341	6906	134
2.29/2.71	2.71785	6905	166
2.60/2.82	2.81975	6904	178
2.89/2.91	2.91572	6903	179
2.99/3.01	3.01092	6902	180
3.09/3.12	3.12248	6901	207
3.19/3.22	3.21968	6900	210
3.29/3.31	3.31544	6899	212
3.39/3.42	3.42215	6898	233
3.49/3.54	3.54072	6897	271
3.59/3.63	3.63748	6896	273
3.69/3.73	3.7345	6895	277
3.69/3.83	3.83155	6894	280
3.69/3.94	3.94133	6893	305
3.69/4.05	4.05342	6892	333
4.15/4.18	4.18392	6891	390
4.19/4.28	4.27979	6890	392
4.39/4.40	4.39863	6889	432
4.39/4.49	4.49675	6888	437
4.59/4.60	4.60194	6887	453
4.69/4.70	4.70474	6886	466
4.79/4.80	4.80618	6885	475
4.89/4.90	4.90432	6884	481
4.99/5.00	4.99944	6883	482
4.99/5.11	5.11174	6882	510
4.99/5.21	5.21391	6881	523
4.99/5.31	5.31509	6880	534
4.99/5.41	5.41612	6879	544
4.99/5.56	5.5657	6878	636
5.59/5.68	5.67869	6877	666
5.69/5.78	5.78337	6876	682
5.79/5.88	5.87828	6875	683
5.89/5.97	5.97688	6874	690
5.99/6.08	6.08265	6873	708
6.19/6.29	6.29195	6872	896
6.39/6.42	6.42359	6871	958
6.49/6.57	6.57556	6870	1052
6.59/6.68	6.68536	6869	1076
6.59/6.79	6.79149	6868	1096
6.59/6.92	6.92424	6867	1159
6.59/7.02	7.02074	6866	1163
7.06/7.12	7.1209	6865	1172
7.19/7.21	7.21666	6864	1174
7.49/7.55	7.55406	6863	1564
7.59/7.68	7.67951	6862	1610
7.79/7.86	7.8652	6861	1754
8.00/8.16	8.16521	6860	2085
8.00/8.31	8.31027	6859	2168
8.00/8.44	8.44006	6858	2221
8.51/8.60	8.60697	6857	2339
8.69/8.71	8.71133	6856	2355
8.79/8.87	8.87178	6855	2460
8.99/9.02	9.0247	6854	2555
10.29/10.39	10.3967	6853	4599
10.79/11.36	11.3654	6852	6011
11.89/11.90	11.902	6851	6700
