0.98/1.00	1.00403	6919	0
1.08/1.11	1.10938	6918	6
1.08/1.23	1.23461	6917	57
1.08/1.33	1.33565	6916	66
1.08/1.43	1.435	6915	74
1.08/1.53	1.53631	6914	85
1.60/1.63	1.63523	6913	91
1.69/1.73	1.73207	6912	93
1.78/1.83	1.8284	6911	96
1.88/1.93	1.93527	6910	116
1.98/2.04	2.04512	6909	137
2.08/2.14	2.14232	6908	140
2.18/2.24	2.23809	6907	142
2.28/2.33	2.33562	6906	147
2.38/2.43	2.43495	6905	155
2.48/2.53	2.53122	6904	158
2.48/2.63	2.63253	6903	168
2.48/2.75	2.75208	6902	210
2.48/2.85	2.85575	6901	225
2.48/2.95	2.95136	6900	227
3.03/3.05	3.05026	6899	231
3.14/3.15	3.14816	6898	236
3.19/3.24	3.2472	6897	244
3.29/3.34	3.34535	6896	249
3.39/3.46	3.45884	6895	281
3.49/3.56	3.55837	6894	290
3.59/3.65	3.65373	6893	291
3.69/3.77	3.77379	6892	334
3.79/3.88	3.87814	6891	350
3.89/3.98	3.98556	6890	372
3.99/4.08	4.08258	6889	375
3.99/4.18	4.18019	6888	381
3.99/4.28	4.28137	6887	393
3.99/4.38	4.38261	6886	403
3.99/4.48	4.47751	6885	405
4.52/4.58	4.58142	6884	421
4.61/4.69	4.68861	6883	440
4.69/4.79	4.79012	6882	453
4.89/4.90	4.89842	6881	477
4.99/5.00	4.99971	6880	488
5.09/5.11	5.11576	6879	524
5.19/5.27	5.27334	6878	629
5.39/5.40	5.40494	6877	692
5.49/5.53	5.53448	6876	752
5.49/5.63	5.63306	6875	758
5.49/5.73	5.73358	6874	770
5.49/5.84	5.84276	6873	796
5.49/5.96	5.96351	6872	841
6.02/6.10	6.101	6871	913
6.19/6.20	6.19881	6870	920
6.19/6.29	6.29474	6869	924
6.39/6.46	6.4662	6868	1054
6.49/6.56	6.56539	6867	1063
6.69/6.72	6.7232	6866	1171
6.79/6.83	6.83293	6865	1198
7.00/7.04	7.04115	6864	1386
7.00/7.20	7.20118	6863	1492
7.00/7.31	7.31432	6862	1525
7.00/7.45	7.44938	6861	1595
7.57/7.58	7.57883	6860	1652
7.69/7.76	7.76277	6859	1799
7.99/8.04	8.03887	6858	2098
8.09/8.15	8.14794	6857	2122
8.29/8.31	8.31552	6856	2247
8.39/8.59	8.5897	6855	2535
9.09/9.12	9.12423	6854	3236
9.29/9.33	9.33585	6853	3432
9.39/9.45	9.45151	6852	3470
9.69/9.71	9.71415	6851	3753
