0.88/0.93	0.93615	6921	0
0.88/1.03	1.03496	6920	7
1.06/1.13	1.13443	6919	14
1.19/1.24	1.2449	6918	40
1.28/1.34	1.34066	6917	41
1.38/1.43	1.43669	6916	43
1.48/1.54	1.53897	6915	56
1.58/1.63	1.63662	6914	61
1.68/1.73	1.73191	6913	62
1.78/1.83	1.8315	6912	69
1.88/1.93	1.929	6911	73
1.99/2.02	2.02592	6910	76
1.99/2.12	2.12573	6909	83
1.99/2.22	2.22205	6908	85
1.99/2.32	2.31814	6907	87
2.10/2.42	2.4184	6906	96
2.48/2.51	2.51386	6905	97
2.58/2.62	2.62133	6904	119
2.68/2.72	2.72284	6903	131
2.78/2.82	2.82457	6902	142
2.88/2.92	2.92443	6901	148
2.98/3.02	3.02428	6900	158
3.08/3.12	3.11943	6899	160
3.18/3.21	3.21451	6898	162
3.28/3.31	3.31459	6897	171
3.28/3.42	3.42652	6896	200
3.28/3.52	3.52167	6895	202
3.28/3.63	3.62876	6894	224
3.53/3.74	3.74243	6893	257
3.82/3.84	3.8471	6892	274
3.88/3.95	3.95085	6891	290
3.98/4.04	4.047	6890	293
4.08/4.14	4.14269	6889	296
4.18/4.25	4.25467	6888	325
4.28/4.37	4.36999	6887	360
4.38/4.47	4.47212	6886	372
4.48/4.59	4.59654	6885	422
4.58/4.69	4.69095	6884	423
4.68/4.82	4.82646	6883	490
4.68/4.93	4.93034	6882	506
4.99/5.03	5.02769	6881	507
5.08/5.13	5.13557	6880	530
5.18/5.23	5.23151	6879	533
5.28/5.32	5.32658	6878	534
5.38/5.45	5.44754	6877	580
5.48/5.55	5.55462	6876	600
5.58/5.66	5.66453	6875	626
5.68/5.78	5.7837	6874	664
5.78/5.89	5.89271	6873	687
5.88/6.00	5.99981	6872	709
5.88/6.14	6.13834	6871	778
5.88/6.29	6.29218	6870	878
5.88/6.39	6.39247	6869	889
6.39/6.49	6.49205	6868	896
6.59/6.65	6.6528	6867	1006
6.79/6.83	6.83029	6866	1140
6.89/6.93	6.92763	6865	1146
6.99/7.02	7.02408	6864	1151
7.09/7.14	7.141	6863	1190
7.19/7.24	7.24381	6862	1206
7.29/7.35	7.35173	6861	1227
7.39/7.44	7.44679	6860	1230
7.39/7.54	7.54061	6859	1231
7.39/7.65	7.64873	6858	1256
7.75/7.90	7.907	6857	1526
7.99/8.00	8.00671	6856	1537
8.09/8.16	8.16026	6855	1637
8.29/8.34	8.34215	6854	1784
8.39/8.46	8.46472	6853	1834
8.90/9.04	9.04135	6852	2635
11.09/11.15	11.1552	6851	5917
