0.89/0.92	0.92212	6933	0
0.99/1.02	1.0219	6932	7
0.99/1.12	1.11834	6931	9
1.16/1.21	1.21424	6930	10
1.30/1.31	1.31408	6929	18
1.39/1.41	1.41055	6928	19
1.49/1.51	1.51009	6927	26
1.59/1.60	1.607	6926	29
1.69/1.70	1.70563	6925	34
1.79/1.80	1.80268	6924	37
1.89/1.90	1.90563	6923	49
1.99/2.00	2.00625	6922	57
2.09/2.12	2.1202	6921	88
2.09/2.22	2.21896	6920	93
2.09/2.32	2.31811	6919	97
2.09/2.41	2.41428	6918	98
2.09/2.52	2.52323	6917	120
2.62/2.62	2.62689	6916	129
2.69/2.72	2.72356	6915	132
2.79/2.82	2.8247	6914	142
2.90/2.92	2.92579	6913	151
3.00/3.03	3.03489	6912	159
3.09/3.18	3.18645	6911	206
3.19/3.29	3.29396	6910	212
3.39/3.40	3.39989	6909	214
3.50/3.52	3.52104	6908	241
3.50/3.63	3.62983	6907	249
3.50/3.73	3.73231	6906	261
3.50/3.83	3.82932	6905	265
3.84/3.93	3.92829	6904	272
4.00/4.03	4.03577	6903	292
4.09/4.13	4.13235	6902	296
4.19/4.25	4.25257	6901	339
4.29/4.35	4.34796	6900	341
4.39/4.44	4.4474	6899	349
4.49/4.55	4.54925	6898	362
4.59/4.65	4.64878	6897	371
4.69/4.75	4.75295	6896	387
4.79/4.85	4.85405	6895	399
4.79/4.95	4.94921	6894	400
4.79/5.04	5.04691	6893	406
4.79/5.14	5.14465	6892	412
4.79/5.24	5.24206	6891	417
5.30/5.38	5.38345	6890	496
5.40/5.48	5.48225	6889	504
5.49/5.57	5.5768	6888	505
5.59/5.67	5.67136	6887	506
5.69/5.78	5.78318	6886	536
5.79/5.89	5.89192	6885	560
5.89/5.99	5.98762	6884	563
6.00/6.09	6.0922	6883	580
6.09/6.18	6.18719	6882	582
6.19/6.29	6.28818	6881	594
6.29/6.39	6.39676	6880	617
6.29/6.51	6.51265	6879	654
6.29/6.62	6.6232	6878	682
6.68/6.72	6.71938	6877	686
6.79/6.82	6.82224	6876	701
6.89/6.93	6.92966	6875	723
6.99/7.04	7.03955	6874	750
7.09/7.13	7.13562	6873	754
7.19/7.26	7.26543	6872	814
7.29/7.36	7.36189	6871	818
7.49/7.50	7.50554	6870	901
7.59/7.61	7.60861	6869	917
7.59/7.71	7.70854	6868	928
7.59/7.83	7.82783	6867	972
7.99/8.00	8.00314	6866	1105
7.99/8.10	8.10484	6865	1119
8.19/8.23	8.23146	6864	1173
8.29/8.35	8.34799	6863	1212
8.49/8.51	8.51151	6862	1323
8.59/8.67	8.67054	6861	1426
8.79/8.81	8.81674	6860	1514
8.89/8.98	8.98155	6859	1634
8.99/9.07	9.07544	6858	1635
8.99/9.24	9.24098	6857	1753
8.99/9.35	9.34937	6856	1778
9.38/9.47	9.4678	6855	1819
9.58/9.61	9.61427	6854	1908
9.68/9.77	9.77659	6853	2012
10.39/10.58	10.5777	6852	3159
10.39/10.89	10.8884	6851	3505
