0.88/0.97	0.961381	6923	0
0.98/1.07	1.05856	6922	2
1.08/1.17	1.16278	6921	14
1.08/1.27	1.26502	6920	27
1.08/1.37	1.36032	6919	29
1.08/1.47	1.46534	6918	44
1.48/1.57	1.56409	6917	47
1.59/1.67	1.65985	6916	49
1.68/1.77	1.75768	6915	55
1.78/1.87	1.85633	6914	60
1.88/1.98	1.97274	6913	90
1.98/2.09	2.08018	6912	110
2.08/2.19	2.1761	6910	112
2.18/2.28	2.27366	6909	115
2.28/2.38	2.37453	6908	122
2.38/2.49	2.47788	6907	136
2.38/2.59	2.57738	6906	145
2.38/2.68	2.67488	6905	148
2.38/2.79	2.77991	6904	162
2.38/2.88	2.87444	6903	163
2.96/3.00	2.98826	6902	195
3.08/3.12	3.11273	6901	243
3.18/3.24	3.22998	6900	278
3.28/3.34	3.33469	6899	296
3.38/3.46	3.4461	6898	326
3.48/3.56	3.55396	6897	346
3.58/3.68	3.66619	6896	372
3.68/3.79	3.77815	6895	403
3.78/3.88	3.87483	6894	408
3.88/3.98	3.97314	6893	412
3.88/4.08	4.07255	6892	416
3.88/4.18	4.17199	6891	426
3.88/4.29	4.28425	6890	457
4.37/4.40	4.38845	6889	472
4.48/4.50	4.48671	6888	474
4.48/4.59	4.58285	6887	477
4.68/4.70	4.68961	6886	499
4.78/4.80	4.79536	6885	517
4.88/4.91	4.89879	6884	529
4.98/5.01	5.00266	6883	545
5.08/5.13	5.11756	6882	580
5.18/5.23	5.21799	6881	589
5.28/5.33	5.32314	6880	604
5.28/5.43	5.41805	6879	607
5.28/5.55	5.54107	6878	655
5.28/5.66	5.64875	6877	671
5.28/5.78	5.76679	6876	708
5.76/5.87	5.86199	6875	711
5.88/5.97	5.95878	6874	712
5.98/6.08	6.07366	6873	746
6.18/6.20	6.19518	6872	789
6.29/6.35	6.34547	6871	885
6.38/6.47	6.46092	6870	921
6.48/6.59	6.57956	6869	961
6.68/6.70	6.69251	6868	988
6.68/6.83	6.82033	6867	1046
6.68/6.93	6.91962	6866	1056
6.68/7.03	7.02363	6865	1071
6.68/7.13	7.1204	6864	1072
7.14/7.26	7.2478	6863	1129
7.28/7.37	7.35991	6862	1161
7.48/7.51	7.49761	6861	1234
7.58/7.68	7.67116	6860	1362
7.78/7.89	7.8798	6859	1549
7.98/8.03	8.01623	6858	1617
8.08/8.14	8.12984	6857	1650
8.19/8.33	8.32255	6856	1803
8.19/8.45	8.44397	6855	1837
8.19/8.60	8.58702	6854	1920
8.70/8.78	8.77326	6853	2076
8.78/8.89	8.88276	6852	2103
8.98/9.04	9.0306	6851	2183
