0.00/0.08	0.084515	167	0
0.00/0.09	0.089131	166	1
0.00/0.09	0.093589	165	2
0.00/0.10	0.097986	164	3
0.00/0.10	0.102339	163	4
0.00/0.11	0.106718	162	5
0.00/0.11	0.111	161	6
0.00/0.12	0.115097	160	7
0.00/0.12	0.11925	159	8
0.00/0.12	0.123345	158	9
0.00/0.13	0.127768	157	11
0.00/0.13	0.13213	156	13
0.00/0.14	0.136501	155	15
0.00/0.14	0.141154	154	19
0.00/0.15	0.145359	153	21
0.00/0.15	0.149759	152	24
0.00/0.15	0.153625	151	25
0.00/0.16	0.157917	150	28
0.00/0.16	0.161937	149	31
0.00/0.17	0.166092	147	35
0.00/0.17	0.1701	146	37
0.00/0.18	0.174277	145	40
0.00/0.18	0.178893	144	45
0.00/0.19	0.183853	143	51
0.00/0.19	0.189264	142	59
0.00/0.20	0.194368	141	66
0.00/0.20	0.199802	140	75
0.00/0.21	0.204341	139	80
0.00/0.21	0.208632	138	85
0.00/0.21	0.212649	137	88
0.00/0.22	0.21703	136	93
0.00/0.22	0.221303	135	98
0.00/0.23	0.225516	134	102
0.00/0.23	0.229352	133	105
0.00/0.24	0.23757	132	126
0.00/0.25	0.246742	131	151
0.00/0.25	0.252236	130	163
0.00/0.27	0.265439	129	206
0.26/0.27	0.269848	128	213
0.26/0.28	0.274738	127	222
0.26/0.29	0.2839	126	243
0.26/0.29	0.292019	125	264
0.29/0.30	0.297172	124	273
0.29/0.34	0.335254	123	425
0.39/0.43	0.425295	122	793
0.46/0.51	0.473975	121	987
0.46/0.54	0.491975	120	1050
0.53/0.63	0.5668	119	1357
0.53/0.69	0.628637	118	1622
0.83/0.99	0.929919	117	2951
1.03/1.24	1.18189	116	4076
1.43/1.50	1.4386	115	5291
1.53/1.65	1.58816	114	5911
2.03/2.18	2.11356	113	8196
6.77/6.86	6.79854	112	29960
12.76/12.86	12.7982	111	56763
49.22/49.64	49.5737	110	225854
248.52/249.02	248.951	109	1144456
623.91/624.00	623.924	108	2885994
