0.09/0.11	0.111076	159	0
0.09/0.11	0.115645	158	1
0.09/0.12	0.120193	157	2
0.09/0.12	0.124665	156	3
0.09/0.13	0.128948	155	4
0.09/0.13	0.133277	154	5
0.09/0.14	0.137659	153	6
0.09/0.14	0.141907	152	7
0.09/0.14	0.146251	151	8
0.09/0.15	0.150907	150	11
0.09/0.15	0.155377	149	13
0.09/0.16	0.159897	148	15
0.09/0.16	0.164668	147	18
0.09/0.17	0.169523	146	21
0.09/0.17	0.174207	145	24
0.09/0.18	0.17849	144	26
0.09/0.18	0.183041	143	29
0.09/0.19	0.188034	142	34
0.09/0.19	0.192448	141	39
0.09/0.20	0.197845	140	46
0.09/0.20	0.203023	139	52
0.09/0.21	0.20703	138	54
0.09/0.21	0.211334	137	58
0.09/0.21	0.216018	136	62
0.09/0.22	0.220918	135	67
0.09/0.22	0.225255	134	72
0.09/0.23	0.233212	133	89
0.09/0.24	0.239482	132	99
0.09/0.24	0.246172	131	111
0.09/0.26	0.257211	130	140
0.09/0.26	0.264328	129	154
0.09/0.27	0.276112	128	188
0.09/0.29	0.288106	127	220
0.09/0.30	0.297939	126	245
0.09/0.34	0.34083	125	401
0.09/0.36	0.359712	124	463
0.09/0.44	0.441349	123	843
0.09/0.45	0.450221	122	867
0.09/0.49	0.488563	121	1005
0.09/0.57	0.575374	120	1329
0.09/0.60	0.60503	119	1430
0.09/0.64	0.643939	118	1561
0.69/0.77	0.767048	117	2068
0.79/0.84	0.837118	116	2359
2.07/2.09	2.09106	115	7906
2.18/2.24	2.24076	114	8550
2.58/2.69	2.68993	113	10698
3.78/3.89	3.89076	112	15979
4.38/4.66	4.66448	111	19484
4.89/4.91	4.91374	110	20545
7.19/7.48	7.48391	109	32137
