0.00/0.11	0.110079	166	0
0.00/0.11	0.114369	165	1
0.00/0.12	0.118586	164	2
0.00/0.12	0.1228	163	3
0.00/0.12	0.126974	162	4
0.00/0.13	0.131177	161	6
0.00/0.13	0.135338	160	7
0.00/0.14	0.139688	159	9
0.00/0.14	0.143773	158	10
0.00/0.15	0.147744	157	11
0.00/0.15	0.151647	156	12
0.00/0.15	0.155465	155	13
0.00/0.16	0.159193	154	14
0.00/0.16	0.162866	153	15
0.00/0.16	0.166707	152	16
0.00/0.17	0.170884	151	19
0.17/0.17	0.174612	150	20
0.17/0.18	0.178548	149	22
0.17/0.18	0.182946	148	26
0.17/0.18	0.186536	147	28
0.17/0.19	0.190857	146	32
0.17/0.19	0.194781	145	35
0.20/0.20	0.198994	144	39
0.20/0.20	0.202992	143	42
0.20/0.20	0.206757	142	44
0.20/0.21	0.210557	141	46
0.20/0.21	0.215059	140	51
0.20/0.22	0.218402	139	52
0.20/0.22	0.221784	138	54
0.20/0.22	0.225501	137	57
0.20/0.23	0.229528	136	60
0.20/0.23	0.235617	135	72
0.20/0.24	0.239957	134	77
0.20/0.24	0.245431	133	86
0.20/0.25	0.250692	132	95
0.20/0.25	0.256168	131	106
0.20/0.26	0.263883	130	124
0.20/0.27	0.268669	129	130
0.20/0.27	0.275595	128	145
0.20/0.28	0.282464	127	162
0.30/0.30	0.306656	126	249
0.30/0.31	0.316172	125	277
0.30/0.32	0.325361	124	313
0.30/0.35	0.355426	123	478
0.30/0.36	0.360946	122	488
0.59/0.62	0.624193	121	2290
0.59/0.68	0.683974	120	2699
0.69/0.71	0.711793	119	2802
0.69/0.78	0.784327	118	3099
0.69/0.79	0.796365	117	3138
0.79/0.87	0.875122	116	3454
0.99/1.01	1.01322	115	4029
1.39/1.52	1.52093	114	6209
1.39/1.55	1.5476	113	6313
3.19/3.22	3.22649	112	13830
11.29/11.38	11.3869	111	52186
18.13/18.18	18.1865	110	84174
20.08/20.17	20.1765	109	93062
