0.00/0.09	0.09709	163	0
0.00/0.10	0.101406	162	1
0.00/0.10	0.105563	161	2
0.00/0.11	0.109652	160	3
0.00/0.11	0.113788	159	4
0.00/0.11	0.11768	158	5
0.00/0.12	0.121662	157	6
0.00/0.12	0.125905	156	8
0.00/0.13	0.129729	155	9
0.00/0.13	0.133654	154	10
0.00/0.13	0.137399	153	11
0.00/0.14	0.141192	152	12
0.00/0.14	0.145359	151	14
0.00/0.15	0.149454	150	16
0.00/0.15	0.15345	149	18
0.00/0.16	0.157926	148	22
0.00/0.16	0.161825	147	24
0.00/0.16	0.165995	146	27
0.00/0.17	0.169553	145	28
0.00/0.17	0.173214	144	30
0.00/0.18	0.178486	143	38
0.00/0.18	0.182824	142	42
0.00/0.18	0.187064	141	46
0.00/0.19	0.192951	140	55
0.00/0.19	0.196904	139	58
0.00/0.20	0.201607	138	64
0.00/0.20	0.206401	137	70
0.00/0.21	0.212727	136	83
0.00/0.21	0.217133	135	89
0.00/0.22	0.221443	134	98
0.00/0.23	0.228411	133	114
0.00/0.23	0.233955	132	125
0.00/0.24	0.238311	131	134
0.00/0.24	0.243053	130	141
0.00/0.25	0.248211	129	154
0.00/0.25	0.253723	128	164
0.00/0.26	0.261106	127	182
0.00/0.26	0.267502	126	198
0.00/0.27	0.274684	125	212
0.00/0.30	0.301688	124	312
0.00/0.34	0.346236	123	493
0.00/0.37	0.368223	122	574
0.00/0.38	0.380029	121	613
0.41/0.46	0.462225	120	941
0.50/0.53	0.531333	119	1220
0.60/0.62	0.621405	118	1604
0.89/0.95	0.951789	117	3004
2.19/2.21	2.21186	116	8474
2.29/2.32	2.3221	115	8949
2.29/2.39	2.39671	114	9257
2.39/2.45	2.45767	113	9521
5.09/5.12	5.1241	112	21335
12.59/12.64	12.6447	111	56272
12.69/12.77	12.7675	110	56780
46.29/46.33	46.3308	109	208020
161.68/161.86	161.856	108	747262
