0.00/0.08	0.080437	156	0
0.00/0.08	0.084548	155	1
0.00/0.09	0.088592	154	2
0.00/0.09	0.092719	153	3
0.00/0.09	0.096684	152	4
0.00/0.10	0.1006	151	5
0.00/0.10	0.104489	150	7
0.00/0.11	0.108913	149	10
0.00/0.11	0.113067	148	12
0.00/0.11	0.117111	147	14
0.00/0.12	0.121113	146	16
0.00/0.12	0.125258	145	19
0.00/0.13	0.12971	144	23
0.00/0.13	0.133287	143	25
0.00/0.13	0.137821	142	30
0.00/0.14	0.142432	141	33
0.00/0.14	0.14657	140	36
0.00/0.15	0.151023	139	43
0.00/0.15	0.155558	138	49
0.00/0.16	0.159352	137	53
0.00/0.16	0.164279	136	60
0.00/0.17	0.16898	135	66
0.00/0.17	0.175428	134	79
0.00/0.18	0.185901	133	107
0.00/0.19	0.189151	132	108
0.00/0.19	0.193717	131	114
0.00/0.19	0.198221	130	120
0.00/0.20	0.203713	129	130
0.00/0.21	0.212942	128	157
0.00/0.23	0.229148	127	214
0.00/0.23	0.233527	126	220
0.00/0.24	0.239378	125	232
0.00/0.25	0.25033	124	265
0.00/0.27	0.268969	123	331
0.00/0.28	0.27989	122	363
0.30/0.32	0.321869	121	530
0.30/0.33	0.337957	120	587
0.40/0.44	0.4485	119	1066
0.40/0.49	0.497585	118	1263
0.50/0.58	0.58025	117	1602
0.99/1.04	1.04611	116	3689
1.19/1.20	1.19942	115	4329
1.50/1.54	1.54421	114	5839
1.69/1.74	1.74265	113	6737
3.59/3.65	3.6503	112	15474
14.59/14.95	14.9573	111	67495
15.29/15.30	15.3069	110	68984
286.59/286.64	286.639	109	1328535
