0.00/0.09	0.093293	163	0
0.00/0.10	0.09819	162	1
0.00/0.10	0.102808	161	2
0.10/0.10	0.107361	160	3
0.10/0.11	0.112133	159	5
0.10/0.11	0.1166	158	6
0.10/0.12	0.121001	157	7
0.10/0.12	0.125526	156	8
0.10/0.13	0.129745	155	9
0.10/0.13	0.13406	154	10
0.10/0.14	0.138958	153	13
0.10/0.14	0.143282	152	14
0.10/0.14	0.147512	151	15
0.10/0.15	0.151776	150	17
0.10/0.15	0.156332	149	21
0.10/0.16	0.160492	148	24
0.10/0.16	0.164212	147	25
0.10/0.17	0.168599	146	29
0.10/0.17	0.172442	145	31
0.10/0.17	0.176799	144	34
0.10/0.18	0.180557	143	36
0.10/0.18	0.185514	142	42
0.10/0.19	0.189385	141	45
0.10/0.19	0.193108	140	47
0.10/0.19	0.197037	139	50
0.20/0.20	0.200915	138	53
0.20/0.20	0.205258	137	58
0.20/0.21	0.20945	136	63
0.20/0.21	0.213483	135	66
0.20/0.22	0.218468	134	74
0.20/0.22	0.225193	133	85
0.20/0.23	0.232797	132	102
0.20/0.24	0.238761	131	114
0.20/0.24	0.242508	130	118
0.20/0.24	0.247584	129	127
0.20/0.25	0.252469	128	139
0.20/0.26	0.262243	127	165
0.20/0.28	0.28234	126	264
0.31/0.33	0.329516	125	464
0.31/0.33	0.336706	124	482
0.31/0.34	0.345005	123	518
0.31/0.35	0.357691	122	571
0.31/0.41	0.412187	121	789
0.31/0.43	0.428625	120	845
0.31/0.46	0.461683	119	974
0.31/0.61	0.608933	118	1723
0.94/0.97	0.973427	117	3304
0.99/1.02	1.02539	116	3521
1.09/1.13	1.13424	115	4063
2.49/2.51	2.50836	114	11057
3.10/3.17	3.16966	113	13926
5.49/5.56	5.56386	112	24547
11.89/11.93	11.9368	111	53360
15.00/15.30	15.3008	110	69380
15.00/15.38	15.3847	109	69732
200.29/200.49	200.49	108	927584
