0.10/0.11	0.109312	163	0
0.10/0.11	0.114053	162	1
0.10/0.12	0.118658	161	2
0.10/0.12	0.123186	160	3
0.10/0.13	0.127994	159	5
0.10/0.13	0.132456	158	6
0.10/0.13	0.136943	157	7
0.10/0.14	0.142414	156	8
0.10/0.15	0.148187	155	11
0.10/0.15	0.153378	154	13
0.10/0.16	0.159071	153	17
0.10/0.16	0.164107	152	19
0.10/0.17	0.168576	151	21
0.10/0.17	0.172923	150	23
0.10/0.18	0.178176	149	28
0.10/0.18	0.182789	148	31
0.10/0.18	0.187644	147	35
0.10/0.19	0.192176	146	38
0.10/0.19	0.196685	145	41
0.10/0.20	0.201426	144	45
0.20/0.20	0.206039	143	48
0.20/0.21	0.210212	142	50
0.20/0.21	0.214473	141	54
0.20/0.22	0.219182	140	58
0.20/0.22	0.225119	139	69
0.20/0.23	0.230048	138	74
0.20/0.23	0.236596	137	85
0.20/0.24	0.24348	136	98
0.20/0.25	0.250983	135	114
0.20/0.26	0.259529	134	134
0.20/0.26	0.266865	133	149
0.20/0.27	0.272581	132	158
0.20/0.27	0.277027	131	163
0.20/0.28	0.282491	130	172
0.20/0.28	0.287433	129	179
0.29/0.30	0.304094	128	255
0.29/0.31	0.312629	127	276
0.29/0.33	0.328233	126	322
0.29/0.34	0.339361	125	351
0.29/0.35	0.353713	124	414
0.29/0.39	0.390414	123	546
0.40/0.41	0.408122	122	602
0.40/0.43	0.432927	121	685
0.59/0.64	0.642541	120	1747
0.59/0.67	0.672225	119	1849
0.59/0.68	0.682462	118	1877
0.69/0.74	0.743717	117	2127
0.69/0.75	0.757439	116	2174
0.92/1.08	1.07985	115	3628
1.39/1.41	1.40963	114	5049
1.98/2.03	2.03679	113	7731
8.19/8.22	8.22394	112	35407
8.39/8.41	8.41305	111	36219
16.19/16.21	16.2074	110	72045
44.88/45.35	45.3516	109	208766
