0.10/0.11	0.111096	156	0
0.10/0.11	0.115495	155	1
0.10/0.12	0.119852	154	2
0.10/0.12	0.124237	153	3
0.10/0.13	0.128454	152	4
0.10/0.13	0.132637	151	5
0.10/0.13	0.137363	150	8
0.10/0.14	0.141762	149	10
0.10/0.14	0.146119	148	12
0.10/0.15	0.150273	147	14
0.10/0.15	0.154924	146	17
0.10/0.16	0.160333	145	23
0.10/0.16	0.164758	144	26
0.10/0.17	0.16893	143	28
0.10/0.17	0.172764	142	30
0.10/0.17	0.176869	141	32
0.10/0.18	0.181724	140	37
0.10/0.18	0.185777	139	40
0.10/0.19	0.189976	138	43
0.10/0.19	0.194635	137	47
0.19/0.20	0.199266	136	51
0.19/0.20	0.203512	135	54
0.19/0.21	0.207464	134	58
0.19/0.21	0.216462	133	79
0.19/0.22	0.22318	132	92
0.19/0.23	0.227937	131	98
0.19/0.23	0.234006	130	111
0.19/0.24	0.242107	129	129
0.19/0.26	0.258793	128	181
0.19/0.28	0.28151	127	254
0.29/0.32	0.321052	126	394
0.29/0.34	0.34026	125	454
0.29/0.35	0.355216	124	498
0.39/0.40	0.400101	123	660
0.39/0.42	0.424203	122	739
0.39/0.45	0.453098	121	834
0.39/0.45	0.456901	120	841
0.49/0.51	0.5141	119	1139
0.59/0.60	0.607273	118	1501
0.69/0.77	0.771647	117	2208
1.00/1.04	1.04306	116	3812
1.00/1.05	1.05254	115	3850
1.69/1.70	1.7015	114	7160
2.29/2.30	2.30714	113	9880
4.79/4.87	4.86867	112	21855
5.29/5.39	5.39464	111	24168
7.69/7.78	7.78181	110	34704
50.95/51.08	51.0804	109	233698
757.97/758.01	757.994	108	3521339
