0.00/0.08	0.081624	160	0
0.00/0.08	0.085856	159	1
0.00/0.09	0.089958	158	2
0.00/0.09	0.093955	157	3
0.00/0.09	0.097979	156	4
0.00/0.10	0.101938	155	5
0.00/0.10	0.105901	154	6
0.10/0.11	0.109846	153	7
0.10/0.11	0.113801	152	8
0.10/0.11	0.117819	151	10
0.10/0.12	0.12174	150	12
0.10/0.12	0.126126	149	15
0.10/0.13	0.130157	148	17
0.10/0.13	0.134783	147	21
0.10/0.14	0.138814	146	23
0.10/0.14	0.142833	145	25
0.10/0.14	0.146792	144	27
0.10/0.15	0.150788	143	29
0.10/0.15	0.156395	142	37
0.10/0.16	0.160994	141	44
0.10/0.16	0.164988	140	47
0.10/0.17	0.171114	139	56
0.10/0.17	0.17538	138	60
0.10/0.18	0.182286	137	74
0.10/0.18	0.187732	136	82
0.10/0.19	0.191553	135	85
0.10/0.19	0.197737	134	96
0.19/0.20	0.203971	133	109
0.19/0.20	0.208053	132	115
0.19/0.21	0.215242	131	132
0.19/0.22	0.222839	130	152
0.19/0.23	0.23322	129	182
0.19/0.24	0.239381	128	196
0.19/0.25	0.249289	127	236
0.19/0.25	0.254047	126	249
0.19/0.26	0.263111	125	277
0.19/0.27	0.274417	124	317
0.29/0.34	0.339432	123	577
0.29/0.37	0.371371	122	695
0.39/0.41	0.413822	121	859
0.39/0.42	0.41904	120	870
0.39/0.46	0.46769	119	1068
0.49/0.50	0.500917	118	1201
0.49/0.50	0.507608	117	1217
0.49/0.52	0.524827	116	1295
0.99/1.08	1.08364	115	3716
1.13/1.21	1.21722	114	4332
1.89/1.91	1.91041	113	7364
2.78/2.88	2.8873	112	11638
2.88/2.90	2.90686	111	11724
104.68/104.77	104.772	110	491686
108.18/108.24	108.237	109	507816
270.08/270.10	270.097	108	1260584
