0.00/0.11	0.111481	160	0
0.00/0.12	0.116117	159	1
0.00/0.12	0.120825	158	2
0.00/0.13	0.125361	157	3
0.00/0.13	0.129816	156	4
0.00/0.14	0.134261	155	5
0.00/0.14	0.138819	154	6
0.00/0.14	0.143054	153	7
0.00/0.15	0.147393	152	8
0.00/0.15	0.152015	151	10
0.00/0.16	0.156659	150	12
0.00/0.16	0.161138	149	14
0.16/0.17	0.16558	148	16
0.16/0.17	0.170295	147	19
0.16/0.18	0.175203	146	23
0.16/0.18	0.179407	145	25
0.16/0.18	0.183656	144	27
0.16/0.19	0.187944	143	29
0.16/0.19	0.192834	142	33
0.19/0.20	0.198163	141	39
0.19/0.20	0.202351	140	41
0.19/0.21	0.207636	139	47
0.19/0.21	0.211777	138	49
0.19/0.22	0.216709	137	56
0.19/0.22	0.221056	136	59
0.19/0.23	0.225879	135	64
0.19/0.23	0.23014	134	67
0.19/0.24	0.23963	133	89
0.19/0.25	0.244844	132	96
0.19/0.26	0.257173	131	129
0.19/0.28	0.274276	130	181
0.19/0.28	0.279377	129	188
0.19/0.29	0.287983	128	210
0.29/0.30	0.298389	127	237
0.29/0.31	0.306794	126	258
0.29/0.32	0.313856	125	273
0.29/0.33	0.328599	124	317
0.29/0.34	0.336508	123	344
0.29/0.36	0.361574	122	426
0.38/0.45	0.451177	121	793
0.38/0.46	0.460304	120	827
0.48/0.51	0.507271	119	995
0.58/0.62	0.620773	118	1447
0.58/0.68	0.678945	117	1688
0.68/0.75	0.745453	116	1965
0.68/0.76	0.760455	115	2018
2.38/2.75	2.74454	114	12111
3.78/3.98	3.98285	113	17568
5.18/5.28	5.27966	112	23285
9.49/9.70	9.69942	111	43021
65.69/65.71	65.7089	110	297141
365.98/366.05	366.038	109	1695374
