0.08/0.13	0.126143	246	0
0.08/0.14	0.132942	245	3
0.08/0.15	0.139475	244	6
0.08/0.15	0.145731	243	7
0.08/0.16	0.152592	242	12
0.08/0.17	0.159361	241	17
0.08/0.17	0.166231	240	22
0.18/0.21	0.198745	239	204
0.18/0.21	0.204862	238	205
0.28/0.30	0.28943	237	748
0.68/0.71	0.705834	236	3556
0.68/0.76	0.755602	235	3860
0.78/0.88	0.871384	234	4622
0.90/1.17	1.15815	233	6661
0.90/1.17	1.16378	232	6664
1.58/1.69	1.6828	231	10559
2.18/2.82	2.8119	230	18984
2.81/2.88	2.87053	229	19390
3.08/3.13	3.12545	228	21292
3.08/3.16	3.15073	227	21434
3.79/3.93	3.92137	226	27222
4.98/5.03	5.02437	225	35302
5.18/5.21	5.20064	224	36592
5.18/5.33	5.31881	223	37379
7.78/7.89	7.88649	222	56587
999.97/1000.04	7232900
