0.00/0.09	0.093252	244	0
0.00/0.10	0.102562	243	27
0.29/0.33	0.33796	242	1790
0.29/0.34	0.348196	241	1824
0.29/0.35	0.354006	240	1826
0.40/0.41	0.414085	239	2243
0.40/0.47	0.475744	238	2666
0.49/0.51	0.517952	237	2941
0.59/0.65	0.648395	236	3893
1.10/1.16	1.16234	235	7786
1.29/1.37	1.3758	234	9352
1.69/1.78	1.78646	233	12330
1.69/1.82	1.82384	232	12579
1.69/1.95	1.95406	231	13518
1.69/2.11	2.10862	230	14657
2.60/2.65	2.65255	229	18757
3.09/3.11	3.10854	228	22139
4.99/5.02	5.02504	227	36324
5.69/5.71	5.71065	226	41455
5.69/5.82	5.81866	225	42230
5.69/5.99	5.99425	224	43534
5.69/6.04	6.04309	223	43837
6.79/6.81	6.81165	222	49411
999.97/1000.02	7860021
