0.00/0.09	0.092702	244	0
0.00/0.10	0.099628	243	1
0.00/0.11	0.108974	242	27
0.00/0.11	0.114817	241	29
0.00/0.12	0.120754	240	32
0.00/0.37	0.371621	239	1886
0.76/0.82	0.787708	238	4993
1.16/1.30	1.27482	237	8629
1.40/1.67	1.64305	236	11382
1.76/1.81	1.77766	235	12369
4.36/4.40	4.36796	234	31750
4.36/4.40	4.37369	233	31753
4.36/4.45	4.4258	232	32110
4.36/4.46	4.43109	231	32111
4.75/4.90	4.86869	230	35331
4.86/4.99	4.96035	229	35966
5.16/5.63	5.60399	228	40615
6.16/6.23	6.1972	227	45012
6.74/6.99	6.9605	226	50726
7.86/8.07	8.03814	225	58659
7.86/8.26	8.22733	224	59980
7.86/8.39	8.36163	223	60890
8.96/9.00	8.96816	222	65255
999.93/1000.05	7216236
