0.00/0.10	0.096092	248	0
0.00/0.10	0.10341	247	7
0.00/0.11	0.109464	245	10
0.00/0.12	0.116033	243	18
0.00/0.12	0.121661	242	19
0.00/0.16	0.164214	241	299
0.00/0.17	0.170132	240	301
0.00/0.18	0.175768	239	302
0.00/0.18	0.1813	238	303
0.00/0.23	0.233475	237	652
0.00/0.27	0.267217	236	866
0.00/0.27	0.272689	235	867
0.00/0.30	0.30207	233	1046
0.00/0.43	0.43472	232	2001
0.79/0.86	0.85859	231	5180
1.40/1.44	1.4423	230	9591
2.19/2.29	2.28594	229	15778
2.48/2.53	2.52911	228	17576
3.88/3.95	3.9473	227	27881
4.89/4.99	4.99432	226	35571
6.59/6.64	6.64166	225	47544
9.13/9.17	9.17078	224	66332
10.09/10.44	10.4412	223	75785
10.09/10.58	10.5748	222	76688
999.77/1000.03	7249096
