0.10/0.11	0.112047	243	0
0.10/0.12	0.121416	242	20
0.10/0.13	0.130283	241	39
0.33/0.38	0.384354	240	1743
0.33/0.46	0.458967	239	2220
0.33/0.46	0.464953	238	2221
0.33/0.47	0.47217	237	2231
0.33/0.48	0.478047	236	2232
0.69/0.74	0.741608	235	4147
1.00/1.09	1.09167	234	6689
1.69/1.71	1.71599	233	11288
3.09/3.12	3.12195	232	21316
3.39/3.55	3.54879	231	24385
3.79/3.84	3.84449	230	26574
3.89/3.98	3.97783	229	27544
3.99/4.08	4.08391	228	28318
4.49/4.54	4.53954	227	31730
5.19/5.24	5.23972	226	36794
5.49/5.53	5.53657	225	39025
6.03/6.10	6.10586	224	43259
6.59/6.69	6.69536	223	47659
8.39/8.54	8.54638	222	61265
999.96/1000.03	7211799
