0.10/0.12	0.123573	244	0
0.89/0.94	0.940655	243	5580
1.04/1.05	1.05464	242	6349
1.04/1.25	1.25603	241	7852
1.04/1.42	1.42465	240	9083
1.04/1.43	1.43026	239	9086
1.04/1.43	1.43603	238	9089
1.60/1.66	1.66262	237	10724
1.60/1.68	1.67883	236	10794
1.60/1.68	1.68657	235	10809
1.69/1.79	1.78865	234	11491
2.18/2.20	2.20574	233	14584
2.18/2.26	2.26567	232	15004
2.39/2.78	2.78577	231	18895
2.87/2.96	2.96729	230	20239
3.09/3.12	3.12627	229	21387
3.79/4.08	4.0873	228	28382
4.79/4.89	4.89261	227	34273
5.29/5.56	5.5658	226	39194
5.29/5.59	5.59062	225	39340
5.29/5.66	5.65922	224	39809
6.59/6.66	6.66275	223	47176
6.79/6.90	6.90269	222	48983
999.97/1000.02	7217977
