0.00/0.09	0.093585	248	0
0.00/0.10	0.099746	247	1
0.00/0.10	0.105663	246	2
0.00/0.14	0.144061	245	238
0.16/0.18	0.188001	244	526
0.58/0.62	0.620433	243	3761
0.89/0.91	0.913691	241	5955
1.12/1.16	1.15952	240	7760
1.35/1.39	1.38954	239	9469
1.35/1.39	1.39516	238	9470
1.39/1.41	1.41493	237	9577
1.49/1.53	1.53345	236	10431
1.59/1.61	1.61144	235	10969
1.59/1.69	1.69664	234	11560
1.69/1.77	1.77283	233	12088
3.59/3.64	3.64135	232	26344
3.59/3.83	3.83117	231	27733
4.69/4.74	4.74608	230	34633
4.89/4.96	4.96401	229	36258
5.29/5.42	5.42366	228	39557
5.89/5.94	5.94792	227	43257
6.99/7.08	7.08017	226	51772
7.80/7.91	7.91737	225	58103
7.80/8.12	8.11862	224	59593
8.68/8.73	8.73807	223	64229
8.78/8.87	8.8761	222	65211
999.97/1000.02	7262847
