0.03/0.09	0.093305	246	0
0.10/0.10	0.099271	245	1
0.10/0.10	0.10509	244	2
0.10/0.11	0.111997	243	11
0.10/0.14	0.139674	242	184
0.10/0.14	0.145311	241	185
0.50/0.52	0.52005	240	2990
0.50/0.52	0.526322	239	2995
0.50/0.53	0.532435	238	2999
0.50/0.55	0.55215	237	3107
0.50/0.56	0.558505	236	3114
0.70/0.72	0.726819	235	4352
1.11/1.15	1.15006	234	7532
1.19/1.22	1.2245	233	8045
1.39/1.42	1.42704	232	9526
1.49/1.53	1.52856	231	10239
1.78/1.81	1.81059	230	12339
2.79/2.87	2.87493	229	20005
2.89/2.96	2.96036	228	20600
2.99/3.10	3.10062	227	21604
3.69/3.77	3.77473	226	26628
4.50/4.57	4.57058	225	32415
4.50/4.60	4.60177	224	32597
4.85/4.93	4.93156	223	35029
5.01/5.06	5.06081	222	35869
999.96/1000.02	6327430
