0.00/0.09	0.093073	244	0
0.11/0.16	0.167835	243	520
0.11/0.17	0.173405	242	521
0.19/0.24	0.245963	241	1012
0.79/1.19	1.18905	239	8122
1.24/1.27	1.27556	238	8730
1.24/1.28	1.2814	237	8734
1.24/1.28	1.28703	236	8737
1.29/1.36	1.36368	235	9274
1.46/1.53	1.53657	234	10512
1.56/1.57	1.57807	233	10784
1.56/1.58	1.58334	232	10785
1.89/1.97	1.97346	231	13663
1.89/1.98	1.98329	230	13694
3.39/3.40	3.40677	229	23973
3.89/3.90	3.89984	228	27669
4.00/4.20	4.20169	227	29868
4.00/4.29	4.28976	226	30455
4.69/4.79	4.78912	225	34064
4.89/4.92	4.92781	224	35069
5.48/6.04	6.04348	223	43288
6.39/6.47	6.47093	222	46409
999.59/1000.02	7233324
