0.10/0.14	0.140548	242	0
0.10/0.15	0.147835	241	1
0.10/0.16	0.156778	240	15
0.10/0.16	0.163523	239	17
0.10/0.17	0.170209	238	20
0.10/0.18	0.181114	237	51
0.10/0.19	0.187124	236	52
0.10/0.19	0.195705	235	72
0.50/0.58	0.58637	234	3237
0.90/1.22	1.22125	233	7838
2.19/2.25	2.2488	232	15339
2.29/2.62	2.62161	231	18118
2.29/2.72	2.72254	230	18841
3.19/3.26	3.26653	229	22795
3.90/4.31	4.31632	228	30533
5.29/5.44	5.44593	227	38928
5.99/6.02	6.02116	226	43163
6.09/6.17	6.17514	225	44208
6.19/6.22	6.22358	224	44504
6.79/6.80	6.80164	223	48631
6.79/7.18	7.18014	222	51409
999.96/1000.03	7253831
