0.20/0.25	0.251032	1128	0
0.20/0.25	0.251425	1127	2
0.20/0.25	0.252089	1126	7
0.20/0.25	0.252282	1125	8
0.20/0.25	0.252604	1124	10
0.20/0.25	0.252899	1123	11
0.20/0.25	0.253566	1122	16
0.20/0.25	0.254613	1121	24
0.20/0.25	0.256572	1120	38
0.20/0.25	0.257722	1119	46
0.20/0.26	0.26051	1118	65
0.20/0.26	0.262693	1117	80
0.20/0.26	0.265439	1116	101
0.20/0.26	0.266494	1115	108
0.20/0.26	0.267608	1114	116
0.20/0.27	0.267942	1113	118
0.20/0.27	0.269328	1112	128
0.20/0.27	0.270689	1111	138
0.20/0.27	0.272417	1110	151
0.20/0.28	0.285886	1109	259
0.20/0.28	0.286868	1108	266
0.20/0.29	0.289534	1107	286
0.20/0.29	0.290353	1106	291
0.20/0.29	0.29398	1105	318
0.29/0.30	0.303752	1104	392
0.29/0.32	0.324638	1103	545
0.29/0.37	0.374628	1102	931
0.29/0.38	0.378431	1101	959
0.39/0.42	0.421098	1100	1280
999.96/1000.02	8274366
