0.20/0.20	0.206038	1125	0
0.20/0.20	0.206959	1124	7
0.20/0.21	0.209152	1122	25
0.20/0.21	0.210132	1121	32
0.20/0.21	0.211272	1120	40
0.20/0.21	0.213938	1119	62
0.20/0.21	0.214932	1118	70
0.20/0.21	0.216514	1117	83
0.20/0.21	0.21718	1116	88
0.20/0.22	0.218425	1115	97
0.20/0.22	0.222409	1114	129
0.20/0.22	0.226432	1113	162
0.20/0.23	0.228708	1112	181
0.20/0.23	0.231217	1111	200
0.20/0.23	0.234232	1110	224
0.20/0.23	0.237925	1109	254
0.20/0.24	0.238345	1108	256
0.20/0.24	0.247326	1107	332
0.20/0.24	0.247778	1106	335
0.20/0.25	0.249841	1105	351
0.20/0.25	0.253387	1104	379
0.20/0.25	0.25427	1103	385
0.20/0.26	0.26107	1102	440
0.20/0.26	0.261753	1101	445
0.20/0.33	0.334084	1100	1056
999.96/1000.03	8181410
