0.00/0.21	0.216764	1142	0
0.00/0.21	0.217289	1141	2
0.00/0.22	0.217974	1140	7
0.00/0.22	0.218194	1139	8
0.00/0.22	0.21854	1138	10
0.00/0.22	0.218728	1137	11
0.00/0.22	0.21916	1136	14
0.00/0.22	0.219613	1134	16
0.00/0.22	0.219803	1133	17
0.00/0.22	0.220294	1132	20
0.00/0.22	0.220809	1131	24
0.00/0.22	0.221125	1130	26
0.00/0.22	0.221329	1129	27
0.00/0.22	0.221673	1128	29
0.00/0.22	0.222627	1127	35
0.00/0.22	0.223595	1126	42
0.00/0.22	0.224795	1125	51
0.00/0.22	0.225396	1124	55
0.00/0.22	0.226072	1123	59
0.00/0.22	0.226404	1122	61
0.00/0.22	0.226948	1121	65
0.00/0.22	0.227164	1120	66
0.00/0.23	0.22799	1119	72
0.00/0.23	0.229308	1118	82
0.00/0.23	0.229998	1117	87
0.00/0.23	0.230912	1116	93
0.00/0.23	0.231724	1115	99
0.00/0.23	0.234736	1114	123
0.00/0.23	0.235201	1113	126
0.00/0.23	0.235623	1112	129
0.00/0.24	0.23855	1111	152
0.00/0.24	0.24199	1110	179
0.00/0.24	0.245011	1109	202
0.00/0.24	0.245218	1108	203
0.00/0.25	0.248487	1107	229
0.00/0.25	0.249887	1106	240
0.00/0.25	0.252625	1105	262
0.00/0.26	0.266245	1104	371
0.00/0.28	0.27988	1103	482
0.00/0.28	0.281897	1102	498
0.00/0.28	0.283935	1101	516
0.00/0.36	0.356601	1100	1114
999.95/1000.04	8311556
