0.19/0.22	0.225535	1123	0
0.19/0.22	0.226481	1122	6
0.19/0.22	0.227705	1121	16
0.19/0.23	0.228347	1120	21
0.19/0.23	0.229321	1119	29
0.19/0.23	0.229656	1118	31
0.19/0.23	0.229851	1117	32
0.19/0.23	0.230969	1116	41
0.19/0.23	0.234662	1115	72
0.19/0.24	0.238343	1114	104
0.19/0.24	0.23978	1113	114
0.19/0.24	0.240483	1112	119
0.19/0.24	0.247129	1111	172
0.19/0.24	0.247604	1110	175
0.19/0.25	0.248562	1109	182
0.19/0.25	0.251345	1108	206
0.19/0.25	0.257473	1107	256
0.19/0.26	0.25807	1106	260
0.19/0.26	0.259855	1105	275
0.19/0.26	0.26067	1104	281
0.19/0.26	0.264545	1103	314
0.19/0.29	0.296949	1102	588
0.38/0.41	0.41408	1101	1554
0.38/0.48	0.478895	1100	2073
999.95/1000.03	8291664
