0.00/0.24	0.242032	1132	0
0.00/0.24	0.242325	1131	1
0.00/0.25	0.243638	1130	12
0.00/0.25	0.244532	1129	19
0.00/0.25	0.247938	1128	50
0.00/0.25	0.248557	1127	54
0.00/0.25	0.249512	1126	62
0.00/0.25	0.249838	1125	64
0.00/0.26	0.253415	1124	93
0.00/0.26	0.253611	1123	94
0.00/0.26	0.253803	1122	95
0.00/0.26	0.254212	1121	97
0.00/0.26	0.254671	1120	100
0.00/0.26	0.257776	1119	125
0.00/0.26	0.257983	1118	126
0.00/0.26	0.260579	1117	146
0.00/0.26	0.261998	1116	156
0.00/0.27	0.263074	1115	164
0.00/0.27	0.265283	1114	182
0.00/0.27	0.265517	1113	183
0.00/0.27	0.267314	1112	197
0.00/0.27	0.269325	1111	212
0.00/0.28	0.281744	1110	317
0.00/0.29	0.284848	1109	344
0.00/0.30	0.293168	1108	413
0.00/0.31	0.304173	1107	507
0.00/0.33	0.322075	1106	660
0.00/0.34	0.333374	1105	757
0.00/0.35	0.34238	1104	831
0.00/0.36	0.357142	1103	953
0.00/0.37	0.368699	1102	1049
0.38/0.45	0.450324	1101	1736
0.48/0.51	0.50749	1100	2237
999.95/1000.03	8327703
