0.22/0.33	0.256265	1124	0
0.22/0.33	0.257487	1123	8
0.22/0.33	0.257818	1122	10
0.22/0.33	0.258124	1121	12
0.22/0.33	0.258449	1120	14
0.22/0.33	0.259759	1119	23
0.22/0.34	0.262119	1118	41
0.22/0.34	0.263895	1116	54
0.22/0.34	0.265121	1115	62
0.22/0.34	0.266701	1114	72
0.22/0.34	0.269484	1113	92
0.22/0.34	0.269732	1112	93
0.22/0.35	0.271659	1111	106
0.22/0.35	0.273455	1110	118
0.22/0.35	0.274706	1109	126
0.22/0.35	0.279754	1108	163
0.22/0.36	0.289762	1107	237
0.22/0.37	0.293442	1106	263
0.22/0.37	0.296199	1105	283
0.22/0.38	0.301323	1104	320
0.32/0.40	0.325392	1103	502
0.32/0.43	0.352468	1102	701
0.32/0.43	0.354733	1101	716
0.32/0.45	0.372185	1100	846
999.78/1000.11	8233472
