0.09/0.21	0.214981	1127	0
0.09/0.21	0.216894	1126	16
0.09/0.22	0.222098	1125	63
0.09/0.22	0.223511	1124	74
0.09/0.22	0.223717	1123	75
0.09/0.22	0.227644	1122	106
0.09/0.22	0.22795	1121	108
0.09/0.23	0.229311	1120	119
0.09/0.23	0.235736	1119	171
0.09/0.23	0.23674	1118	179
0.09/0.23	0.237508	1117	185
0.09/0.24	0.242256	1116	224
0.09/0.24	0.243085	1114	230
0.09/0.24	0.245923	1113	253
0.09/0.25	0.24856	1112	268
0.09/0.25	0.251176	1111	290
0.09/0.26	0.260615	1110	369
0.09/0.26	0.261458	1109	376
0.09/0.27	0.276102	1108	498
0.09/0.28	0.2807	1107	537
0.09/0.28	0.283276	1106	557
0.09/0.28	0.284636	1105	568
0.09/0.29	0.297691	1104	676
0.09/0.30	0.306717	1103	751
0.09/0.35	0.352267	1102	1145
0.09/0.40	0.399343	1101	1540
0.09/0.55	0.552496	1100	2825
999.95/1000.03	8164801
