0.00/0.24	0.238515	1130	0
0.00/0.24	0.239148	1129	4
0.00/0.24	0.240396	1128	14
0.00/0.24	0.241552	1127	23
0.00/0.24	0.242846	1126	33
0.00/0.24	0.243041	1125	34
0.00/0.24	0.244625	1124	46
0.00/0.24	0.245032	1123	48
0.00/0.24	0.245619	1122	52
0.00/0.24	0.246843	1121	61
0.00/0.25	0.247795	1120	68
0.00/0.25	0.248757	1119	75
0.00/0.25	0.249703	1118	81
0.00/0.25	0.250955	1117	90
0.00/0.25	0.253471	1116	109
0.00/0.25	0.253669	1115	110
0.00/0.25	0.255863	1114	128
0.00/0.25	0.256623	1113	134
0.00/0.26	0.25944	1112	156
0.00/0.26	0.266199	1111	211
0.00/0.26	0.266397	1110	212
0.00/0.27	0.267653	1109	221
0.00/0.27	0.276409	1108	287
0.00/0.28	0.278524	1107	303
0.00/0.28	0.280461	1106	319
0.00/0.28	0.281409	1105	326
0.00/0.28	0.285537	1104	357
0.28/0.29	0.292051	1103	408
0.28/0.29	0.295074	1102	431
0.30/0.32	0.321604	1101	655
0.30/0.34	0.344162	1100	847
999.96/1000.03	8256623
