0.20/0.24	0.244541	1130	0
0.20/0.24	0.245282	1129	4
0.20/0.24	0.246257	1128	11
0.20/0.24	0.247602	1127	21
0.20/0.24	0.247814	1126	22
0.20/0.25	0.248689	1125	28
0.20/0.25	0.249079	1124	30
0.20/0.25	0.249989	1123	36
0.20/0.25	0.255321	1122	75
0.20/0.25	0.255926	1121	79
0.20/0.25	0.256398	1120	82
0.20/0.26	0.258329	1119	97
0.20/0.26	0.258767	1118	100
0.20/0.26	0.258991	1117	101
0.20/0.26	0.259182	1116	102
0.20/0.26	0.260727	1115	114
0.20/0.26	0.261336	1114	118
0.20/0.26	0.2617	1113	120
0.20/0.26	0.26295	1112	128
0.20/0.26	0.265049	1111	142
0.20/0.26	0.266244	1110	150
0.20/0.27	0.270519	1109	180
0.20/0.27	0.271941	1108	190
0.20/0.27	0.272541	1107	194
0.20/0.27	0.274348	1106	206
0.20/0.28	0.286306	1105	295
0.20/0.29	0.290576	1104	326
0.30/0.31	0.311915	1103	482
0.30/0.32	0.327723	1102	597
0.30/0.35	0.355976	1101	809
0.39/0.46	0.467391	1100	1657
999.97/1000.02	8183590
