0.19/0.25	0.257155	1128	0
0.19/0.26	0.257876	1127	4
0.19/0.26	0.258957	1126	11
0.19/0.26	0.260911	1125	26
0.19/0.26	0.262078	1124	34
0.19/0.26	0.26258	1123	37
0.19/0.26	0.264191	1122	47
0.19/0.26	0.265202	1121	54
0.19/0.26	0.26654	1120	63
0.19/0.27	0.2678	1119	71
0.19/0.27	0.268015	1118	72
0.19/0.27	0.269849	1117	84
0.19/0.27	0.271164	1116	93
0.19/0.27	0.275784	1115	126
0.19/0.28	0.279054	1114	152
0.19/0.28	0.28054	1113	163
0.19/0.28	0.284329	1112	191
0.19/0.28	0.285124	1111	196
0.19/0.28	0.28588	1110	201
0.19/0.29	0.292935	1109	253
0.19/0.29	0.29575	1108	273
0.29/0.30	0.29793	1107	289
0.29/0.30	0.298836	1106	295
0.29/0.31	0.312303	1105	398
0.29/0.31	0.313164	1104	403
0.29/0.33	0.331916	1103	546
0.29/0.33	0.334192	1102	562
0.29/0.35	0.351487	1101	691
0.29/0.39	0.389584	1100	972
999.86/1000.04	8267024
