0.49/0.53	0.531978	198	0
0.49/0.55	0.555465	197	1
0.49/0.58	0.579215	196	2
0.59/0.60	0.602733	195	3
0.59/0.62	0.625643	194	4
0.59/0.65	0.648653	193	5
0.59/0.67	0.672317	192	7
0.59/0.69	0.694928	190	8
0.69/0.71	0.71718	189	9
0.69/0.74	0.739755	188	10
0.69/0.76	0.761753	187	11
0.69/0.78	0.783848	186	13
0.79/0.80	0.806028	185	15
0.79/0.83	0.829157	184	17
0.79/0.85	0.855436	183	24
0.79/0.87	0.877286	182	25
0.79/0.90	0.899052	181	27
0.79/0.92	0.921173	180	29
0.79/0.94	0.943626	179	32
0.79/0.97	0.968533	178	38
0.79/0.99	0.9891	177	39
0.79/1.01	1.01324	176	44
0.79/1.03	1.03533	175	47
0.79/1.05	1.05657	174	50
0.79/1.08	1.08128	173	59
0.79/1.11	1.11059	172	74
0.79/1.13	1.13672	171	85
0.79/1.16	1.15877	170	90
0.79/1.18	1.1811	169	94
0.79/1.20	1.20086	168	96
0.79/1.23	1.22835	167	108
0.79/1.25	1.25195	166	114
0.79/1.27	1.27704	165	123
0.79/1.30	1.29854	164	127
0.79/1.32	1.3198	163	131
0.79/1.34	1.33865	162	133
0.79/1.37	1.37324	161	156
0.79/1.39	1.3972	160	163
0.79/1.42	1.42007	159	171
1.42/1.46	1.4649	158	210
1.42/1.48	1.48463	157	213
1.42/1.51	1.5086	156	222
1.50/1.56	1.56322	155	278
1.60/1.62	1.62092	154	337
1.60/1.65	1.64926	153	353
1.69/1.71	1.71638	152	427
1.69/1.77	1.76825	151	485
1.79/1.84	1.83816	150	561
1.79/1.86	1.85875	149	567
1.88/1.90	1.90545	148	610
1.88/1.92	1.92744	147	617
1.88/1.98	1.98343	146	669
1.98/2.09	2.09608	145	825
2.19/2.26	2.25956	144	1059
2.29/2.32	2.32246	143	1134
2.29/2.69	2.69221	142	1701
2.29/2.76	2.76214	141	1785
2.29/2.78	2.77908	140	1789
3.28/3.39	3.3966	139	2720
3.39/3.48	3.48308	138	2832
3.79/3.87	3.87451	137	3416
3.79/4.27	4.27448	136	4018
4.39/4.47	4.47054	135	4299
5.09/5.18	5.18731	134	5422
7.58/7.68	7.68209	133	9393
9.58/10.03	10.0327	132	13132
10.29/10.37	10.3688	131	13605
12.19/12.20	12.2041	130	16386
12.29/12.36	12.3667	129	16586
388.49/388.65	388.638	128	626442
392.28/392.32	392.312	127	631888
395.28/395.35	395.337	126	636259
1000.27/1000.34	731.995	25708173	1621530
