0.00/0.14	0.13772	238	0
0.00/0.14	0.146284	237	1
0.00/0.15	0.154829	236	2
0.00/0.16	0.163271	235	3
0.16/0.17	0.171581	234	4
0.16/0.18	0.179698	233	5
0.16/0.19	0.187918	232	6
0.16/0.19	0.19636	231	7
0.19/0.20	0.204357	230	8
0.19/0.21	0.212399	229	9
0.19/0.22	0.220963	228	11
0.19/0.23	0.228942	227	12
0.19/0.23	0.236718	226	13
0.19/0.24	0.244497	225	14
0.19/0.25	0.251991	224	15
0.19/0.26	0.260464	223	18
0.19/0.27	0.268011	222	19
0.19/0.27	0.275566	221	20
0.19/0.28	0.283026	220	21
0.19/0.29	0.29123	219	23
0.29/0.30	0.299329	218	25
0.29/0.30	0.307052	217	27
0.29/0.31	0.314591	216	28
0.29/0.32	0.323068	215	32
0.29/0.33	0.332957	214	38
0.29/0.34	0.34086	213	40
0.29/0.35	0.347921	212	41
0.29/0.35	0.355945	211	44
0.29/0.36	0.364823	210	47
0.29/0.37	0.373972	209	51
0.29/0.38	0.381871	208	54
0.39/0.40	0.398261	207	74
0.39/0.41	0.408327	206	82
0.39/0.42	0.421029	205	95
0.39/0.43	0.428344	204	97
0.39/0.44	0.437762	203	103
0.39/0.45	0.456272	202	126
0.39/0.48	0.484575	201	171
0.49/0.50	0.503294	200	197
0.49/0.52	0.52126	199	221
0.49/0.53	0.529988	198	227
0.49/0.54	0.544038	197	242
0.49/0.56	0.564877	196	272
0.49/0.58	0.58067	195	293
0.58/0.60	0.605279	194	343
0.79/0.80	0.798059	193	835
0.79/0.82	0.821542	192	884
0.88/0.94	0.946607	191	1205
0.88/0.95	0.954109	190	1214
0.88/0.96	0.960974	189	1221
0.88/0.97	0.973841	188	1244
0.98/1.00	0.999	187	1305
0.98/1.00	1.00463	186	1309
0.98/1.03	1.03328	185	1376
1.89/1.97	1.97131	184	3678
3.59/3.69	3.69041	183	8196
3.99/4.07	4.07193	182	9239
5.49/5.60	5.59968	181	13356
8.68/8.78	8.77769	180	21754
9.18/9.22	9.22465	179	22956
29.49/29.52	29.5228	178	75788
76.29/76.36	76.3632	177	198857
77.14/77.20	77.1993	176	201151
389.97/390.03	390.02	175	1052279
862.60/862.66	862.631	174	2318195
916.41/916.47	916.444	173	2458355
