0.09/0.14	0.144865	240	0
0.09/0.15	0.153599	238	1
0.09/0.16	0.162086	237	2
0.09/0.17	0.170581	236	3
0.09/0.18	0.178988	235	4
0.09/0.19	0.187595	234	6
0.09/0.19	0.196022	232	7
0.19/0.20	0.204305	231	8
0.19/0.21	0.212492	230	9
0.19/0.22	0.220325	229	10
0.19/0.23	0.228343	228	11
0.19/0.23	0.236213	227	12
0.19/0.24	0.24483	226	14
0.19/0.25	0.252624	225	15
0.19/0.26	0.260556	224	16
0.19/0.27	0.268403	223	17
0.19/0.27	0.276668	222	19
0.19/0.28	0.284492	221	20
0.19/0.29	0.292309	220	21
0.29/0.30	0.301526	219	26
0.29/0.31	0.309561	218	28
0.29/0.32	0.318847	217	33
0.29/0.33	0.328528	216	38
0.29/0.33	0.336685	215	40
0.29/0.34	0.344125	214	41
0.29/0.35	0.35419	213	47
0.29/0.36	0.362235	212	50
0.29/0.39	0.388192	211	87
0.29/0.39	0.395091	210	88
0.39/0.40	0.405055	209	95
0.39/0.41	0.413027	208	98
0.39/0.42	0.426095	207	110
0.39/0.43	0.435185	206	115
0.39/0.44	0.444864	205	121
0.39/0.45	0.456591	204	131
0.39/0.47	0.473229	203	152
0.39/0.48	0.483411	202	159
0.49/0.52	0.521657	201	224
0.49/0.53	0.528698	200	226
0.49/0.54	0.545077	199	249
0.49/0.55	0.556061	198	259
0.49/0.58	0.58638	197	309
0.59/0.61	0.615551	196	354
0.59/0.63	0.628975	195	369
0.59/0.68	0.680786	194	484
0.69/0.75	0.754994	193	675
0.69/0.79	0.792823	192	765
0.79/0.85	0.8502	191	902
0.79/0.85	0.856075	190	907
0.89/0.96	0.966636	189	1170
1.59/1.60	1.59946	188	2830
1.89/1.94	1.9375	187	3684
2.29/2.33	2.33168	186	4760
2.69/2.72	2.71811	185	5788
3.49/3.59	3.59255	184	8018
5.79/5.84	5.83946	183	14311
5.89/5.94	5.94684	182	14620
6.09/6.17	6.17047	181	15223
6.19/6.23	6.2299	180	15371
7.99/8.05	8.05693	179	19748
23.69/23.79	23.7874	178	63484
33.89/33.96	33.963	177	90380
75.39/75.46	75.4643	176	202311
239.58/239.65	239.647	175	667465
249.48/249.54	249.538	174	695547
