0.09/0.14	0.145988	244	0
0.09/0.15	0.154739	243	1
0.09/0.16	0.163348	242	2
0.09/0.17	0.171914	241	3
0.09/0.18	0.180501	240	4
0.09/0.19	0.188963	239	5
0.09/0.20	0.197499	238	6
0.19/0.20	0.206031	237	7
0.19/0.21	0.214332	236	8
0.19/0.22	0.222896	235	10
0.19/0.23	0.230897	234	11
0.19/0.24	0.239177	233	12
0.19/0.24	0.247138	232	13
0.19/0.25	0.255243	231	14
0.19/0.26	0.263885	230	16
0.19/0.27	0.272353	229	18
0.19/0.28	0.280134	228	19
0.19/0.29	0.288392	227	21
0.19/0.29	0.29716	226	24
0.29/0.30	0.305151	225	25
0.29/0.31	0.31314	224	27
0.29/0.32	0.321457	223	29
0.29/0.33	0.330108	222	32
0.29/0.34	0.33864	221	36
0.29/0.34	0.346717	220	38
0.29/0.36	0.357363	219	47
0.29/0.36	0.365959	218	51
0.29/0.37	0.374003	217	53
0.29/0.38	0.383207	216	56
0.29/0.39	0.391693	215	59
0.39/0.40	0.402003	214	66
0.39/0.41	0.409159	213	67
0.39/0.42	0.418351	212	72
0.39/0.43	0.430076	211	83
0.39/0.44	0.4387	210	87
0.39/0.45	0.456614	209	109
0.39/0.46	0.463632	208	110
0.39/0.48	0.477895	207	125
0.39/0.48	0.485885	206	128
0.39/0.49	0.495238	205	134
0.49/0.50	0.503011	204	137
0.49/0.51	0.511965	203	142
0.49/0.53	0.531999	202	169
0.49/0.54	0.540108	201	173
0.49/0.55	0.556568	200	194
0.49/0.59	0.588372	199	248
0.49/0.59	0.597047	198	253
0.59/0.63	0.631647	197	311
0.59/0.65	0.651268	196	339
0.59/0.66	0.658836	195	342
0.59/0.67	0.670512	194	353
0.59/0.67	0.677061	193	358
0.59/0.69	0.696563	192	400
0.79/0.82	0.819454	191	717
0.79/0.82	0.827116	190	726
1.10/1.14	1.14148	189	1362
1.19/1.23	1.23593	188	1520
1.19/1.27	1.27659	187	1584
1.39/1.40	1.40446	186	1837
1.39/1.48	1.47974	185	1971
1.69/1.75	1.74924	184	2595
2.28/2.39	2.39384	183	4040
2.38/2.40	2.40126	182	4044
3.48/3.55	3.55628	181	6570
4.69/4.71	4.71528	180	9219
12.69/12.77	12.7717	179	30411
12.89/12.96	12.9635	178	30938
42.68/42.72	42.7171	177	109358
124.49/124.51	124.512	176	332359
139.59/139.68	139.681	175	372849
638.27/638.39	638.377	174	1715594
