0.10/0.14	0.144595	244	0
0.10/0.15	0.153537	243	1
0.10/0.16	0.162255	242	2
0.10/0.17	0.170998	241	3
0.10/0.18	0.179458	240	4
0.10/0.19	0.187908	239	5
0.10/0.19	0.196342	238	6
0.19/0.20	0.204728	237	7
0.19/0.21	0.212991	236	8
0.19/0.22	0.221279	235	9
0.19/0.23	0.229483	234	10
0.19/0.24	0.237964	233	11
0.19/0.24	0.246136	232	12
0.19/0.25	0.25416	231	13
0.19/0.26	0.262354	230	14
0.19/0.27	0.270412	229	15
0.19/0.28	0.279803	228	19
0.19/0.29	0.288232	227	22
0.19/0.29	0.296716	226	24
0.29/0.30	0.305218	225	26
0.29/0.31	0.312927	224	27
0.29/0.32	0.32163	223	29
0.29/0.33	0.330433	221	32
0.29/0.34	0.338748	220	34
0.29/0.34	0.347233	219	37
0.29/0.35	0.355983	218	40
0.29/0.36	0.363364	217	41
0.29/0.37	0.374934	216	50
0.29/0.38	0.38218	215	51
0.29/0.39	0.391053	214	55
0.39/0.40	0.398944	213	57
0.39/0.40	0.40605	212	58
0.39/0.41	0.416795	211	67
0.39/0.42	0.426089	210	71
0.39/0.44	0.446018	209	97
0.39/0.45	0.453911	208	100
0.39/0.46	0.462658	207	104
0.39/0.47	0.471798	206	109
0.39/0.48	0.480672	205	114
0.39/0.49	0.488073	204	116
0.49/0.50	0.49883	203	125
0.49/0.54	0.540834	202	195
0.49/0.55	0.552245	201	205
0.59/0.61	0.615261	200	318
0.59/0.65	0.654866	199	393
0.59/0.66	0.661397	198	398
0.59/0.67	0.671603	197	415
0.69/0.71	0.71531	196	529
0.69/0.72	0.721885	195	534
0.69/0.73	0.731574	194	551
0.69/0.74	0.737946	193	557
0.79/0.89	0.896078	192	965
0.89/0.92	0.924353	191	1034
1.00/1.06	1.05842	190	1360
1.00/1.09	1.08918	189	1437
1.10/1.12	1.12249	188	1518
1.10/1.14	1.14544	187	1571
1.20/1.20	1.20586	186	1736
1.89/1.99	1.99037	185	3809
1.99/2.07	2.07258	184	4019
2.29/2.30	2.30707	183	4637
4.49/4.53	4.53607	182	11018
6.28/6.33	6.32885	181	16137
10.49/10.59	10.5964	180	28581
10.90/11.00	11.0029	179	29715
14.19/14.29	14.2874	178	38996
28.39/28.40	28.404	177	78027
69.19/69.27	69.2687	176	192002
296.48/296.51	296.507	175	823059
