0.10/0.16	0.157525	239	0
0.10/0.17	0.16824	238	1
0.10/0.18	0.178662	236	2
0.10/0.19	0.188124	235	3
0.10/0.19	0.197171	234	4
0.19/0.20	0.205754	233	5
0.19/0.21	0.214112	232	6
0.19/0.22	0.222313	231	7
0.19/0.23	0.230413	230	8
0.19/0.24	0.238954	229	10
0.19/0.24	0.246703	228	11
0.19/0.25	0.254463	227	12
0.19/0.26	0.262321	226	13
0.19/0.27	0.270162	225	14
0.19/0.28	0.278913	224	17
0.19/0.28	0.286684	223	18
0.19/0.29	0.294281	222	19
0.29/0.30	0.302159	221	20
0.29/0.31	0.31058	220	23
0.29/0.32	0.318454	219	24
0.29/0.32	0.325826	218	25
0.29/0.33	0.334919	217	29
0.29/0.34	0.342953	216	31
0.29/0.35	0.350908	215	33
0.29/0.36	0.360184	214	36
0.29/0.37	0.373148	213	45
0.29/0.38	0.382768	212	48
0.29/0.39	0.392657	211	51
0.39/0.40	0.402343	210	55
0.39/0.41	0.417338	209	68
0.39/0.43	0.428246	208	74
0.39/0.44	0.437992	207	78
0.39/0.44	0.447264	206	81
0.39/0.46	0.457386	205	85
0.39/0.46	0.464933	204	86
0.49/0.50	0.506361	203	146
0.49/0.51	0.516651	202	152
0.49/0.53	0.527844	201	160
0.49/0.54	0.54508	200	179
0.49/0.58	0.582099	199	232
0.49/0.59	0.593687	198	240
0.59/0.60	0.603431	197	245
0.59/0.62	0.622274	196	267
0.59/0.63	0.630722	195	271
0.59/0.64	0.646227	194	290
0.69/0.71	0.715298	193	416
0.69/0.74	0.737464	192	449
0.89/0.94	0.943913	191	832
0.89/0.95	0.950786	190	840
0.89/1.00	0.99891	189	966
1.00/1.03	1.03535	188	1061
1.10/1.14	1.14526	187	1353
1.10/1.17	1.17172	186	1417
1.10/1.18	1.17736	185	1422
1.58/1.62	1.61907	184	2667
2.10/2.12	2.11828	183	4039
2.20/2.22	2.2238	182	4302
2.20/2.25	2.25412	181	4380
2.29/2.38	2.37885	180	4734
11.09/11.12	11.1221	179	27615
13.79/13.82	13.8188	178	34668
19.98/20.01	20.0104	177	51208
41.49/41.55	41.5532	176	106408
82.09/82.16	82.1584	175	211601
82.09/82.19	82.1922	174	211690
178.38/178.41	178.409	173	458378
