0.10/0.14	0.142188	243	0
0.10/0.15	0.151564	242	2
0.10/0.16	0.160236	241	3
0.10/0.17	0.170301	240	4
0.10/0.18	0.179985	239	5
0.10/0.19	0.189271	238	6
0.20/0.20	0.198601	237	7
0.20/0.20	0.207113	236	8
0.20/0.21	0.215555	235	9
0.20/0.22	0.223869	234	10
0.20/0.23	0.23277	233	13
0.20/0.24	0.240751	232	14
0.20/0.25	0.248556	231	15
0.20/0.25	0.256723	230	16
0.20/0.26	0.264655	229	17
0.20/0.27	0.273696	228	20
0.20/0.28	0.282869	227	23
0.20/0.29	0.292451	226	25
0.29/0.30	0.30362	225	30
0.29/0.31	0.315255	224	36
0.29/0.32	0.324109	223	37
0.29/0.33	0.334747	222	41
0.29/0.34	0.34515	221	45
0.29/0.35	0.355574	220	49
0.29/0.36	0.364536	219	51
0.29/0.37	0.373847	217	53
0.29/0.38	0.382741	216	55
0.29/0.39	0.39486	215	62
0.40/0.40	0.407449	214	70
0.40/0.42	0.417501	213	75
0.40/0.42	0.427093	212	79
0.40/0.43	0.435956	211	82
0.40/0.44	0.446616	210	88
0.40/0.46	0.457748	209	95
0.40/0.47	0.469046	208	102
0.40/0.48	0.478945	207	106
0.40/0.49	0.488371	206	110
0.49/0.50	0.500784	205	118
0.49/0.51	0.509414	204	121
0.49/0.52	0.520274	203	127
0.49/0.53	0.529191	202	130
0.49/0.54	0.546384	201	152
0.49/0.56	0.560508	200	167
0.49/0.57	0.573762	199	182
0.49/0.58	0.582557	198	188
0.59/0.62	0.622823	197	247
0.59/0.64	0.640944	196	267
0.59/0.68	0.679233	195	329
0.69/0.72	0.724492	194	415
0.69/0.73	0.735376	193	433
0.69/0.74	0.740865	192	436
0.69/0.76	0.762146	191	481
0.69/0.77	0.768097	190	485
0.79/0.81	0.813725	189	583
0.79/0.88	0.886808	188	746
1.49/1.50	1.49931	187	2270
2.28/2.30	2.30729	186	4166
4.58/4.65	4.65337	185	9712
4.88/4.90	4.90224	184	10356
4.98/5.09	5.0935	183	10852
5.88/5.92	5.91976	182	13123
8.70/8.80	8.79912	181	21107
11.29/11.37	11.3763	180	28051
26.59/26.66	26.6561	179	66961
27.40/27.41	27.4142	178	68791
27.79/27.88	27.877	177	70049
82.67/82.75	82.737	176	221142
227.87/227.93	227.914	175	615124
227.87/227.94	227.919	174	615127
256.77/256.82	256.801	173	696119
