0.10/0.13	0.129369	241	0
0.10/0.13	0.135682	240	1
0.10/0.14	0.141871	239	2
0.10/0.15	0.148059	238	3
0.10/0.15	0.154228	236	4
0.10/0.16	0.160313	235	5
0.10/0.16	0.166309	234	6
0.10/0.17	0.172246	233	7
0.10/0.18	0.178304	232	8
0.10/0.18	0.184252	231	9
0.10/0.19	0.190208	230	10
0.10/0.19	0.196159	229	11
0.19/0.20	0.202182	228	12
0.19/0.21	0.208055	227	13
0.19/0.21	0.21381	226	14
0.19/0.22	0.219679	225	15
0.19/0.22	0.225356	224	16
0.19/0.23	0.23102	223	17
0.19/0.23	0.236787	222	18
0.19/0.24	0.24284	221	20
0.19/0.25	0.248418	220	22
0.19/0.25	0.254463	219	24
0.19/0.26	0.259996	218	25
0.19/0.26	0.266319	217	27
0.19/0.27	0.271687	216	28
0.19/0.27	0.277142	215	29
0.19/0.28	0.282967	214	31
0.19/0.29	0.28876	213	33
0.19/0.29	0.294229	212	35
0.29/0.30	0.300902	211	40
0.29/0.31	0.309524	210	51
0.29/0.31	0.316268	209	56
0.29/0.32	0.322281	208	60
0.29/0.33	0.3318	207	71
0.29/0.34	0.338196	206	75
0.29/0.34	0.345518	205	82
0.29/0.35	0.351938	204	87
0.29/0.36	0.358224	203	92
0.29/0.36	0.364321	202	96
0.29/0.38	0.380829	201	127
0.29/0.39	0.389676	200	139
0.39/0.40	0.401393	199	159
0.39/0.44	0.43947	198	253
0.39/0.44	0.445056	197	257
0.39/0.45	0.451127	196	261
0.39/0.49	0.492644	195	370
0.39/0.49	0.497189	194	371
0.50/0.51	0.509251	193	394
0.50/0.51	0.514679	192	398
0.50/0.52	0.52283	191	409
0.50/0.55	0.552863	190	481
0.59/0.61	0.61441	189	645
0.69/0.77	0.767757	188	1068
0.89/0.96	0.960447	187	1555
2.10/2.15	2.14808	186	4846
2.29/2.32	2.32314	185	5347
2.29/2.38	2.38083	184	5506
3.20/3.21	3.2167	183	7860
4.98/5.09	5.09656	182	13077
5.18/5.22	5.21915	181	13396
8.18/8.20	8.20363	180	21669
8.38/8.48	8.48581	179	22460
22.79/22.81	22.8078	178	62455
33.79/33.81	33.8103	177	93760
38.39/38.46	38.4615	176	106931
140.58/140.68	140.678	175	390145
787.37/787.46	787.437	174	2167458
