0.10/0.16	0.166064	238	0
0.10/0.17	0.174432	237	1
0.10/0.18	0.182661	236	2
0.10/0.19	0.191326	235	4
0.19/0.20	0.199656	234	5
0.19/0.21	0.20797	233	6
0.19/0.21	0.21594	232	7
0.19/0.22	0.224028	231	8
0.19/0.23	0.232072	229	9
0.19/0.24	0.240766	228	11
0.19/0.25	0.248655	227	12
0.19/0.25	0.256539	226	13
0.19/0.26	0.26422	225	14
0.19/0.27	0.272058	224	15
0.19/0.28	0.282113	223	20
0.19/0.29	0.289641	222	21
0.29/0.30	0.298629	221	25
0.29/0.31	0.308169	220	30
0.29/0.31	0.316803	219	33
0.29/0.32	0.324522	218	35
0.29/0.33	0.336789	217	46
0.29/0.34	0.345597	216	50
0.29/0.35	0.354654	215	54
0.29/0.36	0.365862	214	63
0.29/0.37	0.373646	213	65
0.29/0.38	0.381193	212	67
0.29/0.39	0.389637	211	70
0.29/0.40	0.397288	210	72
0.39/0.40	0.40556	209	75
0.39/0.42	0.418127	208	88
0.39/0.42	0.425936	207	91
0.39/0.44	0.443544	206	113
0.39/0.45	0.45086	205	115
0.39/0.46	0.463554	204	128
0.39/0.48	0.482721	203	153
0.49/0.50	0.498607	202	173
0.49/0.53	0.534198	201	220
0.49/0.54	0.542274	200	223
0.49/0.58	0.58346	199	297
0.59/0.60	0.59842	198	314
0.59/0.60	0.605736	197	317
0.59/0.64	0.642727	196	379
0.59/0.65	0.651021	195	384
0.79/0.80	0.799896	194	661
0.79/0.81	0.813862	193	676
0.79/0.85	0.856803	192	781
0.89/0.93	0.931038	191	986
1.00/1.02	1.01993	190	1225
1.00/1.02	1.02481	189	1227
1.10/1.11	1.11636	188	1477
1.10/1.19	1.19051	187	1677
1.19/1.25	1.24988	186	1839
1.19/1.26	1.26132	185	1860
1.29/1.31	1.31405	184	2000
2.10/2.17	2.16966	183	4464
2.29/2.30	2.29954	182	4814
2.79/2.80	2.80492	181	6241
4.30/4.32	4.32015	180	10471
5.29/5.31	5.31214	179	13179
9.69/9.74	9.7416	178	25307
59.09/59.12	59.1185	177	157247
156.48/156.58	156.576	176	421479
180.69/180.78	180.775	175	486552
218.59/218.67	218.667	174	586852
218.59/218.69	218.683	173	586862
497.47/497.56	497.543	172	1331898
