0.10/0.14	0.145585	242	0
0.10/0.15	0.154512	240	1
0.10/0.16	0.163147	239	2
0.10/0.17	0.171547	238	3
0.10/0.18	0.179993	237	4
0.10/0.19	0.188435	236	5
0.10/0.19	0.196846	235	6
0.19/0.20	0.205127	234	7
0.19/0.21	0.213389	233	8
0.19/0.22	0.221463	232	9
0.19/0.23	0.229806	231	11
0.19/0.24	0.237936	230	12
0.19/0.24	0.246373	229	14
0.19/0.25	0.254591	228	15
0.19/0.26	0.263266	227	17
0.19/0.27	0.271026	226	18
0.19/0.28	0.279189	225	20
0.19/0.28	0.286815	224	21
0.19/0.29	0.294392	223	22
0.29/0.30	0.30204	222	23
0.29/0.31	0.30958	221	24
0.29/0.31	0.317078	220	25
0.29/0.32	0.325033	219	27
0.29/0.34	0.337493	218	35
0.29/0.34	0.345586	217	37
0.29/0.35	0.353994	216	40
0.29/0.36	0.362904	215	44
0.29/0.37	0.371137	214	47
0.29/0.38	0.378834	213	49
0.29/0.38	0.38694	212	52
0.29/0.39	0.394261	211	53
0.39/0.40	0.401304	210	54
0.39/0.41	0.410678	209	60
0.39/0.42	0.42082	207	67
0.39/0.43	0.428658	206	70
0.39/0.44	0.438678	205	77
0.39/0.44	0.446362	204	80
0.39/0.48	0.479702	203	136
0.39/0.48	0.487081	202	138
0.49/0.50	0.505194	201	163
0.49/0.54	0.54223	200	225
0.49/0.56	0.558779	199	241
0.49/0.57	0.570611	198	249
0.59/0.62	0.621286	197	325
0.59/0.66	0.664956	196	432
0.59/0.67	0.67451	195	447
0.59/0.69	0.688221	194	472
0.69/0.75	0.751343	193	637
0.79/0.82	0.818788	192	816
0.79/0.89	0.896529	191	1019
0.90/0.92	0.922729	190	1078
1.00/1.02	1.01957	189	1348
1.00/1.08	1.07845	188	1504
1.19/1.21	1.20801	187	1863
1.29/1.34	1.34473	186	2225
1.39/1.41	1.41413	185	2410
2.00/2.10	2.10141	184	4171
2.79/2.82	2.82372	183	6248
3.10/3.18	3.17898	182	7256
3.20/3.24	3.246	181	7435
4.39/4.42	4.42087	180	10736
4.88/4.98	4.97799	179	12228
7.99/8.01	8.01579	178	20654
8.70/8.70	8.7069	177	22516
49.59/49.63	49.6284	176	135431
183.70/183.74	183.733	175	523929
183.79/183.82	183.812	174	524140
424.98/425.04	425.032	173	1229967
