0.10/0.14	0.142928	244	0
0.10/0.15	0.151772	243	1
0.10/0.16	0.160621	241	2
0.10/0.17	0.169584	240	3
0.10/0.18	0.178239	239	4
0.10/0.18	0.18686	237	5
0.10/0.19	0.195304	235	6
0.19/0.20	0.203637	234	7
0.19/0.21	0.212003	233	8
0.19/0.22	0.220936	232	10
0.19/0.23	0.22944	231	12
0.19/0.24	0.237646	230	13
0.19/0.24	0.245746	229	14
0.19/0.25	0.254774	228	17
0.19/0.26	0.262754	227	18
0.19/0.27	0.270947	226	19
0.19/0.28	0.280936	225	25
0.19/0.29	0.290119	224	26
0.29/0.30	0.299566	223	29
0.29/0.31	0.308209	222	31
0.29/0.31	0.316676	221	34
0.29/0.32	0.324366	220	35
0.29/0.33	0.331851	219	36
0.29/0.34	0.339415	218	37
0.29/0.35	0.350628	217	46
0.29/0.36	0.367009	216	66
0.29/0.37	0.377399	215	72
0.29/0.38	0.38581	214	76
0.29/0.39	0.393921	213	78
0.40/0.40	0.406662	212	90
0.40/0.41	0.414762	211	93
0.40/0.42	0.422761	210	95
0.40/0.43	0.434251	209	105
0.40/0.44	0.442688	208	108
0.40/0.45	0.453362	207	114
0.40/0.47	0.468104	206	128
0.40/0.48	0.47764	205	132
0.40/0.49	0.487607	204	139
0.49/0.50	0.502402	203	155
0.49/0.51	0.515495	202	169
0.49/0.53	0.527609	201	179
0.49/0.54	0.542729	200	195
0.49/0.55	0.55558	199	204
0.59/0.61	0.616616	197	297
0.59/0.63	0.631383	196	311
0.59/0.64	0.641866	195	319
0.69/0.71	0.708462	194	435
0.69/0.71	0.714151	193	438
0.69/0.75	0.756647	192	545
0.79/0.81	0.813082	191	696
0.89/0.94	0.942981	189	1054
1.29/1.32	1.31796	188	2112
1.29/1.33	1.33245	187	2141
1.29/1.35	1.35094	186	2183
1.59/1.63	1.63132	185	2962
2.69/2.70	2.7067	184	5904
2.69/2.71	2.7142	183	5911
6.09/6.15	6.1509	182	15228
6.09/6.15	6.15564	181	15229
7.49/7.52	7.5187	180	18945
10.69/10.75	10.7498	179	27289
20.90/20.92	20.9232	178	54853
20.90/20.93	20.9288	177	54856
189.78/189.81	189.804	176	492420
190.19/190.24	190.237	175	493575
190.29/190.34	190.333	174	493830
320.28/320.38	320.369	173	836419
