1.08/1.10	1.10215	1032	0
1.08/1.15	1.15021	1031	3
1.08/1.19	1.19672	1030	4
1.18/1.24	1.24322	1029	5
1.18/1.29	1.29295	1028	11
1.28/1.34	1.3408	1027	14
1.28/1.39	1.38907	1026	18
1.38/1.43	1.43711	1025	20
1.38/1.48	1.48345	1024	21
1.50/1.53	1.52971	1023	22
1.50/1.57	1.57595	1022	23
1.50/1.62	1.62374	1021	26
1.50/1.67	1.67194	1020	30
1.50/1.72	1.71896	1019	32
1.50/1.76	1.76679	1018	35
1.50/1.81	1.81356	1017	37
1.50/1.86	1.86195	1016	41
1.50/1.91	1.90868	1015	43
1.50/1.95	1.9553	1014	44
1.50/2.00	2.00138	1013	45
1.50/2.05	2.04827	1012	47
1.50/2.09	2.09393	1011	48
2.11/2.14	2.13991	1010	49
2.11/2.18	2.18558	1009	50
2.19/2.23	2.23438	1008	55
2.19/2.28	2.27999	1007	56
2.29/2.33	2.32982	1006	63
2.29/2.37	2.37505	1005	64
2.39/2.42	2.42254	1004	69
2.39/2.47	2.47174	1003	74
2.49/2.51	2.51693	1002	75
2.49/2.56	2.56268	1001	77
2.59/2.61	2.61518	1000	89
2.59/2.66	2.66026	999	90
2.68/2.70	2.70535	998	91
2.68/2.75	2.75382	997	96
2.78/2.80	2.80017	996	98
2.78/2.84	2.84512	995	99
2.78/2.89	2.89107	994	101
2.89/2.93	2.93669	993	102
2.89/2.98	2.98132	992	103
2.99/3.03	3.03271	991	115
2.99/3.08	3.07926	990	118
2.99/3.12	3.12472	989	120
2.99/3.17	3.1692	988	121
2.99/3.21	3.21435	987	123
2.99/3.26	3.25883	986	124
2.99/3.30	3.30616	985	130
2.99/3.35	3.3521	984	133
2.99/3.39	3.39653	983	134
2.99/3.44	3.44224	982	136
2.99/3.49	3.49393	981	150
3.52/3.53	3.53812	980	151
3.52/3.58	3.58538	979	156
3.58/3.63	3.63045	978	159
3.58/3.67	3.67621	977	163
3.68/3.72	3.72234	976	168
3.68/3.76	3.76782	975	171
3.78/3.81	3.81711	974	180
3.78/3.86	3.86347	973	184
3.89/3.90	3.90718	972	185
3.89/3.95	3.95462	971	190
3.89/4.00	3.99833	970	191
3.99/4.04	4.04218	969	192
3.99/4.09	4.08954	968	197
4.09/4.13	4.13427	967	199
4.09/4.18	4.18515	966	212
4.19/4.23	4.23277	965	218
4.19/4.28	4.2819	964	227
4.29/4.32	4.32717	963	231
4.29/4.37	4.37502	962	238
4.39/4.42	4.42094	961	244
4.39/4.47	4.46931	960	251
4.39/4.51	4.51524	959	256
4.39/4.56	4.56713	958	270
4.39/4.61	4.61119	957	272
4.39/4.65	4.65665	956	276
4.39/4.70	4.70747	955	286
4.39/4.76	4.75851	954	300
4.39/4.80	4.80187	953	302
4.39/4.85	4.85206	952	316
4.39/4.90	4.90206	951	328
4.39/4.94	4.94724	950	331
4.39/4.99	4.99139	949	335
4.39/5.03	5.03539	948	338
5.99/6.50	6.50783	947	3371
6.56/6.59	6.59101	946	3441
6.69/6.74	6.74125	945	3632
6.69/6.79	6.7887	944	3643
6.79/6.84	6.84023	943	3656
6.79/6.88	6.88737	942	3665
6.89/6.96	6.96565	941	3726
6.99/7.04	7.0454	940	3793
6.99/7.09	7.08818	939	3795
7.09/7.15	7.14976	938	3829
7.19/7.23	7.23168	937	3900
7.29/7.31	7.31348	936	3970
7.39/7.58	7.58035	935	4400
7.39/7.63	7.63295	934	4417
7.39/7.87	7.87138	933	4772
8.19/8.23	8.22923	932	5351
8.68/8.72	8.72355	931	6168
11.99/12.54	12.5477	930	13876
12.59/12.66	12.6654	929	14002
12.98/13.05	13.0531	928	14601
13.09/13.17	13.1694	927	14713
13.49/13.90	13.8993	926	16106
15.69/15.71	15.7095	925	19752
16.08/16.13	16.1292	924	20539
16.49/16.74	16.7433	923	21569
16.49/16.83	16.8321	922	21656
16.49/16.92	16.9231	921	21742
17.89/18.15	18.1567	920	24116
17.89/18.45	18.4504	919	24652
19.39/19.43	19.4349	918	26508
19.39/19.66	19.662	917	26828
20.19/20.27	20.2728	916	27837
23.39/23.49	23.4967	915	33698
28.18/28.34	28.346	914	42362
28.18/28.44	28.4428	913	42469
30.89/30.94	30.9438	912	47135
32.19/32.25	32.2479	911	49336
34.09/34.18	34.1839	910	52794
1000.46/1000.59	716.219	38276071	1850183
