2.16/2.22	2.1922	353	0
2.26/2.33	2.30492	352	1
2.36/2.44	2.41722	350	2
2.46/2.56	2.53116	349	5
2.56/2.67	2.64431	348	8
2.56/2.78	2.75385	347	9
2.56/2.89	2.86535	346	12
2.56/3.00	2.9747	345	13
2.56/3.11	3.08542	344	16
3.00/3.22	3.19327	343	17
3.27/3.32	3.2992	342	18
3.36/3.43	3.40522	341	19
3.46/3.53	3.50959	340	20
3.56/3.65	3.62041	339	25
3.66/3.75	3.72331	338	26
3.76/3.85	3.82862	337	28
3.86/3.96	3.9308	336	29
3.96/4.06	4.03199	335	30
4.06/4.16	4.13342	334	31
4.16/4.26	4.23379	333	32
4.16/4.36	4.33962	332	36
4.16/4.47	4.44617	331	41
4.16/4.57	4.54922	330	44
4.16/4.69	4.66173	329	52
4.75/4.79	4.76163	328	54
4.76/4.89	4.86057	327	56
4.86/4.99	4.96209	326	60
4.96/5.09	5.06155	325	62
5.06/5.18	5.15564	324	63
5.16/5.28	5.25658	323	67
5.26/5.38	5.35641	322	70
5.36/5.50	5.4703	321	81
5.56/5.60	5.57237	320	87
5.56/5.70	5.67942	319	95
5.56/5.80	5.7744	318	98
5.56/5.90	5.87504	317	104
5.56/5.99	5.96871	316	107
5.56/6.09	6.0623	315	110
6.07/6.19	6.16274	314	115
6.17/6.29	6.26584	313	122
6.26/6.39	6.36128	312	126
6.36/6.48	6.45726	311	131
6.46/6.59	6.56078	310	139
6.56/6.69	6.66126	309	145
6.66/6.78	6.75166	308	148
6.76/6.89	6.86475	307	163
6.86/6.99	6.96504	306	172
6.96/7.09	7.06162	305	176
7.07/7.20	7.17839	304	192
7.07/7.31	7.28118	303	202
7.07/7.40	7.37963	302	210
7.53/7.57	7.54366	301	250
7.53/7.67	7.64914	300	262
7.66/7.77	7.74182	299	268
7.76/7.86	7.83712	298	274
7.86/7.96	7.93184	297	281
7.96/8.05	8.02857	296	290
8.06/8.16	8.13444	295	303
8.16/8.27	8.24109	294	316
8.26/8.36	8.33748	293	324
8.36/8.44	8.41777	292	326
8.46/8.57	8.54647	291	350
8.56/8.91	8.88767	290	482
8.56/9.11	9.08067	289	546
9.10/9.19	9.16028	288	549
9.26/9.35	9.32248	287	590
9.56/9.66	9.63029	286	704
9.66/9.76	9.73053	285	717
9.76/9.85	9.82956	284	730
9.86/9.96	9.93181	283	743
10.64/10.69	10.663	282	1121
10.76/10.88	10.8572	281	1191
11.16/11.22	11.1919	280	1331
11.56/11.61	11.5826	279	1493
15.26/15.36	15.339	278	3925
15.96/16.05	16.0205	277	4329
17.57/17.82	17.791	276	5424
19.97/20.03	20.0068	275	6935
20.37/20.40	20.3757	274	7136
27.77/27.87	27.847	273	12428
30.06/30.10	30.0729	272	13968
35.90/35.94	35.9135	271	17907
37.56/37.64	37.6097	270	18990
38.26/38.34	38.3104	269	19382
41.06/41.11	41.0794	268	21169
41.16/41.25	41.2199	267	21213
44.28/44.70	44.6764	266	23494
45.66/46.02	45.9974	265	24325
49.86/49.99	49.9623	264	26760
51.46/51.79	51.7677	263	27908
57.96/58.01	57.9791	262	31967
65.36/65.49	65.464	261	37253
73.16/73.21	73.1843	260	42634
78.76/78.81	78.7865	259	46592
80.86/81.19	81.1584	258	48148
107.76/107.83	107.805	257	66063
108.06/108.18	108.154	256	66259
108.56/108.67	108.642	255	66512
126.96/127.01	126.978	254	78009
128.96/129.37	129.346	253	79327
132.96/133.04	133.011	252	81580
136.36/136.46	136.431	251	83649
150.16/150.26	150.231	250	91948
185.96/186.06	186.026	249	113662
194.75/194.82	194.793	248	119060
197.85/197.95	197.918	247	120937
222.15/222.22	222.194	246	134685
295.05/295.14	295.105	245	178533
298.75/298.93	298.897	244	180521
301.45/301.56	301.527	243	181856
999.93/1000.06	591668
