2.09/2.14	2.14261	351	0
2.19/2.25	2.25435	350	1
2.29/2.36	2.3651	349	2
2.29/2.47	2.47437	348	3
2.29/2.58	2.58341	347	4
2.63/2.69	2.69286	346	6
2.79/2.80	2.80179	345	7
2.89/2.91	2.9099	344	8
2.99/3.01	3.01741	343	10
3.09/3.12	3.12463	342	11
3.19/3.23	3.22946	341	12
3.29/3.33	3.33479	340	14
3.39/3.44	3.43942	339	15
3.49/3.54	3.5418	338	16
3.59/3.65	3.65058	337	21
3.59/3.75	3.75168	336	22
3.59/3.85	3.85461	335	23
3.59/3.95	3.95758	334	26
4.02/4.06	4.05898	333	28
4.12/4.16	4.16455	332	32
4.19/4.26	4.26734	331	35
4.29/4.37	4.36913	330	38
4.39/4.46	4.46786	329	40
4.49/4.56	4.56581	328	42
4.59/4.66	4.66579	327	45
4.69/4.76	4.76358	326	47
4.79/4.86	4.8632	325	50
4.89/4.96	4.96274	324	53
4.99/5.06	5.0606	323	57
4.99/5.16	5.16514	322	65
4.99/5.26	5.26585	321	71
4.99/5.36	5.36414	320	75
4.99/5.45	5.45826	319	78
5.47/5.55	5.55595	318	83
5.63/5.65	5.65404	317	89
5.69/5.74	5.74234	316	90
5.79/5.83	5.83543	315	93
5.89/5.93	5.92828	314	97
5.99/6.02	6.02384	313	102
6.09/6.12	6.11832	312	107
6.19/6.22	6.21853	311	117
6.29/6.31	6.31449	310	125
6.39/6.42	6.41903	309	136
6.49/6.50	6.50614	308	138
6.49/6.60	6.60666	307	146
6.49/6.69	6.69331	306	148
6.49/6.78	6.78364	305	152
6.49/6.90	6.90321	304	176
6.49/7.08	7.07873	303	239
7.15/7.16	7.16401	302	241
7.19/7.24	7.24807	301	243
7.39/7.46	7.46002	300	337
7.49/7.57	7.57244	299	363
7.59/7.68	7.68505	298	389
7.79/7.83	7.83388	297	436
7.99/8.07	8.07075	296	541
7.99/8.19	8.19239	295	569
7.99/8.27	8.27636	294	573
7.99/8.36	8.36566	293	578
7.99/8.45	8.45227	292	583
8.45/8.59	8.59555	291	623
8.99/9.06	9.0624	290	900
9.19/9.25	9.24875	289	977
9.39/9.40	9.40652	288	1032
9.49/9.75	9.75348	287	1234
9.49/9.92	9.91966	286	1299
9.93/10.15	10.1501	285	1404
10.20/10.26	10.262	284	1430
10.49/10.58	10.5835	283	1601
11.79/11.82	11.8235	282	2504
13.69/13.78	13.7849	281	3944
13.99/14.08	14.0816	280	4108
14.11/14.22	14.2262	279	4157
14.11/14.30	14.3052	278	4161
14.99/15.03	15.0365	277	4638
15.49/15.60	15.6071	276	4972
15.62/15.84	15.8431	275	5073
16.59/16.65	16.6562	274	5624
16.89/16.99	16.9959	273	5798
18.19/18.21	18.2127	272	6661
23.98/24.05	24.0496	271	11871
26.88/26.90	26.9063	270	14152
27.18/27.24	27.245	269	14335
28.58/28.65	28.6564	268	15330
28.78/28.83	28.8297	267	15391
30.18/30.21	30.2132	266	16326
30.28/30.75	30.7504	265	16665
34.69/34.86	34.8649	264	19849
35.39/35.44	35.4374	263	20235
36.19/36.37	36.3719	262	20898
37.59/37.83	37.83	261	21920
57.39/57.43	57.4335	260	37256
63.49/63.55	63.5541	259	41804
63.79/63.87	63.869	258	41978
65.49/65.51	65.5105	257	43138
65.69/65.75	65.7543	256	43278
69.99/70.03	70.0298	255	46216
70.65/70.67	70.671	254	46592
71.69/71.82	71.8208	253	47319
81.48/81.55	81.5496	252	54429
98.39/98.78	98.7845	251	67838
101.39/101.45	101.452	250	69849
104.39/104.68	104.679	249	72193
140.18/140.61	140.606	248	98807
140.98/141.03	141.027	247	99047
150.28/150.34	150.338	246	105070
163.78/163.87	163.865	245	114502
244.39/244.41	244.406	244	173381
244.99/245.28	245.276	243	173938
622.80/622.92	622.902	242	441123
696.63/696.67	696.65	241	492261
707.48/707.50	707.482	240	499992
999.77/1000.02	704369
