2.19/2.24	2.2429	355	0
2.29/2.36	2.3578	354	2
2.29/2.47	2.47227	353	4
2.29/2.58	2.58628	352	5
2.29/2.70	2.69781	351	6
2.29/2.81	2.81611	350	12
2.92/2.92	2.92635	349	13
2.99/3.03	3.03652	348	14
3.10/3.14	3.14603	347	15
3.20/3.26	3.25884	346	18
3.29/3.37	3.36707	345	19
3.49/3.50	3.50543	344	20
3.59/3.63	3.6355	343	27
3.69/3.75	3.75302	342	28
3.79/3.87	3.87145	341	30
3.79/3.99	3.98798	340	31
3.79/4.12	4.12559	339	32
3.79/4.23	4.23088	338	33
3.79/4.34	4.3377	337	36
4.39/4.44	4.44421	336	39
4.49/4.55	4.54926	335	41
4.60/4.66	4.65909	334	47
4.70/4.76	4.76474	333	51
4.79/4.87	4.87279	332	56
4.89/4.97	4.97365	331	57
4.99/5.08	5.07747	330	60
5.19/5.22	5.21899	329	62
5.19/5.33	5.32853	328	63
5.19/5.45	5.45497	327	65
5.19/5.57	5.57225	326	68
5.19/5.67	5.67455	325	72
5.19/5.77	5.77386	324	74
5.85/5.88	5.87854	323	80
5.89/5.97	5.97599	322	82
5.99/6.08	6.07806	321	87
6.09/6.19	6.18684	320	95
6.20/6.29	6.28713	319	99
6.39/6.41	6.41515	318	120
6.49/6.51	6.50852	317	121
6.59/6.60	6.60264	316	123
6.69/6.70	6.69729	315	125
6.69/6.79	6.79557	314	130
6.69/6.90	6.8995	313	138
6.69/7.01	7.01385	312	153
6.69/7.11	7.11215	311	157
6.69/7.22	7.22375	310	170
6.69/7.33	7.32904	309	182
7.38/7.43	7.42714	308	189
7.48/7.53	7.52703	307	197
7.58/7.63	7.62874	306	206
7.68/7.72	7.71864	305	209
7.68/7.81	7.81106	304	213
7.90/7.93	7.92713	303	233
7.98/8.07	8.07206	302	272
8.08/8.18	8.18334	301	290
8.18/8.29	8.29017	300	304
8.18/8.40	8.40481	299	324
8.18/8.51	8.5139	298	339
8.18/8.62	8.62163	297	353
8.18/8.76	8.76313	296	389
8.79/8.85	8.85472	295	397
8.88/8.96	8.95994	294	412
8.98/9.04	9.04066	293	415
9.08/9.12	9.12496	292	419
9.18/9.21	9.20936	291	423
9.28/9.33	9.33141	290	434
9.40/9.43	9.4261	289	440
9.40/9.51	9.51076	288	443
9.58/9.61	9.61224	287	453
9.68/9.71	9.70768	286	460
9.68/10.13	10.1334	285	672
10.39/10.47	10.4735	284	876
10.49/10.59	10.5899	283	905
11.09/11.13	11.1265	282	1189
11.89/11.93	11.932	281	1674
12.19/12.20	12.2007	280	1805
12.60/12.83	12.826	279	2169
14.10/14.13	14.1318	278	3072
14.10/14.53	14.5321	277	3294
16.39/16.40	16.4006	276	4655
16.69/16.70	16.7001	275	4843
19.99/20.34	20.3441	274	8485
21.49/21.88	21.8809	273	9534
25.39/25.47	25.4752	272	12182
25.99/26.10	26.1004	271	12610
26.99/27.06	27.0597	270	13234
27.19/27.21	27.2062	269	13284
28.89/28.98	28.9787	268	14390
29.59/29.66	29.6612	267	14796
30.29/30.33	30.3313	266	15204
30.39/30.56	30.5596	265	15313
31.79/31.86	31.8559	264	16085
33.42/33.69	33.6872	263	17148
38.39/38.40	38.4029	262	20605
56.69/56.71	56.7099	261	34656
58.39/58.62	58.621	260	36115
63.69/63.78	63.7828	259	40096
76.98/77.03	77.0249	258	50009
81.48/81.59	81.5901	257	53901
85.08/85.62	85.6137	256	57468
89.48/89.59	89.5828	255	60388
94.78/94.85	94.8446	254	64340
96.39/96.49	96.4842	253	65412
122.18/122.71	122.703	252	83326
137.88/137.98	137.976	251	94461
138.48/138.74	138.74	250	94949
139.38/139.47	139.468	249	95397
150.38/150.43	150.426	248	102612
151.18/151.23	151.221	247	102985
151.89/151.98	151.97	246	103372
192.78/192.88	192.877	245	130616
200.68/200.79	200.781	244	135652
202.08/202.16	202.156	243	136491
237.48/237.53	237.522	242	162487
599.36/599.42	599.391	241	399003
602.16/602.28	602.259	240	400888
999.56/1000.05	665128
