2.09/2.18	2.18331	351	0
2.19/2.29	2.29677	350	1
2.39/2.41	2.40912	349	2
2.49/2.52	2.52064	348	3
2.59/2.63	2.63129	347	4
2.69/2.74	2.74201	346	5
2.79/2.85	2.85359	345	7
2.89/2.96	2.96221	344	8
2.89/3.07	3.07124	343	9
2.89/3.18	3.17894	342	10
2.89/3.28	3.28688	341	11
3.34/3.39	3.39391	340	13
3.49/3.50	3.50157	339	15
3.59/3.61	3.60799	338	16
3.69/3.71	3.71274	337	17
3.79/3.82	3.81847	336	19
3.89/3.92	3.92625	335	22
3.99/4.03	4.02981	334	23
4.09/4.13	4.13305	333	25
4.19/4.23	4.236	332	27
4.30/4.34	4.33899	331	30
4.30/4.44	4.44173	330	33
4.30/4.54	4.54367	329	36
4.30/4.64	4.64387	328	38
4.30/4.74	4.74423	327	40
4.30/4.84	4.845	326	42
4.89/4.94	4.94448	325	44
4.99/5.05	5.04814	324	49
5.09/5.15	5.15622	323	57
5.19/5.27	5.27227	322	71
5.29/5.37	5.36882	321	73
5.39/5.47	5.46944	320	79
5.49/5.57	5.56979	319	84
5.59/5.66	5.66058	318	85
5.69/5.75	5.75506	317	87
5.69/5.85	5.84818	316	90
5.69/5.94	5.94445	315	93
5.69/6.06	6.05882	313	105
5.69/6.15	6.15211	312	108
5.69/6.25	6.25303	311	116
6.30/6.34	6.34573	310	119
6.40/6.45	6.45331	309	132
6.49/6.54	6.53888	308	133
6.59/6.64	6.64206	307	144
6.69/6.73	6.73677	306	150
6.79/6.82	6.82075	305	152
6.89/6.91	6.90793	304	154
6.99/7.00	7.00103	303	159
6.99/7.09	7.09109	302	163
7.09/7.18	7.18545	301	169
7.19/7.27	7.2695	300	171
7.29/7.39	7.38964	299	192
7.29/7.50	7.49879	298	207
7.29/7.59	7.59669	297	218
7.29/7.71	7.71598	296	243
7.78/7.82	7.82611	295	262
7.89/7.90	7.90694	294	265
7.99/8.05	8.05297	293	304
8.09/8.14	8.14091	292	310
8.19/8.23	8.23675	291	319
8.29/8.34	8.34625	290	339
8.39/8.43	8.43388	289	347
8.49/8.54	8.53837	288	363
8.59/8.67	8.6697	287	394
8.69/8.79	8.79004	286	421
8.69/8.91	8.90857	285	445
8.69/9.04	9.04445	284	479
8.69/9.22	9.22146	283	537
9.27/9.32	9.32293	282	555
9.39/9.46	9.46042	281	593
10.09/10.12	10.1204	280	982
10.19/10.45	10.4535	279	1151
10.79/10.80	10.8024	278	1336
11.59/12.05	12.0562	277	2118
12.31/12.32	12.319	276	2253
12.39/12.45	12.4526	275	2300
13.89/13.91	13.9098	274	3388
14.39/14.48	14.4792	273	3757
14.59/14.88	14.879	272	3992
15.39/15.49	15.4904	271	4371
15.89/15.90	15.8986	270	4588
18.39/18.42	18.4217	269	6480
20.49/20.67	20.6756	268	8224
23.86/23.94	23.9431	267	10629
24.39/24.43	24.4367	266	10922
24.69/24.77	24.7741	265	11124
24.79/25.12	25.1192	264	11308
27.39/27.43	27.4275	263	12844
28.99/29.08	29.0865	262	13922
29.19/29.53	29.5285	261	14156
29.66/29.71	29.7113	260	14226
29.79/29.82	29.8208	259	14252
30.59/31.16	31.1631	258	15046
36.48/36.93	36.9353	257	19118
58.29/58.35	58.3495	256	35233
84.69/84.77	84.7665	255	56418
89.84/89.86	89.8624	254	59891
133.79/133.81	133.813	253	93617
137.59/137.70	137.701	252	96511
144.89/144.98	144.979	251	101702
146.38/146.48	146.477	250	102728
147.08/147.11	147.109	249	103116
169.68/169.76	169.76	248	119078
170.98/171.01	171.005	247	119884
173.39/173.47	173.47	246	121477
179.99/180.08	180.073	245	126130
202.09/202.38	202.372	244	141386
473.58/473.68	473.668	243	328779
784.37/784.42	784.398	242	539298
999.97/1000.03	687157
