2.08/2.15	2.14816	353	0
2.18/2.26	2.26143	352	2
2.28/2.37	2.37379	351	3
2.38/2.48	2.48488	350	4
2.38/2.59	2.59407	349	5
2.58/2.70	2.70384	348	6
2.78/2.81	2.81354	347	7
2.88/2.92	2.92126	346	8
2.98/3.03	3.02928	345	9
3.09/3.14	3.1355	344	10
3.18/3.24	3.24096	343	11
3.28/3.35	3.34804	342	12
3.38/3.45	3.45272	341	13
3.48/3.56	3.55905	340	15
3.58/3.66	3.66392	339	16
3.58/3.77	3.76786	338	17
3.58/3.87	3.87027	337	18
3.91/3.97	3.97273	336	20
4.00/4.08	4.08257	335	25
4.08/4.18	4.18196	334	26
4.18/4.28	4.28156	333	27
4.28/4.38	4.38054	332	28
4.39/4.48	4.48094	331	31
4.48/4.58	4.58246	330	34
4.58/4.68	4.68105	329	36
4.68/4.78	4.77869	328	38
4.78/4.88	4.87648	327	40
4.90/4.97	4.97408	326	42
4.90/5.07	5.06927	325	44
4.90/5.17	5.16735	324	47
4.90/5.27	5.26696	323	51
5.11/5.36	5.35954	322	52
5.38/5.46	5.46481	321	60
5.48/5.57	5.57036	320	68
5.59/5.67	5.66585	319	70
5.68/5.76	5.76162	318	72
5.78/5.86	5.85597	317	75
5.88/5.95	5.95193	316	78
5.98/6.05	6.0463	315	81
6.08/6.15	6.14998	314	91
6.18/6.25	6.24748	313	98
6.18/6.34	6.33991	312	102
6.18/6.45	6.4474	311	114
6.18/6.54	6.53744	310	117
6.50/6.63	6.62879	309	120
6.70/6.73	6.72509	308	127
6.70/6.82	6.82093	307	133
6.89/6.95	6.94976	306	159
6.99/7.05	7.04916	305	169
7.09/7.14	7.13905	304	174
7.19/7.25	7.25328	303	193
7.29/7.36	7.36332	302	208
7.49/7.55	7.5529	301	274
7.60/7.66	7.65598	300	287
7.60/7.75	7.75229	299	298
7.89/7.91	7.90585	298	340
7.89/7.99	7.98587	297	342
8.19/8.28	8.27561	296	477
8.29/8.37	8.36889	295	486
8.59/8.64	8.63746	294	601
8.69/8.77	8.76651	293	637
8.90/8.92	8.92036	292	683
8.99/9.04	9.03621	291	708
8.99/9.19	9.18696	290	755
8.99/9.32	9.31818	289	792
9.89/9.99	9.99317	288	1224
10.31/10.36	10.359	287	1430
10.69/10.78	10.7833	286	1691
10.99/11.01	11.0113	285	1804
11.40/11.46	11.4618	284	2040
11.59/11.67	11.672	283	2130
11.89/11.92	11.9171	282	2240
12.09/12.11	12.1051	281	2322
12.29/12.43	12.4252	280	2479
12.29/12.50	12.5017	279	2482
12.40/12.58	12.5801	278	2486
12.99/13.04	13.0371	277	2723
13.29/13.36	13.3645	276	2890
14.09/14.12	14.1231	275	3350
14.39/14.43	14.4329	274	3511
17.19/17.28	17.2771	273	5591
18.59/18.64	18.6386	272	6533
19.09/19.19	19.1923	271	6838
21.39/21.49	21.4914	270	8601
22.19/22.34	22.3425	269	9157
28.19/28.35	28.3529	268	13756
28.19/28.46	28.459	267	13780
29.59/30.12	30.1169	266	14913
30.69/30.72	30.7198	265	15281
31.09/31.57	31.5712	264	15795
31.79/31.83	31.8317	263	15915
34.89/34.97	34.9656	262	18086
36.89/36.94	36.944	261	19472
47.80/47.85	47.8538	260	27008
62.58/62.67	62.6713	259	38332
77.88/78.01	78.0077	258	49928
93.88/94.31	94.3099	257	62918
101.19/101.44	101.435	256	68383
101.99/102.09	102.087	255	68789
105.83/106.08	106.082	254	71612
130.08/130.53	130.523	253	89077
132.15/132.24	132.237	252	90238
133.09/133.31	133.31	251	90872
135.68/135.79	135.79	250	92498
140.29/140.32	140.315	249	95649
144.69/144.78	144.773	248	98855
144.79/145.30	145.297	247	99153
154.98/155.23	155.227	246	106510
180.18/180.28	180.276	245	124031
181.28/181.31	181.309	244	124695
317.67/317.75	317.738	243	220009
325.38/325.44	325.435	242	225303
985.96/986.00	985.976	241	679337
999.71/1000.03	688627
