2.18/2.23	2.23419	347	0
2.18/2.34	2.34295	346	1
2.43/2.45	2.45254	345	2
2.53/2.56	2.56455	344	3
2.58/2.67	2.67542	343	4
2.68/2.78	2.78474	342	5
2.78/2.89	2.89336	341	7
2.98/3.00	3.00087	340	8
3.08/3.10	3.10672	339	9
3.18/3.21	3.21011	338	10
3.29/3.31	3.31464	337	11
3.38/3.42	3.41799	336	12
3.38/3.52	3.51915	335	13
3.38/3.62	3.6213	334	14
3.38/3.72	3.72323	333	16
3.38/3.82	3.82548	332	17
3.38/3.93	3.92786	331	19
3.38/4.03	4.02756	330	20
3.90/4.13	4.13057	329	22
4.19/4.23	4.23288	328	24
4.28/4.33	4.33692	327	29
4.38/4.44	4.44494	326	34
4.48/4.54	4.54226	325	35
4.58/4.64	4.63913	324	38
4.68/4.73	4.73498	323	40
4.79/4.83	4.83349	322	44
4.88/4.94	4.93831	321	50
4.98/5.04	5.04061	320	55
4.98/5.13	5.13533	319	57
4.98/5.22	5.22553	318	58
4.98/5.32	5.32056	317	61
4.98/5.42	5.41965	316	67
4.98/5.51	5.50742	315	68
5.42/5.59	5.59688	314	70
5.68/5.70	5.70498	313	83
5.78/5.80	5.79887	312	87
5.88/5.94	5.93864	311	120
5.98/6.05	6.04834	310	136
6.08/6.15	6.15447	309	151
6.18/6.25	6.24995	308	157
6.28/6.38	6.38062	307	188
6.38/6.48	6.48194	306	200
6.50/6.63	6.62658	305	237
6.50/6.72	6.72491	304	245
6.50/6.83	6.82913	303	257
6.50/6.92	6.92533	302	264
6.50/7.06	7.05738	301	296
7.10/7.17	7.17278	300	317
7.19/7.27	7.26845	299	327
7.28/7.37	7.36937	298	337
7.38/7.46	7.46363	297	344
7.48/7.55	7.54788	296	348
7.68/7.79	7.7873	295	438
7.98/8.26	8.25843	294	699
7.98/8.58	8.586	293	856
8.66/8.67	8.67469	292	865
8.76/8.78	8.78335	291	882
8.89/8.99	8.98911	290	955
9.09/9.10	9.09969	289	977
9.19/9.24	9.24081	288	1014
9.39/9.41	9.40815	287	1070
9.49/9.51	9.51227	286	1086
9.59/9.86	9.86405	285	1254
9.59/9.95	9.95644	284	1267
10.29/10.35	10.3501	283	1456
10.39/10.49	10.4897	282	1498
10.49/10.56	10.566	281	1500
10.79/10.80	10.8037	280	1599
11.09/11.26	11.2588	279	1830
11.09/11.54	11.5417	278	1959
12.19/12.23	12.2367	277	2350
12.29/12.39	12.3913	276	2405
13.89/13.94	13.9446	275	3431
14.10/14.49	14.4967	274	3753
14.89/14.90	14.8997	273	3991
14.89/14.99	14.9912	272	4007
15.09/15.15	15.1564	271	4069
16.78/16.87	16.8731	270	5252
18.18/18.22	18.2184	269	6197
18.59/18.95	18.9489	268	6667
19.99/20.01	20.0102	267	7304
19.99/20.30	20.3032	266	7450
20.89/20.99	20.9871	265	7839
20.99/21.07	21.0707	264	7851
22.99/23.42	23.4191	263	9328
23.48/23.55	23.5559	262	9371
27.39/27.52	27.5238	261	12146
29.03/29.40	29.401	260	13495
30.39/30.45	30.4543	259	14244
31.79/31.87	31.8711	258	15375
34.09/34.18	34.1846	257	17149
36.29/36.74	36.7404	256	19021
42.98/43.03	43.031	255	23793
43.08/43.19	43.1915	254	23859
57.89/57.90	57.8971	253	34484
64.19/64.43	64.4313	252	38879
67.09/67.24	67.2386	251	40732
143.48/144.00	143.997	250	97870
168.87/168.99	168.988	249	117045
169.58/169.64	169.641	248	117469
170.58/170.68	170.679	247	118144
180.88/180.90	180.897	246	124893
274.28/274.60	274.597	245	191449
308.08/308.22	308.208	244	214154
379.98/380.37	380.362	243	267164
584.52/584.57	584.556	242	414564
999.97/1000.02	707627
