1.99/2.14	2.14589	345	0
1.99/2.25	2.25418	344	1
1.99/2.36	2.36178	343	2
1.99/2.46	2.46785	342	3
1.99/2.57	2.57507	341	4
2.59/2.68	2.67924	340	5
2.69/2.78	2.78417	339	6
2.79/2.89	2.88803	338	7
2.89/2.99	2.99074	337	8
3.01/3.09	3.09303	336	9
3.11/3.19	3.19456	335	10
3.19/3.29	3.29535	334	11
3.29/3.40	3.39925	333	14
3.39/3.50	3.50364	332	18
3.39/3.60	3.60167	331	19
3.39/3.70	3.70431	330	24
3.39/3.80	3.80227	329	25
3.39/3.90	3.90178	328	28
3.39/4.00	4.00065	327	30
4.09/4.11	4.10821	326	39
4.19/4.21	4.21374	325	46
4.29/4.31	4.31056	324	48
4.39/4.41	4.41038	323	51
4.49/4.51	4.50869	322	54
4.49/4.60	4.60305	321	56
4.60/4.70	4.70034	320	59
4.71/4.79	4.79689	319	62
4.79/4.89	4.89466	318	66
4.89/4.99	4.9901	317	70
4.89/5.08	5.08531	316	73
4.89/5.17	5.17739	315	76
4.89/5.27	5.27044	314	79
4.89/5.36	5.36373	313	82
4.89/5.45	5.45791	312	87
5.51/5.55	5.54899	311	90
5.59/5.65	5.65149	310	100
5.69/5.73	5.73633	309	101
5.79/5.82	5.82551	308	104
5.89/5.93	5.92878	307	115
5.99/6.02	6.02455	306	123
6.09/6.12	6.12437	305	133
6.20/6.21	6.21229	304	137
6.20/6.30	6.29834	303	140
6.31/6.38	6.38502	302	143
6.39/6.53	6.53242	301	183
6.39/6.64	6.6421	300	201
6.39/6.78	6.778	299	238
6.39/6.94	6.93935	298	292
6.99/7.02	7.02197	297	295
7.09/7.12	7.12339	296	311
7.19/7.23	7.2369	295	334
7.29/7.31	7.3143	294	335
7.39/7.45	7.44999	293	371
7.49/7.56	7.5611	292	391
7.59/7.65	7.65212	291	398
7.70/7.74	7.74016	290	404
7.81/7.91	7.90809	289	462
7.81/8.02	8.02099	288	484
7.81/8.17	8.17097	287	532
7.81/8.24	8.24733	286	534
7.81/8.35	8.35498	285	555
8.44/8.49	8.4933	284	594
8.59/8.68	8.68259	283	658
8.79/8.86	8.86168	282	723
8.99/9.08	9.08334	281	833
9.30/9.54	9.53979	280	1109
10.29/10.38	10.3859	278	1662
10.59/10.66	10.6603	277	1792
10.69/10.86	10.8611	276	1880
10.69/11.18	11.1862	275	2041
11.34/11.36	11.365	274	2107
11.49/11.58	11.5835	273	2201
14.49/14.52	14.5182	272	4084
14.89/14.95	14.9474	271	4320
15.19/15.36	15.3611	270	4563
15.89/15.91	15.9074	269	4880
16.29/16.37	16.3761	268	5164
16.49/16.50	16.5009	267	5198
16.59/16.60	16.5976	266	5216
19.39/19.48	19.4833	265	7201
19.71/20.01	20.0074	264	7506
21.09/21.59	21.5957	263	8512
22.29/22.32	22.3209	262	8971
23.29/23.39	23.3892	261	9664
25.61/25.71	25.7135	260	11208
26.29/26.36	26.3613	259	11598
27.99/28.01	28.0147	258	12683
34.29/34.51	34.5095	257	17703
34.80/34.81	34.8148	256	17870
40.19/40.31	40.3094	255	21846
41.39/41.41	41.4151	254	22597
60.09/60.18	60.1753	253	36822
66.98/67.03	67.0299	252	41752
75.73/75.75	75.7456	251	47958
81.00/81.05	81.0521	250	51309
98.50/98.71	98.7082	249	63234
108.08/108.13	108.133	248	69623
115.69/115.79	115.788	247	75179
139.88/139.99	139.992	246	92326
235.71/235.92	235.911	245	157962
238.38/238.65	238.64	244	159750
265.65/265.68	265.668	243	178004
318.48/318.54	318.526	242	215197
639.27/639.43	639.405	241	437411
999.96/1000.03	687024
