2.09/2.17	2.17535	359	0
2.21/2.29	2.28926	358	1
2.39/2.40	2.40427	357	3
2.49/2.51	2.51813	356	4
2.59/2.63	2.62968	355	5
2.69/2.74	2.74127	354	6
2.79/2.85	2.85251	353	7
2.89/2.96	2.96279	352	8
2.99/3.07	3.07148	351	9
3.09/3.18	3.1808	350	10
3.19/3.29	3.28937	349	11
3.19/3.39	3.39669	348	12
3.19/3.50	3.50522	347	14
3.19/3.61	3.61348	346	16
3.19/3.72	3.72035	345	17
3.73/3.83	3.82847	344	20
3.89/3.93	3.93344	343	21
3.99/4.04	4.03913	342	22
4.09/4.14	4.14708	341	26
4.19/4.25	4.25513	340	29
4.29/4.36	4.36372	339	33
4.39/4.47	4.473	338	38
4.49/4.58	4.58314	337	44
4.59/4.69	4.68849	336	46
4.69/4.79	4.79336	335	48
4.69/4.89	4.89644	334	49
4.69/4.99	4.99795	333	51
5.03/5.10	5.10025	332	53
5.03/5.21	5.20941	331	61
5.29/5.31	5.31118	330	63
5.39/5.41	5.41083	329	65
5.49/5.53	5.52867	328	77
5.59/5.64	5.6417	327	88
5.69/5.74	5.73998	326	90
5.79/5.84	5.83919	325	94
5.89/5.94	5.93986	324	98
5.99/6.04	6.04043	323	103
6.09/6.14	6.14295	322	109
6.09/6.24	6.24283	321	114
6.09/6.34	6.33849	320	117
6.09/6.46	6.46026	319	136
6.09/6.55	6.55386	318	138
6.09/6.66	6.65897	317	145
6.57/6.75	6.75525	316	148
6.83/6.88	6.88123	315	169
6.90/6.98	6.98054	314	176
6.99/7.07	7.07139	313	179
7.09/7.16	7.16619	312	183
7.19/7.25	7.25709	311	185
7.29/7.35	7.35099	310	190
7.39/7.45	7.44958	309	197
7.49/7.54	7.53886	308	200
7.59/7.64	7.63915	307	209
7.59/7.73	7.73555	306	215
7.75/7.82	7.81821	305	216
7.75/7.93	7.93014	304	234
7.75/8.01	8.01366	303	236
7.75/8.10	8.10346	302	241
8.24/8.25	8.25138	301	280
8.29/8.34	8.33856	300	284
8.39/8.44	8.44238	299	297
8.49/8.55	8.55158	298	315
8.59/8.69	8.69109	297	350
8.89/8.95	8.95085	296	460
8.99/9.03	9.03597	295	464
9.09/9.11	9.11701	294	467
9.09/9.29	9.29313	293	531
9.09/9.58	9.57828	292	675
9.62/9.69	9.69466	291	700
10.29/10.31	10.3097	290	1069
10.49/10.50	10.5047	289	1153
10.59/10.73	10.7341	288	1265
10.59/10.83	10.8313	287	1281
10.59/11.08	11.0792	286	1395
11.29/11.30	11.2984	285	1497
11.69/11.70	11.707	284	1738
11.99/12.10	12.1003	283	1967
12.89/12.90	12.9043	282	2523
13.19/13.20	13.2028	281	2683
14.39/14.44	14.444	280	3619
14.49/14.56	14.5603	279	3651
14.99/15.41	15.4138	278	4264
16.49/16.63	16.6343	277	5146
17.39/17.42	17.4218	276	5741
17.89/18.06	18.0636	275	6201
17.89/18.18	18.1822	274	6238
19.09/19.10	19.1077	273	6834
19.39/19.45	19.4489	272	7008
20.69/20.75	20.7508	271	7946
20.79/21.10	21.1022	270	8122
21.34/21.43	21.4303	269	8304
22.77/22.85	22.8554	268	9350
26.29/26.39	26.3968	267	12336
26.49/26.52	26.5274	266	12377
28.09/28.14	28.1433	265	13456
29.29/29.39	29.3952	264	14258
30.00/30.10	30.101	263	14720
35.39/35.46	35.462	262	18510
43.26/43.35	43.3486	261	24786
44.99/45.09	45.0965	260	26042
53.99/54.00	54.006	259	32762
57.39/57.63	57.6289	258	35488
60.39/60.45	60.4548	257	37513
60.39/60.62	60.6169	256	37576
102.79/102.89	102.887	255	70041
121.39/121.42	121.424	254	84361
127.49/127.50	127.5	253	88452
153.99/154.24	154.234	252	108772
174.08/174.11	174.105	251	123731
174.38/174.64	174.638	250	124069
186.98/187.09	187.088	249	133391
196.08/196.16	196.159	248	140720
206.29/206.39	206.391	247	148716
210.39/210.42	210.414	246	151493
213.08/213.11	213.104	245	153250
221.08/221.15	221.15	244	159112
452.00/452.05	452.045	243	320860
452.97/453.04	453.03	242	321508
904.58/904.69	904.667	241	631810
940.56/940.61	940.59	240	655971
999.97/1000.03	697526
