2.09/2.14	2.14115	348	0
2.19/2.25	2.24945	347	1
2.29/2.36	2.35905	346	3
2.39/2.46	2.46665	345	4
2.39/2.57	2.57377	344	5
2.39/2.68	2.68204	343	7
2.39/2.79	2.7902	342	9
2.39/2.89	2.89675	341	10
2.39/3.00	3.00293	340	12
2.90/3.10	3.10816	339	14
3.19/3.21	3.21095	338	15
3.29/3.31	3.31419	337	16
3.39/3.41	3.41794	336	17
3.49/3.52	3.51983	335	18
3.59/3.62	3.62167	334	19
3.69/3.72	3.72114	333	20
3.79/3.82	3.82296	332	22
3.89/3.92	3.92282	331	23
3.99/4.02	4.02219	330	24
3.99/4.12	4.12557	329	28
3.99/4.22	4.22467	328	30
3.99/4.32	4.32612	327	33
3.99/4.42	4.4268	326	36
3.99/4.52	4.5231	325	38
3.99/4.62	4.62069	324	40
4.56/4.71	4.71482	323	41
4.79/4.81	4.81368	322	45
4.89/4.91	4.91256	321	49
4.99/5.01	5.01065	320	53
5.09/5.13	5.12835	319	68
5.19/5.22	5.22633	318	71
5.28/5.34	5.34382	317	87
5.38/5.44	5.44189	316	92
5.48/5.53	5.53282	315	94
5.58/5.63	5.62868	314	98
5.58/5.72	5.72518	313	103
5.58/5.82	5.82667	312	112
5.58/5.92	5.92188	311	117
5.58/6.02	6.02022	310	125
5.58/6.12	6.12567	309	137
6.05/6.21	6.21762	308	140
6.28/6.31	6.31148	307	146
6.38/6.40	6.40204	306	150
6.48/6.50	6.50013	305	158
6.58/6.60	6.60034	304	168
6.68/6.70	6.6988	303	178
6.78/6.80	6.79869	302	187
6.78/6.88	6.88534	301	190
6.98/7.00	7.0076	300	212
7.08/7.12	7.12505	299	231
7.08/7.21	7.21708	298	237
7.08/7.49	7.49777	297	364
7.08/7.64	7.64621	296	408
7.08/7.77	7.76889	295	433
7.84/7.85	7.85719	294	439
7.98/8.04	8.04482	293	503
8.38/8.44	8.44029	292	725
8.58/8.63	8.63035	291	800
8.68/8.75	8.7516	290	836
8.68/8.84	8.83971	289	843
8.68/8.98	8.987	288	882
8.68/9.16	9.16226	287	947
8.68/9.30	9.30035	286	983
9.48/9.57	9.57516	285	1105
9.58/9.65	9.65429	284	1109
9.88/9.92	9.92223	283	1230
12.69/12.72	12.7201	282	3401
14.29/14.30	14.3034	281	4712
14.49/14.52	14.5218	280	4808
15.22/15.47	15.4755	279	5488
16.29/16.54	16.5385	278	6158
16.75/17.00	17.0025	277	6456
17.09/17.16	17.1618	276	6512
17.19/17.24	17.2397	275	6516
21.69/21.77	21.7757	274	9998
22.74/22.82	22.8209	273	10754
22.99/23.08	23.0811	272	10890
27.69/27.71	27.7091	271	14564
28.09/28.16	28.166	270	14877
28.09/28.29	28.2905	269	14919
35.39/35.45	35.4481	268	20829
39.79/40.32	40.3258	267	24795
45.69/46.07	46.0704	266	29233
51.48/51.58	51.5801	265	33541
51.58/51.93	51.9329	264	33774
55.99/56.10	56.1056	263	37226
59.89/59.95	59.9512	262	40108
60.19/60.28	60.2825	261	40287
63.19/63.22	63.2263	260	42418
68.09/68.44	68.4382	259	46209
76.29/76.37	76.3714	258	52638
77.49/77.57	77.5683	257	53531
78.79/78.84	78.8386	256	54369
81.98/82.06	82.0652	255	56527
82.98/83.05	83.0549	254	57117
84.79/84.87	84.8682	253	58318
91.79/91.86	91.8596	252	63325
110.09/110.17	110.166	251	76573
115.89/115.98	115.984	250	80926
118.19/118.25	118.246	249	82529
198.53/198.57	198.566	248	141017
202.38/202.46	202.459	247	143665
277.79/277.96	277.954	246	196577
281.79/281.89	281.884	245	199337
293.78/293.86	293.857	244	208749
303.59/303.75	303.743	243	215165
353.88/353.97	353.967	242	248464
999.99/1000.03	693659
