2.09/2.17	2.16861	348	0
2.19/2.28	2.2781	347	1
2.29/2.38	2.38704	346	2
2.39/2.49	2.49602	345	3
2.51/2.60	2.60527	343	4
2.51/2.71	2.71165	342	5
2.51/2.82	2.8189	341	6
2.51/2.92	2.92466	340	7
2.51/3.03	3.03063	339	9
2.95/3.13	3.13632	338	10
3.19/3.24	3.24126	337	11
3.29/3.34	3.34591	336	12
3.39/3.45	3.44829	335	13
3.49/3.55	3.5527	334	15
3.59/3.65	3.65624	333	17
3.69/3.76	3.7616	332	19
3.79/3.86	3.86651	331	21
3.89/3.97	3.97295	330	25
3.99/4.07	4.07709	329	28
3.99/4.18	4.17824	328	30
3.99/4.28	4.28526	327	36
3.99/4.38	4.38636	326	39
3.99/4.48	4.48573	325	41
3.99/4.58	4.58197	324	42
4.43/4.68	4.67849	323	44
4.69/4.78	4.77942	322	48
4.79/4.88	4.87917	321	52
4.89/4.98	4.98305	320	58
4.99/5.08	5.07839	319	61
5.09/5.18	5.18432	318	70
5.19/5.27	5.27744	317	72
5.29/5.38	5.37804	316	77
5.39/5.48	5.47784	315	84
5.49/5.57	5.57362	314	88
5.49/5.68	5.67754	313	96
5.49/5.77	5.77059	312	100
5.49/5.86	5.86059	311	102
5.49/5.96	5.96363	310	112
5.49/6.07	6.07226	309	123
5.49/6.16	6.15916	308	125
6.25/6.26	6.2598	307	134
6.29/6.36	6.36135	306	144
6.39/6.46	6.46186	305	153
6.49/6.57	6.5753	304	172
6.59/6.68	6.6776	303	183
6.69/6.77	6.77488	302	191
6.89/6.90	6.90367	301	218
6.99/7.00	7.00615	300	228
7.09/7.12	7.12035	299	248
7.09/7.22	7.21728	298	258
7.09/7.34	7.34154	297	281
7.09/7.43	7.43575	296	291
7.09/7.55	7.54746	295	313
7.09/7.64	7.63817	294	320
7.73/7.77	7.77016	293	353
7.79/7.85	7.84984	292	355
7.89/7.93	7.93304	291	359
7.99/8.02	8.01842	290	365
8.09/8.12	8.12516	289	380
8.19/8.20	8.20537	288	384
8.19/8.29	8.29209	287	391
8.39/8.47	8.46694	286	452
8.59/8.72	8.72467	285	571
8.59/8.81	8.80878	284	578
9.19/9.29	9.28827	283	835
9.39/9.42	9.42498	282	870
9.49/9.52	9.51845	281	881
9.59/9.62	9.62006	280	895
9.89/9.97	9.97001	279	1072
9.99/10.12	10.1175	278	1120
9.99/10.20	10.2056	277	1129
9.99/10.41	10.4089	276	1206
9.99/10.63	10.6362	275	1300
11.19/11.22	11.2183	274	1614
11.29/11.34	11.3403	273	1642
11.59/11.89	11.8925	272	1936
12.01/12.07	12.0701	271	2002
12.89/12.91	12.9128	270	2497
12.99/13.38	13.3852	269	2745
13.79/13.89	13.8961	268	3016
15.49/15.53	15.5326	267	4043
17.49/17.65	17.6552	266	5573
17.49/17.72	17.7227	265	5574
22.36/22.55	22.5466	264	9148
23.29/23.32	23.32	263	9671
27.49/27.55	27.5524	262	12813
29.09/29.10	29.1044	261	13878
33.58/34.06	34.064	260	17451
39.09/39.14	39.1359	259	21349
43.49/43.55	43.55	258	24898
58.59/59.11	59.1061	257	36987
59.69/59.78	59.7812	256	37420
63.89/63.93	63.9319	255	40350
71.69/71.73	71.7297	254	46448
82.18/82.39	82.3901	253	54291
90.88/91.38	91.3827	252	60955
91.40/91.45	91.45	251	60960
94.88/94.90	94.9017	250	63247
98.18/98.35	98.3534	249	65545
109.48/109.58	109.581	248	73973
110.55/110.58	110.58	247	74623
145.08/145.52	145.514	246	100215
150.88/150.96	150.958	245	104116
151.68/151.74	151.737	244	104550
383.14/383.23	383.225	243	270123
528.97/529.04	529.024	242	374470
651.57/651.72	651.705	241	460354
999.76/1000.03	706341
