0.00/0.07	0.059528	128	0
0.00/0.07	0.061015	127	4
0.00/0.07	0.061842	126	5
0.00/0.07	0.062758	125	7
0.00/0.08	0.068367	124	31
0.00/0.08	0.070416	123	38
0.00/0.21	0.19824	120	680
0.00/0.21	0.198969	118	681
0.00/0.21	0.200515	117	686
0.88/0.92	0.910942	115	4461
2.08/2.18	2.16375	114	11109
2.18/2.27	2.25509	113	11569
2.18/2.27	2.26031	112	11593
2.18/2.27	2.261	111	11594
2.18/2.27	2.26166	110	11595
2.18/2.28	2.26777	109	11624
2.18/2.28	2.26975	108	11632
2.76/2.78	2.76849	107	14288
2.78/2.81	2.79674	106	14434
2.78/2.81	2.79781	105	14437
40.37/40.63	40.6199	104	218684
40.37/40.63	40.621	103	218687
40.37/40.66	40.6499	102	218846
41.47/41.59	41.5797	101	224027
846.52/846.78	846.744	100	4621447
999.65/1000.05	96.784	54508561	5458305
