0.00/0.10	0.068268	420	0
0.00/0.10	0.07554	419	3
0.00/0.11	0.082217	418	4
0.00/0.12	0.089201	417	7
0.00/0.12	0.096255	416	10
0.00/0.13	0.103156	415	12
0.00/0.14	0.110039	414	14
0.00/0.15	0.117946	413	23
0.00/0.15	0.124779	412	25
0.00/0.16	0.13138	411	26
0.00/0.17	0.138402	410	30
0.00/0.17	0.146254	409	38
0.00/0.18	0.153263	408	42
0.00/0.19	0.1601	407	45
0.00/0.19	0.167292	406	50
0.00/0.20	0.176224	405	66
0.00/0.21	0.183482	404	72
0.00/0.23	0.198065	403	124
0.00/0.23	0.204919	402	127
0.00/0.24	0.216839	401	162
0.00/0.25	0.223218	400	163
999.96/1000.05	6213810
