0.06/0.09	0.093583	417	0
0.09/0.10	0.101147	416	2
0.09/0.11	0.108658	415	4
0.09/0.11	0.116866	414	10
0.09/0.12	0.124515	413	13
0.09/0.13	0.131831	412	14
0.09/0.14	0.141948	411	31
0.09/0.15	0.149154	410	32
0.09/0.16	0.157616	409	40
0.09/0.16	0.164884	408	41
0.09/0.17	0.172507	407	44
0.09/0.18	0.179646	406	45
0.09/0.19	0.18891	405	58
0.09/0.19	0.196048	404	59
0.09/0.20	0.207223	403	83
0.09/0.21	0.215005	402	88
0.09/0.23	0.232524	401	148
0.09/0.24	0.2401	400	152
999.98/1000.02	6767941
