0.00/0.10	0.107127	423	0
0.00/0.11	0.115433	421	1
0.00/0.12	0.123664	420	3
0.00/0.13	0.131518	419	4
0.00/0.14	0.139048	418	6
0.00/0.14	0.147469	417	13
0.00/0.15	0.154827	416	14
0.00/0.16	0.162251	415	16
0.00/0.17	0.169948	414	19
0.00/0.18	0.177977	413	24
0.00/0.18	0.186133	412	30
0.00/0.19	0.193358	411	31
0.00/0.20	0.200554	410	32
0.00/0.21	0.208058	409	35
0.00/0.21	0.215945	408	40
0.00/0.22	0.224665	407	50
0.00/0.23	0.231847	406	51
0.00/0.24	0.243418	405	77
0.00/0.25	0.251922	404	86
0.00/0.26	0.262136	403	105
0.00/0.27	0.277568	402	153
0.00/0.28	0.284607	401	154
0.00/0.31	0.308104	400	248
999.96/1000.02	6209645
