0.08/0.08	0.083999	418	0
0.08/0.09	0.092096	417	4
0.10/0.10	0.099393	416	5
0.10/0.10	0.107477	415	10
0.10/0.11	0.115531	414	15
0.10/0.12	0.122754	413	16
0.10/0.13	0.130344	412	19
0.10/0.14	0.138625	411	26
0.10/0.14	0.145825	410	27
0.10/0.15	0.153708	409	32
0.10/0.16	0.161784	408	38
0.10/0.17	0.16888	407	39
0.10/0.17	0.177797	406	50
0.10/0.19	0.188916	405	70
0.20/0.20	0.19975	404	89
0.20/0.21	0.208584	403	100
0.20/0.21	0.216034	401	103
0.20/0.23	0.234168	400	167
999.96/1000.03	6181685
