0.00/0.07	0.070673	423	0
0.00/0.07	0.078476	422	7
0.00/0.08	0.085872	421	12
0.00/0.09	0.093061	420	16
0.00/0.10	0.100343	419	20
0.00/0.10	0.107018	418	21
0.00/0.11	0.113724	417	22
0.00/0.12	0.12069	416	25
0.00/0.13	0.128939	415	35
0.00/0.13	0.136431	414	40
0.00/0.14	0.147203	413	66
0.00/0.15	0.153769	412	67
0.00/0.16	0.161108	411	72
0.00/0.16	0.168291	410	77
0.00/0.17	0.175142	409	80
0.00/0.18	0.183139	408	90
0.18/0.19	0.1919	407	104
0.18/0.19	0.19842	406	105
0.20/0.21	0.208605	405	129
0.20/0.22	0.218774	404	153
0.20/0.22	0.228383	403	174
0.20/0.23	0.237193	402	190
0.20/0.25	0.248905	401	224
0.20/0.26	0.262472	400	270
999.96/1000.02	6234944
