0.04/0.09	0.081827	418	0
0.08/0.10	0.089477	417	2
0.08/0.11	0.096857	416	3
0.08/0.11	0.104541	415	6
0.08/0.12	0.11185	414	7
0.08/0.13	0.119155	413	8
0.08/0.14	0.127518	412	15
0.08/0.14	0.135038	411	18
0.08/0.15	0.143432	410	26
0.08/0.16	0.150615	409	27
0.08/0.17	0.159774	408	39
0.08/0.18	0.168006	407	46
0.08/0.19	0.177492	406	60
0.08/0.19	0.184737	405	62
0.18/0.20	0.191829	404	63
0.18/0.21	0.199229	403	66
0.18/0.22	0.21215	402	100
0.18/0.23	0.221858	401	116
0.18/0.25	0.240508	400	183
999.94/1000.04	6216970
