0.00/0.07	0.068459	418	0
0.00/0.07	0.07539	417	1
0.00/0.08	0.082204	416	2
0.08/0.09	0.088981	415	3
0.08/0.09	0.095739	414	4
0.09/0.10	0.102487	413	5
0.09/0.11	0.109195	412	6
0.09/0.11	0.116901	411	13
0.09/0.12	0.124377	410	18
0.09/0.13	0.131551	409	22
0.09/0.14	0.138316	408	23
0.09/0.14	0.145119	407	25
0.09/0.15	0.152565	406	31
0.09/0.16	0.160801	405	42
0.09/0.17	0.168829	404	52
0.09/0.17	0.17571	403	55
0.09/0.18	0.186911	402	85
0.09/0.19	0.193431	401	86
0.19/0.20	0.202216	400	101
999.98/1000.02	6197053
