0.80/0.86	0.860374	698	0
0.89/0.91	0.916769	697	1
0.89/0.97	0.973137	695	2
0.99/1.03	1.02934	694	3
0.99/1.08	1.08499	693	4
1.11/1.14	1.14107	692	5
1.11/1.19	1.19723	691	6
1.23/1.25	1.25412	690	7
1.30/1.31	1.30943	689	8
1.30/1.36	1.36516	688	9
1.39/1.42	1.42086	687	10
1.39/1.47	1.47577	686	11
1.49/1.53	1.53106	685	12
1.49/1.58	1.58595	684	13
1.59/1.64	1.6405	683	14
1.59/1.69	1.69447	682	15
1.69/1.75	1.74948	681	16
1.79/1.80	1.80443	680	17
1.79/1.86	1.85816	679	18
1.89/1.91	1.91191	678	19
1.89/1.96	1.96569	677	20
1.99/2.02	2.02027	676	21
1.99/2.07	2.07326	675	22
2.09/2.12	2.1265	674	23
2.09/2.18	2.1802	673	24
2.22/2.23	2.23332	672	25
2.22/2.28	2.28735	671	26
2.22/2.34	2.34069	670	27
2.35/2.39	2.39337	669	28
2.39/2.44	2.44637	668	30
2.49/2.50	2.49936	667	31
2.49/2.55	2.55214	666	32
2.59/2.60	2.60465	665	33
2.59/2.66	2.66072	664	35
2.70/2.71	2.7157	663	36
2.70/2.77	2.77168	662	37
2.79/2.82	2.82637	661	38
2.79/2.88	2.88417	660	41
2.89/2.94	2.94095	659	43
2.89/2.99	2.99559	658	44
2.99/3.05	3.05181	657	46
3.09/3.10	3.10634	656	48
3.09/3.16	3.16213	655	50
3.19/3.22	3.21791	654	54
3.31/3.31	3.31681	653	55
3.31/3.38	3.3858	652	56
3.31/3.44	3.4435	651	58
3.49/3.50	3.4988	650	59
3.49/3.55	3.55604	649	61
3.59/3.61	3.6118	648	64
3.59/3.67	3.66965	647	67
3.69/3.72	3.72596	646	69
3.69/3.78	3.78163	645	70
3.79/3.83	3.83631	644	72
3.79/3.89	3.89265	643	75
3.89/3.95	3.94851	642	77
3.99/4.00	4.00442	641	79
3.99/4.06	4.06048	640	81
4.09/4.11	4.11548	639	83
4.09/4.17	4.17	638	85
4.19/4.22	4.22423	637	87
4.19/4.28	4.27997	636	90
4.29/4.33	4.33624	635	93
4.29/4.39	4.39055	634	95
4.40/4.44	4.44446	633	97
4.40/4.50	4.49808	632	99
4.50/4.55	4.55029	631	100
4.59/4.60	4.60397	630	104
4.59/4.65	4.65722	629	108
4.69/4.71	4.71072	628	110
4.69/4.76	4.7663	627	113
4.79/4.82	4.82057	626	116
4.79/4.87	4.87361	625	118
4.89/4.93	4.92868	624	122
4.89/4.98	4.98695	623	128
4.99/5.04	5.04201	622	132
5.09/5.10	5.09885	621	138
5.09/5.15	5.15124	620	140
5.19/5.20	5.20452	619	143
5.19/5.25	5.25673	618	145
5.29/5.31	5.31071	617	149
5.29/5.36	5.36486	616	153
5.39/5.42	5.42032	615	161
5.39/5.47	5.47487	614	165
5.50/5.53	5.52899	613	169
5.50/5.58	5.58151	612	174
5.60/5.63	5.63638	611	179
5.60/5.68	5.68721	610	181
5.69/5.74	5.74185	609	185
5.69/5.79	5.79414	608	189
5.79/5.85	5.85074	607	198
5.89/5.90	5.90308	606	201
5.89/5.96	5.95788	605	210
5.99/6.02	6.01813	604	226
5.99/6.07	6.07277	603	231
6.09/6.13	6.13327	602	241
6.09/6.18	6.18594	601	245
6.19/6.24	6.23807	600	248
6.19/6.29	6.29718	599	257
6.29/6.37	6.36952	598	285
6.39/6.42	6.42034	597	290
6.39/6.47	6.472	596	295
6.49/6.52	6.52157	595	300
6.49/6.57	6.57362	594	304
6.60/6.62	6.62537	593	308
6.60/6.68	6.68184	592	316
6.70/6.73	6.73351	591	320
6.70/6.79	6.7958	590	331
6.79/6.86	6.86703	589	350
6.89/6.93	6.93664	588	368
6.99/7.02	7.02521	587	401
6.99/7.08	7.07971	586	408
7.09/7.17	7.17437	585	414
7.19/7.29	7.29481	584	447
7.29/7.36	7.3587	583	461
7.39/7.43	7.43236	582	480
7.49/7.55	7.5535	581	499
7.59/7.66	7.65736	580	536
7.70/7.73	7.7333	579	563
7.70/7.78	7.77919	578	564
7.80/7.86	7.86246	577	596
7.89/7.92	7.9207	576	608
7.99/8.01	8.00783	575	643
7.99/8.09	8.09271	574	675
8.19/8.27	8.27125	573	730
8.29/8.35	8.35506	572	761
8.39/8.43	8.43673	571	793
8.49/8.59	8.59135	570	829
8.69/8.74	8.73735	569	907
8.69/8.79	8.78713	568	914
8.90/8.93	8.93657	567	1032
8.99/9.00	8.99899	566	1045
9.09/9.13	9.13023	565	1116
9.19/9.20	9.20107	564	1139
9.19/9.25	9.25265	563	1145
9.29/9.34	9.34539	562	1214
9.39/9.41	9.4112	561	1232
9.49/9.58	9.58152	560	1397
9.59/9.66	9.65937	559	1423
9.69/9.72	9.71764	558	1437
9.69/9.77	9.76827	557	1444
9.79/9.81	9.8167	556	1451
9.79/9.89	9.89061	555	1498
10.03/10.04	10.0436	554	1598
10.09/10.12	10.1212	553	1622
10.29/10.32	10.3204	552	1751
10.49/10.54	10.5389	551	1875
10.59/10.67	10.6712	550	1960
10.69/10.72	10.7213	549	1967
10.79/10.85	10.8552	548	2039
11.01/11.07	11.0709	547	2191
11.29/11.34	11.3409	546	2388
11.39/11.46	11.4649	545	2458
11.79/11.90	11.897	544	2812
11.99/12.08	12.08	543	2928
12.39/12.43	12.4283	542	3346
12.49/12.51	12.5118	541	3384
13.49/13.53	13.5328	540	4715
15.29/15.33	15.3361	539	7018
15.29/15.41	15.4074	538	7044
15.40/15.52	15.5236	537	7108
15.53/15.59	15.5897	536	7129
15.59/15.65	15.6468	535	7142
18.89/18.93	18.9327	534	11358
19.19/19.21	19.2157	533	11558
19.29/19.36	19.3566	532	11634
19.69/19.70	19.7046	531	11905
19.69/19.78	19.7782	530	11935
19.81/19.83	19.8297	529	11945
20.09/20.18	20.1788	528	12202
20.29/20.38	20.3851	527	12345
20.39/20.48	20.4774	526	12386
20.79/20.91	20.9107	525	12702
20.91/21.02	21.0196	524	12754
21.02/21.09	21.0902	523	12777
21.29/21.38	21.3773	522	12986
21.59/21.65	21.6519	521	13182
21.79/21.85	21.848	520	13412
24.99/25.01	25.013	519	16380
25.09/25.16	25.1647	518	16476
26.29/26.32	26.3218	517	17398
28.79/28.88	28.8844	516	19527
28.99/29.05	29.0463	515	19628
29.59/29.71	29.7115	514	20152
38.51/38.54	38.5395	513	29856
42.68/42.72	42.7159	512	33326
45.10/45.13	45.1256	511	35335
45.58/45.65	45.6492	510	35935
46.48/46.51	46.5096	509	36483
48.28/48.40	48.4	508	38023
53.79/53.85	53.8488	507	42581
54.29/54.38	54.3847	506	42990
65.59/65.63	65.629	505	53091
70.98/71.03	71.0298	504	57921
79.21/79.25	79.2479	503	64017
86.39/86.47	86.4712	502	71137
114.19/114.28	114.274	501	95011
159.19/159.20	159.195	500	135109
169.99/170.06	170.055	499	144394
174.79/174.90	174.901	498	148060
331.68/331.75	331.739	497	285998
445.97/446.07	446.062	496	386801
