0.89/0.93	0.933427	710	0
1.00/1.01	1.01309	709	1
1.00/1.08	1.0779	708	2
1.10/1.14	1.14234	707	3
1.19/1.20	1.2067	706	4
1.19/1.27	1.27153	705	5
1.29/1.33	1.33599	704	6
1.39/1.40	1.40063	703	7
1.39/1.46	1.46451	702	8
1.49/1.53	1.52838	701	9
1.59/1.63	1.63194	700	10
1.69/1.71	1.71295	698	11
1.69/1.79	1.79361	697	12
1.79/1.87	1.87558	696	13
1.89/1.95	1.95462	695	14
1.99/2.03	2.0361	694	15
2.10/2.11	2.1155	693	16
2.10/2.19	2.19504	692	17
2.20/2.27	2.27151	691	18
2.29/2.33	2.33431	690	19
2.29/2.39	2.3973	689	20
2.39/2.46	2.45963	688	21
2.49/2.52	2.52137	687	22
2.49/2.58	2.58428	686	25
2.59/2.64	2.6463	685	26
2.69/2.71	2.70805	684	27
2.69/2.77	2.77006	683	28
2.79/2.83	2.83182	682	29
2.79/2.89	2.89545	681	31
2.89/2.95	2.95659	680	32
2.99/3.02	3.01901	679	34
2.99/3.08	3.08012	678	35
3.09/3.14	3.1414	677	36
3.09/3.20	3.20206	676	37
3.20/3.26	3.26312	675	38
3.30/3.32	3.32274	674	39
3.30/3.38	3.3838	673	40
3.39/3.44	3.44418	672	41
3.49/3.50	3.50722	671	44
3.49/3.56	3.56695	670	45
3.59/3.63	3.62921	669	48
3.59/3.69	3.68889	668	49
3.69/3.75	3.74874	667	51
3.79/3.81	3.80875	666	53
3.79/3.87	3.86995	665	55
3.89/3.93	3.92951	664	56
3.89/3.99	3.98819	663	57
3.99/4.05	4.04826	662	59
4.09/4.10	4.10535	661	60
4.09/4.16	4.16676	660	62
4.19/4.22	4.22588	659	63
4.19/4.28	4.28427	658	64
4.29/4.34	4.34234	657	65
4.29/4.40	4.40244	656	67
4.39/4.46	4.46056	655	69
4.49/4.52	4.51881	654	71
4.49/4.57	4.5766	653	73
4.59/4.63	4.63432	652	75
4.59/4.69	4.69324	651	77
4.69/4.75	4.75357	650	80
4.79/4.81	4.8121	649	84
4.79/4.87	4.87293	648	87
4.89/4.93	4.93453	647	91
4.89/4.99	4.99248	646	93
4.99/5.05	5.05048	645	95
5.09/5.11	5.11091	644	101
5.09/5.17	5.17252	643	109
5.19/5.23	5.23185	642	112
5.19/5.29	5.2885	641	113
5.29/5.35	5.34727	640	115
5.29/5.40	5.40492	639	117
5.39/5.46	5.46144	638	118
5.49/5.52	5.52062	637	122
5.49/5.57	5.57716	636	124
5.59/5.64	5.64008	635	130
5.69/5.70	5.70042	634	134
5.69/5.76	5.7578	633	136
5.79/5.81	5.81511	632	138
5.79/5.87	5.87381	631	141
5.89/5.93	5.93303	630	145
5.89/5.99	5.99238	629	149
5.99/6.06	6.0592	628	159
6.09/6.11	6.11367	627	160
6.09/6.17	6.17418	626	166
6.19/6.23	6.23161	625	170
6.19/6.29	6.28862	624	173
6.29/6.34	6.34618	623	176
6.39/6.40	6.40558	622	180
6.39/6.46	6.46129	621	184
6.49/6.52	6.51786	620	187
6.49/6.58	6.5789	619	193
6.59/6.63	6.63384	618	195
6.59/6.69	6.69065	617	198
6.69/6.75	6.74728	616	202
6.79/6.80	6.80519	615	206
6.79/6.86	6.86465	614	211
6.89/6.93	6.93418	613	225
6.89/6.99	6.99204	612	230
6.99/7.05	7.04867	611	234
7.09/7.11	7.11565	610	246
7.09/7.17	7.17035	609	249
7.19/7.22	7.22437	608	251
7.29/7.30	7.29839	607	269
7.29/7.35	7.35238	606	271
7.39/7.41	7.40861	605	275
7.39/7.46	7.46365	604	278
7.49/7.52	7.52618	603	287
7.49/7.59	7.59525	602	302
7.59/7.66	7.66535	601	318
7.69/7.73	7.72918	600	329
7.69/7.78	7.78444	599	333
7.79/7.85	7.8503	598	343
7.89/7.90	7.90574	597	347
7.89/7.96	7.95915	596	350
7.99/8.02	8.02199	595	366
7.99/8.07	8.07478	594	370
8.09/8.13	8.13089	593	377
8.19/8.20	8.20105	592	382
8.19/8.29	8.28791	591	391
8.29/8.37	8.37107	590	411
8.39/8.48	8.48595	589	441
8.49/8.56	8.55918	588	450
8.59/8.61	8.61051	587	452
8.59/8.66	8.6637	586	455
8.69/8.72	8.72088	585	461
8.69/8.78	8.77776	584	467
8.79/8.84	8.84378	583	479
8.89/8.92	8.9245	582	485
8.99/9.01	9.00845	581	493
8.99/9.09	9.08769	580	497
9.09/9.18	9.17708	579	508
9.19/9.23	9.23563	578	522
9.29/9.30	9.30297	577	537
9.29/9.36	9.36481	576	545
9.39/9.45	9.44935	575	574
9.49/9.51	9.51135	574	587
9.59/9.66	9.66161	573	674
9.69/9.72	9.72238	572	685
9.69/9.80	9.80057	571	710
9.89/9.90	9.90581	570	757
9.89/9.98	9.9826	569	780
9.99/10.06	10.0595	568	804
10.09/10.12	10.1201	567	814
10.29/10.35	10.3473	566	961
10.39/10.40	10.4064	565	972
10.39/10.46	10.4635	564	981
10.59/10.66	10.6662	563	1107
10.79/10.82	10.8252	562	1202
10.89/10.98	10.9784	561	1294
11.00/11.06	11.0591	560	1328
11.19/11.21	11.2156	559	1430
11.29/11.31	11.308	558	1474
11.29/11.38	11.3849	557	1502
11.39/11.47	11.4718	556	1537
11.49/11.52	11.5243	555	1543
11.59/11.61	11.6109	554	1592
11.59/11.68	11.6837	553	1630
11.69/11.79	11.7932	552	1726
11.89/11.93	11.931	551	1859
11.89/11.99	11.9921	550	1880
12.09/12.19	12.1871	549	1999
12.19/12.27	12.2671	548	2027
12.39/12.44	12.4395	547	2128
12.49/12.55	12.5533	546	2182
12.59/12.62	12.6186	545	2200
12.69/12.72	12.7179	544	2250
12.79/12.85	12.8472	543	2322
12.99/13.01	13.009	542	2420
13.09/13.11	13.1073	541	2471
13.09/13.18	13.1786	540	2495
13.49/13.50	13.5028	539	2722
13.49/13.58	13.5808	538	2751
13.59/13.66	13.6634	537	2783
14.39/14.41	14.4106	536	3440
15.09/15.17	15.1739	535	4253
15.59/15.69	15.6879	534	4875
15.79/15.86	15.8639	533	4980
15.89/15.98	15.9828	532	5041
16.09/16.18	16.1837	531	5161
16.69/16.70	16.7061	530	5620
16.79/16.85	16.8565	529	5700
17.09/17.10	17.0983	528	5829
17.49/17.51	17.507	527	6075
17.59/17.64	17.6372	526	6145
17.89/17.91	17.9069	525	6330
18.19/18.20	18.2066	524	6533
19.99/20.02	20.0238	523	8632
19.99/20.07	20.0727	522	8639
20.69/20.77	20.768	521	9172
20.89/20.96	20.9589	520	9293
21.29/21.30	21.3044	519	9587
25.69/25.72	25.7191	518	13645
27.40/27.45	27.4519	517	14976
29.19/29.26	29.263	516	16698
31.49/31.54	31.5416	514	18489
33.39/33.44	33.4381	513	20017
42.80/42.89	42.8863	512	30019
48.49/48.58	48.5805	511	35552
60.59/60.64	60.6427	510	46187
73.09/73.18	73.1825	509	55824
74.49/74.50	74.4966	508	56840
74.49/74.58	74.578	507	56876
78.19/78.20	78.1949	506	59679
78.19/78.24	78.234	505	59682
78.99/79.05	79.0516	504	60298
79.10/79.13	79.125	503	60324
79.69/79.75	79.7481	502	60772
91.78/91.88	91.8783	501	72782
92.08/92.11	92.1126	500	73038
101.98/102.02	102.023	499	81430
108.68/108.75	108.745	498	86810
385.57/385.63	385.619	497	327295
385.87/385.97	385.955	496	327533
840.27/840.36	840.335	495	707785
