0.79/0.85	0.848506	692	0
0.88/0.90	0.906495	691	1
0.88/0.96	0.963777	690	2
0.99/1.02	1.02064	689	3
0.99/1.07	1.07732	688	4
1.10/1.13	1.13248	687	5
1.10/1.19	1.18845	686	6
1.19/1.24	1.24477	685	7
1.28/1.30	1.30017	684	8
1.28/1.35	1.35526	683	9
1.38/1.41	1.41056	682	10
1.38/1.46	1.46524	681	11
1.48/1.52	1.52017	680	12
1.48/1.57	1.57469	679	13
1.58/1.63	1.62892	678	14
1.58/1.68	1.68323	677	15
1.68/1.74	1.73947	676	16
1.78/1.80	1.79888	675	17
1.78/1.85	1.857	674	18
1.88/1.91	1.91558	673	20
1.88/1.97	1.974	672	21
1.98/2.03	2.03105	671	22
1.98/2.09	2.0883	670	23
2.09/2.14	2.14564	669	24
2.09/2.20	2.20385	668	26
2.20/2.26	2.26106	667	27
2.28/2.32	2.31757	666	28
2.28/2.37	2.37521	665	30
2.38/2.43	2.43056	664	31
2.38/2.48	2.48686	663	32
2.48/2.54	2.54266	662	33
2.58/2.60	2.59831	661	34
2.58/2.65	2.65428	660	35
2.68/2.71	2.71201	659	38
2.68/2.77	2.76993	658	40
2.78/2.82	2.82639	657	44
2.78/2.88	2.8783	656	46
2.88/2.93	2.92958	655	48
2.88/2.98	2.98089	654	49
2.98/3.03	3.03433	653	51
2.98/3.09	3.09046	652	53
3.08/3.14	3.14641	651	55
3.08/3.20	3.20128	650	56
3.19/3.26	3.25801	649	58
3.30/3.31	3.3123	648	60
3.30/3.37	3.36833	647	62
3.38/3.42	3.4241	646	64
3.38/3.48	3.47923	645	66
3.48/3.53	3.53409	644	68
3.48/3.59	3.59096	643	72
3.58/3.64	3.64417	642	73
3.68/3.70	3.69982	641	76
3.68/3.75	3.7558	640	79
3.78/3.81	3.80992	639	81
3.78/3.86	3.86265	638	82
3.88/3.91	3.91623	637	84
3.88/3.97	3.97256	636	88
3.98/4.02	4.0264	635	90
3.98/4.08	4.08085	634	93
4.08/4.13	4.1364	633	96
4.08/4.19	4.19237	632	100
4.18/4.24	4.24716	631	103
4.18/4.30	4.30049	630	105
4.29/4.35	4.35562	629	108
4.40/4.41	4.40967	628	111
4.40/4.46	4.46552	627	115
4.48/4.52	4.52157	626	120
4.48/4.57	4.57705	625	124
4.58/4.63	4.62938	624	126
4.58/4.68	4.68704	623	133
4.68/4.74	4.74241	622	137
4.78/4.80	4.79811	621	142
4.78/4.85	4.85001	620	144
4.88/4.90	4.90175	619	148
4.88/4.95	4.95313	618	151
4.98/5.01	5.00821	617	159
4.98/5.06	5.06291	616	163
5.08/5.11	5.11432	615	165
5.08/5.17	5.16797	614	169
5.18/5.22	5.22271	613	173
5.18/5.27	5.27634	612	176
5.28/5.32	5.3272	611	179
5.28/5.38	5.3834	610	185
5.39/5.44	5.43804	609	189
5.39/5.49	5.48835	608	193
5.49/5.55	5.55098	607	205
5.58/5.60	5.60136	606	210
5.58/5.65	5.65261	605	216
5.68/5.70	5.7037	604	221
5.68/5.75	5.7521	603	224
5.78/5.80	5.8041	602	228
5.78/5.85	5.85653	601	232
5.88/5.91	5.90972	600	237
5.88/5.96	5.96088	599	244
5.98/6.01	6.01159	598	252
5.98/6.06	6.06094	597	257
6.08/6.11	6.1115	596	262
6.08/6.16	6.16689	595	271
6.18/6.21	6.21406	594	276
6.18/6.29	6.29375	593	314
6.28/6.34	6.34389	592	319
6.28/6.39	6.39418	591	324
6.38/6.44	6.44494	590	330
6.38/6.49	6.49683	589	337
6.49/6.58	6.58439	588	374
6.59/6.64	6.64472	587	389
6.68/6.70	6.70045	586	399
6.68/6.78	6.78701	585	453
6.78/6.83	6.83418	584	457
6.78/6.88	6.88036	583	460
6.88/6.97	6.9708	582	508
6.98/7.02	7.02101	581	514
6.98/7.09	7.0924	580	537
7.08/7.14	7.14412	579	545
7.19/7.22	7.21738	578	584
7.29/7.30	7.30469	577	645
7.29/7.37	7.36769	576	679
7.49/7.53	7.53281	575	854
7.49/7.59	7.59281	574	869
7.70/7.79	7.79224	573	1094
8.09/8.10	8.10352	572	1491
8.09/8.16	8.16719	571	1511
8.19/8.24	8.24692	570	1542
8.29/8.31	8.30768	569	1556
8.29/8.37	8.36785	568	1570
8.39/8.43	8.43286	567	1588
8.39/8.49	8.48968	566	1601
8.49/8.55	8.55301	565	1620
8.59/8.60	8.60086	564	1626
8.59/8.64	8.64697	563	1631
8.70/8.71	8.70807	562	1646
8.70/8.76	8.76376	561	1655
8.80/8.88	8.8831	560	1718
8.89/8.95	8.95082	559	1742
8.99/9.02	9.02289	558	1769
9.09/9.15	9.14729	557	1838
9.19/9.22	9.2187	556	1861
9.29/9.30	9.3002	555	1895
9.29/9.36	9.36698	554	1914
9.49/9.54	9.53918	553	2022
9.59/9.63	9.63597	552	2067
9.69/9.71	9.70916	551	2096
9.90/9.95	9.95049	550	2265
9.99/10.04	10.0383	549	2306
10.09/10.14	10.1406	548	2358
10.19/10.29	10.2957	547	2446
10.29/10.35	10.3511	546	2458
10.39/10.42	10.4174	545	2477
10.49/10.58	10.5867	544	2579
10.59/10.69	10.6943	543	2628
10.69/10.77	10.7752	542	2656
10.79/10.88	10.8806	541	2705
10.90/10.97	10.9678	540	2739
11.09/11.14	11.138	539	2842
12.79/12.88	12.8869	538	4496
13.10/13.13	13.1302	537	4646
13.29/13.34	13.3447	536	4790
13.49/13.56	13.5611	535	4933
13.69/13.74	13.7411	534	5043
13.79/13.81	13.8089	533	5062
13.89/13.96	13.9618	532	5148
14.09/14.13	14.128	531	5256
14.39/14.42	14.4207	530	5475
14.79/14.85	14.8494	529	5815
15.30/15.32	15.3202	528	6180
17.09/17.14	17.1416	527	7954
17.29/17.32	17.3254	526	8084
17.59/17.69	17.6922	525	8366
17.89/17.98	17.9827	524	8568
17.99/18.03	18.0333	523	8584
19.80/19.86	19.8641	522	10485
19.99/20.01	20.0118	521	10581
20.39/20.47	20.4761	520	10950
23.28/23.34	23.3406	519	14095
23.68/23.77	23.7722	518	14430
23.98/24.01	24.0113	517	14591
33.29/33.32	33.3201	516	24494
33.59/33.62	33.617	515	24629
33.79/33.88	33.8858	514	24763
36.49/36.51	36.5137	513	26980
36.69/36.78	36.7788	512	27163
37.49/37.55	37.5552	511	27781
38.19/38.27	38.2716	510	28326
42.80/42.87	42.8727	509	32579
45.29/45.33	45.334	508	34867
52.08/52.15	52.1469	507	41863
52.18/52.20	52.2037	506	41894
53.89/53.98	53.9763	505	43565
58.69/58.73	58.7272	504	47660
65.89/65.98	65.9831	503	53646
93.09/93.11	93.1107	502	77102
93.29/93.38	93.382	501	77285
119.79/119.83	119.829	500	99135
371.58/371.67	371.659	499	318368
378.08/378.18	378.173	498	323800
378.38/378.45	378.441	497	323995
409.38/409.43	409.418	496	351103
