0.69/0.79	0.788562	689	0
0.79/0.85	0.850219	688	1
0.89/0.91	0.91226	687	2
0.89/0.97	0.971779	686	3
1.00/1.03	1.03137	685	4
1.00/1.09	1.09072	684	5
1.10/1.17	1.17582	683	6
1.19/1.25	1.25507	682	7
1.29/1.33	1.32967	681	8
1.39/1.40	1.40386	680	9
1.39/1.48	1.47909	679	10
1.49/1.57	1.57384	678	11
1.59/1.64	1.64729	677	12
1.69/1.72	1.72056	676	14
1.69/1.79	1.79294	675	15
1.79/1.86	1.86638	674	16
1.89/1.94	1.94046	673	17
1.99/2.01	2.01331	672	18
1.99/2.08	2.08149	671	19
2.10/2.13	2.13523	670	20
2.10/2.19	2.18981	669	22
2.20/2.24	2.2434	668	23
2.20/2.29	2.29647	667	24
2.29/2.35	2.34943	666	25
2.39/2.40	2.40324	665	26
2.39/2.45	2.45543	664	27
2.49/2.51	2.50849	663	28
2.49/2.56	2.56077	662	29
2.59/2.61	2.61328	661	30
2.59/2.66	2.66534	660	31
2.69/2.71	2.71736	659	32
2.69/2.77	2.76911	658	33
2.79/2.82	2.82089	657	34
2.79/2.87	2.87452	656	37
2.89/2.93	2.92805	655	39
2.89/2.98	2.98305	654	43
2.99/3.03	3.03688	653	45
2.99/3.09	3.08953	652	47
3.09/3.14	3.1416	651	49
3.09/3.19	3.19252	650	50
3.20/3.24	3.24388	649	51
3.20/3.29	3.29707	648	54
3.30/3.35	3.34794	647	56
3.39/3.40	3.39902	646	57
3.39/3.45	3.45094	645	59
3.49/3.50	3.50135	644	60
3.49/3.55	3.55122	643	62
3.59/3.60	3.60204	642	64
3.59/3.65	3.65302	641	66
3.69/3.70	3.70373	640	68
3.69/3.75	3.75477	639	72
3.79/3.80	3.80639	638	75
3.79/3.85	3.85588	637	76
3.89/3.90	3.90737	636	78
3.89/3.96	3.95911	635	81
3.99/4.01	4.00911	634	83
3.99/4.06	4.06074	633	86
4.09/4.11	4.10887	632	87
4.09/4.15	4.15656	631	88
4.19/4.20	4.20595	630	90
4.19/4.25	4.25615	629	94
4.19/4.30	4.30505	628	96
4.30/4.35	4.35438	627	98
4.40/4.40	4.40735	626	102
4.40/4.46	4.45806	625	105
4.49/4.51	4.50825	624	108
4.49/4.56	4.55969	623	112
4.59/4.61	4.60828	622	114
4.59/4.65	4.65719	621	116
4.69/4.71	4.71218	620	123
4.69/4.76	4.76111	619	125
4.79/4.81	4.81564	618	129
4.79/4.86	4.86705	617	131
4.89/4.92	4.92011	616	133
4.89/4.97	4.97718	615	139
4.99/5.02	5.0271	614	140
4.99/5.08	5.07908	613	145
5.09/5.13	5.1321	612	148
5.09/5.18	5.18648	611	153
5.19/5.23	5.23743	610	155
5.19/5.29	5.29156	609	163
5.29/5.35	5.35138	608	172
5.40/5.42	5.4269	607	193
5.40/5.48	5.48266	606	199
5.50/5.54	5.53948	605	206
5.50/5.59	5.5932	604	211
5.58/5.64	5.64585	603	215
5.58/5.69	5.69554	602	217
5.68/5.75	5.75468	601	226
5.78/5.80	5.80507	600	232
5.78/5.86	5.86233	599	244
5.88/5.91	5.91628	598	253
5.88/5.97	5.97063	597	263
5.98/6.02	6.01971	596	267
5.98/6.07	6.06876	595	271
6.08/6.16	6.15997	594	303
6.18/6.21	6.21072	593	306
6.18/6.26	6.26321	592	313
6.28/6.32	6.31795	591	319
6.28/6.37	6.37096	590	324
6.38/6.43	6.43034	589	339
6.38/6.48	6.48239	588	343
6.49/6.53	6.53731	587	356
6.49/6.59	6.59499	586	364
6.60/6.67	6.66778	585	397
6.68/6.71	6.7175	584	401
6.68/6.77	6.77657	583	412
6.78/6.83	6.8322	582	421
6.78/6.88	6.88372	581	426
6.88/6.94	6.93838	580	433
6.98/7.02	7.0236	579	467
6.98/7.07	7.07457	578	472
7.08/7.13	7.13541	577	494
7.18/7.23	7.23288	576	564
7.28/7.30	7.30051	575	589
7.28/7.36	7.36091	574	601
7.38/7.41	7.41687	573	610
7.48/7.55	7.55636	572	734
7.59/7.61	7.61542	571	745
7.59/7.69	7.69302	570	771
7.70/7.78	7.77762	569	804
7.78/7.83	7.82799	568	809
7.88/7.90	7.89867	567	829
7.88/7.98	7.97753	566	855
7.98/8.03	8.03455	565	865
8.08/8.14	8.14508	564	919
8.18/8.21	8.20925	563	937
8.18/8.26	8.26695	562	948
8.28/8.38	8.38717	561	1009
8.38/8.44	8.43796	560	1015
8.48/8.50	8.49863	559	1031
8.58/8.66	8.66619	558	1191
8.69/8.73	8.7299	557	1207
8.80/8.84	8.84225	556	1261
8.88/8.90	8.90493	555	1277
8.88/8.98	8.97827	554	1301
8.98/9.08	9.0846	553	1352
9.08/9.16	9.15802	552	1376
9.18/9.23	9.23537	551	1407
9.28/9.39	9.38792	550	1497
9.38/9.46	9.45772	549	1518
9.68/9.78	9.7874	548	1771
9.80/9.83	9.83146	547	1776
10.08/10.11	10.1089	546	1972
10.18/10.20	10.2025	545	2019
10.18/10.26	10.2578	544	2032
10.28/10.30	10.3041	543	2038
10.38/10.46	10.4639	542	2139
10.78/10.87	10.8748	541	2618
10.90/10.96	10.9615	540	2694
11.38/11.40	11.4056	539	3035
11.48/11.50	11.5019	538	3083
11.68/11.72	11.7179	537	3352
15.49/15.59	15.5914	536	8589
15.69/15.75	15.7509	535	8687
15.79/15.81	15.8076	534	8704
15.99/16.05	16.0565	533	8933
16.19/16.23	16.2279	532	9042
16.69/16.77	16.7746	531	9486
19.28/19.30	19.3024	530	12173
19.28/19.35	19.3492	529	12178
20.58/20.62	20.6249	528	13370
21.48/21.52	21.5197	527	14029
22.18/22.28	22.2823	526	14616
22.28/22.38	22.3835	525	14665
23.99/24.10	24.0984	524	16357
24.49/24.53	24.5363	523	16673
24.59/24.61	24.6152	522	16702
24.69/24.72	24.7202	521	16753
24.79/24.84	24.8449	520	16806
25.49/25.51	25.5092	519	17202
26.49/26.51	26.5119	518	17901
29.89/29.96	29.9639	517	20589
29.99/30.07	30.0759	516	20638
30.69/30.80	30.8021	515	21134
30.79/30.86	30.8629	514	21137
31.19/31.22	31.2164	513	21358
31.89/31.91	31.9146	512	21891
31.99/32.04	32.046	511	21964
37.09/37.11	37.1142	510	26101
41.49/41.53	41.5315	509	29644
41.79/41.85	41.8513	508	29872
44.09/44.16	44.1574	507	31695
47.68/47.71	47.7063	506	34529
56.99/57.06	57.0613	505	43251
61.60/61.67	61.6697	504	46793
71.68/71.75	71.7449	503	55462
79.10/79.20	79.1944	502	61610
109.68/109.76	109.76	501	86747
129.08/129.17	129.171	500	102342
135.88/135.95	135.948	499	108665
172.78/172.82	172.819	498	138810
172.78/172.86	172.857	497	138812
180.18/180.30	180.296	496	144897
317.07/317.19	317.181	495	258165
