0.79/0.83	0.833493	695	0
0.79/0.89	0.889672	694	1
0.89/0.94	0.946089	693	2
0.89/1.00	1.00309	692	3
1.00/1.06	1.05983	691	6
1.10/1.11	1.11576	690	7
1.10/1.17	1.17149	689	8
1.19/1.22	1.2268	688	9
1.19/1.28	1.28174	687	10
1.29/1.33	1.33702	686	11
1.29/1.39	1.39177	685	12
1.39/1.44	1.44649	684	13
1.49/1.50	1.50179	683	14
1.49/1.55	1.5562	682	15
1.59/1.61	1.61098	681	17
1.59/1.66	1.66582	680	18
1.69/1.72	1.71999	678	19
1.69/1.77	1.774	677	20
1.79/1.83	1.82753	676	21
1.79/1.88	1.88039	675	22
1.89/1.93	1.93397	674	23
1.89/1.98	1.98679	673	24
1.99/2.04	2.04105	672	25
1.99/2.09	2.0944	671	26
2.10/2.15	2.14758	670	27
2.10/2.20	2.2008	669	28
2.20/2.25	2.25461	668	29
2.29/2.31	2.31063	667	30
2.29/2.36	2.36623	666	31
2.39/2.42	2.42243	665	32
2.39/2.48	2.47764	664	33
2.49/2.53	2.53376	663	34
2.49/2.59	2.58858	662	35
2.59/2.64	2.64317	661	36
2.69/2.70	2.69784	660	37
2.69/2.75	2.75362	659	40
2.79/2.81	2.80957	658	42
2.79/2.86	2.86595	657	44
2.89/2.92	2.92393	656	48
2.89/2.98	2.98018	655	50
2.99/3.03	3.0365	654	52
2.99/3.09	3.09152	653	54
3.09/3.14	3.14509	652	55
3.09/3.20	3.19843	651	56
3.20/3.25	3.25168	650	57
3.20/3.30	3.30633	649	59
3.30/3.36	3.36312	648	63
3.39/3.41	3.41601	647	64
3.39/3.47	3.46936	646	66
3.49/3.53	3.5275	645	71
3.49/3.58	3.5842	644	75
3.59/3.64	3.63804	643	77
3.59/3.69	3.69292	642	80
3.69/3.74	3.74476	641	81
3.79/3.80	3.79829	640	83
3.79/3.85	3.85283	639	85
3.89/3.90	3.90613	638	87
3.89/3.96	3.95962	637	89
3.99/4.01	4.01261	636	91
3.99/4.06	4.06588	634	93
4.09/4.12	4.11907	633	95
4.09/4.17	4.17174	632	97
4.19/4.22	4.22451	631	99
4.19/4.28	4.28237	630	104
4.30/4.33	4.33626	629	107
4.30/4.39	4.38806	628	109
4.40/4.44	4.44315	627	113
4.40/4.49	4.49598	626	115
4.49/4.55	4.54947	625	118
4.59/4.60	4.60313	624	122
4.59/4.66	4.65777	623	127
4.69/4.71	4.71235	622	131
4.69/4.76	4.76253	621	133
4.79/4.81	4.81377	620	136
4.79/4.86	4.86367	619	137
4.89/4.91	4.91516	618	139
4.89/4.97	4.96869	617	143
4.99/5.02	5.01903	616	145
4.99/5.07	5.07517	615	151
5.09/5.13	5.13023	614	158
5.09/5.18	5.18411	613	163
5.19/5.24	5.24109	612	171
5.19/5.29	5.2969	611	180
5.29/5.35	5.34721	610	182
5.40/5.42	5.42062	609	203
5.40/5.50	5.49783	608	228
5.50/5.56	5.56513	607	244
5.59/5.62	5.62069	606	251
5.59/5.67	5.67553	605	258
5.69/5.73	5.73275	604	266
5.69/5.79	5.78782	603	273
5.79/5.84	5.8412	602	278
5.79/5.89	5.89171	601	281
5.89/5.96	5.96506	600	303
5.99/6.01	6.01562	599	308
5.99/6.06	6.06014	598	309
6.09/6.12	6.11826	597	322
6.09/6.17	6.16751	596	326
6.19/6.22	6.2224	595	334
6.19/6.27	6.27217	594	340
6.29/6.32	6.32119	593	345
6.29/6.37	6.37113	592	349
6.39/6.42	6.42188	591	353
6.39/6.47	6.47563	590	359
6.50/6.53	6.5308	589	372
6.50/6.58	6.58128	588	379
6.60/6.63	6.63699	587	393
6.60/6.69	6.69291	586	401
6.69/6.76	6.76296	585	420
6.79/6.81	6.81391	584	424
6.79/6.86	6.86573	583	429
6.89/6.98	6.97876	582	481
6.99/7.03	7.0343	581	489
6.99/7.10	7.09712	580	503
7.09/7.15	7.15189	579	511
7.19/7.20	7.20599	578	518
7.19/7.27	7.26728	577	533
7.29/7.33	7.33127	576	549
7.29/7.38	7.38253	575	555
7.39/7.44	7.43918	574	565
7.39/7.49	7.49075	573	571
7.49/7.54	7.54361	572	578
7.60/7.62	7.61778	571	604
7.70/7.73	7.73653	570	701
7.70/7.79	7.79083	569	718
7.89/7.92	7.91797	568	829
7.89/7.99	7.99283	567	854
7.99/8.07	8.07249	566	885
8.09/8.15	8.15372	565	917
8.19/8.28	8.27846	564	946
8.39/8.40	8.4012	563	970
8.49/8.52	8.52256	562	997
8.49/8.59	8.59219	561	1002
8.59/8.67	8.67499	560	1018
8.70/8.74	8.73964	559	1024
8.70/8.80	8.80124	558	1032
8.80/8.86	8.86109	557	1036
8.89/8.95	8.94969	556	1056
9.09/9.10	9.10031	555	1116
9.19/9.27	9.27473	554	1194
9.39/9.43	9.43573	553	1286
9.49/9.50	9.50683	552	1308
9.59/9.66	9.66518	551	1403
9.69/9.73	9.7294	550	1426
9.69/9.79	9.7968	549	1450
9.90/9.92	9.92591	548	1516
10.19/10.24	10.2413	547	1697
10.29/10.30	10.3045	546	1703
10.29/10.39	10.3912	545	1738
10.49/10.58	10.5846	544	1863
10.59/10.63	10.6271	543	1865
10.90/10.97	10.9724	542	2121
11.39/11.41	11.4073	541	2489
11.59/11.67	11.6677	540	2667
11.69/11.77	11.7751	539	2720
11.79/11.89	11.8873	538	2777
12.10/12.15	12.152	537	2961
12.19/12.24	12.2381	536	2999
12.69/12.70	12.6984	535	3338
12.69/12.75	12.7532	534	3351
12.89/12.96	12.9574	533	3476
13.10/13.11	13.1073	532	3566
13.39/13.46	13.458	531	3811
13.59/13.64	13.6451	530	3929
13.69/13.71	13.7084	529	3949
13.99/14.06	14.0651	528	4199
14.89/14.93	14.9339	527	4905
15.49/15.51	15.5081	526	5330
15.99/16.09	16.0948	525	5774
17.60/17.69	17.6907	524	7347
18.79/18.85	18.8563	523	8299
19.29/19.35	19.3526	522	8675
19.80/19.83	19.8318	521	9042
20.49/20.50	20.5042	520	9568
20.99/21.04	21.0397	519	9998
21.09/21.13	21.1284	518	10040
23.49/23.59	23.5961	517	12121
24.49/24.56	24.5575	516	12909
25.39/25.40	25.3969	515	13559
25.99/26.00	26.0003	514	14051
28.29/28.31	28.3089	513	15926
31.19/31.21	31.2086	512	18231
31.79/31.81	31.8119	511	18688
33.89/33.98	33.9834	510	20553
39.99/40.00	40.0052	509	25516
48.59/48.61	48.6137	508	32652
48.79/48.87	48.8676	507	32822
52.39/52.46	52.4557	506	35678
53.39/53.40	53.396	505	36436
57.10/57.20	57.1952	504	39513
57.29/57.38	57.3826	503	39636
84.19/84.29	84.2916	502	62347
89.10/89.14	89.1354	501	65998
126.58/126.60	126.599	500	101308
127.88/127.93	127.93	499	102341
327.28/327.30	327.287	498	285923
343.68/343.73	343.716	497	299103
349.08/349.15	349.137	496	303779
373.38/373.43	373.418	495	324183
765.07/765.19	765.166	494	665121
