0.79/0.84	0.842575	701	0
0.89/0.90	0.899374	700	1
0.89/0.96	0.959326	699	2
1.00/1.02	1.01835	698	3
1.00/1.07	1.07733	697	4
1.10/1.13	1.13615	696	5
1.10/1.19	1.19598	695	7
1.19/1.25	1.25323	694	8
1.29/1.31	1.30934	693	10
1.29/1.36	1.3643	692	11
1.39/1.42	1.41867	691	12
1.39/1.47	1.47336	690	13
1.49/1.53	1.52803	689	14
1.49/1.58	1.58131	688	15
1.59/1.63	1.63593	687	16
1.59/1.69	1.68983	686	17
1.69/1.74	1.74314	685	18
1.79/1.80	1.80068	684	19
1.79/1.86	1.85949	683	20
1.89/1.91	1.91596	682	21
1.89/1.97	1.97273	681	22
1.99/2.03	2.03002	680	23
1.99/2.08	2.08695	679	24
2.10/2.14	2.14386	678	25
2.10/2.20	2.19996	677	26
2.20/2.25	2.25595	676	27
2.29/2.31	2.3123	675	28
2.29/2.37	2.37019	674	29
2.39/2.42	2.42264	673	30
2.39/2.47	2.47472	672	31
2.49/2.53	2.52749	670	33
2.49/2.58	2.57968	669	34
2.59/2.63	2.63138	668	35
2.59/2.68	2.68483	667	38
2.69/2.73	2.73628	666	39
2.69/2.79	2.78805	665	40
2.79/2.84	2.83934	664	41
2.79/2.89	2.89158	663	42
2.89/2.94	2.9431	662	43
2.89/2.99	2.99603	661	45
2.99/3.05	3.04955	660	48
3.09/3.10	3.10158	659	50
3.09/3.15	3.15349	658	52
3.09/3.20	3.20483	657	55
3.20/3.25	3.25575	656	57
3.30/3.30	3.30706	655	59
3.30/3.36	3.35978	654	61
3.39/3.41	3.41118	653	63
3.39/3.46	3.46276	652	65
3.49/3.51	3.51479	651	68
3.49/3.56	3.56625	650	70
3.59/3.61	3.61718	649	72
3.59/3.66	3.66652	648	73
3.69/3.72	3.71864	647	76
3.69/3.77	3.76882	646	78
3.79/3.82	3.82418	645	80
3.79/3.88	3.88129	644	84
3.89/3.93	3.93372	643	85
3.89/3.99	3.98752	642	87
3.99/4.04	4.04106	641	89
3.99/4.09	4.0937	640	91
4.09/4.15	4.14789	639	94
4.19/4.20	4.19872	638	95
4.19/4.25	4.25586	637	101
4.30/4.31	4.31335	636	106
4.30/4.36	4.36683	635	108
4.40/4.42	4.42034	634	111
4.40/4.48	4.47734	633	117
4.49/4.53	4.53225	632	121
4.49/4.58	4.58592	631	124
4.59/4.64	4.64094	630	128
4.59/4.69	4.69339	629	131
4.69/4.75	4.74981	628	137
4.79/4.80	4.80178	627	139
4.79/4.85	4.85518	626	142
4.89/4.91	4.90835	625	147
4.89/4.96	4.95886	624	150
4.99/5.01	5.01274	623	154
4.99/5.06	5.06677	622	158
5.09/5.12	5.11907	621	161
5.09/5.17	5.16976	620	163
5.19/5.22	5.21999	619	165
5.19/5.28	5.27937	618	173
5.29/5.33	5.33224	617	179
5.29/5.38	5.38298	616	183
5.40/5.43	5.43267	615	186
5.40/5.48	5.48708	614	193
5.50/5.55	5.54774	613	203
5.59/5.60	5.60024	612	207
5.59/5.65	5.65356	611	211
5.69/5.70	5.7051	610	214
5.69/5.75	5.75713	609	218
5.79/5.81	5.80905	608	224
5.79/5.86	5.86233	607	231
5.89/5.92	5.91942	606	241
5.89/5.96	5.96683	605	244
5.99/6.02	6.01885	604	250
5.99/6.07	6.07135	603	256
6.09/6.12	6.12132	602	260
6.09/6.17	6.17153	601	265
6.19/6.22	6.22397	600	273
6.19/6.27	6.27555	599	280
6.29/6.32	6.32524	598	285
6.29/6.37	6.3747	597	289
6.39/6.42	6.42465	596	294
6.39/6.49	6.49293	595	314
6.50/6.57	6.57475	594	347
6.60/6.63	6.63102	593	358
6.60/6.68	6.68248	592	365
6.69/6.73	6.73259	591	371
6.69/6.78	6.78076	590	377
6.79/6.83	6.8336	589	391
6.88/6.92	6.92692	588	462
6.88/6.98	6.97774	587	472
7.08/7.10	7.10054	586	543
7.08/7.15	7.15398	585	553
7.18/7.20	7.20613	584	561
7.18/7.26	7.26146	583	573
7.28/7.32	7.32055	582	587
7.28/7.37	7.37418	581	597
7.38/7.43	7.42936	580	609
7.38/7.48	7.48071	579	617
7.48/7.53	7.5304	578	628
7.48/7.60	7.60423	577	658
7.59/7.65	7.65151	576	662
7.59/7.70	7.69997	575	668
7.69/7.77	7.77547	574	697
7.78/7.84	7.84581	573	721
7.88/7.90	7.90032	572	733
7.98/8.02	8.02	571	803
8.08/8.19	8.19356	570	915
8.18/8.27	8.26873	569	944
8.29/8.33	8.33389	568	965
8.39/8.40	8.4041	567	991
8.39/8.45	8.45119	566	997
8.49/8.53	8.53035	565	1032
8.59/8.65	8.64873	564	1100
8.80/8.82	8.82121	563	1221
8.80/8.87	8.86991	562	1228
8.89/8.99	8.9885	561	1337
8.99/9.08	9.0841	560	1395
9.09/9.15	9.15486	559	1442
9.19/9.25	9.25203	558	1528
9.29/9.30	9.30178	557	1542
9.29/9.37	9.37055	556	1566
9.49/9.58	9.57768	555	1710
9.59/9.65	9.64752	554	1737
9.69/9.72	9.72373	553	1763
9.69/9.78	9.78678	552	1780
9.90/9.92	9.9236	551	1857
9.90/9.99	9.99612	550	1882
10.19/10.21	10.2162	549	2033
10.49/10.59	10.594	548	2320
10.59/10.64	10.6383	547	2323
10.69/10.70	10.7047	546	2342
10.79/10.87	10.8748	545	2447
10.90/10.94	10.9401	544	2469
10.90/10.99	10.9918	543	2481
11.00/11.08	11.0794	542	2522
11.09/11.15	11.1518	541	2551
11.19/11.26	11.2661	540	2616
11.79/11.85	11.8486	538	3074
11.89/12.00	12.0011	537	3174
12.00/12.04	12.0464	536	3180
12.10/12.11	12.1081	535	3200
12.29/12.33	12.3359	534	3359
12.39/12.44	12.4419	533	3419
12.89/12.96	12.9627	532	4064
12.99/13.10	13.0974	531	4145
13.10/13.16	13.1643	530	4167
13.49/13.54	13.5421	529	4493
13.69/13.77	13.7713	528	4647
13.99/14.05	14.0474	527	4842
14.59/14.62	14.6196	526	5283
14.99/15.01	15.0108	525	5590
15.89/15.99	15.9903	524	6360
16.19/16.22	16.2205	523	6509
17.89/17.96	17.9587	522	8221
18.79/18.80	18.8045	521	8938
18.79/18.88	18.8834	520	8982
19.80/19.88	19.8853	519	10059
19.89/19.98	19.9861	518	10112
21.19/21.20	21.2002	517	11277
25.99/26.00	26.0001	516	17031
26.40/26.49	26.4901	515	17563
26.49/26.58	26.5814	514	17613
27.29/27.37	27.3738	513	18236
27.89/27.92	27.9248	512	18655
27.89/27.96	27.9655	511	18660
30.89/30.98	30.984	510	21222
31.19/31.25	31.2499	509	21536
34.88/34.94	34.9435	508	24851
35.09/35.14	35.1444	507	25050
39.79/39.89	39.8879	506	29282
59.49/59.51	59.5116	505	47055
89.10/89.19	89.1915	504	73020
110.08/110.16	110.161	503	91623
164.28/164.37	164.368	502	143794
166.68/166.74	166.738	501	145805
167.38/167.45	167.453	500	146348
193.88/193.99	193.986	499	169944
279.58/279.66	279.658	498	247419
432.98/433.08	433.069	497	390525
