0.88/0.91	0.912436	695	0
0.88/0.97	0.969879	694	1
0.99/1.03	1.02765	693	2
0.99/1.08	1.08501	692	3
1.10/1.14	1.14229	691	4
1.19/1.20	1.19957	690	5
1.19/1.25	1.25614	689	6
1.29/1.31	1.31259	688	7
1.29/1.37	1.36966	687	8
1.38/1.42	1.42659	686	9
1.38/1.48	1.485	685	10
1.48/1.54	1.54498	684	11
1.58/1.60	1.60123	683	12
1.58/1.66	1.65837	682	13
1.68/1.71	1.71475	681	14
1.68/1.77	1.77052	680	15
1.78/1.83	1.8285	679	17
1.78/1.88	1.88345	678	18
1.88/1.94	1.93882	677	19
1.88/1.99	1.99496	676	20
1.98/2.05	2.05287	675	23
2.09/2.11	2.10929	674	24
2.09/2.16	2.16397	673	25
2.20/2.22	2.22077	672	26
2.20/2.28	2.27888	671	27
2.28/2.34	2.33726	670	28
2.28/2.39	2.39587	669	30
2.38/2.45	2.45341	668	31
2.48/2.51	2.51015	667	32
2.48/2.57	2.56754	666	33
2.59/2.65	2.65258	665	34
2.68/2.72	2.72182	664	35
2.68/2.78	2.78353	663	40
2.78/2.84	2.84621	662	44
2.88/2.90	2.9043	661	46
2.88/2.96	2.96161	660	48
2.98/3.02	3.01753	659	49
2.98/3.07	3.07418	658	51
3.08/3.13	3.13027	657	52
3.08/3.19	3.18723	656	54
3.19/3.26	3.26268	655	56
3.29/3.33	3.33041	654	58
3.29/3.39	3.38761	653	61
3.38/3.44	3.44624	652	64
3.48/3.50	3.5018	651	66
3.48/3.56	3.55933	650	69
3.58/3.61	3.61571	649	71
3.58/3.67	3.67046	648	72
3.68/3.72	3.72599	647	73
3.68/3.78	3.78068	646	74
3.78/3.84	3.839	645	77
3.78/3.89	3.89378	644	79
3.88/3.95	3.95058	643	82
3.98/4.00	4.00449	642	83
3.98/4.06	4.05976	641	86
4.08/4.11	4.11633	640	90
4.08/4.17	4.17094	639	92
4.18/4.22	4.2241	638	97
4.18/4.28	4.27719	637	100
4.29/4.33	4.3305	636	102
4.29/4.38	4.38275	635	104
4.39/4.43	4.43411	634	106
4.39/4.48	4.48597	633	109
4.48/4.54	4.53732	632	111
4.48/4.58	4.58676	631	112
4.58/4.64	4.63815	630	115
4.58/4.69	4.69377	629	123
4.68/4.74	4.74286	628	124
4.78/4.80	4.79746	627	129
4.78/4.85	4.84911	626	132
4.88/4.90	4.90075	625	135
4.88/4.96	4.95867	624	143
4.98/5.01	5.0086	623	145
4.98/5.06	5.06015	622	148
5.08/5.11	5.11067	621	150
5.08/5.16	5.16216	620	156
5.18/5.21	5.2147	619	160
5.18/5.26	5.26504	618	163
5.28/5.32	5.31897	617	168
5.28/5.37	5.37162	616	172
5.39/5.42	5.42158	615	174
5.39/5.47	5.47408	614	177
5.49/5.52	5.52505	613	180
5.49/5.57	5.57441	612	184
5.58/5.63	5.63564	611	196
5.58/5.69	5.68909	610	202
5.68/5.74	5.74119	609	207
5.68/5.79	5.79121	608	210
5.78/5.85	5.85174	607	221
5.88/5.90	5.9005	606	224
5.88/5.95	5.95249	605	228
5.98/6.00	6.00475	604	233
5.98/6.06	6.06042	603	240
6.08/6.11	6.11348	602	246
6.08/6.17	6.16952	601	253
6.18/6.22	6.21913	600	256
6.18/6.28	6.27803	599	267
6.28/6.33	6.3346	598	275
6.28/6.38	6.38275	597	278
6.38/6.43	6.43552	596	285
6.38/6.48	6.48605	595	290
6.49/6.54	6.54052	594	301
6.59/6.61	6.60884	593	336
6.59/6.68	6.6779	592	368
6.68/6.73	6.72839	591	373
6.68/6.78	6.77873	590	378
6.78/6.85	6.84962	589	416
6.88/6.90	6.90088	588	422
6.88/6.96	6.96355	587	438
6.98/7.01	7.01323	586	443
6.98/7.07	7.0684	585	450
7.08/7.13	7.13065	584	462
7.08/7.18	7.18035	583	465
7.18/7.23	7.23333	582	471
7.28/7.34	7.34252	581	565
7.28/7.39	7.38681	580	568
7.38/7.45	7.44863	579	584
7.48/7.51	7.51059	578	599
7.48/7.56	7.5611	577	605
7.59/7.61	7.61064	576	610
7.59/7.66	7.66245	575	616
7.69/7.71	7.70839	574	619
7.69/7.77	7.77393	573	637
7.78/7.82	7.82184	572	641
7.78/7.88	7.88141	571	655
7.88/7.94	7.9376	570	666
7.88/7.99	7.99304	569	679
7.98/8.06	8.06276	568	701
8.08/8.11	8.11566	567	711
8.08/8.18	8.18615	566	735
8.18/8.25	8.25451	565	774
8.28/8.37	8.37358	564	836
8.38/8.43	8.43608	563	853
8.48/8.50	8.50148	562	872
8.48/8.55	8.5549	561	882
8.58/8.60	8.60069	560	886
8.58/8.65	8.65159	559	893
8.69/8.78	8.77844	558	957
8.88/8.96	8.95951	557	1136
8.98/9.08	9.0792	556	1192
9.08/9.18	9.17709	555	1231
9.28/9.31	9.30931	554	1297
9.38/9.44	9.44591	553	1370
9.48/9.50	9.5002	552	1379
9.48/9.59	9.59372	551	1415
9.79/9.81	9.81657	550	1636
9.79/9.90	9.8998	549	1664
9.98/10.05	10.0548	548	1752
10.08/10.17	10.1741	547	1817
10.28/10.36	10.3587	546	1930
10.38/10.41	10.4093	545	1936
10.58/10.68	10.6793	544	2130
10.78/10.87	10.8689	543	2253
10.99/11.08	11.0816	542	2402
11.18/11.25	11.2488	541	2511
11.28/11.35	11.3493	540	2561
11.58/11.68	11.6809	539	2803
11.68/11.73	11.7362	538	2816
12.48/12.57	12.5681	537	3797
12.98/13.01	13.0083	536	4099
13.58/13.67	13.6696	535	4541
13.68/13.73	13.7293	534	4555
13.78/13.81	13.8157	533	4589
14.48/14.59	14.5928	532	5189
14.78/14.88	14.8782	531	5378
15.29/15.35	15.3561	530	5746
15.48/15.50	15.4978	529	5835
15.78/15.88	15.8828	528	6145
15.98/16.05	16.0504	527	6257
16.88/16.99	16.996	526	7063
17.28/17.39	17.3913	525	7291
17.78/17.82	17.8167	524	7623
18.59/18.67	18.6753	523	8345
18.78/18.86	18.861	522	8470
19.88/19.99	19.9878	521	9324
23.88/23.90	23.9036	520	13092
23.88/23.97	23.9706	519	13113
24.49/24.55	24.5545	518	13534
26.09/26.19	26.1862	517	15453
28.79/28.85	28.851	516	17968
28.89/28.97	28.9755	515	18037
29.79/29.85	29.85	514	18690
31.49/31.56	31.5648	513	19906
34.49/34.58	34.5837	512	22632
36.88/36.92	36.9207	511	25142
40.49/40.54	40.5424	510	30080
41.09/41.19	41.1905	509	30617
52.70/52.79	52.7927	508	40178
68.89/68.96	68.9611	507	54065
73.38/73.43	73.4257	506	57953
77.48/77.57	77.5719	505	61340
77.58/77.67	77.6706	504	61432
96.70/96.80	96.7993	503	77041
120.68/120.78	120.776	502	95888
183.18/183.20	183.196	501	149105
298.18/298.28	298.276	500	248012
374.17/374.22	374.209	499	316482
434.08/434.11	434.095	498	367442
600.66/600.75	600.734	497	513557
