0.89/0.97	0.972637	695	0
1.00/1.05	1.05005	694	1
1.10/1.13	1.12762	692	2
1.19/1.22	1.22396	691	3
1.29/1.30	1.30063	690	4
1.29/1.39	1.39319	689	5
1.39/1.48	1.47922	688	6
1.49/1.55	1.5551	687	7
1.59/1.63	1.63155	686	8
1.69/1.70	1.70713	685	9
1.69/1.78	1.78191	684	10
1.79/1.86	1.85742	683	11
1.89/1.93	1.9322	682	12
1.99/2.01	2.00817	681	13
1.99/2.07	2.07482	680	14
2.10/2.13	2.13555	679	15
2.10/2.19	2.19492	678	16
2.20/2.25	2.25415	677	17
2.29/2.31	2.31386	676	18
2.29/2.37	2.37252	675	19
2.39/2.43	2.43066	674	20
2.39/2.49	2.48889	672	21
2.49/2.54	2.54676	671	22
2.59/2.60	2.6052	670	23
2.59/2.66	2.66533	669	25
2.69/2.72	2.72245	668	26
2.69/2.78	2.77978	667	27
2.78/2.84	2.83985	666	30
2.78/2.89	2.89705	665	31
2.88/2.95	2.95495	664	32
2.98/3.01	3.0126	663	33
2.98/3.07	3.06991	662	34
3.08/3.13	3.12877	661	36
3.08/3.18	3.18585	660	37
3.19/3.24	3.24431	659	39
3.19/3.30	3.30144	658	41
3.30/3.36	3.35808	657	42
3.38/3.41	3.41551	656	44
3.38/3.47	3.47138	655	45
3.48/3.53	3.5276	654	46
3.48/3.58	3.58452	653	48
3.58/3.64	3.64125	652	49
3.68/3.70	3.69904	651	52
3.68/3.76	3.75794	650	55
3.78/3.81	3.81488	649	57
3.78/3.87	3.87276	648	60
3.88/3.93	3.92907	647	62
3.88/3.99	3.98942	646	67
3.98/4.04	4.04454	645	68
4.08/4.11	4.11192	644	70
4.08/4.17	4.17111	643	73
4.18/4.22	4.22681	642	75
4.18/4.28	4.28547	641	78
4.30/4.34	4.34032	640	80
4.30/4.39	4.39426	639	81
4.40/4.45	4.45076	638	83
4.48/4.50	4.50606	637	85
4.48/4.56	4.56368	636	88
4.58/4.62	4.62018	635	91
4.58/4.67	4.67584	634	96
4.68/4.73	4.73381	633	101
4.68/4.78	4.78705	632	103
4.78/4.84	4.84213	631	105
4.88/4.90	4.89792	630	108
4.88/4.95	4.95364	629	111
4.98/5.01	5.00927	628	114
4.98/5.06	5.06574	627	118
5.08/5.12	5.12523	626	123
5.08/5.18	5.18117	625	126
5.18/5.24	5.24166	624	133
5.18/5.29	5.29614	623	136
5.28/5.35	5.35084	622	139
5.28/5.40	5.40513	621	142
5.39/5.46	5.46001	620	145
5.50/5.53	5.52827	619	148
5.58/5.60	5.60544	618	149
5.58/5.67	5.66766	617	153
5.68/5.72	5.71958	616	155
5.68/5.77	5.77424	615	159
5.78/5.83	5.82981	614	163
5.78/5.89	5.88736	613	171
5.88/5.94	5.9433	612	176
5.98/6.00	5.99771	611	180
5.98/6.05	6.05014	610	182
6.08/6.10	6.10382	609	185
6.08/6.16	6.16059	608	189
6.18/6.21	6.21703	607	194
6.18/6.27	6.2702	606	197
6.28/6.33	6.33126	605	207
6.28/6.38	6.3833	604	210
6.38/6.43	6.43392	603	213
6.38/6.49	6.49044	602	221
6.49/6.55	6.54767	601	227
6.59/6.65	6.64919	600	244
6.68/6.73	6.73254	599	246
6.78/6.82	6.82549	598	255
6.78/6.88	6.87993	597	258
6.88/6.97	6.97571	596	298
6.98/7.03	7.02994	595	303
6.98/7.08	7.08002	594	306
7.09/7.13	7.13439	593	310
7.09/7.19	7.19127	592	317
7.19/7.25	7.2479	591	325
7.29/7.30	7.30459	590	332
7.29/7.36	7.35886	589	337
7.39/7.42	7.42619	588	352
7.39/7.48	7.48094	587	359
7.49/7.54	7.54518	586	371
7.49/7.60	7.6021	585	379
7.60/7.67	7.66901	584	393
7.70/7.72	7.72431	583	400
7.70/7.79	7.7921	582	417
7.79/7.85	7.85202	581	427
7.89/7.92	7.91791	580	442
7.89/7.98	7.98052	579	456
8.09/8.12	8.12382	578	533
8.09/8.17	8.17278	577	537
8.19/8.25	8.25187	576	564
8.29/8.30	8.30619	575	577
8.29/8.36	8.36016	574	584
8.39/8.42	8.418	573	593
8.39/8.47	8.47432	572	601
8.49/8.54	8.5391	571	615
8.59/8.60	8.6011	570	629
8.59/8.68	8.67946	569	652
8.69/8.79	8.79272	568	706
8.79/8.84	8.84095	567	712
8.89/8.97	8.97115	566	778
8.99/9.03	9.02837	565	790
9.09/9.11	9.10803	564	818
9.09/9.17	9.17363	563	834
9.19/9.22	9.22438	562	843
9.19/9.29	9.2882	561	858
9.29/9.34	9.34478	560	868
9.39/9.43	9.43009	559	903
9.39/9.48	9.48655	558	915
9.49/9.54	9.54263	557	925
9.69/9.76	9.76139	556	1123
9.79/9.84	9.83693	555	1147
9.89/9.93	9.9304	554	1186
10.19/10.24	10.2464	553	1474
10.29/10.30	10.3038	552	1493
10.29/10.39	10.3905	551	1529
10.49/10.53	10.5287	550	1606
10.69/10.71	10.7147	549	1803
10.69/10.79	10.7903	548	1831
10.89/10.93	10.9316	547	1960
10.99/11.06	11.0612	546	2028
11.09/11.12	11.1189	545	2038
11.19/11.22	11.2237	544	2091
11.29/11.38	11.3808	543	2182
11.49/11.59	11.592	542	2311
11.79/11.85	11.8503	541	2501
11.89/11.97	11.9727	540	2570
11.99/12.10	12.0992	539	2641
12.09/12.14	12.1436	538	2645
12.19/12.21	12.216	537	2674
13.39/13.41	13.4151	536	3686
13.49/13.55	13.5521	535	3764
13.99/14.02	14.0189	534	4078
14.59/14.68	14.684	533	4533
14.99/15.04	15.0405	532	4783
15.30/15.37	15.3707	531	5013
15.40/15.46	15.4574	530	5072
16.09/16.18	16.1814	529	5834
17.19/17.21	17.2113	528	6578
17.29/17.39	17.3886	527	6684
17.69/17.75	17.7486	526	6951
17.79/17.80	17.8041	525	6966
18.09/18.13	18.1353	524	7191
18.60/18.65	18.6505	523	7570
18.70/18.73	18.7267	522	7599
19.70/19.77	19.7732	521	8451
19.80/19.81	19.8104	520	8452
20.69/20.79	20.7878	519	9250
21.29/21.36	21.3588	518	9702
22.89/22.93	22.9289	517	10942
23.10/23.14	23.1396	516	11088
23.49/23.59	23.5958	515	11433
25.19/25.28	25.2769	514	13450
25.58/25.69	25.695	513	13925
29.59/29.69	29.6952	512	17013
29.69/29.74	29.7411	511	17018
30.79/30.87	30.8713	510	17917
31.79/31.84	31.8437	509	18756
34.09/34.13	34.1258	508	20559
34.49/34.55	34.5536	507	20871
38.89/38.96	38.9574	506	24478
54.39/54.48	54.4745	505	37896
59.79/59.80	59.7992	504	42419
62.99/63.01	63.0084	503	44931
67.99/68.04	68.0398	502	49853
94.68/94.72	94.7183	501	73522
193.88/193.90	193.897	500	157591
430.68/430.77	430.755	499	364165
431.58/431.60	431.585	498	365036
553.57/553.67	553.649	497	471540
553.77/553.80	553.783	496	471639
769.66/769.76	769.737	495	656313
958.26/958.32	958.289	494	819943
959.26/959.36	959.324	493	820598
