0.80/0.83	0.829271	696	0
0.80/0.88	0.886189	695	1
0.89/0.94	0.941998	694	2
0.89/1.00	0.997472	693	3
1.00/1.05	1.05356	692	4
1.10/1.11	1.11175	691	5
1.10/1.17	1.17067	690	6
1.20/1.23	1.22879	689	7
1.20/1.29	1.28748	688	8
1.29/1.34	1.34598	687	9
1.39/1.40	1.40433	686	10
1.39/1.46	1.46275	685	11
1.49/1.52	1.52164	684	14
1.49/1.58	1.58056	683	15
1.59/1.64	1.63898	682	16
1.59/1.69	1.69686	681	17
1.69/1.75	1.75498	680	18
1.79/1.81	1.81282	679	19
1.79/1.87	1.8702	678	20
1.89/1.92	1.92455	677	21
1.89/1.98	1.97867	676	22
1.99/2.03	2.03308	675	23
1.99/2.09	2.08858	674	25
2.10/2.14	2.14247	673	26
2.10/2.19	2.19595	672	27
2.20/2.25	2.24966	671	28
2.29/2.30	2.30282	670	29
2.29/2.35	2.35503	669	30
2.39/2.41	2.40774	668	31
2.39/2.46	2.46057	667	32
2.49/2.51	2.51293	666	33
2.49/2.56	2.56593	665	34
2.60/2.62	2.61985	664	36
2.60/2.67	2.67361	663	38
2.69/2.73	2.72794	662	41
2.69/2.78	2.78078	661	43
2.79/2.83	2.83268	660	45
2.79/2.88	2.88574	659	47
2.89/2.94	2.93859	658	49
2.89/2.99	2.99034	657	50
2.99/3.04	3.04529	656	54
2.99/3.10	3.09738	655	55
3.09/3.15	3.14863	654	56
3.09/3.20	3.20093	653	58
3.20/3.25	3.2529	652	60
3.20/3.30	3.30469	651	63
3.30/3.35	3.35726	650	66
3.39/3.41	3.40765	649	67
3.39/3.46	3.45915	648	69
3.49/3.51	3.51024	647	71
3.49/3.56	3.56384	646	74
3.59/3.61	3.61469	645	75
3.59/3.66	3.66619	644	77
3.69/3.71	3.71715	643	79
3.69/3.77	3.77345	642	86
3.79/3.82	3.824	641	88
3.79/3.87	3.87444	640	90
3.89/3.92	3.9235	639	91
3.89/3.97	3.97494	638	93
3.99/4.02	4.02684	637	98
3.99/4.07	4.07639	636	100
4.09/4.12	4.12422	635	101
4.09/4.17	4.17492	634	104
4.19/4.22	4.2248	633	106
4.19/4.27	4.27453	632	108
4.30/4.32	4.32518	631	111
4.30/4.37	4.37458	630	113
4.40/4.42	4.4252	629	116
4.40/4.48	4.47987	628	123
4.49/4.53	4.53435	627	135
4.49/4.58	4.58555	626	140
4.59/4.64	4.63844	625	145
4.59/4.69	4.69163	624	151
4.69/4.74	4.74108	623	154
4.69/4.79	4.7917	622	157
4.79/4.84	4.84082	621	160
4.79/4.89	4.89108	620	163
4.89/4.94	4.94154	619	167
4.89/4.99	4.99235	618	171
4.99/5.04	5.0398	617	173
4.99/5.09	5.09064	616	177
5.09/5.14	5.14183	615	181
5.09/5.19	5.19262	614	185
5.19/5.24	5.24143	613	188
5.19/5.29	5.2908	612	191
5.29/5.34	5.33957	611	194
5.29/5.39	5.39139	610	199
5.40/5.44	5.44112	609	203
5.40/5.49	5.48921	608	206
5.50/5.54	5.53852	607	213
5.50/5.59	5.59226	606	223
5.59/5.64	5.64654	605	239
5.59/5.69	5.69502	604	242
5.69/5.75	5.7489	603	250
5.79/5.80	5.79959	602	256
5.79/5.85	5.8529	601	264
5.89/5.90	5.90314	600	269
5.89/5.96	5.9599	599	288
5.99/6.01	6.00842	598	292
5.99/6.06	6.05769	597	297
6.09/6.13	6.12828	596	318
6.09/6.18	6.18432	595	329
6.19/6.23	6.23385	594	335
6.19/6.29	6.29098	593	347
6.29/6.35	6.35283	592	363
6.39/6.40	6.40672	591	372
6.39/6.48	6.48245	590	413
6.50/6.52	6.52603	589	414
6.60/6.64	6.63728	588	514
6.60/6.69	6.69034	587	526
6.69/6.75	6.75053	586	551
6.79/6.80	6.80025	585	559
6.79/6.86	6.85956	584	572
6.89/6.93	6.92853	583	594
6.89/6.98	6.9858	582	607
6.99/7.03	7.03512	581	613
6.99/7.09	7.0904	580	624
7.09/7.14	7.14278	579	633
7.19/7.21	7.20795	578	653
7.19/7.30	7.29731	577	692
7.29/7.35	7.35628	576	706
7.39/7.40	7.40462	575	711
7.39/7.46	7.45903	574	722
7.49/7.51	7.51572	573	735
7.49/7.58	7.57727	572	750
7.60/7.63	7.63021	571	760
7.60/7.67	7.67423	570	763
7.70/7.74	7.74669	569	787
7.79/7.84	7.84304	568	834
7.79/7.89	7.89531	567	843
7.89/7.94	7.94703	566	853
7.99/8.00	8.00031	565	864
7.99/8.06	8.06328	564	883
8.09/8.11	8.11493	563	892
8.09/8.16	8.1642	562	900
8.19/8.21	8.20877	561	904
8.19/8.30	8.2973	560	945
8.29/8.35	8.34954	559	955
8.39/8.44	8.43965	558	995
8.49/8.51	8.50939	557	1016
8.59/8.62	8.62505	556	1083
8.70/8.73	8.73173	555	1139
8.70/8.79	8.78876	554	1152
8.89/8.92	8.9182	553	1222
8.99/9.02	9.01915	552	1267
8.99/9.08	9.08451	551	1285
9.09/9.15	9.15201	550	1306
9.49/9.56	9.56065	549	1633
9.59/9.64	9.64273	548	1670
9.69/9.71	9.70837	547	1692
9.80/9.82	9.82193	546	1752
9.99/10.04	10.0403	545	1903
10.19/10.20	10.2013	544	2008
10.19/10.29	10.2964	543	2054
10.69/10.71	10.7115	542	2378
10.90/10.98	10.9819	541	2573
11.19/11.28	11.2807	540	2802
11.29/11.33	11.333	539	2812
11.49/11.51	11.5132	538	2933
11.59/11.60	11.6062	537	2981
12.00/12.01	12.0088	536	3290
12.39/12.44	12.4447	535	3628
12.79/12.80	12.8046	534	3901
12.99/13.01	13.0123	533	4045
13.29/13.33	13.3289	532	4291
13.59/13.65	13.6538	531	4546
13.69/13.76	13.7571	530	4624
13.89/13.92	13.9172	529	4789
14.89/14.92	14.927	528	5881
15.09/15.11	15.1092	527	6051
15.89/15.93	15.9329	526	6848
16.09/16.12	16.1226	525	6999
16.19/16.26	16.2623	524	7083
16.79/16.89	16.8913	523	7626
17.08/17.14	17.1409	522	7888
18.08/18.11	18.1142	521	9062
20.28/20.36	20.3636	520	10992
20.58/20.65	20.6491	519	11216
20.58/20.69	20.6928	518	11223
21.18/21.29	21.2953	517	11730
21.48/21.58	21.5819	516	11934
23.78/23.81	23.8123	515	13735
23.98/24.01	24.0087	514	13938
24.78/24.80	24.798	513	14531
25.58/25.67	25.6688	512	15183
31.59/31.60	31.6032	511	21431
40.60/40.64	40.6378	510	29529
40.89/40.93	40.9352	509	29757
45.38/45.45	45.4509	508	33787
49.28/49.32	49.3234	507	37282
55.68/55.77	55.7723	506	43401
61.29/61.39	61.3922	505	48305
71.69/71.78	71.7783	504	57261
71.79/71.86	71.8578	503	57303
93.99/94.01	94.0112	502	79713
96.48/96.58	96.5772	501	81803
104.79/104.84	104.836	500	89428
113.99/114.03	114.031	499	97176
124.99/125.09	125.088	498	107387
198.59/198.61	198.61	497	174064
216.38/216.44	216.433	496	189588
216.98/217.04	217.04	495	190059
222.48/222.56	222.551	494	194750
223.29/223.32	223.319	493	195606
336.08/336.17	336.163	492	300047
336.88/336.90	336.896	491	300624
