0.78/0.84	0.838747	693	0
0.88/0.90	0.899333	692	1
0.88/0.96	0.959526	691	2
0.99/1.02	1.01927	689	3
0.99/1.08	1.07876	688	4
1.10/1.14	1.13847	687	5
1.10/1.20	1.1975	686	6
1.19/1.25	1.25638	685	7
1.28/1.31	1.31532	684	8
1.28/1.37	1.37454	683	9
1.38/1.43	1.4341	682	10
1.38/1.49	1.49224	681	11
1.48/1.55	1.55045	680	12
1.58/1.61	1.60926	679	13
1.58/1.66	1.66662	677	14
1.68/1.72	1.72629	676	16
1.68/1.78	1.7839	675	17
1.78/1.84	1.84161	674	18
1.88/1.90	1.89957	673	19
1.88/1.95	1.95666	672	20
1.98/2.01	2.01379	671	21
1.98/2.07	2.07197	669	23
2.09/2.13	2.12864	668	24
2.09/2.18	2.18549	667	25
2.19/2.24	2.24099	666	26
2.28/2.30	2.30004	665	28
2.28/2.36	2.35775	664	30
2.38/2.41	2.41378	663	31
2.38/2.47	2.47149	662	33
2.48/2.53	2.5291	661	35
2.48/2.58	2.58593	660	37
2.59/2.64	2.6461	659	41
2.68/2.70	2.70311	658	43
2.68/2.76	2.7585	657	44
2.78/2.81	2.8149	656	46
2.78/2.87	2.86993	655	47
2.88/2.92	2.92657	654	49
2.88/2.98	2.98222	653	52
2.98/3.04	3.03837	652	54
2.98/3.09	3.09457	651	56
3.08/3.15	3.15029	650	58
3.08/3.20	3.20479	649	60
3.19/3.26	3.26041	648	62
3.30/3.31	3.31482	647	64
3.30/3.37	3.37034	646	66
3.38/3.42	3.42604	645	69
3.38/3.48	3.4807	644	71
3.48/3.53	3.53683	643	74
3.48/3.59	3.59198	642	76
3.58/3.65	3.64784	641	79
3.68/3.70	3.70311	640	81
3.68/3.76	3.75893	639	84
3.78/3.81	3.81311	638	86
3.78/3.86	3.86632	637	89
3.88/3.92	3.92172	636	91
3.88/3.97	3.97517	635	93
3.98/4.03	4.02961	634	95
3.98/4.08	4.08386	633	99
4.08/4.14	4.14028	632	103
4.08/4.19	4.19399	631	105
4.18/4.25	4.25216	630	115
4.18/4.30	4.30496	629	118
4.29/4.36	4.36171	628	125
4.39/4.41	4.41495	627	127
4.39/4.47	4.47308	626	137
4.48/4.52	4.52584	625	139
4.48/4.58	4.58143	624	143
4.58/4.63	4.63553	623	147
4.58/4.69	4.68965	622	151
4.68/4.74	4.73991	621	153
4.68/4.79	4.79118	620	155
4.78/4.84	4.84497	619	160
4.88/4.90	4.89856	618	163
4.88/4.95	4.95134	617	166
4.98/5.00	5.00207	616	170
4.98/5.06	5.05886	615	183
5.08/5.11	5.11625	614	190
5.08/5.17	5.16796	613	193
5.18/5.22	5.22193	612	199
5.18/5.27	5.27442	611	208
5.28/5.32	5.32478	610	210
5.28/5.38	5.38124	609	217
5.39/5.44	5.44658	608	231
5.49/5.50	5.50633	607	241
5.49/5.56	5.56322	606	248
5.58/5.61	5.61515	605	254
5.58/5.66	5.66653	604	258
5.68/5.72	5.71723	603	261
5.68/5.77	5.76908	602	265
5.78/5.82	5.82715	601	279
5.78/5.88	5.88122	600	284
5.88/5.94	5.93945	599	292
5.88/5.99	5.99459	598	298
5.98/6.04	6.04507	597	301
5.98/6.10	6.0973	596	305
6.08/6.15	6.15325	595	312
6.18/6.20	6.20538	594	316
6.18/6.25	6.25692	593	320
6.28/6.31	6.31646	592	334
6.28/6.38	6.37931	591	352
6.38/6.44	6.44002	590	373
6.38/6.49	6.49388	589	379
6.49/6.55	6.55555	588	391
6.59/6.61	6.6134	587	401
6.59/6.66	6.66716	586	408
6.68/6.73	6.73292	585	424
6.68/6.78	6.78549	584	429
6.78/6.83	6.83539	583	433
6.78/6.89	6.88842	582	439
6.98/7.00	6.99921	581	525
6.98/7.05	7.05479	580	535
7.08/7.10	7.1056	579	541
7.08/7.19	7.19238	578	595
7.18/7.24	7.24228	577	600
7.28/7.30	7.30433	576	614
7.28/7.35	7.35574	575	620
7.38/7.40	7.40676	574	625
7.38/7.46	7.45902	573	631
7.48/7.52	7.51832	572	643
7.48/7.59	7.59499	571	669
7.59/7.66	7.66009	570	687
7.69/7.73	7.73187	569	708
7.78/7.80	7.79837	568	727
7.78/7.86	7.86525	567	747
7.88/7.92	7.92078	566	757
7.88/7.97	7.97334	565	765
7.98/8.09	8.09354	564	862
8.08/8.17	8.16757	563	887
8.28/8.32	8.32206	562	979
8.28/8.37	8.37713	561	989
8.38/8.45	8.45069	560	1012
8.48/8.51	8.5098	559	1025
8.48/8.59	8.59076	558	1054
8.58/8.68	8.68495	557	1095
8.69/8.73	8.73312	556	1101
8.98/9.00	9.00204	555	1284
8.98/9.07	9.06833	554	1304
9.08/9.19	9.19109	553	1371
9.18/9.27	9.27108	552	1401
9.48/9.53	9.53446	551	1578
9.58/9.60	9.59974	550	1597
9.58/9.69	9.68881	549	1635
9.68/9.76	9.76363	548	1662
9.79/9.82	9.82589	547	1679
10.08/10.16	10.1581	546	1877
10.28/10.34	10.3385	545	1939
10.38/10.42	10.4247	544	1959
10.58/10.66	10.6641	543	2076
10.68/10.74	10.7436	542	2092
10.78/10.90	10.9035	541	2234
10.89/10.96	10.9622	540	2247
11.08/11.14	11.1435	539	2358
11.38/11.43	11.4314	538	2557
11.38/11.48	11.4802	537	2564
11.48/11.56	11.564	536	2598
12.68/12.76	12.7642	535	4057
12.79/12.88	12.8769	534	4111
13.29/13.35	13.3539	533	4460
13.49/13.58	13.5825	532	4616
13.69/13.70	13.7014	531	4679
13.89/13.93	13.9342	530	4840
14.09/14.16	14.1577	529	5006
14.30/14.33	14.33	528	5107
14.39/14.48	14.4819	527	5197
15.19/15.23	15.2288	526	5690
15.59/15.65	15.6535	525	6043
17.69/17.78	17.7791	524	7965
17.79/17.85	17.8507	523	8010
18.29/18.38	18.3769	522	8416
18.49/18.52	18.5236	521	8504
20.39/20.41	20.4074	520	10247
21.09/21.16	21.1662	519	10836
21.19/21.21	21.2131	518	10843
21.59/21.67	21.6671	517	11187
25.49/25.59	25.5876	516	15123
25.59/25.69	25.6897	515	15177
28.19/28.25	28.2533	514	17288
29.59/29.64	29.6446	513	18438
33.19/33.26	33.2611	512	21376
36.79/36.85	36.8498	511	24865
40.99/41.00	40.9993	510	28389
42.29/42.33	42.3281	509	29389
43.09/43.12	43.1201	508	30006
44.39/44.41	44.412	507	30931
88.68/88.71	88.7101	506	70098
136.88/136.96	136.952	505	113981
138.28/138.32	138.313	504	114964
146.99/147.09	147.088	503	122461
149.09/149.18	149.176	502	123921
186.78/186.82	186.818	501	153438
199.18/199.24	199.237	500	164966
218.68/218.70	218.688	499	181852
219.48/219.51	219.507	498	182421
566.17/566.25	566.231	497	473495
666.36/666.47	666.449	496	556659
