1.19/1.23	1.23714	1032	0
1.19/1.28	1.28503	1031	3
1.19/1.33	1.33155	1030	4
1.19/1.38	1.37802	1029	5
1.19/1.43	1.4277	1028	11
1.19/1.47	1.47553	1027	14
1.19/1.52	1.5237	1026	18
1.46/1.57	1.5711	1025	20
1.46/1.62	1.61807	1024	21
1.62/1.66	1.66433	1023	22
1.69/1.71	1.71058	1022	23
1.69/1.76	1.75832	1021	26
1.80/1.80	1.80654	1020	30
1.80/1.85	1.85347	1019	32
1.89/1.90	1.90125	1018	35
1.89/1.95	1.94796	1017	37
1.89/1.99	1.99636	1016	41
1.99/2.04	2.04345	1015	43
1.99/2.09	2.08935	1014	44
2.09/2.13	2.13579	1013	45
2.09/2.18	2.18256	1012	47
2.19/2.23	2.22817	1011	48
2.19/2.27	2.27395	1010	49
2.29/2.32	2.31952	1009	50
2.29/2.37	2.36826	1008	55
2.39/2.41	2.41382	1007	56
2.39/2.46	2.46364	1006	63
2.48/2.51	2.50889	1005	64
2.48/2.55	2.5564	1004	69
2.48/2.60	2.60576	1003	74
2.48/2.65	2.65092	1002	75
2.48/2.69	2.69671	1001	77
2.48/2.75	2.74919	1000	89
2.48/2.79	2.79419	999	90
2.48/2.84	2.8392	998	91
2.84/2.89	2.88764	997	96
2.92/2.93	2.93401	996	98
2.92/2.98	2.97893	995	99
2.99/3.02	3.02491	994	101
2.99/3.07	3.0698	993	102
3.09/3.11	3.11516	992	103
3.09/3.16	3.16645	991	115
3.19/3.21	3.213	990	118
3.19/3.26	3.2584	989	120
3.29/3.30	3.30279	988	121
3.29/3.35	3.34782	987	123
3.29/3.39	3.39229	986	124
3.39/3.44	3.43956	985	130
3.39/3.48	3.48544	984	133
3.49/3.53	3.52982	983	134
3.49/3.57	3.57472	982	136
3.59/3.62	3.62703	981	150
3.59/3.67	3.67116	980	151
3.69/3.72	3.71829	979	156
3.69/3.76	3.76329	978	159
3.79/3.81	3.80894	977	163
3.79/3.85	3.85502	976	168
3.79/3.90	3.90049	975	171
3.79/3.95	3.9498	974	180
3.79/3.99	3.99612	973	184
3.79/4.04	4.04009	972	185
3.79/4.08	4.08684	971	190
3.79/4.13	4.13119	970	191
4.14/4.17	4.17465	969	192
4.14/4.22	4.22199	968	197
4.24/4.26	4.26664	967	199
4.29/4.32	4.31744	966	212
4.29/4.36	4.3651	965	218
4.39/4.41	4.41419	964	227
4.39/4.46	4.45943	963	231
4.48/4.50	4.50723	962	238
4.48/4.55	4.55309	961	244
4.58/4.60	4.6014	960	251
4.58/4.64	4.64723	959	256
4.69/4.70	4.69902	958	270
4.69/4.74	4.74303	957	272
4.69/4.79	4.78848	956	276
4.79/4.84	4.8393	955	286
4.79/4.89	4.89026	954	300
4.89/4.93	4.93358	953	302
4.89/4.98	4.98365	952	316
4.99/5.03	5.03383	951	328
4.99/5.08	5.07824	950	331
5.09/5.12	5.12287	949	335
5.09/5.16	5.16682	948	338
6.39/6.64	6.63803	947	3371
6.39/6.72	6.72102	946	3441
6.76/6.87	6.87107	945	3632
6.89/6.92	6.91851	944	3643
6.89/6.97	6.96967	943	3656
6.99/7.01	7.01653	942	3665
6.99/7.09	7.09453	941	3726
7.09/7.17	7.17419	940	3793
7.19/7.21	7.21673	939	3795
7.19/7.28	7.27832	938	3829
7.29/7.36	7.36016	937	3900
7.39/7.44	7.4419	936	3970
7.69/7.71	7.70828	935	4400
7.69/7.76	7.76079	934	4417
7.69/8.00	8.00075	933	4772
8.29/8.36	8.36089	932	5351
8.79/8.86	8.85759	931	6168
12.69/12.70	12.6974	930	13876
12.78/12.81	12.8148	929	14002
12.99/13.20	13.2026	928	14601
12.99/13.32	13.3187	927	14713
13.98/14.05	14.0476	926	16106
15.69/15.85	15.8554	925	19752
16.19/16.27	16.2745	924	20539
16.79/16.88	16.8819	923	21569
16.89/16.97	16.9734	922	21656
16.99/17.06	17.0642	921	21742
18.29/18.30	18.3016	920	24116
18.29/18.59	18.5949	919	24652
19.49/19.57	19.5757	918	26508
19.59/19.80	19.802	917	26828
20.38/20.41	20.4112	916	27837
23.62/23.64	23.6431	915	33698
28.38/28.49	28.4916	914	42362
28.49/28.59	28.5875	913	42469
30.99/31.07	31.0762	912	47135
32.28/32.37	32.3766	911	49336
33.99/34.33	34.3333	910	52794
1000.38/1000.49	714.246	37878230	1830246
