0.00/0.02	0.020608	77	0
0.00/0.02	0.021669	75	1
0.00/0.02	0.022724	73	2
0.00/0.02	0.023631	72	3
0.00/0.03	0.024511	71	4
0.00/0.03	0.025502	70	6
0.00/0.03	0.026494	69	8
0.00/0.03	0.027531	68	10
0.00/0.03	0.028558	67	12
0.00/0.03	0.029824	66	16
0.00/0.03	0.030836	65	18
0.00/0.03	0.032152	64	23
0.00/0.03	0.033321	63	27
0.00/0.03	0.0342	62	29
0.00/0.04	0.035886	61	37
0.00/0.04	0.037634	60	46
0.00/0.04	0.038647	59	49
0.00/0.04	0.043222	58	82
0.00/0.06	0.056646	57	191
0.00/0.06	0.064019	56	247
0.00/0.07	0.066178	55	260
0.48/0.50	0.492811	54	3892
3.33/3.38	3.36999	53	28675
87.48/87.53	87.523	52	731309
999.95/1000.04	8256001
