0.00/0.03	0.03278	70	0
0.00/0.03	0.034191	69	1
0.00/0.03	0.036435	68	6
0.00/0.04	0.037698	67	7
0.00/0.04	0.039127	66	9
0.00/0.04	0.041206	65	15
0.04/0.04	0.044019	64	25
0.04/0.04	0.045345	63	27
0.04/0.05	0.050065	62	48
0.04/0.05	0.05134	61	50
0.04/0.05	0.056392	60	74
0.04/0.06	0.063867	59	114
0.04/0.07	0.068655	58	140
0.04/0.08	0.082258	57	223
0.19/0.22	0.21973	56	1274
0.19/0.23	0.235312	55	1389
0.39/0.40	0.398329	54	2747
0.69/0.78	0.783414	53	6033
98.19/98.25	98.2481	52	836608
999.96/1000.02	8571195
