0.00/0.02	0.026082	72	0
0.00/0.02	0.02742	71	2
0.00/0.03	0.028523	70	3
0.00/0.03	0.029726	69	5
0.00/0.03	0.030795	68	6
0.00/0.03	0.031824	67	7
0.00/0.03	0.032748	66	8
0.00/0.03	0.033868	65	10
0.00/0.03	0.035711	64	18
0.00/0.03	0.036756	63	20
0.00/0.04	0.039726	62	34
0.00/0.04	0.041585	61	42
0.04/0.04	0.04314	60	47
0.04/0.04	0.044539	59	51
0.04/0.04	0.048023	58	70
0.04/0.08	0.079062	57	283
0.04/0.08	0.082632	56	305
0.10/0.27	0.277428	55	1794
0.10/0.52	0.527786	54	3795
1.50/2.03	2.03799	53	16428
4.40/4.85	4.8526	52	40397
999.97/1000.02	8402734
