0.00/0.02	0.020294	74	0
0.00/0.02	0.021894	73	6
0.00/0.02	0.022844	72	7
0.00/0.02	0.023779	71	8
0.00/0.02	0.024796	70	10
0.00/0.02	0.025697	69	11
0.00/0.02	0.026694	68	13
0.00/0.02	0.027523	67	14
0.00/0.03	0.028347	66	15
0.00/0.03	0.029269	65	17
0.00/0.03	0.030161	64	19
0.00/0.03	0.031078	63	21
0.00/0.03	0.032765	62	29
0.00/0.03	0.033823	61	32
0.00/0.03	0.035819	60	43
0.00/0.04	0.040249	59	75
0.00/0.04	0.042425	58	88
0.00/0.05	0.052183	57	161
0.00/0.07	0.07003	56	308
0.00/0.09	0.091323	55	484
0.60/0.66	0.664753	54	5427
2.68/2.71	2.71068	53	22363
405.59/405.92	405.914	52	3333295
999.58/1000.03	8141294
