0.00/0.02	0.020364	71	0
0.00/0.02	0.021371	70	1
0.00/0.02	0.022262	69	2
0.00/0.02	0.023509	68	6
0.00/0.02	0.024578	67	9
0.00/0.02	0.025409	66	10
0.00/0.02	0.026386	65	12
0.00/0.02	0.027786	64	18
0.00/0.03	0.02871	63	20
0.00/0.03	0.029943	62	25
0.00/0.03	0.031115	61	29
0.00/0.03	0.035886	60	62
0.00/0.04	0.038486	59	78
0.00/0.04	0.039709	58	83
0.00/0.04	0.040664	57	86
0.00/0.06	0.064063	56	272
0.00/0.09	0.097077	55	550
0.29/0.31	0.314994	54	2375
0.29/0.32	0.325771	53	2460
230.99/231.00	230.994	52	1941086
999.56/1000.03	8234612
