0.00/0.02	0.020293	75	0
0.00/0.02	0.021373	74	1
0.00/0.02	0.022415	73	2
0.00/0.02	0.023403	72	3
0.00/0.02	0.024334	71	4
0.00/0.02	0.025263	70	5
0.00/0.02	0.026155	69	6
0.00/0.02	0.027154	68	8
0.00/0.02	0.02822	67	10
0.00/0.03	0.029233	66	12
0.00/0.03	0.030345	65	15
0.00/0.03	0.031222	64	17
0.00/0.03	0.032879	63	25
0.00/0.03	0.034168	62	30
0.00/0.03	0.036273	61	42
0.00/0.03	0.03802	60	51
0.00/0.04	0.042332	59	80
0.00/0.04	0.04652	58	110
0.00/0.05	0.051769	57	149
0.00/0.11	0.115496	56	682
0.00/0.12	0.124361	55	754
0.00/0.13	0.135864	54	844
6.69/6.75	6.75782	53	58666
95.18/95.24	95.2353	52	812852
999.76/1000.02	8453489
