0.00/0.03	0.034709	74	0
0.00/0.03	0.036498	73	1
0.00/0.04	0.038149	72	2
0.00/0.04	0.039595	71	3
0.00/0.04	0.041067	70	4
0.00/0.04	0.042486	69	5
0.00/0.04	0.044286	68	8
0.00/0.04	0.045849	67	10
0.00/0.05	0.047372	66	12
0.00/0.05	0.049412	65	16
0.00/0.05	0.051274	64	20
0.00/0.05	0.053064	63	24
0.00/0.05	0.054295	62	25
0.00/0.05	0.056337	61	30
0.00/0.06	0.060152	60	45
0.00/0.06	0.064413	59	63
0.06/0.09	0.087726	58	191
0.06/0.09	0.095179	57	234
0.10/0.11	0.115747	56	376
0.10/0.19	0.188	55	808
0.19/0.23	0.22848	54	1110
1.88/1.91	1.90937	53	14384
121.19/121.21	121.207	52	1022419
999.96/1000.03	8374439
