0.00/0.02	0.019938	73	0
0.00/0.02	0.021065	72	2
0.00/0.02	0.021961	70	3
0.00/0.02	0.022859	69	4
0.00/0.02	0.023882	68	6
0.00/0.02	0.024685	67	7
0.00/0.02	0.025511	66	8
0.00/0.02	0.026617	65	11
0.00/0.02	0.027528	64	13
0.00/0.03	0.028975	63	18
0.00/0.03	0.030016	62	22
0.00/0.03	0.033547	61	46
0.00/0.03	0.036544	60	65
0.00/0.03	0.037783	59	70
0.00/0.04	0.046323	58	135
0.00/0.06	0.063815	57	279
0.00/0.08	0.087954	56	488
0.00/0.10	0.10188	55	610
0.39/0.45	0.449715	54	3549
0.59/0.61	0.60878	53	4887
0.59/0.61	0.61113	52	4904
999.96/1000.02	8335171
