0.00/0.03	0.035098	72	0
0.00/0.03	0.03662	71	1
0.00/0.04	0.038036	70	2
0.00/0.04	0.03963	69	4
0.00/0.04	0.041361	68	6
0.00/0.04	0.043127	67	8
0.00/0.04	0.045824	66	15
0.00/0.05	0.047759	65	20
0.00/0.05	0.049088	64	22
0.00/0.05	0.050611	63	25
0.00/0.05	0.052152	62	28
0.00/0.05	0.056651	61	47
0.00/0.06	0.059545	60	59
0.00/0.06	0.063687	59	77
0.00/0.06	0.067076	58	93
0.00/0.08	0.084864	57	201
0.00/0.14	0.1398	56	608
0.00/0.14	0.142102	55	620
0.00/0.32	0.325233	54	1965
4.59/4.85	4.84938	53	39340
171.78/171.82	171.818	52	1428556
999.96/1000.03	8207639
