0.00/0.03	0.033197	70	0
0.00/0.03	0.034804	69	1
0.00/0.03	0.036345	68	3
0.00/0.04	0.037832	67	5
0.00/0.04	0.039288	66	6
0.00/0.04	0.040581	65	7
0.00/0.04	0.042119	64	10
0.00/0.04	0.043422	63	12
0.00/0.04	0.044941	62	15
0.00/0.04	0.046589	61	19
0.00/0.05	0.04851	60	25
0.00/0.05	0.051281	59	36
0.00/0.05	0.055778	58	59
0.00/0.06	0.061208	57	82
0.00/0.08	0.078281	56	170
0.00/0.10	0.099394	55	294
0.11/0.43	0.434353	54	2891
1.58/1.60	1.60378	53	11991
80.69/80.78	80.7766	52	686319
999.96/1000.03	8280108
