0.94/1.26	1.20731	1032	0
0.94/1.26	1.20806	1031	3
0.94/1.26	1.20836	1030	4
0.94/1.26	1.20865	1029	5
0.94/1.26	1.20986	1028	11
0.94/1.26	1.21062	1027	14
0.94/1.26	1.2115	1026	18
0.94/1.26	1.2121	1025	20
0.94/1.26	1.21243	1024	21
0.94/1.26	1.21275	1023	22
0.94/1.26	1.21306	1022	23
0.94/1.26	1.21384	1021	26
0.94/1.27	1.21482	1020	30
0.94/1.27	1.21545	1019	32
0.94/1.27	1.21629	1018	35
0.94/1.27	1.21684	1017	37
0.94/1.27	1.21788	1016	41
0.94/1.27	1.21844	1015	43
0.94/1.27	1.21882	1014	44
0.94/1.27	1.21913	1013	45
0.94/1.27	1.21975	1012	47
0.94/1.27	1.22007	1011	48
0.94/1.27	1.22044	1010	49
0.94/1.27	1.22079	1009	50
0.94/1.27	1.22207	1008	55
0.94/1.27	1.22244	1007	56
0.94/1.28	1.2241	1006	63
0.94/1.28	1.22441	1005	64
0.94/1.28	1.22542	1004	69
0.94/1.28	1.22674	1003	74
0.94/1.28	1.22706	1002	75
0.94/1.28	1.2276	1001	77
0.94/1.28	1.23022	1000	89
0.94/1.28	1.23057	999	90
0.94/1.28	1.23089	998	91
0.94/1.28	1.23219	997	96
0.94/1.28	1.23282	996	98
0.94/1.28	1.23315	995	99
0.94/1.28	1.23375	994	101
0.94/1.29	1.23407	993	102
0.94/1.29	1.23439	992	103
0.94/1.29	1.23676	991	115
0.94/1.29	1.23762	990	118
0.94/1.29	1.23825	989	120
0.94/1.29	1.23857	988	121
0.94/1.29	1.2391	987	123
0.94/1.29	1.23944	986	124
0.94/1.29	1.24065	985	130
0.94/1.29	1.24135	984	133
0.94/1.29	1.24167	983	134
0.94/1.29	1.2422	982	136
0.94/1.30	1.24489	981	150
0.94/1.30	1.24524	980	151
0.94/1.30	1.2465	979	156
0.94/1.30	1.24717	978	159
0.94/1.30	1.24803	977	163
0.94/1.30	1.24907	976	168
0.94/1.30	1.24986	975	171
0.94/1.30	1.25185	974	180
0.94/1.30	1.25291	973	184
0.94/1.30	1.25321	972	185
0.94/1.31	1.25446	971	190
0.94/1.31	1.25479	970	191
0.94/1.31	1.2551	969	192
0.94/1.31	1.25651	968	197
0.94/1.31	1.25715	967	199
0.94/1.31	1.25983	966	212
0.94/1.31	1.26141	965	218
0.94/1.31	1.26354	964	227
0.94/1.32	1.26447	963	231
0.94/1.32	1.26634	962	238
0.94/1.32	1.26754	961	244
0.94/1.32	1.2691	960	251
0.94/1.32	1.27029	959	256
0.94/1.32	1.2733	958	270
0.94/1.33	1.27392	957	272
0.94/1.33	1.27503	956	276
0.94/1.33	1.27772	955	286
0.94/1.33	1.28063	954	300
0.94/1.33	1.28119	953	302
0.94/1.34	1.28388	952	316
0.94/1.34	1.28648	951	328
0.94/1.34	1.28741	950	331
0.94/1.34	1.28828	949	335
0.94/1.34	1.28907	948	338
1.73/1.81	1.76134	947	3371
1.73/1.83	1.77473	946	3441
1.73/1.86	1.80934	945	3632
1.73/1.86	1.81143	944	3643
1.73/1.87	1.81462	943	3656
1.73/1.87	1.81657	942	3665
1.73/1.88	1.82874	941	3726
1.73/1.89	1.84131	940	3793
1.73/1.89	1.84186	939	3795
1.83/1.90	1.84879	938	3829
1.83/1.91	1.86214	937	3900
1.83/1.93	1.87508	936	3970
1.93/2.00	1.94931	935	4400
1.93/2.01	1.95308	934	4417
2.04/2.10	2.05217	933	4772
2.14/2.22	2.16323	932	5351
2.24/2.37	2.32102	931	6168
3.53/3.63	3.57558	930	13876
3.53/3.65	3.59929	929	14002
3.53/3.76	3.71193	928	14601
3.53/3.79	3.73577	927	14713
3.53/4.02	3.96366	926	16106
4.53/4.61	4.55721	925	19752
4.63/4.73	4.68222	924	20539
4.83/4.92	4.86634	923	21569
4.83/4.93	4.88187	922	21656
4.83/4.95	4.89796	921	21742
4.95/5.34	5.28875	920	24116
4.95/5.43	5.37401	919	24652
5.63/5.74	5.68574	918	26508
5.73/5.80	5.74459	917	26828
5.84/5.98	5.93056	916	27837
6.94/7.03	6.97985	915	33698
8.44/8.58	8.52677	914	42362
8.54/8.60	8.54496	913	42469
9.24/9.39	9.33396	912	47135
9.72/9.80	9.74291	911	49336
10.33/10.42	10.3723	910	52794
