1.29/1.30	1.29799	1037	0
1.29/1.30	1.29837	1036	1
1.29/1.30	1.29871	1035	2
1.29/1.30	1.29978	1034	6
1.29/1.30	1.30043	1033	8
1.29/1.30	1.30078	1032	9
1.29/1.30	1.30106	1031	10
1.29/1.30	1.30154	1030	12
1.29/1.30	1.30207	1029	14
1.29/1.30	1.30246	1028	15
1.29/1.30	1.30283	1027	16
1.29/1.30	1.30317	1026	17
1.29/1.30	1.30382	1025	19
1.29/1.30	1.30413	1024	20
1.29/1.30	1.30451	1023	21
1.29/1.30	1.30513	1022	23
1.29/1.30	1.30546	1021	24
1.29/1.30	1.30594	1020	26
1.29/1.30	1.30738	1019	32
1.29/1.31	1.3077	1018	33
1.29/1.31	1.30804	1017	34
1.29/1.31	1.30876	1016	37
1.29/1.31	1.30911	1015	38
1.29/1.31	1.30992	1014	41
1.29/1.31	1.31026	1013	42
1.29/1.31	1.31088	1012	44
1.29/1.31	1.31122	1011	45
1.29/1.31	1.3116	1009	46
1.29/1.31	1.31196	1008	47
1.29/1.31	1.3123	1007	48
1.29/1.31	1.3131	1006	51
1.29/1.31	1.31342	1005	52
1.29/1.31	1.31373	1004	53
1.29/1.31	1.31404	1003	54
1.29/1.31	1.31501	1002	58
1.29/1.31	1.31557	1001	60
1.29/1.31	1.31617	1000	62
1.29/1.31	1.31676	999	64
1.29/1.31	1.31709	998	65
1.29/1.32	1.31745	997	66
1.29/1.32	1.31831	996	69
1.29/1.32	1.31862	995	70
1.29/1.32	1.31892	994	71
1.29/1.32	1.32009	993	77
1.29/1.32	1.32066	992	79
1.29/1.32	1.32119	991	81
1.29/1.32	1.32242	990	86
1.29/1.32	1.32272	989	87
1.29/1.32	1.32306	988	88
1.29/1.32	1.32339	987	89
1.29/1.32	1.32518	986	96
1.29/1.32	1.32547	985	97
1.29/1.32	1.32579	984	98
1.29/1.32	1.32692	983	103
1.29/1.32	1.32726	982	104
1.29/1.33	1.32871	981	110
1.29/1.33	1.32921	980	111
1.29/1.33	1.32986	979	113
1.29/1.33	1.3315	978	120
1.29/1.33	1.33376	977	130
1.29/1.33	1.3353	976	136
1.29/1.33	1.33598	975	138
1.29/1.33	1.33654	974	140
1.29/1.33	1.33708	973	142
1.29/1.34	1.33776	972	144
1.29/1.34	1.3394	971	152
1.29/1.34	1.3401	970	155
1.29/1.34	1.34053	969	156
1.29/1.34	1.34138	968	160
1.29/1.34	1.34185	967	161
1.29/1.34	1.3429	966	165
1.29/1.34	1.34342	965	167
1.29/1.34	1.34479	964	172
1.29/1.34	1.3454	963	174
1.29/1.34	1.34591	962	176
1.29/1.34	1.3469	961	180
1.29/1.35	1.34849	960	188
1.29/1.35	1.35428	959	218
1.29/1.35	1.35675	958	231
1.29/1.36	1.35776	957	235
1.29/1.36	1.35867	956	239
1.29/1.36	1.35991	955	244
1.29/1.36	1.3609	954	247
1.29/1.36	1.36215	953	251
1.29/1.37	1.36757	952	273
1.29/1.37	1.36871	951	278
1.29/1.37	1.36994	950	283
1.29/1.37	1.37087	949	286
1.29/1.37	1.37172	948	289
1.29/1.37	1.37252	947	292
1.29/1.37	1.37306	946	294
1.29/1.37	1.37369	945	296
1.29/1.38	1.37994	944	323
1.29/1.38	1.38202	943	332
1.29/1.38	1.38391	942	341
1.29/1.39	1.39047	941	373
1.29/1.39	1.39185	940	379
1.29/1.39	1.39382	939	388
1.38/1.40	1.39961	938	414
1.38/1.40	1.40041	937	417
1.38/1.40	1.40446	936	437
1.38/1.40	1.40738	935	452
1.38/1.41	1.40891	934	459
1.38/1.41	1.41074	933	465
1.38/1.42	1.41911	932	507
1.38/1.42	1.42156	931	518
1.38/1.42	1.4249	930	533
1.38/1.43	1.43056	929	558
1.38/1.44	1.43778	928	593
1.38/1.49	1.49485	927	902
1.48/1.50	1.49774	926	915
1.48/1.50	1.49903	925	919
1.48/1.52	1.52341	924	1038
1.48/1.52	1.52555	923	1047
1.58/1.62	1.62314	922	1665
1.68/1.75	1.74857	921	2458
1.68/1.79	1.79299	920	2734
1.99/2.05	2.04936	919	4480
1.99/2.09	2.0926	918	4717
1.99/2.10	2.1052	917	4786
2.59/2.68	2.68728	916	8470
3.34/3.38	3.38228	915	12693
3.49/3.57	3.57573	914	13791
3.59/3.62	3.62426	913	14050
5.49/5.73	5.73416	912	25839
7.88/7.95	7.94727	911	38418
11.74/11.82	11.8206	910	60389
