1.15/1.24	1.19905	1031	0
1.15/1.24	1.19949	1030	1
1.15/1.24	1.20023	1029	4
1.15/1.24	1.20077	1028	6
1.15/1.24	1.20108	1027	7
1.15/1.24	1.20201	1025	11
1.15/1.24	1.20237	1024	12
1.15/1.24	1.2029	1023	14
1.15/1.24	1.20327	1022	15
1.15/1.24	1.20417	1021	18
1.15/1.25	1.20507	1020	21
1.15/1.25	1.20561	1019	23
1.15/1.25	1.20637	1018	26
1.15/1.25	1.20667	1017	27
1.15/1.25	1.20718	1016	28
1.15/1.25	1.20747	1015	29
1.15/1.25	1.20777	1014	30
1.15/1.25	1.20846	1013	32
1.15/1.25	1.20881	1012	33
1.15/1.25	1.20948	1011	35
1.15/1.25	1.21001	1010	37
1.15/1.25	1.21058	1009	39
1.15/1.25	1.21091	1008	40
1.15/1.25	1.21121	1007	41
1.15/1.25	1.21154	1006	42
1.15/1.25	1.21216	1005	44
1.15/1.25	1.21321	1004	48
1.15/1.25	1.21353	1003	49
1.15/1.25	1.2142	1002	52
1.15/1.26	1.21454	1001	53
1.15/1.26	1.21566	1000	57
1.15/1.26	1.21614	998	58
1.15/1.26	1.21645	997	59
1.15/1.26	1.2168	996	60
1.15/1.26	1.21715	995	61
1.15/1.26	1.21767	994	63
1.15/1.26	1.2184	993	66
1.15/1.26	1.21894	992	68
1.15/1.26	1.21929	991	69
1.15/1.26	1.22028	990	72
1.15/1.26	1.22084	989	74
1.15/1.26	1.2212	988	75
1.15/1.26	1.22164	987	76
1.15/1.26	1.22199	986	77
1.15/1.26	1.22255	985	79
1.15/1.26	1.22397	984	86
1.15/1.26	1.22426	983	87
1.15/1.27	1.22525	982	91
1.15/1.27	1.22556	981	92
1.15/1.27	1.22591	980	93
1.15/1.27	1.22622	979	94
1.15/1.27	1.22653	978	95
1.15/1.27	1.22963	977	111
1.15/1.27	1.23078	976	115
1.15/1.27	1.23164	975	118
1.15/1.28	1.23605	974	141
1.15/1.28	1.23642	973	142
1.15/1.28	1.23673	972	143
1.15/1.28	1.23731	971	145
1.15/1.28	1.23906	970	153
1.15/1.28	1.24003	969	157
1.15/1.29	1.24582	968	189
1.15/1.29	1.24631	967	191
1.15/1.29	1.24874	966	203
1.15/1.29	1.24947	965	206
1.15/1.29	1.25013	964	209
1.15/1.29	1.25086	963	212
1.15/1.29	1.25203	962	218
1.15/1.29	1.25239	961	219
1.25/1.30	1.2568	960	241
1.25/1.30	1.2582	959	247
1.25/1.31	1.26666	958	292
1.25/1.31	1.26776	957	295
1.25/1.31	1.26884	956	299
1.25/1.31	1.26966	955	302
1.25/1.32	1.28125	954	364
1.25/1.34	1.30027	953	468
1.25/1.34	1.30213	952	476
1.25/1.36	1.31736	951	555
1.25/1.36	1.31806	950	558
1.25/1.38	1.34036	949	677
1.25/1.38	1.34113	948	680
1.35/1.42	1.38215	947	911
1.35/1.45	1.4133	946	1079
1.35/1.46	1.41504	945	1085
1.35/1.49	1.44615	944	1255
1.35/1.49	1.45107	943	1280
1.35/1.51	1.46557	942	1367
1.35/1.52	1.47583	940	1431
1.35/1.56	1.51496	939	1639
1.35/1.56	1.5161	938	1645
1.35/1.56	1.51727	937	1649
1.35/1.62	1.57527	936	1966
1.35/1.63	1.58778	935	2033
1.35/1.63	1.58901	934	2038
1.35/1.63	1.59019	933	2043
1.35/1.63	1.59083	932	2045
1.35/1.64	1.5974	931	2078
1.35/1.65	1.60871	930	2136
2.05/2.14	2.09823	929	5048
2.25/2.33	2.29389	928	6241
2.85/3.33	3.28586	927	12660
3.45/3.51	3.46433	926	13652
4.04/4.17	4.12604	925	17615
4.67/4.83	4.78549	924	21591
5.55/5.70	5.65516	923	27052
5.66/5.75	5.71094	922	27362
6.18/6.25	6.20948	921	30369
6.65/6.71	6.66908	920	32875
6.65/6.74	6.70325	919	33062
6.65/6.78	6.74038	918	33261
8.15/8.25	8.21377	917	41790
8.44/8.81	8.77262	915	44893
8.44/8.82	8.77605	914	44911
9.15/9.28	9.23604	913	47831
11.14/11.25	11.2086	912	58980
11.24/11.37	11.3251	911	59593
16.18/16.27	16.2295	910	87241
