1.19/1.20	1.20262	1040	0
1.19/1.20	1.20299	1039	1
1.19/1.20	1.20384	1038	5
1.19/1.20	1.20413	1037	6
1.19/1.20	1.20443	1036	7
1.19/1.20	1.20503	1035	9
1.19/1.20	1.20531	1034	10
1.19/1.20	1.20559	1033	11
1.19/1.20	1.20625	1032	13
1.19/1.20	1.20654	1031	14
1.19/1.20	1.20704	1030	16
1.19/1.20	1.20804	1029	21
1.19/1.21	1.20835	1028	22
1.19/1.21	1.20933	1027	27
1.19/1.21	1.20987	1026	28
1.19/1.21	1.21082	1025	32
1.19/1.21	1.21114	1024	33
1.19/1.21	1.21148	1023	34
1.19/1.21	1.21184	1022	35
1.19/1.21	1.21236	1021	37
1.19/1.21	1.21291	1020	39
1.19/1.21	1.21437	1019	46
1.19/1.21	1.21468	1018	47
1.19/1.21	1.21566	1017	50
1.19/1.21	1.21602	1016	51
1.19/1.21	1.21648	1015	52
1.19/1.21	1.21684	1014	53
1.19/1.21	1.21717	1013	54
1.19/1.21	1.21779	1012	56
1.19/1.22	1.21913	1011	62
1.19/1.22	1.21978	1010	64
1.19/1.22	1.22077	1009	67
1.19/1.22	1.22232	1008	73
1.19/1.22	1.22299	1007	76
1.19/1.22	1.22331	1006	77
1.19/1.22	1.2236	1005	78
1.19/1.22	1.22432	1004	80
1.19/1.22	1.22503	1003	83
1.19/1.22	1.22535	1002	84
1.19/1.22	1.22588	1001	86
1.19/1.22	1.22707	1000	90
1.19/1.22	1.22744	999	91
1.19/1.23	1.2296	998	101
1.19/1.23	1.23092	997	107
1.19/1.23	1.2316	996	110
1.19/1.23	1.23193	995	111
1.19/1.23	1.23243	994	113
1.19/1.23	1.23309	993	116
1.19/1.23	1.23381	992	118
1.19/1.23	1.23457	991	121
1.19/1.23	1.23509	990	123
1.19/1.23	1.23584	989	125
1.19/1.23	1.23614	988	126
1.19/1.23	1.23649	987	127
1.19/1.23	1.23714	986	129
1.19/1.23	1.2375	985	130
1.19/1.23	1.23801	984	132
1.19/1.24	1.23875	983	135
1.19/1.24	1.23905	982	136
1.19/1.24	1.23953	981	138
1.19/1.24	1.24095	980	144
1.19/1.24	1.24132	979	145
1.19/1.24	1.24478	978	162
1.19/1.24	1.24512	977	163
1.19/1.24	1.24574	976	166
1.19/1.24	1.24704	975	171
1.19/1.24	1.24775	974	173
1.19/1.25	1.24974	973	183
1.19/1.25	1.25092	972	187
1.19/1.25	1.2527	971	195
1.19/1.25	1.2544	970	202
1.19/1.25	1.25726	969	215
1.19/1.25	1.25761	968	216
1.19/1.26	1.25881	967	221
1.19/1.26	1.25911	966	222
1.19/1.26	1.26076	965	230
1.19/1.26	1.26532	964	252
1.19/1.26	1.26696	963	260
1.19/1.27	1.26866	962	267
1.19/1.27	1.27089	961	277
1.19/1.27	1.27244	960	283
1.19/1.27	1.27374	959	290
1.19/1.27	1.27439	958	293
1.19/1.27	1.27587	957	299
1.19/1.27	1.27676	956	303
1.19/1.27	1.27808	955	310
1.19/1.28	1.28114	954	323
1.19/1.28	1.28605	953	345
1.19/1.28	1.28747	952	352
1.19/1.29	1.29588	951	395
1.19/1.30	1.29849	950	408
1.19/1.30	1.29882	949	409
1.19/1.30	1.30199	948	425
1.19/1.30	1.30296	947	429
1.29/1.30	1.30484	946	437
1.29/1.30	1.30631	945	443
1.29/1.30	1.30793	944	451
1.29/1.31	1.30952	943	458
1.29/1.31	1.31121	942	465
1.29/1.31	1.31285	941	471
1.29/1.31	1.31371	940	474
1.29/1.31	1.31455	939	477
1.29/1.32	1.32262	938	518
1.29/1.32	1.32785	937	540
1.29/1.33	1.3366	936	581
1.29/1.34	1.34072	935	599
1.29/1.34	1.34278	934	609
1.29/1.34	1.34329	933	611
1.29/1.36	1.36748	932	727
1.29/1.37	1.37641	931	769
1.29/1.38	1.38561	930	816
1.38/1.40	1.4051	929	913
1.38/1.41	1.40992	928	937
1.38/1.41	1.41607	927	971
1.38/1.41	1.41722	926	977
1.38/1.45	1.45306	925	1163
1.38/1.48	1.48098	924	1318
1.48/1.58	1.5857	923	1883
1.60/1.63	1.63237	922	2132
1.60/1.63	1.63299	921	2134
1.88/1.91	1.91154	920	3671
2.00/2.01	2.00868	919	4187
2.39/2.47	2.4749	918	6835
2.48/2.58	2.57834	917	7435
2.70/2.78	2.77975	916	8571
2.89/2.90	2.90502	915	9261
3.09/3.11	3.10998	914	10468
3.09/3.17	3.16925	913	10812
5.19/5.26	5.26002	912	22911
5.71/6.22	6.21873	911	28291
17.09/17.37	17.3749	910	93047
