1.08/1.19	1.1884	1020	0
1.08/1.19	1.18877	1019	1
1.08/1.19	1.18998	1018	7
1.08/1.19	1.19056	1017	9
1.08/1.19	1.19087	1016	10
1.08/1.19	1.19118	1015	11
1.08/1.19	1.19148	1014	12
1.08/1.19	1.19205	1013	14
1.08/1.19	1.19238	1012	15
1.08/1.19	1.19387	1011	22
1.08/1.19	1.19445	1010	24
1.08/1.19	1.19476	1009	25
1.08/1.19	1.19507	1008	26
1.08/1.19	1.19538	1007	27
1.08/1.19	1.19575	1006	28
1.08/1.19	1.19606	1005	29
1.08/1.19	1.19637	1004	30
1.08/1.19	1.19668	1003	31
1.08/1.19	1.19719	1002	33
1.08/1.19	1.19802	1001	36
1.18/1.20	1.19894	1000	40
1.18/1.20	1.20114	999	50
1.18/1.20	1.20145	998	51
1.18/1.20	1.20204	997	53
1.18/1.20	1.20255	996	55
1.18/1.20	1.20323	995	57
1.18/1.20	1.20556	994	67
1.18/1.20	1.20607	993	69
1.18/1.21	1.20832	992	80
1.18/1.21	1.20896	991	83
1.18/1.21	1.20959	990	85
1.18/1.21	1.21154	989	94
1.18/1.21	1.21203	988	96
1.18/1.21	1.21274	987	99
1.18/1.21	1.21543	986	109
1.18/1.21	1.21683	985	115
1.18/1.21	1.21735	984	117
1.18/1.21	1.21767	983	118
1.18/1.22	1.21887	982	124
1.18/1.22	1.21916	981	125
1.18/1.22	1.22072	980	132
1.18/1.22	1.2221	979	138
1.18/1.22	1.22295	978	141
1.18/1.22	1.22326	977	142
1.18/1.22	1.22435	976	147
1.18/1.22	1.22561	975	153
1.18/1.22	1.22741	974	162
1.18/1.22	1.22797	973	164
1.18/1.23	1.22931	972	171
1.18/1.23	1.23449	971	198
1.18/1.23	1.23555	970	203
1.18/1.23	1.23587	969	204
1.18/1.23	1.23672	968	208
1.18/1.23	1.237	967	209
1.18/1.23	1.23734	966	210
1.18/1.24	1.23823	965	214
1.18/1.24	1.23891	964	217
1.18/1.24	1.23941	963	219
1.18/1.24	1.24029	962	222
1.18/1.24	1.24148	961	228
1.18/1.24	1.24439	960	242
1.18/1.24	1.24582	959	247
1.18/1.24	1.24777	958	255
1.18/1.25	1.24996	957	265
1.18/1.25	1.25051	956	267
1.18/1.25	1.25127	955	270
1.18/1.25	1.25237	954	274
1.18/1.25	1.25402	953	282
1.18/1.25	1.25567	952	288
1.18/1.25	1.25697	951	293
1.18/1.25	1.25777	950	296
1.18/1.26	1.25825	949	298
1.18/1.26	1.25914	948	301
1.18/1.26	1.26028	947	305
1.18/1.26	1.26095	946	307
1.18/1.26	1.26144	945	309
1.18/1.26	1.26228	944	312
1.18/1.26	1.26767	943	338
1.18/1.27	1.27074	942	353
1.18/1.27	1.27674	941	381
1.18/1.27	1.27713	940	382
1.18/1.28	1.27908	939	390
1.18/1.28	1.28373	938	410
1.18/1.28	1.28445	937	413
1.18/1.28	1.28661	936	423
1.18/1.29	1.28839	935	431
1.18/1.29	1.28944	934	436
1.18/1.29	1.29105	933	444
1.28/1.30	1.29887	932	482
1.28/1.30	1.30477	931	511
1.28/1.31	1.31252	930	551
1.28/1.31	1.31307	929	553
1.28/1.32	1.31937	928	583
1.28/1.47	1.4711	927	1500
1.28/1.50	1.50792	926	1706
1.28/1.52	1.52162	925	1774
1.28/1.54	1.54011	924	1866
1.28/1.54	1.54239	923	1877
1.28/1.62	1.62163	922	2283
1.99/2.03	2.03671	921	4559
2.09/2.11	2.11336	920	4965
2.09/2.14	2.13993	919	5108
2.59/2.80	2.80361	918	9016
2.59/2.94	2.94171	917	9778
3.09/3.16	3.16111	916	11221
3.69/3.76	3.76207	915	14730
3.89/4.13	4.13507	914	16999
4.43/4.47	4.47589	913	18883
4.79/4.88	4.88015	912	21056
5.19/5.24	5.24656	911	23001
5.29/5.62	5.61975	910	25010
