1.09/1.19	1.19584	1023	0
1.09/1.19	1.19626	1022	1
1.09/1.19	1.19658	1021	2
1.09/1.19	1.19689	1020	3
1.09/1.19	1.19747	1019	5
1.09/1.19	1.19828	1018	8
1.19/1.20	1.19862	1017	9
1.19/1.20	1.19912	1016	11
1.19/1.20	1.19947	1015	12
1.19/1.20	1.19975	1014	13
1.19/1.20	1.20004	1013	14
1.19/1.20	1.20037	1012	15
1.19/1.20	1.2007	1011	16
1.19/1.20	1.20099	1010	17
1.19/1.20	1.20129	1009	18
1.19/1.20	1.20163	1008	19
1.19/1.20	1.20245	1007	22
1.19/1.20	1.20274	1006	23
1.19/1.20	1.20301	1005	24
1.19/1.20	1.20378	1004	27
1.19/1.20	1.20413	1003	28
1.19/1.20	1.20447	1002	29
1.19/1.20	1.20499	1001	31
1.19/1.20	1.2053	1000	32
1.19/1.20	1.20563	999	33
1.19/1.20	1.20632	998	35
1.19/1.20	1.20661	997	36
1.19/1.20	1.20689	996	37
1.19/1.20	1.2072	995	38
1.19/1.20	1.2075	994	39
1.19/1.20	1.20784	993	40
1.19/1.20	1.20812	992	41
1.19/1.21	1.20885	991	44
1.19/1.21	1.20936	990	46
1.19/1.21	1.21027	989	50
1.19/1.21	1.21096	988	52
1.19/1.21	1.21131	987	53
1.19/1.21	1.21191	986	55
1.19/1.21	1.2122	985	56
1.19/1.21	1.21283	984	58
1.19/1.21	1.21311	983	59
1.19/1.21	1.21372	982	61
1.19/1.21	1.2141	981	62
1.19/1.21	1.21548	980	68
1.19/1.21	1.21578	979	69
1.19/1.21	1.2166	978	73
1.19/1.21	1.2169	977	74
1.19/1.21	1.21723	976	75
1.19/1.22	1.21881	975	82
1.19/1.22	1.21908	974	83
1.19/1.22	1.2198	973	86
1.19/1.22	1.22169	972	95
1.19/1.22	1.22307	971	101
1.19/1.22	1.22442	970	106
1.19/1.22	1.22475	969	107
1.19/1.22	1.22734	968	118
1.19/1.22	1.22765	967	119
1.19/1.23	1.23011	966	129
1.19/1.23	1.23196	965	139
1.19/1.23	1.23393	964	148
1.19/1.23	1.23582	963	157
1.19/1.23	1.23641	962	159
1.19/1.23	1.23706	961	162
1.19/1.24	1.23891	960	171
1.19/1.24	1.24153	959	182
1.19/1.24	1.24326	958	190
1.19/1.24	1.24453	957	196
1.19/1.24	1.24558	956	200
1.19/1.24	1.24645	955	204
1.19/1.24	1.24727	954	207
1.19/1.24	1.24828	953	211
1.19/1.25	1.2492	952	214
1.19/1.25	1.25367	951	234
1.19/1.25	1.25506	950	240
1.19/1.25	1.25637	949	245
1.19/1.26	1.26162	948	272
1.19/1.26	1.26246	947	275
1.19/1.26	1.26564	946	288
1.19/1.27	1.27025	945	307
1.19/1.27	1.27385	944	320
1.19/1.27	1.27695	943	332
1.19/1.27	1.27808	942	335
1.19/1.28	1.27904	941	339
1.19/1.28	1.27996	940	343
1.19/1.28	1.28259	939	355
1.19/1.28	1.28683	938	374
1.19/1.29	1.28978	937	386
1.19/1.29	1.29554	936	410
1.19/1.29	1.29754	935	418
1.29/1.30	1.30011	934	428
1.29/1.30	1.30062	933	430
1.29/1.30	1.302	932	437
1.29/1.30	1.30397	931	446
1.29/1.31	1.30943	930	471
1.29/1.32	1.31916	929	509
1.29/1.33	1.33716	928	591
1.29/1.33	1.33808	927	594
1.29/1.34	1.33967	926	601
1.29/1.35	1.34891	925	646
1.29/1.38	1.38659	924	851
1.29/1.39	1.38907	923	859
1.29/1.40	1.39864	922	907
1.43/1.44	1.43922	921	1112
1.43/1.45	1.45663	920	1193
1.43/1.49	1.489	919	1358
1.43/1.49	1.49439	918	1381
1.43/1.58	1.57887	917	1824
2.29/2.33	2.32884	916	6376
2.29/2.36	2.36477	915	6563
2.69/2.81	2.81345	914	9367
2.69/3.09	3.0969	913	10908
3.59/3.62	3.62626	912	13805
6.69/6.76	6.7605	911	31242
7.59/7.68	7.681	910	36597
