1.19/1.21	1.21713	1026	0
1.19/1.21	1.2177	1025	2
1.19/1.22	1.21847	1024	5
1.19/1.22	1.21913	1023	8
1.19/1.22	1.21945	1022	9
1.19/1.22	1.21981	1021	10
1.19/1.22	1.22018	1020	11
1.19/1.22	1.2207	1019	13
1.19/1.22	1.22144	1018	16
1.19/1.22	1.22197	1017	18
1.19/1.22	1.22266	1016	21
1.19/1.22	1.22318	1015	23
1.19/1.22	1.22351	1014	24
1.19/1.22	1.22411	1013	26
1.19/1.22	1.22476	1012	28
1.19/1.22	1.22507	1011	29
1.19/1.22	1.22576	1010	31
1.19/1.22	1.22653	1009	34
1.19/1.22	1.22688	1008	35
1.19/1.22	1.22738	1007	37
1.19/1.22	1.2279	1006	39
1.19/1.23	1.22854	1005	41
1.19/1.23	1.2293	1004	44
1.19/1.23	1.23013	1003	47
1.19/1.23	1.23043	1002	48
1.19/1.23	1.23076	1001	49
1.19/1.23	1.23117	1000	50
1.19/1.23	1.23193	999	53
1.19/1.23	1.2326	998	55
1.19/1.23	1.23292	997	56
1.19/1.23	1.23341	996	58
1.19/1.23	1.23396	995	60
1.19/1.23	1.23461	994	62
1.19/1.23	1.23493	993	63
1.19/1.23	1.23688	992	72
1.19/1.24	1.23847	991	79
1.19/1.24	1.23894	990	80
1.19/1.24	1.23923	989	81
1.19/1.24	1.23977	988	83
1.19/1.24	1.24008	987	84
1.19/1.24	1.2408	986	87
1.19/1.24	1.24212	985	93
1.19/1.24	1.24241	984	94
1.19/1.24	1.24281	983	95
1.19/1.24	1.24316	982	96
1.19/1.24	1.24438	981	101
1.19/1.24	1.24487	980	103
1.19/1.24	1.24517	979	104
1.19/1.24	1.24548	978	105
1.19/1.24	1.24578	977	106
1.19/1.24	1.24609	976	107
1.19/1.24	1.24682	975	109
1.19/1.24	1.24713	974	110
1.19/1.25	1.24882	973	118
1.19/1.25	1.24915	972	119
1.19/1.25	1.25113	971	128
1.19/1.25	1.25175	970	130
1.19/1.25	1.25256	969	133
1.19/1.25	1.25323	968	136
1.19/1.25	1.25357	967	137
1.19/1.25	1.25424	966	139
1.19/1.25	1.25697	965	151
1.19/1.25	1.25776	964	154
1.19/1.25	1.25808	963	155
1.19/1.26	1.25859	962	157
1.19/1.26	1.25887	961	158
1.19/1.26	1.25921	960	159
1.19/1.26	1.25977	959	161
1.19/1.26	1.26035	958	163
1.19/1.26	1.26313	957	175
1.19/1.26	1.26455	956	181
1.19/1.26	1.26554	955	185
1.19/1.26	1.26676	954	190
1.19/1.26	1.26761	953	193
1.19/1.27	1.26914	952	200
1.19/1.27	1.27066	951	207
1.19/1.27	1.27152	950	210
1.19/1.27	1.27302	949	215
1.19/1.27	1.27435	948	222
1.19/1.27	1.27545	947	227
1.19/1.27	1.27591	946	228
1.19/1.27	1.27642	945	230
1.19/1.28	1.28619	944	259
1.19/1.29	1.29021	943	269
1.29/1.30	1.30158	942	302
1.29/1.31	1.31067	941	329
1.29/1.31	1.31813	940	353
1.29/1.32	1.323	939	368
1.29/1.32	1.32647	938	377
1.29/1.33	1.33595	937	410
1.29/1.34	1.34694	936	453
1.29/1.35	1.35712	935	493
1.29/1.37	1.37206	934	562
1.29/1.37	1.37704	933	584
1.29/1.39	1.39301	932	660
1.29/1.39	1.39409	931	664
1.29/1.39	1.39718	930	674
1.39/1.40	1.40081	929	689
1.39/1.40	1.40561	928	710
1.39/1.41	1.41204	927	740
1.39/1.42	1.42501	926	799
1.39/1.43	1.4286	925	810
1.39/1.47	1.47108	924	1006
1.49/1.52	1.52577	923	1263
1.49/1.53	1.53137	922	1289
1.60/1.65	1.65718	921	1902
1.89/1.95	1.95734	920	3509
1.89/1.98	1.98133	919	3612
2.21/2.29	2.29051	918	5309
2.69/2.74	2.74546	917	7829
5.09/5.18	5.18698	916	23258
6.13/6.17	6.17531	915	28999
6.69/6.76	6.75939	914	32427
6.99/7.34	7.34576	913	36169
8.39/8.67	8.66999	912	43933
9.38/9.47	9.47637	911	48392
15.29/15.35	15.355	910	81064
