1.19/1.28	1.28735	1022	0
1.19/1.29	1.28778	1021	1
1.19/1.29	1.28808	1020	2
1.19/1.29	1.28851	1019	3
1.19/1.29	1.28883	1018	4
1.19/1.29	1.28921	1017	5
1.19/1.29	1.2895	1016	6
1.19/1.29	1.28983	1015	7
1.19/1.29	1.29083	1014	11
1.19/1.29	1.29113	1013	12
1.19/1.29	1.2915	1012	13
1.19/1.29	1.29218	1011	16
1.19/1.29	1.29284	1010	18
1.19/1.29	1.29378	1009	22
1.19/1.29	1.29413	1008	23
1.19/1.29	1.29497	1007	27
1.19/1.29	1.29614	1006	32
1.19/1.29	1.29718	1005	36
1.19/1.30	1.29754	1004	37
1.29/1.30	1.2983	1003	40
1.29/1.30	1.29865	1002	41
1.29/1.30	1.29895	1001	42
1.29/1.30	1.29934	1000	43
1.29/1.30	1.30008	999	45
1.29/1.30	1.30038	998	46
1.29/1.30	1.30088	997	48
1.29/1.30	1.30149	996	50
1.29/1.30	1.30213	995	52
1.29/1.30	1.30249	994	53
1.29/1.30	1.303	993	55
1.29/1.30	1.30476	992	64
1.29/1.30	1.30507	991	65
1.29/1.30	1.3055	990	66
1.29/1.30	1.30586	989	67
1.29/1.31	1.30746	988	75
1.29/1.31	1.30858	987	80
1.29/1.31	1.3095	986	84
1.29/1.31	1.3116	985	93
1.29/1.31	1.31191	984	94
1.29/1.31	1.31221	983	95
1.29/1.31	1.313	982	98
1.29/1.31	1.31385	981	101
1.29/1.31	1.31417	980	102
1.29/1.31	1.31452	979	103
1.29/1.31	1.31501	978	105
1.29/1.31	1.3153	977	106
1.29/1.31	1.31564	976	107
1.29/1.31	1.31593	975	108
1.29/1.31	1.31693	974	112
1.29/1.32	1.31853	973	118
1.29/1.32	1.32055	972	125
1.29/1.32	1.32328	971	138
1.29/1.32	1.3243	970	142
1.29/1.32	1.32467	969	143
1.29/1.32	1.3252	968	145
1.29/1.32	1.32622	967	149
1.29/1.32	1.32688	966	151
1.29/1.33	1.32771	965	154
1.29/1.33	1.32803	964	155
1.29/1.33	1.32889	963	159
1.29/1.33	1.32924	962	160
1.29/1.33	1.332	961	170
1.29/1.33	1.33473	960	184
1.29/1.33	1.33506	959	185
1.29/1.33	1.33575	958	188
1.29/1.33	1.33615	957	189
1.29/1.33	1.33646	956	190
1.29/1.33	1.33714	955	192
1.29/1.34	1.33799	954	195
1.29/1.34	1.33875	953	198
1.29/1.34	1.33933	952	200
1.29/1.34	1.34085	951	207
1.29/1.34	1.34231	950	214
1.29/1.34	1.34417	949	222
1.29/1.35	1.34795	948	238
1.29/1.35	1.35004	947	247
1.29/1.35	1.35086	946	249
1.29/1.35	1.35155	945	251
1.29/1.35	1.3525	944	254
1.29/1.35	1.35667	943	273
1.29/1.36	1.35948	942	284
1.29/1.36	1.36371	941	304
1.29/1.37	1.36982	940	332
1.29/1.37	1.37272	939	344
1.29/1.37	1.37631	938	361
1.29/1.37	1.37682	937	363
1.39/1.41	1.41701	936	581
1.39/1.42	1.42152	935	601
1.39/1.43	1.43189	934	655
1.39/1.47	1.47246	933	874
1.49/1.54	1.54368	932	1251
1.49/1.57	1.57355	931	1407
1.49/1.58	1.579	930	1429
1.69/1.78	1.77877	929	2506
1.79/1.80	1.80733	928	2657
1.79/1.81	1.81278	927	2677
1.79/1.83	1.83509	926	2798
1.89/1.94	1.93934	925	3365
1.89/1.97	1.9697	924	3529
2.00/2.04	2.04197	923	3914
2.00/2.27	2.27481	922	5198
2.00/2.33	2.33189	921	5520
2.00/2.33	2.33613	920	5536
2.00/2.45	2.45326	919	6200
2.00/2.46	2.45898	918	6224
2.54/2.58	2.58667	917	6936
2.89/2.94	2.94247	916	8928
2.89/2.97	2.97675	915	9110
2.89/2.98	2.97754	914	9113
3.39/3.42	3.4177	913	11586
3.39/3.43	3.43002	912	11649
3.84/3.86	3.86416	911	14067
4.49/4.56	4.56546	910	18017
