1.21/1.26	1.26748	1023	0
1.21/1.27	1.26786	1022	1
1.21/1.27	1.26958	1021	9
1.21/1.27	1.26988	1020	10
1.21/1.27	1.27046	1019	12
1.21/1.27	1.27089	1018	13
1.21/1.27	1.27118	1017	14
1.21/1.27	1.2722	1016	18
1.21/1.27	1.27325	1015	22
1.21/1.27	1.27381	1014	24
1.21/1.27	1.27506	1013	30
1.21/1.27	1.27594	1012	34
1.21/1.27	1.27643	1011	36
1.21/1.27	1.27673	1010	37
1.21/1.27	1.27726	1009	39
1.21/1.27	1.27772	1008	40
1.21/1.28	1.27812	1007	41
1.21/1.28	1.27843	1006	42
1.21/1.28	1.27967	1005	48
1.21/1.28	1.28048	1004	51
1.21/1.28	1.28135	1003	55
1.21/1.28	1.28168	1002	56
1.21/1.28	1.28197	1001	57
1.21/1.28	1.28227	1000	58
1.21/1.28	1.28274	999	60
1.21/1.28	1.28306	998	61
1.21/1.28	1.28337	997	62
1.21/1.28	1.28367	996	63
1.21/1.28	1.28431	995	65
1.21/1.28	1.28501	994	68
1.21/1.28	1.2863	993	74
1.21/1.28	1.28661	992	75
1.21/1.29	1.288	991	81
1.21/1.29	1.28851	990	83
1.21/1.29	1.28885	989	84
1.21/1.29	1.28972	988	88
1.21/1.29	1.29021	987	90
1.21/1.29	1.29053	986	91
1.21/1.29	1.29086	985	92
1.21/1.29	1.29156	984	95
1.21/1.29	1.29218	983	97
1.21/1.29	1.29248	982	98
1.21/1.29	1.29316	981	101
1.21/1.29	1.29493	980	109
1.21/1.29	1.29566	979	112
1.21/1.29	1.29602	978	113
1.21/1.29	1.29667	977	115
1.21/1.29	1.29777	976	120
1.29/1.30	1.29856	975	123
1.29/1.30	1.29911	974	125
1.29/1.30	1.30058	973	132
1.29/1.30	1.30091	972	133
1.29/1.30	1.30153	971	135
1.29/1.30	1.30203	970	137
1.29/1.30	1.30349	969	143
1.29/1.30	1.30384	968	144
1.29/1.30	1.30591	967	152
1.29/1.30	1.30735	966	157
1.29/1.31	1.30909	965	164
1.29/1.31	1.31065	964	171
1.29/1.31	1.31137	963	174
1.29/1.31	1.3125	962	179
1.29/1.31	1.31333	961	182
1.29/1.31	1.31486	960	189
1.29/1.31	1.31681	959	198
1.29/1.31	1.31738	958	200
1.29/1.32	1.31948	957	211
1.29/1.32	1.32063	956	216
1.29/1.32	1.32163	955	219
1.29/1.32	1.32537	954	237
1.29/1.32	1.32682	953	243
1.29/1.33	1.32784	952	247
1.29/1.33	1.33535	951	283
1.29/1.34	1.34367	950	329
1.29/1.36	1.36163	949	432
1.29/1.37	1.37646	948	508
1.29/1.38	1.37817	947	515
1.29/1.38	1.3788	946	517
1.38/1.42	1.42237	945	749
1.38/1.42	1.42545	944	764
1.38/1.43	1.4279	943	777
1.38/1.43	1.43164	942	796
1.38/1.50	1.50781	941	1212
1.50/1.57	1.57229	940	1569
1.50/1.58	1.57832	939	1596
1.59/1.66	1.66355	938	2068
1.59/1.69	1.69238	937	2220
1.79/1.81	1.81501	936	3046
1.79/1.86	1.85992	935	3281
1.89/1.92	1.92487	934	3666
1.89/1.92	1.92751	933	3677
1.99/2.00	2.00001	932	4083
1.99/2.06	2.06467	931	4430
1.99/2.08	2.08474	930	4535
2.20/2.29	2.29138	929	5717
2.39/2.44	2.44462	928	6602
2.59/2.63	2.62862	927	7641
2.82/2.87	2.87261	926	9194
3.09/3.10	3.09846	925	10608
3.09/3.13	3.13244	924	10839
3.09/3.19	3.19367	923	11253
3.31/3.34	3.34164	922	12163
3.41/3.50	3.49788	921	13049
3.68/3.71	3.71365	920	14262
3.99/4.03	4.0284	919	16013
3.99/4.06	4.06724	918	16223
4.19/4.22	4.22037	917	17094
4.79/4.81	4.81197	916	20383
4.99/5.06	5.06292	915	21790
4.99/5.08	5.08233	914	21893
5.99/6.09	6.09249	913	27545
7.59/7.65	7.65188	912	36399
8.99/9.05	9.05461	911	44085
9.59/9.67	9.67511	910	47489
