1.29/1.31	1.31287	1024	0
1.29/1.31	1.31355	1023	2
1.29/1.31	1.31388	1022	3
1.29/1.31	1.31449	1021	5
1.29/1.31	1.31514	1020	7
1.29/1.31	1.31548	1019	8
1.29/1.31	1.31582	1018	9
1.29/1.31	1.31693	1017	14
1.29/1.32	1.31752	1016	16
1.29/1.32	1.31786	1015	17
1.29/1.32	1.31882	1014	21
1.29/1.32	1.3211	1013	32
1.29/1.32	1.32143	1012	33
1.29/1.32	1.32204	1011	35
1.29/1.32	1.32292	1010	38
1.29/1.32	1.32323	1009	39
1.29/1.32	1.32374	1008	41
1.29/1.32	1.32411	1007	42
1.29/1.32	1.32442	1006	43
1.29/1.32	1.32485	1005	44
1.29/1.32	1.32519	1004	45
1.29/1.32	1.32626	1003	50
1.29/1.33	1.32732	1002	53
1.29/1.33	1.32865	1001	58
1.29/1.33	1.32902	1000	59
1.29/1.33	1.32938	999	60
1.29/1.33	1.32995	998	62
1.29/1.33	1.33044	997	64
1.29/1.33	1.3319	996	70
1.29/1.33	1.33228	995	71
1.29/1.33	1.33365	994	75
1.29/1.33	1.33404	993	76
1.29/1.33	1.33444	992	77
1.29/1.33	1.33475	991	78
1.29/1.34	1.33659	990	87
1.29/1.34	1.33692	989	88
1.29/1.34	1.33725	988	89
1.29/1.34	1.3382	987	92
1.29/1.34	1.33874	986	94
1.29/1.34	1.33926	985	96
1.29/1.34	1.33993	984	98
1.29/1.34	1.34054	983	100
1.29/1.34	1.34093	982	101
1.29/1.34	1.34143	981	103
1.29/1.34	1.34175	980	104
1.29/1.34	1.3428	979	109
1.29/1.34	1.34341	978	111
1.29/1.34	1.34409	977	114
1.29/1.34	1.34442	976	115
1.29/1.34	1.34473	975	116
1.29/1.35	1.34573	974	120
1.29/1.35	1.34687	973	125
1.29/1.35	1.34717	972	126
1.29/1.35	1.34802	971	129
1.29/1.35	1.34873	970	131
1.29/1.35	1.34928	969	133
1.29/1.35	1.35209	968	145
1.29/1.36	1.35671	967	168
1.29/1.36	1.35769	966	172
1.29/1.36	1.35936	965	180
1.29/1.36	1.36194	964	192
1.29/1.36	1.36408	963	200
1.29/1.37	1.36544	962	204
1.29/1.37	1.36678	961	210
1.29/1.37	1.36777	960	214
1.29/1.37	1.36824	959	215
1.29/1.37	1.37095	958	227
1.29/1.37	1.3726	957	233
1.29/1.38	1.37401	956	238
1.29/1.38	1.37497	955	242
1.29/1.38	1.37527	954	243
1.29/1.38	1.37619	953	246
1.29/1.38	1.378	952	253
1.29/1.38	1.37852	951	255
1.29/1.38	1.38097	950	264
1.29/1.39	1.38469	949	283
1.29/1.39	1.38723	948	294
1.29/1.39	1.39057	947	307
1.38/1.40	1.39532	946	331
1.38/1.40	1.39588	945	333
1.38/1.40	1.40299	944	370
1.38/1.41	1.4112	943	408
1.38/1.42	1.42129	942	457
1.38/1.43	1.42502	941	476
1.38/1.43	1.428	940	489
1.38/1.43	1.4289	939	492
1.38/1.45	1.44613	938	570
1.38/1.45	1.44905	937	585
1.38/1.45	1.44981	936	588
1.38/1.45	1.45106	935	593
1.38/1.45	1.45164	934	595
1.38/1.46	1.45319	933	602
1.38/1.46	1.45539	932	612
1.38/1.46	1.45593	931	614
1.38/1.46	1.45647	930	616
1.38/1.48	1.47317	929	701
1.38/1.48	1.48066	928	738
1.48/1.51	1.50593	927	874
1.48/1.52	1.51707	926	922
1.48/1.53	1.52988	925	990
1.48/1.56	1.56014	924	1145
1.88/1.94	1.93979	923	3548
1.98/2.01	2.00504	922	3889
1.98/2.02	2.01183	921	3924
1.98/2.03	2.02413	920	3987
1.98/2.17	2.16939	919	4790
2.18/2.21	2.20147	918	4964
2.38/2.42	2.4212	917	6144
2.68/2.71	2.70471	916	7687
2.98/3.09	3.09107	915	9807
3.08/3.12	3.11759	914	9935
3.89/3.98	3.97172	913	14564
4.18/4.26	4.2543	912	16140
5.29/5.35	5.35022	911	22660
8.19/8.29	8.28498	910	39426
