0.57/0.73	0.608877	236	0
0.57/0.77	0.648619	235	1
0.67/0.81	0.68942	234	5
0.67/0.85	0.726807	233	6
0.67/0.89	0.762573	232	7
0.77/0.92	0.798739	231	8
0.77/0.96	0.83387	230	9
0.77/0.99	0.869091	229	10
0.87/1.03	0.904252	228	11
0.87/1.06	0.939051	227	12
0.97/1.10	0.973464	226	13
0.97/1.13	1.00745	225	14
0.97/1.17	1.0417	224	15
0.97/1.20	1.07601	223	16
0.97/1.23	1.10927	222	17
0.97/1.27	1.14347	221	19
0.97/1.30	1.17678	220	20
0.97/1.34	1.21095	219	22
0.97/1.37	1.24267	218	24
0.97/1.40	1.273	217	26
1.27/1.43	1.30415	216	29
1.27/1.46	1.33592	215	31
1.27/1.49	1.36639	214	34
1.37/1.52	1.3965	213	36
1.37/1.55	1.42717	212	39
1.37/1.59	1.45975	211	44
1.47/1.62	1.49219	210	50
1.47/1.65	1.52195	209	52
1.47/1.68	1.55119	208	53
1.57/1.71	1.58165	207	56
1.57/1.74	1.61063	206	58
1.57/1.77	1.64338	205	63
1.67/1.80	1.67278	204	65
1.67/1.84	1.711	203	80
1.67/1.88	1.75793	202	104
1.77/1.92	1.79282	201	114
1.77/1.96	1.83342	200	129
1.77/1.99	1.86558	199	135
1.87/2.05	1.92419	198	183
1.87/2.09	1.9687	197	208
1.96/2.12	1.99826	196	212
1.96/2.15	2.02732	195	215
1.96/2.18	2.05491	194	217
2.06/2.21	2.08475	193	221
2.06/2.24	2.11793	192	232
2.06/2.28	2.15103	191	239
2.17/2.33	2.19985	190	268
2.17/2.35	2.22912	189	272
2.17/2.38	2.25786	188	276
2.26/2.41	2.2873	187	280
2.26/2.44	2.3169	186	285
2.26/2.47	2.34746	185	290
2.26/2.50	2.37555	184	294
2.26/2.54	2.41105	183	307
2.26/2.58	2.45945	182	328
2.26/2.61	2.48685	181	331
2.26/2.66	2.53249	180	357
2.26/2.71	2.58116	179	383
2.26/2.79	2.66572	178	454
2.67/2.83	2.70786	177	476
2.76/2.91	2.7816	176	533
2.86/3.01	2.87995	175	618
2.86/3.04	2.91283	174	629
2.86/3.07	2.94584	173	641
3.07/3.25	3.12316	172	819
3.27/3.41	3.28795	171	991
3.36/3.54	3.41842	170	1109
4.08/4.23	4.10161	169	1878
4.17/4.39	4.2622	168	2067
5.66/5.84	5.71077	167	3864
5.76/5.91	5.78046	166	3917
6.83/7.04	6.9141	165	5345
7.46/7.61	7.4868	164	5996
7.76/8.22	8.09088	163	6699
8.46/8.67	8.54715	162	7196
12.96/13.10	12.973	161	12417
12.96/13.12	12.9964	160	12420
15.86/16.08	15.955	159	15833
18.96/19.12	18.9944	158	19605
48.46/48.63	48.4985	157	55904
49.86/50.02	49.8968	156	57442
57.96/58.55	58.4275	155	67980
340.45/340.96	340.83	154	430271
