0.68/0.74	0.744655	231	0
0.68/0.77	0.777444	230	1
0.78/0.81	0.809761	229	2
0.78/0.84	0.841866	228	3
0.78/0.87	0.873936	227	4
0.88/0.90	0.905409	226	5
0.88/0.93	0.937236	225	6
0.88/0.97	0.967916	224	7
0.98/1.00	0.99937	223	8
0.98/1.03	1.03084	222	9
0.98/1.06	1.06141	221	10
0.98/1.09	1.09306	220	12
1.09/1.12	1.12372	219	13
1.09/1.15	1.15446	218	14
1.09/1.18	1.18418	217	15
1.09/1.21	1.21452	216	17
1.09/1.24	1.24624	215	20
1.09/1.28	1.27757	214	22
1.09/1.30	1.30694	213	23
1.09/1.33	1.33714	212	25
1.09/1.37	1.3678	211	28
1.09/1.39	1.39664	210	29
1.09/1.42	1.4253	209	30
1.09/1.45	1.45521	208	32
1.09/1.48	1.48409	207	34
1.09/1.51	1.51465	206	37
1.09/1.54	1.54397	205	41
1.09/1.57	1.57388	204	44
1.09/1.60	1.60297	203	46
1.45/1.63	1.63371	202	50
1.45/1.66	1.66516	201	54
1.45/1.71	1.71005	200	75
1.72/1.73	1.73728	199	76
1.72/1.76	1.76741	198	81
1.72/1.79	1.7958	197	84
1.79/1.82	1.82716	196	90
1.79/1.86	1.85913	195	97
1.79/1.89	1.8927	194	104
1.88/1.92	1.92287	193	109
1.88/1.95	1.95494	192	115
1.88/1.99	1.98767	191	121
1.98/2.04	2.04731	190	164
1.98/2.07	2.07524	189	167
2.08/2.10	2.10471	188	171
2.08/2.13	2.13434	187	177
2.08/2.18	2.1791	186	200
2.18/2.20	2.20518	185	202
2.18/2.25	2.25282	184	226
2.18/2.28	2.28292	183	232
2.28/2.31	2.31589	182	241
2.28/2.36	2.36507	181	270
2.38/2.40	2.40065	180	283
2.38/2.47	2.46958	179	343
2.59/2.61	2.61159	178	474
2.59/2.67	2.67408	177	519
2.59/2.94	2.94398	176	783
2.59/3.00	2.99934	175	823
3.00/3.09	3.08959	174	899
3.08/3.14	3.14002	173	928
3.18/3.26	3.26689	172	1055
3.78/3.87	3.87113	171	1667
3.88/3.95	3.95255	170	1728
3.88/4.00	4.00609	169	1757
3.88/4.23	4.23064	168	1998
3.88/4.30	4.3033	167	2059
4.58/4.62	4.61707	166	2421
5.18/5.26	5.2575	165	3151
5.28/5.60	5.60664	164	3517
5.28/5.75	5.75405	163	3656
9.59/10.01	10.0097	162	8833
10.17/10.20	10.1978	161	9016
10.39/10.40	10.398	160	9228
10.39/10.44	10.4461	159	9259
21.89/21.92	21.9201	158	23511
24.68/24.79	24.786	157	26778
252.47/252.54	252.524	156	321207
267.68/267.79	267.773	155	340972
