0.69/0.76	0.762314	225	0
0.69/0.80	0.797712	224	1
0.79/0.83	0.832485	223	2
0.79/0.87	0.867462	222	3
0.89/0.90	0.901354	221	4
0.89/0.93	0.935136	220	5
0.89/0.97	0.968641	219	6
0.99/1.00	1.00172	218	7
0.99/1.03	1.03465	217	8
0.99/1.07	1.06854	216	10
1.09/1.10	1.10311	215	13
1.09/1.13	1.13412	214	16
1.09/1.16	1.16339	213	18
1.09/1.19	1.19554	212	22
1.09/1.22	1.22544	211	24
1.09/1.25	1.25507	210	26
1.09/1.28	1.28594	209	29
1.09/1.31	1.31502	208	30
1.09/1.35	1.34835	207	35
1.09/1.38	1.37778	206	37
1.09/1.41	1.40765	205	39
1.09/1.43	1.43599	204	41
1.09/1.46	1.4672	203	46
1.09/1.49	1.49713	202	49
1.09/1.52	1.52664	201	52
1.09/1.55	1.55523	200	55
1.09/1.58	1.58459	199	58
1.62/1.64	1.64089	198	95
1.62/1.72	1.72512	197	168
1.72/1.76	1.75925	196	180
1.72/1.79	1.78899	195	184
1.78/1.82	1.82006	194	190
1.78/1.85	1.85188	193	198
1.78/1.88	1.88049	192	202
1.88/1.91	1.9161	191	212
1.88/1.96	1.96384	190	241
1.98/2.01	2.01593	189	274
1.98/2.04	2.04648	188	279
1.98/2.07	2.07437	187	281
2.08/2.10	2.10054	186	283
2.08/2.17	2.16862	185	340
2.19/2.26	2.26079	184	429
2.29/2.37	2.37143	183	551
2.39/2.41	2.41513	182	576
2.39/2.45	2.45048	181	589
2.39/2.49	2.48831	180	604
2.49/2.52	2.51863	179	610
2.49/2.55	2.55104	178	618
2.49/2.62	2.62226	177	673
2.63/2.65	2.65704	176	687
3.09/3.18	3.17761	175	1308
3.19/3.22	3.2221	174	1332
3.19/3.25	3.25532	173	1343
3.49/3.55	3.54887	172	1692
3.90/4.12	4.12632	171	2379
4.49/4.50	4.50704	170	2860
4.89/4.91	4.91375	169	3315
4.99/5.07	5.07676	168	3488
5.19/5.73	5.73709	167	4280
5.86/5.87	5.87232	166	4403
6.39/6.49	6.49679	165	5099
7.39/7.43	7.43361	164	6183
8.09/8.35	8.35412	163	7298
9.49/10.05	10.0475	162	9277
11.59/11.66	11.663	161	11122
13.99/14.31	14.3147	160	14148
13.99/14.33	14.3363	159	14149
14.99/15.06	15.058	158	14944
43.48/43.77	43.7755	157	51376
315.38/315.98	315.978	156	399620
316.38/316.44	316.436	155	400114
320.68/320.74	320.735	154	405189
