0.69/0.70	0.702136	228	0
0.69/0.74	0.735485	227	3
0.69/0.77	0.766995	226	4
0.79/0.80	0.799172	225	5
0.79/0.83	0.831353	224	6
0.79/0.86	0.862739	223	7
0.89/0.90	0.894219	222	8
0.89/0.93	0.924877	221	9
0.89/0.96	0.955618	220	10
0.89/0.99	0.987587	219	12
0.99/1.02	1.01933	218	14
0.99/1.05	1.05035	217	15
0.99/1.09	1.08746	216	21
1.09/1.12	1.11762	215	22
1.09/1.15	1.14779	214	23
1.09/1.18	1.17771	213	25
1.19/1.21	1.20769	212	27
1.19/1.24	1.2387	211	29
1.19/1.27	1.26898	210	31
1.19/1.30	1.29911	209	33
1.31/1.33	1.33002	208	35
1.31/1.36	1.36024	207	37
1.31/1.39	1.38886	206	39
1.31/1.42	1.41952	205	43
1.41/1.45	1.44981	204	47
1.41/1.48	1.47854	203	49
1.41/1.51	1.50911	202	53
1.41/1.54	1.53794	201	55
1.41/1.57	1.56822	200	59
1.41/1.60	1.598	199	62
1.41/1.63	1.62776	198	65
1.41/1.67	1.665	197	79
1.41/1.70	1.69799	196	86
1.41/1.73	1.72828	195	91
1.41/1.76	1.75781	194	96
1.41/1.79	1.7902	193	103
1.41/1.83	1.82697	192	114
1.83/1.86	1.85775	191	119
1.83/1.89	1.89319	190	128
1.89/1.93	1.92655	189	135
1.89/1.96	1.95898	188	142
1.89/1.99	1.99294	187	151
1.99/2.03	2.02535	186	160
2.09/2.10	2.09525	185	209
2.09/2.16	2.16273	184	260
2.19/2.24	2.2333	183	312
2.19/2.27	2.26945	182	325
2.29/2.38	2.37498	181	415
2.39/2.40	2.40142	180	418
2.39/2.47	2.47038	179	468
2.49/2.51	2.50476	178	477
2.49/2.55	2.54597	177	495
2.59/2.60	2.5932	176	521
2.59/2.64	2.637	175	544
2.59/2.69	2.68656	174	578
2.71/2.83	2.82809	173	721
2.71/3.03	3.02251	172	914
2.71/3.13	3.12965	171	1007
2.71/3.17	3.16678	170	1023
3.28/3.36	3.35505	169	1231
3.38/3.40	3.39519	168	1250
3.78/3.81	3.80452	167	1697
3.78/3.88	3.87547	166	1747
3.98/4.08	4.07659	165	1953
4.42/4.55	4.54808	164	2457
5.49/5.72	5.71718	163	3786
5.49/5.85	5.84527	162	3911
8.38/8.65	8.64249	161	7186
10.48/10.59	10.5837	160	9805
16.89/16.95	16.9451	159	17943
19.48/19.53	19.5308	158	21306
45.71/45.80	45.7957	157	53417
114.48/114.66	114.654	156	140697
126.28/126.78	126.778	155	156227
