0.59/0.66	0.663919	227	0
0.59/0.69	0.696098	226	1
0.69/0.73	0.728121	225	2
0.69/0.76	0.759747	224	3
0.69/0.79	0.791344	223	4
0.79/0.82	0.822343	222	5
0.79/0.86	0.863023	221	7
0.89/0.91	0.910189	220	9
0.89/0.95	0.947783	219	10
0.89/0.98	0.980577	218	11
0.99/1.01	1.01081	217	12
0.99/1.04	1.04221	216	14
0.99/1.07	1.0727	215	15
1.09/1.10	1.10317	214	16
1.09/1.13	1.13634	213	20
1.09/1.17	1.169	212	22
1.19/1.20	1.19957	211	24
1.19/1.23	1.22975	210	26
1.19/1.26	1.26203	209	30
1.19/1.29	1.29301	208	32
1.19/1.32	1.32313	207	34
1.19/1.35	1.35343	206	37
1.19/1.38	1.38599	205	44
1.19/1.41	1.41412	204	45
1.19/1.45	1.44779	203	52
1.40/1.48	1.4782	202	56
1.40/1.50	1.50603	201	57
1.40/1.53	1.53604	200	60
1.54/1.56	1.56456	199	61
1.54/1.59	1.5942	198	64
1.61/1.62	1.62339	197	67
1.61/1.66	1.65883	196	78
1.61/1.69	1.69606	195	90
1.69/1.72	1.72523	194	94
1.69/1.75	1.75369	193	98
1.69/1.79	1.78944	192	109
1.79/1.83	1.83004	191	125
1.79/1.87	1.86782	190	138
1.89/1.90	1.89787	189	144
1.89/1.93	1.93187	188	153
1.89/1.96	1.96068	187	157
1.89/1.99	1.99065	186	162
1.99/2.02	2.02143	185	167
1.99/2.05	2.04894	184	170
1.99/2.08	2.08385	183	179
2.09/2.12	2.12654	182	199
2.09/2.17	2.17193	181	222
2.19/2.25	2.25402	180	288
2.19/2.28	2.2851	179	295
2.29/2.32	2.32337	178	310
2.40/2.41	2.41017	177	385
2.40/2.62	2.62042	176	619
2.62/2.64	2.64721	175	623
2.72/2.78	2.78251	174	769
2.89/2.97	2.96835	173	968
2.99/3.05	3.05528	172	1040
3.09/3.12	3.12055	171	1103
3.19/3.28	3.27913	170	1262
3.29/3.32	3.32224	169	1283
3.29/3.37	3.37607	168	1320
3.59/3.86	3.85816	167	1915
3.59/3.89	3.8945	166	1930
4.49/4.57	4.57216	165	2683
5.39/5.42	5.42091	164	3610
5.59/5.63	5.63642	163	3844
6.18/6.25	6.25346	162	4493
12.68/12.70	12.6981	161	12247
12.78/12.80	12.8058	160	12342
24.88/24.91	24.9162	159	27025
28.99/29.02	29.0241	158	32084
72.79/72.81	72.8074	157	88658
74.39/74.42	74.4181	156	90461
369.96/370.12	370.109	155	468214
439.67/439.91	439.903	154	555324
