0.59/0.68	0.68552	236	0
0.69/0.72	0.719054	235	1
0.69/0.75	0.752123	234	2
0.69/0.78	0.785202	233	3
0.79/0.82	0.818595	232	4
0.79/0.85	0.851169	231	5
0.79/0.88	0.883469	230	6
0.88/0.91	0.915496	229	7
0.88/0.94	0.947181	228	8
0.88/0.98	0.979088	227	10
0.99/1.01	1.01064	226	11
0.99/1.04	1.0421	225	12
0.99/1.07	1.07373	224	13
1.08/1.10	1.10435	223	14
1.08/1.13	1.13511	222	15
1.08/1.16	1.16543	221	16
1.08/1.19	1.19581	220	17
1.08/1.23	1.2291	219	19
1.08/1.26	1.25936	218	20
1.08/1.29	1.29038	217	22
1.08/1.32	1.32137	216	24
1.30/1.35	1.35077	215	25
1.30/1.38	1.3823	214	28
1.30/1.41	1.41232	213	30
1.30/1.44	1.44222	212	32
1.30/1.47	1.47379	211	36
1.30/1.50	1.50323	210	39
1.30/1.53	1.53211	209	40
1.53/1.56	1.56243	208	43
1.53/1.59	1.59237	207	46
1.59/1.62	1.62177	206	48
1.59/1.65	1.65055	205	50
1.59/1.68	1.68068	204	53
1.69/1.71	1.71031	203	56
1.69/1.74	1.7415	202	62
1.69/1.77	1.77244	201	66
1.78/1.81	1.81401	199	83
1.78/1.84	1.84682	198	90
1.78/1.87	1.87805	197	96
1.88/1.91	1.90922	196	102
1.88/1.94	1.94463	195	113
1.88/1.97	1.97774	194	121
1.98/2.00	2.00623	193	124
1.98/2.03	2.03644	192	130
1.98/2.07	2.07303	191	142
2.08/2.10	2.10615	190	148
2.08/2.14	2.14166	189	156
2.08/2.17	2.17319	188	162
2.18/2.24	2.246	187	215
2.18/2.27	2.2739	186	219
2.28/2.31	2.30867	185	230
2.28/2.36	2.36064	184	254
2.38/2.40	2.40707	183	280
2.38/2.44	2.44073	182	289
2.38/2.48	2.47989	181	305
2.50/2.51	2.51576	180	318
2.50/2.56	2.56441	179	342
2.50/2.70	2.70474	178	476
2.50/2.74	2.74743	177	494
2.79/2.81	2.80988	176	537
2.79/2.86	2.86283	175	575
2.79/2.89	2.89693	174	590
2.88/2.94	2.94727	173	619
3.09/3.10	3.0991	172	753
3.28/3.36	3.3649	171	1028
3.58/3.87	3.87641	170	1584
4.10/4.11	4.11659	169	1840
4.29/4.31	4.31648	168	2034
4.39/4.44	4.44526	167	2152
4.59/4.62	4.62618	166	2349
4.79/4.82	4.82481	165	2546
7.89/8.22	8.22483	164	6606
7.89/8.29	8.29636	163	6666
8.48/8.50	8.50544	162	6890
8.79/8.84	8.84446	161	7258
8.89/8.95	8.95001	160	7354
21.19/21.28	21.2845	159	21992
21.72/21.74	21.742	158	22495
40.51/40.53	40.5303	157	45334
65.32/65.35	65.3551	156	75273
