0.70/0.73	0.72886	222	0
0.70/0.76	0.759889	221	1
0.70/0.79	0.79128	219	2
0.78/0.82	0.822769	218	4
0.78/0.85	0.853391	217	5
0.78/0.88	0.883938	216	6
0.88/0.91	0.913786	215	7
0.88/0.94	0.944354	214	9
0.88/0.97	0.973786	213	10
0.98/1.00	1.00477	212	12
0.98/1.03	1.03633	211	16
0.98/1.06	1.06729	210	18
0.98/1.09	1.09657	209	20
1.08/1.12	1.12722	208	24
1.08/1.16	1.15905	207	27
1.08/1.19	1.19456	206	38
1.18/1.22	1.22438	205	40
1.18/1.25	1.25371	204	42
1.18/1.28	1.286	203	48
1.28/1.31	1.31382	202	50
1.28/1.35	1.34805	201	58
1.28/1.38	1.38106	200	66
1.38/1.41	1.41002	199	69
1.38/1.44	1.43829	198	72
1.38/1.47	1.47151	197	79
1.48/1.50	1.50089	196	85
1.48/1.53	1.52994	195	90
1.48/1.56	1.56138	194	97
1.48/1.59	1.59078	193	100
1.60/1.62	1.62028	192	104
1.60/1.65	1.65067	191	110
1.60/1.68	1.6812	190	117
1.60/1.71	1.71264	189	125
1.60/1.74	1.74683	188	134
1.60/1.78	1.77872	187	141
1.60/1.81	1.80976	186	147
1.60/1.84	1.84349	185	156
1.60/1.90	1.90682	184	199
1.60/1.94	1.94563	183	215
1.60/1.98	1.98169	182	227
1.60/2.01	2.01198	181	234
1.60/2.06	2.05831	180	257
1.60/2.10	2.10313	179	279
1.60/2.14	2.14456	178	294
2.16/2.19	2.19631	177	324
2.19/2.26	2.25758	176	362
2.39/2.40	2.39751	175	496
2.39/2.43	2.43084	174	505
2.39/2.49	2.48741	173	543
2.49/2.55	2.54722	172	591
2.59/2.69	2.69313	171	729
2.69/2.72	2.71841	170	733
2.99/3.10	3.09771	169	1166
2.99/3.33	3.33289	168	1404
3.89/3.95	3.94975	167	2132
5.05/5.09	5.09312	166	3433
5.39/5.45	5.44928	165	3816
5.59/5.66	5.66683	164	4054
8.39/8.46	8.46309	163	7254
8.49/8.52	8.52076	162	7295
8.49/8.55	8.55581	161	7309
12.89/12.94	12.9431	160	12662
13.29/13.66	13.6664	159	13445
17.69/18.13	18.1357	158	18552
33.79/34.36	34.3604	157	39478
196.78/196.89	196.892	156	243636
198.78/198.83	198.826	155	245894
