0.59/0.64	0.641446	230	0
0.59/0.67	0.674614	229	2
0.69/0.71	0.707542	228	3
0.69/0.74	0.741171	227	5
0.69/0.77	0.774012	226	6
0.79/0.80	0.806652	225	7
0.79/0.84	0.841236	224	8
0.79/0.87	0.873734	223	10
0.89/0.90	0.906159	222	11
0.89/0.94	0.938862	221	12
0.89/0.97	0.969754	220	13
0.99/1.00	1.0007	219	14
0.99/1.03	1.03391	218	17
0.99/1.06	1.06707	217	20
0.99/1.10	1.09942	216	21
0.99/1.13	1.13028	215	23
1.11/1.16	1.16048	214	24
1.11/1.19	1.19062	213	25
1.11/1.22	1.22025	212	26
1.24/1.25	1.24992	211	27
1.24/1.28	1.27976	210	28
1.29/1.31	1.31267	209	32
1.29/1.34	1.34232	208	33
1.29/1.37	1.37251	207	35
1.39/1.40	1.40194	206	37
1.39/1.43	1.43243	205	40
1.39/1.46	1.46555	204	44
1.39/1.49	1.49661	203	46
1.49/1.52	1.5266	202	50
1.49/1.56	1.55761	201	52
1.49/1.59	1.59001	200	57
1.59/1.62	1.62184	199	61
1.59/1.65	1.65356	198	66
1.59/1.68	1.68625	197	73
1.69/1.74	1.741	196	110
1.69/1.77	1.77368	195	121
1.79/1.80	1.80166	194	123
1.79/1.84	1.83898	193	138
1.79/1.89	1.8921	192	164
1.88/1.93	1.93358	191	182
1.88/1.96	1.96206	190	184
1.88/1.99	1.99516	189	192
1.98/2.06	2.06073	188	240
1.98/2.09	2.0906	187	245
2.08/2.15	2.1537	186	284
2.08/2.20	2.19946	185	306
2.08/2.24	2.23782	184	320
2.08/2.27	2.27024	183	327
2.08/2.34	2.33663	182	343
2.08/2.40	2.40124	181	358
2.32/2.46	2.45719	180	387
2.32/2.50	2.50249	179	402
2.58/2.60	2.59783	178	473
2.58/2.63	2.62933	177	479
2.69/2.73	2.73123	176	560
2.79/2.88	2.88153	175	678
2.89/2.93	2.92889	174	699
3.09/3.19	3.19309	173	956
3.19/3.26	3.25764	172	1000
3.39/3.44	3.43656	171	1176
3.39/3.49	3.4918	170	1210
3.89/3.95	3.94972	169	1717
3.89/3.99	3.99239	168	1738
4.29/4.39	4.39473	167	2168
4.69/4.70	4.69505	166	2522
4.69/4.91	4.91023	165	2752
4.69/5.02	5.02074	164	2850
5.99/6.24	6.23957	163	4213
5.99/6.31	6.31077	162	4269
5.99/6.55	6.54736	161	4548
9.59/9.65	9.65368	160	8305
13.79/13.82	13.8233	159	13187
14.28/14.31	14.3138	158	13763
42.79/42.85	42.8499	157	48407
43.61/43.80	43.7959	156	49487
51.58/51.61	51.6051	155	58639
