0.69/0.70	0.703052	226	0
0.69/0.73	0.734872	225	1
0.69/0.76	0.767412	224	2
0.79/0.80	0.798342	223	3
0.79/0.83	0.829063	222	4
0.79/0.86	0.86028	221	5
0.79/0.89	0.891088	220	6
0.89/0.92	0.92206	219	8
0.89/0.95	0.952291	218	9
0.89/0.98	0.9827	217	10
0.99/1.01	1.01418	216	12
0.99/1.04	1.04504	215	14
0.99/1.07	1.07529	214	15
1.09/1.10	1.10449	213	16
1.09/1.13	1.13563	212	19
1.09/1.16	1.16568	211	21
1.09/1.19	1.19636	210	23
1.20/1.22	1.22524	209	25
1.20/1.25	1.25468	208	27
1.20/1.28	1.28433	207	29
1.30/1.31	1.31356	206	31
1.30/1.34	1.34556	205	38
1.30/1.37	1.37594	204	41
1.39/1.40	1.4056	203	44
1.39/1.43	1.43568	202	47
1.39/1.46	1.46292	201	48
1.39/1.49	1.4961	200	56
1.49/1.53	1.52967	199	62
1.49/1.56	1.56458	198	69
1.49/1.59	1.59551	197	74
1.59/1.62	1.62486	196	79
1.59/1.65	1.65701	195	85
1.69/1.70	1.69956	194	106
1.69/1.73	1.7308	193	112
1.69/1.77	1.77091	192	126
1.79/1.80	1.80286	191	133
1.79/1.84	1.84469	190	152
1.79/1.88	1.87771	189	160
1.89/1.90	1.90555	188	164
1.89/1.97	1.97077	187	206
1.99/2.01	2.0168	186	231
1.99/2.05	2.04763	185	237
1.99/2.08	2.08441	184	248
2.09/2.12	2.12235	183	261
2.09/2.16	2.1638	182	282
2.09/2.19	2.19352	181	287
2.19/2.27	2.26956	180	349
2.30/2.33	2.33276	179	392
2.30/2.36	2.36012	178	398
2.40/2.45	2.4476	177	477
2.40/2.49	2.49485	176	503
2.50/2.55	2.55285	175	541
2.99/3.01	3.01101	174	1028
2.99/3.06	3.05983	173	1055
3.09/3.18	3.18715	172	1172
3.19/3.21	3.217	171	1179
3.40/3.41	3.41208	170	1368
3.79/3.82	3.82274	169	1820
3.79/3.87	3.87633	168	1851
3.79/4.03	4.03471	167	2006
3.79/4.12	4.12515	166	2080
4.30/4.35	4.35427	165	2323
4.39/4.45	4.45514	164	2409
5.49/5.50	5.50452	163	3633
7.09/7.15	7.15291	162	5621
13.59/13.60	13.6055	161	13858
16.40/16.64	16.6393	160	17570
16.95/16.99	16.9888	159	17948
17.39/17.42	17.421	158	18426
19.19/19.73	19.7344	157	21062
20.39/20.48	20.4842	156	21894
722.37/722.48	722.46	155	912081
