0.59/0.66	0.659872	231	0
0.59/0.69	0.692458	230	1
0.69/0.72	0.724864	229	2
0.69/0.75	0.757774	228	3
0.69/0.79	0.790753	227	5
0.79/0.82	0.822579	226	6
0.79/0.85	0.854768	225	7
0.79/0.88	0.886494	224	8
0.89/0.91	0.917504	223	9
0.89/0.94	0.948306	222	10
0.89/0.98	0.979159	221	11
0.89/1.01	1.01258	220	14
1.00/1.04	1.04338	219	15
1.00/1.07	1.07316	218	16
1.00/1.10	1.10319	217	17
1.10/1.13	1.13381	216	19
1.10/1.16	1.16406	215	21
1.10/1.19	1.19447	214	23
1.19/1.22	1.22537	213	25
1.19/1.25	1.25446	212	26
1.19/1.28	1.28548	211	28
1.29/1.31	1.31725	210	31
1.29/1.34	1.34772	209	33
1.29/1.38	1.38041	208	39
1.39/1.41	1.40978	207	41
1.39/1.44	1.44005	206	43
1.39/1.47	1.47002	205	46
1.49/1.50	1.50075	204	48
1.49/1.53	1.53173	203	53
1.49/1.56	1.56183	202	57
1.49/1.59	1.59282	201	61
1.59/1.62	1.62177	200	64
1.59/1.65	1.65654	199	75
1.59/1.69	1.69055	198	84
1.59/1.72	1.72103	197	89
1.74/1.75	1.75432	196	96
1.74/1.78	1.78513	195	103
1.79/1.81	1.8119	194	104
1.79/1.84	1.84658	193	114
1.79/1.87	1.87756	192	119
1.89/1.91	1.9123	191	130
1.89/1.94	1.94667	190	139
1.89/1.97	1.97605	189	143
1.99/2.02	2.01969	188	165
1.99/2.05	2.05459	187	175
2.10/2.12	2.12703	186	228
2.10/2.15	2.15763	185	235
2.10/2.19	2.19659	184	251
2.20/2.22	2.22679	183	257
2.20/2.29	2.29167	182	304
2.29/2.32	2.32219	181	309
2.29/2.39	2.39229	180	364
2.39/2.42	2.4247	179	372
2.49/2.50	2.50434	178	432
2.49/2.56	2.56237	177	469
2.69/2.70	2.69911	176	600
2.69/2.73	2.73551	175	614
2.79/2.81	2.81392	174	679
2.79/2.85	2.85197	173	694
2.79/2.89	2.89071	172	711
2.99/3.05	3.04943	171	876
3.18/3.30	3.30276	170	1163
3.18/3.35	3.35005	169	1201
3.18/3.41	3.41475	168	1250
3.51/3.53	3.53572	167	1362
3.61/3.64	3.6467	166	1459
3.69/3.72	3.72243	165	1522
3.99/4.08	4.08228	164	1946
5.89/6.12	6.11947	163	4485
7.09/7.14	7.14133	162	5681
7.29/7.66	7.66228	161	6289
12.28/12.39	12.3924	160	12162
15.78/16.16	16.1677	159	16939
17.79/17.87	17.874	158	19029
18.59/18.60	18.5989	157	19839
149.08/149.16	149.161	156	184225
299.11/299.18	299.175	155	383709
