0.59/0.65	0.64791	1131	0
0.59/0.66	0.665665	1130	2
0.59/0.68	0.683273	1129	3
0.69/0.70	0.70174	1127	6
0.69/0.72	0.719838	1126	8
0.69/0.74	0.737734	1125	10
0.69/0.75	0.75526	1124	11
0.69/0.77	0.773584	1123	14
0.69/0.79	0.791523	1121	16
0.79/0.81	0.808949	1120	17
0.79/0.82	0.826687	1119	19
0.79/0.84	0.846462	1117	25
0.79/0.86	0.864189	1114	27
0.79/0.88	0.883058	1113	30
0.89/0.90	0.901911	1111	34
0.89/0.92	0.919635	1110	36
0.89/0.93	0.93613	1108	37
0.89/0.95	0.953312	1107	39
0.89/0.97	0.970856	1106	41
0.89/0.99	0.988013	1105	42
0.99/1.00	1.00547	1104	43
0.99/1.02	1.02318	1103	44
0.99/1.04	1.04044	1101	45
0.99/1.06	1.05776	1100	46
0.99/1.07	1.07648	1099	51
0.99/1.09	1.09545	1096	57
1.09/1.11	1.11483	1094	64
1.09/1.13	1.13284	1093	67
1.09/1.15	1.14997	1092	68
1.09/1.16	1.16767	1091	69
1.09/1.18	1.18481	1090	70
1.19/1.20	1.20333	1089	74
1.19/1.22	1.22067	1087	76
1.19/1.24	1.23808	1086	78
1.19/1.25	1.2556	1085	80
1.19/1.27	1.27296	1082	82
1.19/1.29	1.29015	1081	83
1.19/1.30	1.30701	1080	84
1.19/1.32	1.3238	1079	85
1.19/1.34	1.34075	1078	86
1.19/1.36	1.35797	1076	88
1.19/1.37	1.3751	1075	90
1.19/1.39	1.39204	1073	91
1.19/1.41	1.40904	1071	93
1.19/1.42	1.42644	1070	96
1.19/1.44	1.44303	1069	97
1.19/1.46	1.4609	1067	101
1.19/1.47	1.47763	1066	102
1.19/1.49	1.49416	1065	103
1.19/1.51	1.51071	1064	104
1.19/1.52	1.52738	1063	106
1.19/1.54	1.54503	1062	110
1.19/1.56	1.56236	1060	113
1.45/1.58	1.57958	1057	116
1.45/1.59	1.59707	1056	120
1.45/1.61	1.61339	1055	121
1.45/1.63	1.62985	1054	122
1.45/1.64	1.64719	1052	127
1.65/1.66	1.66374	1051	129
1.65/1.68	1.68327	1050	138
1.70/1.70	1.70092	1049	142
1.70/1.72	1.71881	1048	147
1.70/1.73	1.73667	1047	151
1.70/1.75	1.75431	1046	155
1.70/1.77	1.7718	1045	159
1.70/1.79	1.78821	1044	160
1.79/1.80	1.80425	1043	161
1.79/1.82	1.82029	1041	162
1.79/1.83	1.83637	1040	163
1.79/1.85	1.85235	1039	164
1.79/1.87	1.86926	1038	167
1.79/1.88	1.88586	1037	169
1.88/1.90	1.9018	1036	170
1.88/1.92	1.91813	1035	172
1.88/1.93	1.93413	1034	173
1.88/1.95	1.95135	1033	177
1.88/1.97	1.9683	1032	181
1.88/1.98	1.98535	1031	185
1.99/2.00	2.00132	1030	186
1.99/2.01	2.0173	1029	189
1.99/2.03	2.03313	1028	192
1.99/2.05	2.05193	1025	201
1.99/2.07	2.07473	1023	220
1.99/2.09	2.09213	1022	225
2.09/2.11	2.10788	1021	226
2.09/2.12	2.12722	1019	233
2.09/2.14	2.1438	1018	236
2.09/2.16	2.15996	1017	238
2.09/2.18	2.17801	1015	246
2.09/2.19	2.19466	1014	251
2.19/2.21	2.21142	1013	255
2.19/2.22	2.22645	1012	256
2.19/2.24	2.24334	1011	260
2.19/2.26	2.25882	1010	261
2.19/2.27	2.27522	1009	264
2.19/2.29	2.29006	1008	265
2.29/2.30	2.305	1007	266
2.29/2.32	2.32025	1006	267
2.29/2.33	2.33604	1005	269
2.29/2.35	2.35287	1003	274
2.29/2.37	2.36937	1002	278
2.29/2.39	2.3892	1001	290
2.39/2.40	2.40455	1000	293
2.39/2.42	2.42075	999	298
2.39/2.44	2.43809	998	305
2.39/2.45	2.45554	997	311
2.39/2.47	2.47099	996	312
2.39/2.48	2.48642	995	313
2.48/2.50	2.50243	993	316
2.48/2.52	2.51764	991	317
2.48/2.53	2.53378	990	320
2.48/2.55	2.54859	989	321
2.48/2.56	2.56427	987	325
2.48/2.58	2.57933	986	326
2.48/2.59	2.59447	985	327
2.48/2.61	2.60959	984	328
2.48/2.63	2.62814	982	337
2.48/2.64	2.6444	981	341
2.48/2.66	2.65981	980	343
2.48/2.68	2.678	979	352
2.48/2.69	2.69411	978	356
2.48/2.71	2.7091	977	357
2.48/2.72	2.72565	976	362
2.48/2.74	2.74066	975	363
2.48/2.77	2.77076	974	402
2.48/2.79	2.79417	973	423
2.48/2.81	2.80906	972	424
2.48/2.82	2.82382	971	425
2.48/2.84	2.84536	970	443
2.48/2.86	2.86338	969	452
2.48/2.88	2.88104	968	460
2.48/2.89	2.89657	967	463
2.89/2.91	2.91201	966	465
2.89/2.93	2.92904	965	472
2.89/2.94	2.94384	964	473
2.89/2.96	2.9598	963	477
2.89/2.98	2.98011	962	492
2.99/2.99	2.99523	961	494
2.99/3.01	3.01073	960	497
2.99/3.03	3.02793	959	505
2.99/3.04	3.04247	958	506
2.99/3.06	3.06595	957	530
2.99/3.09	3.09143	956	559
3.09/3.13	3.13288	955	625
3.09/3.15	3.15118	954	634
3.09/3.17	3.17432	953	655
3.09/3.19	3.19044	952	659
3.19/3.20	3.20715	951	665
3.19/3.25	3.24942	950	732
3.29/3.34	3.33871	948	913
3.29/3.35	3.35678	947	922
3.29/3.37	3.37201	946	925
3.29/3.39	3.39743	945	952
3.39/3.41	3.41493	944	962
3.39/3.43	3.43568	943	979
3.39/3.45	3.4513	942	983
3.39/3.47	3.47197	941	999
3.48/3.50	3.50195	940	1039
3.48/3.57	3.57391	939	1183
3.59/3.62	3.62372	938	1268
3.59/3.64	3.64066	937	1276
3.59/3.66	3.65763	936	1284
3.59/3.68	3.67911	935	1302
3.59/3.69	3.69393	934	1304
3.69/3.71	3.71724	933	1327
3.69/3.73	3.73223	932	1329
3.69/3.76	3.76167	931	1368
3.69/3.77	3.77566	930	1369
3.69/3.79	3.79613	929	1385
3.79/3.87	3.8693	928	1529
3.79/3.88	3.88335	927	1530
3.79/3.89	3.89724	926	1531
3.79/3.93	3.93275	925	1585
3.79/3.96	3.96242	924	1622
3.79/3.98	3.97828	923	1628
3.79/4.00	4.00647	922	1662
3.79/4.07	4.06818	920	1785
3.79/4.08	4.08291	919	1789
3.79/4.09	4.09715	918	1791
3.79/4.11	4.11033	917	1792
3.79/4.14	4.14578	914	1841
3.79/4.16	4.16213	913	1847
3.79/4.17	4.17592	912	1848
3.79/4.19	4.19278	911	1858
4.15/4.33	4.32907	910	2163
4.35/4.35	4.35743	909	2200
4.35/4.37	4.37243	908	2204
4.39/4.49	4.48961	905	2468
4.49/4.52	4.52614	904	2525
4.59/4.64	4.64579	903	2790
4.59/4.66	4.66385	902	2802
4.78/4.87	4.87335	899	3304
4.98/5.09	5.09425	897	3830
5.08/5.11	5.11001	895	3837
5.08/5.12	5.1256	894	3842
5.08/5.14	5.13913	893	3843
5.41/5.58	5.5849	892	4947
5.41/5.61	5.61667	891	4995
6.29/6.34	6.34432	890	6781
6.29/6.36	6.35839	889	6784
6.50/6.50	6.50706	887	7128
6.50/6.52	6.52052	886	7129
6.50/6.74	6.73813	885	7643
6.50/6.78	6.78563	884	7732
6.50/6.80	6.79875	883	7733
6.84/6.88	6.87843	881	7901
6.95/6.95	6.95535	880	8062
6.95/6.97	6.9718	879	8071
7.59/7.61	7.61111	878	9641
7.59/7.63	7.63109	877	9659
7.79/8.06	8.06445	876	10735
7.79/8.08	8.07765	875	10736
7.79/8.09	8.09353	874	10743
7.79/8.15	8.15061	873	10848
11.80/11.85	11.8534	871	20115
11.80/11.86	11.8669	870	20118
11.80/11.88	11.8811	869	20121
11.80/11.89	11.8967	868	20127
14.88/14.97	14.9706	866	27798
16.58/16.63	16.6312	865	31926
19.09/19.12	19.1196	864	38241
19.09/19.13	19.132	863	38242
19.59/19.73	19.734	861	39739
19.59/19.74	19.7468	860	39740
22.71/22.74	22.7378	859	47394
22.89/22.90	22.8994	858	47760
26.69/26.75	26.7536	857	57598
27.19/27.21	27.2169	856	58744
29.13/29.17	29.1688	855	63721
29.89/29.99	29.9927	854	65783
41.19/41.26	41.2568	853	94628
41.19/41.27	41.2693	852	94629
41.89/41.90	41.8976	851	96196
1000.18/1000.26	314.114	39956530	2635485
