0.00/0.08	0.084495	128	0
0.00/0.08	0.085994	127	4
0.00/0.08	0.086747	126	5
0.00/0.09	0.08761	125	7
0.00/0.09	0.093552	124	31
0.00/0.09	0.095635	123	38
0.00/0.21	0.216467	120	680
0.00/0.21	0.217048	118	681
0.00/0.22	0.218394	117	686
0.79/0.88	0.884487	115	4461
1.99/2.06	2.05801	114	11109
2.09/2.14	2.14314	113	11569
2.09/2.15	2.14794	112	11593
2.09/2.15	2.14849	111	11594
2.09/2.15	2.14902	110	11595
2.09/2.15	2.15463	109	11624
2.09/2.15	2.15639	108	11632
2.48/2.62	2.62155	107	14288
2.48/2.65	2.64777	106	14434
2.48/2.65	2.64868	105	14437
37.50/37.96	37.9652	104	218684
37.50/37.96	37.9662	103	218687
37.50/37.99	37.9931	102	218846
38.79/38.86	38.8583	101	224027
790.27/790.33	790.312	100	4621447
