0.02/0.06	0.059594	134	0
0.02/0.06	0.060278	133	1
0.02/0.06	0.061449	132	5
0.02/0.06	0.062127	131	6
0.02/0.06	0.063252	130	9
0.02/0.06	0.063883	129	10
0.02/0.06	0.064526	128	11
0.02/0.07	0.069076	126	33
0.02/0.07	0.071001	125	40
0.02/0.07	0.072609	124	46
0.49/0.71	0.715642	120	3481
1.30/1.34	1.34259	119	6882
1.30/1.34	1.34355	118	6885
1.30/1.34	1.3441	117	6886
1.89/1.92	1.92555	115	10086
1.89/1.92	1.92618	114	10087
1.89/1.92	1.928	113	10095
1.89/1.94	1.94545	111	10188
3.49/3.55	3.557	109	19355
3.49/3.59	3.59212	108	19558
3.62/3.74	3.74117	107	20405
6.99/7.03	7.03368	106	39524
11.29/11.32	11.3268	105	65014
14.89/14.97	14.9712	104	86926
15.79/15.80	15.7985	103	91934
16.89/16.94	16.9394	102	98731
24.69/24.72	24.7238	101	145142
229.68/229.78	229.775	100	1355312
