0.00/0.09	0.080765	133	0
0.00/0.09	0.082577	132	4
0.00/0.09	0.083338	131	5
0.00/0.09	0.084122	130	6
0.00/0.10	0.084877	128	7
0.00/0.10	0.08604	127	10
0.00/0.10	0.086776	126	11
0.00/0.10	0.087478	125	12
0.00/0.10	0.088717	124	15
0.00/0.10	0.08947	123	16
0.00/0.10	0.090391	122	18
0.00/0.10	0.091266	121	20
0.00/0.10	0.091917	120	21
0.00/0.11	0.09453	119	31
0.00/0.11	0.098046	116	47
0.00/0.11	0.099909	115	54
0.38/0.42	0.412813	114	1895
0.38/0.42	0.413416	113	1896
0.38/0.43	0.414133	112	1898
0.38/0.43	0.414835	111	1900
0.48/0.54	0.525525	110	2547
0.48/0.54	0.530686	109	2575
2.87/2.89	2.87996	108	16651
12.87/12.91	12.8942	107	77319
16.80/17.08	17.0701	106	102003
16.80/17.08	17.0708	105	102005
17.87/17.97	17.9574	104	107243
32.68/32.73	32.7133	103	195860
38.47/38.50	38.4872	102	230667
113.88/114.16	114.142	101	681301
