0.04/0.08	0.084622	132	0
0.04/0.08	0.085577	131	1
0.04/0.08	0.08658	130	2
0.04/0.09	0.087461	129	3
0.04/0.09	0.088381	128	4
0.04/0.09	0.089137	127	5
0.04/0.09	0.089892	126	6
0.04/0.09	0.091738	125	11
0.04/0.09	0.092769	124	13
0.04/0.09	0.093552	123	14
0.04/0.09	0.095	122	18
0.04/0.09	0.095755	121	19
0.04/0.10	0.098429	120	28
0.04/0.10	0.099214	119	29
0.10/0.11	0.114709	118	95
0.10/0.19	0.188446	117	462
0.30/0.37	0.373168	116	1421
0.60/0.62	0.622753	115	2695
0.60/0.62	0.623385	114	2696
0.60/0.62	0.62401	113	2697
2.89/3.04	3.03746	111	16358
2.89/3.04	3.03882	110	16364
2.89/3.05	3.04858	109	16419
2.89/3.05	3.04963	108	16423
2.89/3.11	3.1071	106	16753
2.89/3.39	3.38755	105	18381
4.40/4.42	4.41975	104	24565
12.29/12.38	12.3839	103	71704
28.37/28.49	28.4899	102	166832
31.38/31.39	31.3912	101	184104
313.18/313.29	313.28	100	1847651
