0.00/0.06	0.061791	136	0
0.00/0.06	0.062545	135	1
0.00/0.06	0.063245	134	2
0.00/0.06	0.063949	133	3
0.00/0.06	0.065754	131	10
0.00/0.07	0.068531	130	22
0.00/0.07	0.069141	129	23
0.00/0.07	0.071138	128	30
0.00/0.07	0.072004	127	32
0.00/0.07	0.073781	126	39
0.00/0.18	0.178388	124	584
0.00/0.18	0.179232	123	586
0.00/0.18	0.180051	122	588
0.00/0.18	0.180681	120	589
0.00/0.18	0.181457	119	591
0.00/0.18	0.182158	118	592
0.00/0.31	0.311236	117	1294
0.00/0.48	0.486398	116	2241
0.00/0.48	0.48709	115	2243
0.00/0.56	0.559606	113	2645
4.09/4.12	4.12681	112	22565
4.09/4.12	4.12749	111	22566
4.09/4.13	4.12814	110	22568
4.09/4.13	4.12871	109	22569
4.38/4.40	4.406	108	24158
4.49/4.54	4.53926	106	24916
8.39/8.41	8.4106	105	47097
9.79/9.83	9.83454	104	55215
12.59/13.03	13.028	103	73406
14.09/14.33	14.3332	102	80925
69.39/69.48	69.4853	101	394455
326.99/327.33	327.324	100	1866113
