0.00/0.06	0.063448	132	0
0.00/0.06	0.06409	131	1
0.00/0.06	0.064741	130	2
0.00/0.06	0.06682	127	10
0.00/0.06	0.06765	126	12
0.00/0.07	0.068277	125	13
0.00/0.07	0.069093	124	15
0.00/0.07	0.069702	123	16
0.00/0.07	0.070948	121	20
0.00/0.07	0.074894	120	38
0.00/0.07	0.075479	119	39
0.00/0.07	0.076035	118	40
0.00/0.07	0.077905	117	48
0.00/0.08	0.087216	116	96
0.00/0.09	0.093286	115	125
0.00/0.09	0.093922	114	126
0.00/0.15	0.156961	112	472
0.00/0.23	0.229482	111	869
0.00/0.23	0.23009	110	870
0.90/0.98	0.981168	109	5082
6.19/6.28	6.28456	108	34662
7.99/8.04	8.03904	107	44523
9.49/9.52	9.52751	106	52760
10.69/10.77	10.7691	104	59750
10.99/11.47	11.4721	103	63793
13.49/13.56	13.5662	102	75986
337.48/338.00	337.988	101	1927001
356.38/356.82	356.811	100	2036251
