0.00/0.06	0.059894	134	0
0.00/0.06	0.060614	133	1
0.00/0.06	0.061294	131	2
0.00/0.06	0.061933	130	3
0.00/0.06	0.063549	129	9
0.00/0.06	0.064172	128	10
0.00/0.06	0.064777	126	11
0.00/0.06	0.065599	125	13
0.00/0.06	0.066445	124	15
0.00/0.06	0.067034	123	16
0.00/0.06	0.067842	122	18
0.00/0.07	0.068416	121	19
0.00/0.08	0.079453	120	77
0.00/0.22	0.221158	119	852
0.00/0.22	0.22177	118	853
0.00/0.22	0.222326	117	854
0.00/0.25	0.254545	115	1030
1.50/1.52	1.51953	114	8278
1.50/1.52	1.52014	113	8279
1.50/1.68	1.68338	112	9226
1.50/1.68	1.68394	111	9227
1.98/1.99	1.98913	110	10961
4.75/4.78	4.78342	109	27046
6.69/6.72	6.72788	108	38430
6.69/6.73	6.73588	107	38472
21.69/22.27	22.2745	106	127000
31.19/31.25	31.2534	105	179045
33.57/33.66	33.6604	104	193262
33.57/33.93	33.9335	103	194894
41.79/41.82	41.8242	102	241187
403.08/403.16	403.153	101	2347292
785.38/785.44	785.422	100	4564424
