0.07/0.08	0.077447	134	0
0.07/0.08	0.07832	133	1
0.07/0.08	0.079077	132	2
0.07/0.08	0.079805	131	3
0.07/0.08	0.080492	130	4
0.07/0.08	0.081154	129	5
0.07/0.08	0.084684	127	19
0.07/0.08	0.085372	126	20
0.07/0.08	0.086019	125	21
0.07/0.08	0.086722	124	22
0.07/0.09	0.087361	122	23
0.07/0.09	0.088059	121	24
0.07/0.09	0.088746	120	25
0.07/0.09	0.090407	119	31
0.07/0.09	0.091024	118	32
0.07/0.09	0.093232	117	40
0.07/0.09	0.093864	116	41
0.07/0.09	0.094508	115	42
0.10/0.16	0.157646	114	364
0.70/0.74	0.739259	113	3514
0.70/0.76	0.758414	112	3625
0.70/0.76	0.759138	111	3627
0.70/0.79	0.793331	110	3825
0.70/0.79	0.793868	109	3826
0.70/0.79	0.795097	108	3831
1.01/1.02	1.02312	107	5177
1.01/1.02	1.0237	106	5178
1.98/2.34	2.34275	105	12869
21.43/21.82	21.8211	104	125555
21.81/21.82	21.8238	103	125569
25.09/25.14	25.144	102	145246
26.39/26.46	26.4615	101	153135
281.59/281.62	281.613	100	1656724
