0.00/0.08	0.085173	129	0
0.00/0.08	0.085983	128	1
0.00/0.08	0.086722	127	2
0.00/0.09	0.087452	126	3
0.00/0.09	0.088264	125	4
0.00/0.09	0.089935	124	9
0.00/0.09	0.090762	123	10
0.00/0.09	0.092934	122	18
0.00/0.09	0.094253	121	22
0.00/0.10	0.09786	120	37
0.00/0.10	0.098481	119	38
0.00/0.10	0.099105	118	39
0.00/0.10	0.100512	117	44
0.00/0.10	0.101159	115	45
0.00/0.10	0.102144	114	48
0.00/0.10	0.103915	113	55
0.00/0.10	0.106369	112	66
0.10/0.11	0.107423	111	69
0.10/0.11	0.111115	110	86
0.10/0.23	0.228004	109	677
0.10/0.23	0.230359	108	687
0.25/0.29	0.291248	107	1009
7.69/7.72	7.72335	106	43690
8.11/8.38	8.38358	105	47549
8.69/8.76	8.76423	104	49831
10.09/10.13	10.1285	103	57915
10.09/10.14	10.1427	102	58000
140.49/140.51	140.511	101	817715
141.29/141.31	141.307	100	822425
