0.00/0.08	0.079226	135	0
0.00/0.08	0.08022	134	2
0.00/0.08	0.081543	133	6
0.00/0.08	0.082498	132	8
0.00/0.08	0.083451	131	10
0.00/0.08	0.084245	130	11
0.00/0.08	0.085412	129	14
0.00/0.08	0.086287	128	16
0.00/0.08	0.08696	127	17
0.00/0.09	0.089353	125	26
0.00/0.09	0.090214	123	28
0.00/0.09	0.091714	122	33
0.00/0.10	0.100252	121	74
0.00/0.10	0.101144	120	76
0.10/0.11	0.112364	119	130
0.10/0.11	0.11319	117	132
0.10/0.11	0.114091	116	134
0.10/0.11	0.115553	115	139
0.10/0.11	0.116138	114	140
0.10/0.11	0.117011	113	142
0.10/0.12	0.117791	112	144
0.10/0.12	0.119926	111	153
0.10/0.12	0.120973	110	156
0.10/0.12	0.126296	109	180
0.69/0.79	0.792639	108	3727
0.69/0.79	0.794418	107	3734
2.21/2.46	2.46379	106	13528
3.39/3.49	3.49537	105	19549
5.38/5.45	5.4512	104	31072
9.09/9.21	9.21376	103	53218
9.79/9.88	9.88329	102	57173
132.39/132.79	132.785	101	774142
135.19/135.24	135.239	100	788728
