0.99/1.03	1.02882	6253	0
0.99/1.06	1.06453	6252	1
0.99/1.10	1.10038	6251	3
0.99/1.13	1.13563	6250	5
1.13/1.17	1.1718	6249	10
1.13/1.20	1.20661	6248	11
1.13/1.24	1.2415	6247	12
1.23/1.27	1.27637	6246	13
1.29/1.31	1.31151	6245	14
1.29/1.34	1.34742	6244	15
1.29/1.38	1.38302	6243	17
1.39/1.42	1.42162	6242	28
1.39/1.46	1.45801	6241	32
1.39/1.49	1.49559	6240	34
1.49/1.53	1.53303	6239	35
1.49/1.57	1.57023	6238	36
1.59/1.61	1.60791	6237	38
1.59/1.64	1.64593	6236	39
1.59/1.68	1.68356	6235	41
1.69/1.72	1.72145	6234	42
1.69/1.76	1.75976	6233	46
1.69/1.79	1.79758	6232	47
1.79/1.83	1.83471	6231	48
1.79/1.87	1.87331	6230	49
1.89/1.91	1.90973	6229	50
1.89/1.94	1.94516	6228	51
1.89/1.98	1.97988	6227	52
1.99/2.01	2.01661	6226	54
1.99/2.05	2.05132	6225	55
1.99/2.08	2.08659	6224	56
2.09/2.12	2.12132	6223	57
2.09/2.15	2.15666	6222	58
2.09/2.19	2.19281	6221	63
2.09/2.23	2.22867	6220	66
2.23/2.26	2.26336	6219	67
2.23/2.30	2.29797	6218	68
2.23/2.33	2.3329	6217	70
2.33/2.37	2.36946	6216	74
2.39/2.40	2.40407	6215	75
2.39/2.44	2.43945	6214	76
2.39/2.47	2.47483	6213	79
2.49/2.51	2.51074	6212	81
2.49/2.54	2.54524	6211	82
2.49/2.58	2.57982	6210	83
2.59/2.61	2.61655	6209	90
2.59/2.65	2.65117	6208	91
2.59/2.68	2.68735	6207	97
2.69/2.72	2.72195	6206	98
2.69/2.76	2.75851	6205	100
2.69/2.79	2.79545	6204	101
2.79/2.83	2.83356	6203	105
2.79/2.87	2.87135	6202	106
2.89/2.91	2.90874	6201	108
2.89/2.94	2.94587	6200	109
2.89/2.98	2.98398	6199	113
2.99/3.02	3.02223	6198	114
2.99/3.06	3.0592	6197	115
2.99/3.09	3.09657	6196	117
3.09/3.13	3.13343	6195	118
3.09/3.17	3.17168	6194	120
3.19/3.21	3.20904	6193	123
3.19/3.24	3.24461	6192	124
3.19/3.28	3.28054	6191	128
3.19/3.31	3.31604	6190	130
3.19/3.35	3.35214	6189	133
3.19/3.38	3.38697	6188	134
3.39/3.42	3.42224	6187	136
3.39/3.46	3.45776	6185	139
3.39/3.49	3.49265	6184	140
3.49/3.53	3.52756	6183	141
3.49/3.56	3.56222	6182	142
3.49/3.59	3.59746	6181	144
3.59/3.63	3.63308	6180	145
3.59/3.67	3.66942	6178	150
3.69/3.70	3.70498	6177	151
3.69/3.74	3.74008	6176	153
3.69/3.77	3.77523	6175	154
3.79/3.81	3.80988	6174	155
3.79/3.84	3.84538	6173	156
3.79/3.88	3.88049	6172	158
3.89/3.91	3.91606	6171	159
3.89/3.95	3.95143	6170	162
3.89/3.98	3.98645	6169	163
3.99/4.02	4.02275	6168	167
3.99/4.06	4.0582	6167	169
3.99/4.09	4.09448	6166	175
4.09/4.13	4.12908	6165	176
4.09/4.16	4.1672	6164	187
4.19/4.20	4.20228	6163	190
4.19/4.23	4.2372	6162	193
4.19/4.27	4.2714	6161	194
4.29/4.30	4.30553	6160	195
4.29/4.34	4.34047	6159	198
4.29/4.37	4.37629	6158	199
4.39/4.41	4.4105	6157	200
4.39/4.44	4.44472	6156	201
4.39/4.48	4.4794	6155	203
4.39/4.51	4.51368	6154	204
4.53/4.55	4.54808	6153	206
4.53/4.58	4.58256	6152	208
4.53/4.61	4.61733	6151	210
4.63/4.65	4.65145	6150	211
4.63/4.69	4.6885	6149	218
4.69/4.72	4.72306	6148	220
4.69/4.75	4.75743	6147	222
4.69/4.79	4.79193	6145	224
4.79/4.82	4.82597	6144	225
4.79/4.86	4.86263	6143	231
4.79/4.89	4.89689	6142	232
4.89/4.93	4.93365	6141	237
4.89/4.97	4.96891	6140	241
4.99/5.00	5.00679	6139	251
4.99/5.04	5.0408	6138	252
4.99/5.08	5.07902	6137	263
5.09/5.11	5.11305	6136	264
5.09/5.15	5.14809	6135	267
5.09/5.18	5.18209	6134	268
5.19/5.21	5.21705	6133	269
5.19/5.25	5.25216	6132	273
5.19/5.28	5.28693	6131	275
5.29/5.32	5.32095	6130	276
5.29/5.35	5.35647	6129	279
5.29/5.39	5.39048	6128	280
5.39/5.42	5.42536	6127	281
5.39/5.46	5.4593	6126	282
5.39/5.49	5.49348	6125	283
5.49/5.53	5.52895	6124	289
5.49/5.56	5.56399	6122	292
5.49/5.60	5.59832	6121	294
5.49/5.63	5.63222	6120	295
5.63/5.66	5.66646	6119	297
5.63/5.70	5.70047	6118	298
5.63/5.73	5.73442	6117	299
5.73/5.77	5.76863	6116	301
5.79/5.80	5.80345	6115	302
5.79/5.84	5.83811	6114	305
5.79/5.87	5.87285	6113	306
5.89/5.91	5.90796	6112	311
5.89/5.94	5.94255	6111	314
5.89/5.98	5.97871	6110	322
5.99/6.01	6.01267	6109	323
5.99/6.04	6.0465	6108	324
5.99/6.08	6.08033	6107	325
6.09/6.11	6.11447	6106	326
6.09/6.15	6.14833	6105	327
6.09/6.18	6.18329	6104	331
6.19/6.22	6.21863	6103	336
6.19/6.25	6.2527	6102	338
6.19/6.28	6.28711	6101	341
6.29/6.32	6.32173	6100	342
6.29/6.36	6.35892	6099	351
6.29/6.39	6.39384	6098	353
6.39/6.43	6.4283	6097	355
6.39/6.46	6.4629	6096	356
6.39/6.49	6.49656	6095	357
6.49/6.53	6.53117	6094	358
6.49/6.56	6.56481	6093	359
6.59/6.60	6.59995	6092	361
6.59/6.63	6.63435	6091	363
6.59/6.67	6.66884	6090	364
6.59/6.70	6.70441	6089	367
6.74/6.74	6.74029	6088	369
6.74/6.78	6.77783	6087	377
6.74/6.81	6.81301	6086	380
6.83/6.85	6.84828	6085	382
6.83/6.88	6.88323	6084	385
6.89/6.92	6.91762	6083	387
6.89/6.95	6.95385	6082	393
6.89/6.99	6.99212	6081	402
6.99/7.04	7.03747	6080	438
6.99/7.07	7.07234	6079	441
7.09/7.10	7.10675	6078	443
7.09/7.14	7.14244	6077	449
7.09/7.18	7.17797	6076	451
7.20/7.21	7.2123	6075	452
7.20/7.25	7.24832	6074	455
7.20/7.28	7.28285	6073	457
7.29/7.31	7.31717	6072	459
7.29/7.35	7.35698	6071	472
7.29/7.39	7.39202	6070	475
7.39/7.42	7.42593	6069	476
7.39/7.46	7.46364	6068	485
7.39/7.50	7.49752	6067	486
7.49/7.53	7.53223	6066	489
7.49/7.56	7.56731	6065	490
7.59/7.60	7.60511	6064	501
7.59/7.64	7.64023	6063	502
7.59/7.67	7.67447	6062	503
7.69/7.71	7.70906	6061	505
7.69/7.74	7.74289	6060	506
7.69/7.77	7.77731	6059	508
7.69/7.81	7.81111	6058	509
7.69/7.84	7.8457	6057	510
7.84/7.88	7.88078	6056	514
7.84/7.91	7.91548	6055	517
7.94/7.95	7.95031	6054	521
7.94/7.98	7.98409	6053	522
7.99/8.02	8.01794	6052	523
7.99/8.05	8.05334	6051	524
7.99/8.09	8.09031	6050	528
8.09/8.13	8.12951	6049	537
8.09/8.17	8.16742	6048	544
8.19/8.20	8.2032	6047	545
8.19/8.24	8.23909	6046	546
8.19/8.27	8.27483	6045	547
8.29/8.31	8.31086	6044	549
8.29/8.35	8.34774	6043	554
8.29/8.38	8.38134	6042	555
8.39/8.41	8.41615	6041	557
8.39/8.45	8.45017	6040	559
8.39/8.48	8.48604	6039	564
8.49/8.52	8.52077	6038	568
8.49/8.55	8.55521	6037	569
8.49/8.59	8.58886	6036	570
8.59/8.62	8.62327	6035	571
8.59/8.65	8.65692	6034	572
8.59/8.69	8.69124	6033	573
8.69/8.72	8.72493	6032	574
8.69/8.76	8.75925	6031	575
8.69/8.79	8.79289	6030	576
8.79/8.82	8.82713	6029	577
8.79/8.86	8.86207	6028	580
8.79/8.90	8.89994	6027	591
8.79/8.93	8.93348	6026	592
8.95/8.96	8.96728	6025	593
8.95/9.00	9.00343	6024	600
8.95/9.04	9.03927	6023	603
9.06/9.07	9.07432	6022	608
9.09/9.11	9.1083	6021	610
9.09/9.14	9.14245	6020	612
9.09/9.17	9.17601	6019	613
9.19/9.21	9.21144	6018	620
9.19/9.24	9.24581	6017	623
9.19/9.28	9.2816	6016	626
9.29/9.31	9.31599	6015	628
9.29/9.35	9.35124	6014	631
9.29/9.38	9.38537	6013	633
9.39/9.42	9.41962	6012	636
9.39/9.45	9.45622	6011	641
9.39/9.49	9.49219	6010	649
9.49/9.52	9.52716	6009	650
9.49/9.56	9.5617	6008	654
9.49/9.59	9.59559	6007	656
9.59/9.63	9.63139	6006	664
9.59/9.66	9.66667	6005	666
9.69/9.70	9.70038	6004	667
9.69/9.73	9.73443	6003	670
9.69/9.77	9.76805	6002	671
9.79/9.80	9.80314	6001	676
9.79/9.84	9.84299	6000	692
9.79/9.88	9.87841	5999	696
9.89/9.91	9.91351	5998	697
9.89/9.94	9.94691	5997	698
9.89/9.98	9.98192	5996	699
9.89/10.01	10.0163	5995	703
10.04/10.05	10.0541	5994	717
10.04/10.09	10.0886	5993	721
10.04/10.12	10.1239	5992	727
10.14/10.16	10.166	5991	750
10.19/10.20	10.2025	5990	762
10.19/10.23	10.2358	5989	764
10.19/10.27	10.2687	5988	765
10.29/10.31	10.3117	5987	790
10.29/10.34	10.3468	5986	793
10.29/10.38	10.3815	5985	794
10.39/10.41	10.4144	5984	795
10.39/10.45	10.4474	5983	796
10.39/10.48	10.4844	5982	797
10.49/10.52	10.5246	5981	816
10.49/10.56	10.5592	5980	817
10.49/10.59	10.5928	5979	819
10.59/10.63	10.6279	5978	826
10.59/10.66	10.6615	5977	829
10.69/10.70	10.6987	5976	838
10.69/10.73	10.7343	5975	847
10.69/10.77	10.773	5974	865
10.79/10.80	10.8069	5973	869
10.79/10.84	10.8426	5972	872
10.79/10.88	10.8805	5971	878
10.89/10.92	10.9206	5970	888
10.89/10.96	10.9579	5969	893
10.99/11.00	11.001	5968	916
10.99/11.03	11.0354	5967	918
10.99/11.07	11.0688	5966	921
10.99/11.10	11.1015	5965	922
10.99/11.13	11.1359	5964	927
11.13/11.17	11.1696	5963	931
11.13/11.20	11.2025	5962	932
11.22/11.23	11.236	5961	934
11.22/11.27	11.2715	5960	943
11.29/11.30	11.305	5959	946
11.29/11.34	11.3379	5958	947
11.29/11.37	11.3717	5957	948
11.39/11.40	11.4049	5956	949
11.39/11.44	11.4413	5955	959
11.39/11.47	11.4752	5954	962
11.49/11.51	11.512	5953	969
11.49/11.55	11.554	5952	996
11.49/11.58	11.5868	5951	997
11.59/11.62	11.6216	5950	1004
11.59/11.65	11.6565	5949	1011
11.59/11.69	11.6893	5948	1012
11.69/11.72	11.7233	5947	1017
11.69/11.75	11.756	5946	1018
11.69/11.79	11.7887	5945	1019
11.79/11.82	11.8213	5944	1020
11.79/11.85	11.856	5943	1025
11.79/11.89	11.8922	5942	1037
11.89/11.93	11.9317	5941	1056
11.89/11.97	11.9701	5940	1066
11.99/12.00	12.0061	5939	1069
11.99/12.04	12.0468	5938	1087
11.99/12.08	12.0832	5937	1092
12.09/12.12	12.1182	5936	1093
12.09/12.15	12.1536	5935	1099
12.09/12.19	12.1873	5934	1101
12.09/12.22	12.2203	5933	1102
12.24/12.26	12.2573	5932	1113
12.24/12.29	12.2906	5931	1115
12.24/12.32	12.3239	5930	1117
12.33/12.36	12.3625	5929	1133
12.33/12.39	12.3964	5928	1136
12.39/12.43	12.4293	5927	1137
12.39/12.46	12.4648	5926	1145
12.49/12.50	12.4976	5925	1146
12.49/12.53	12.5304	5924	1147
12.49/12.56	12.5633	5923	1148
12.49/12.59	12.5962	5922	1149
12.59/12.63	12.6367	5921	1172
12.59/12.67	12.6755	5920	1189
12.69/12.72	12.7175	5919	1216
12.69/12.75	12.7504	5918	1217
12.69/12.78	12.7865	5917	1228
12.79/12.82	12.8207	5916	1233
12.79/12.85	12.8546	5915	1235
12.79/12.89	12.8877	5914	1236
12.89/12.92	12.9205	5913	1237
12.89/12.96	12.9609	5912	1262
12.99/13.00	12.9997	5911	1280
12.99/13.03	13.0331	5910	1283
12.99/13.06	13.0666	5909	1286
13.09/13.10	13.1008	5908	1289
13.09/13.13	13.1351	5907	1294
13.09/13.17	13.1697	5906	1301
13.19/13.20	13.2025	5905	1302
13.19/13.24	13.2403	5904	1316
13.19/13.27	13.2735	5903	1318
13.19/13.31	13.3091	5902	1326
13.33/13.34	13.3465	5901	1339
13.33/13.38	13.38	5900	1342
13.33/13.41	13.4142	5899	1347
13.43/13.45	13.4487	5898	1352
13.43/13.48	13.4836	5897	1354
13.49/13.51	13.5166	5896	1356
13.49/13.55	13.5532	5895	1370
13.49/13.58	13.5868	5894	1374
13.59/13.62	13.6192	5893	1375
13.59/13.65	13.6517	5892	1376
13.59/13.68	13.684	5891	1377
13.69/13.72	13.7251	5890	1405
13.69/13.76	13.7606	5889	1415
13.69/13.79	13.7939	5888	1418
13.79/13.83	13.8306	5887	1426
13.79/13.86	13.8636	5886	1427
13.89/13.90	13.9001	5885	1434
13.89/13.93	13.9361	5884	1439
13.89/13.97	13.9713	5883	1442
13.99/14.00	14.0069	5882	1446
13.99/14.05	14.0505	5881	1472
13.99/14.08	14.087	5880	1478
14.09/14.12	14.1241	5879	1486
14.09/14.16	14.1632	5878	1500
14.09/14.20	14.1973	5877	1505
14.19/14.23	14.2346	5876	1521
14.19/14.27	14.2688	5875	1527
14.29/14.30	14.3057	5874	1541
14.29/14.34	14.3391	5873	1544
14.29/14.37	14.3757	5872	1554
14.29/14.41	14.4086	5871	1556
14.43/14.45	14.4502	5870	1584
14.43/14.48	14.4851	5869	1593
14.43/14.52	14.5239	5868	1606
14.52/14.56	14.56	5867	1607
14.59/14.60	14.6061	5866	1649
14.59/14.64	14.6401	5865	1654
14.59/14.67	14.6737	5864	1658
14.69/14.70	14.7063	5863	1659
14.69/14.74	14.7395	5862	1662
14.69/14.77	14.7768	5861	1677
14.79/14.82	14.8202	5860	1703
14.79/14.85	14.8559	5859	1710
14.79/14.89	14.8915	5858	1720
14.89/14.94	14.9456	5857	1788
14.89/14.98	14.9781	5856	1790
14.99/15.02	15.0203	5855	1821
14.99/15.08	15.0782	5854	1900
15.09/15.14	15.1458	5853	2008
15.09/15.18	15.1783	5852	2009
15.19/15.21	15.215	5851	2021
15.19/15.25	15.2517	5850	2030
15.29/15.30	15.2983	5849	2076
15.29/15.33	15.336	5848	2087
15.29/15.37	15.3696	5847	2089
15.39/15.40	15.4027	5846	2092
15.39/15.46	15.4604	5845	2170
15.39/15.49	15.4963	5844	2181
15.39/15.53	15.5303	5843	2187
15.53/15.57	15.5704	5842	2210
15.53/15.61	15.6104	5841	2228
15.62/15.65	15.6503	5840	2244
15.69/15.70	15.6992	5839	2296
15.69/15.73	15.7315	5838	2297
15.69/15.77	15.7707	5837	2312
15.79/15.81	15.809	5836	2332
15.79/15.86	15.8586	5835	2380
15.79/15.89	15.8945	5834	2381
15.89/15.95	15.9476	5833	2437
15.89/15.98	15.9824	5832	2438
15.99/16.03	16.03	5831	2483
15.99/16.07	16.0767	5830	2526
16.09/16.11	16.1108	5829	2532
16.09/16.14	16.1453	5828	2539
16.19/16.21	16.2105	5827	2642
16.19/16.24	16.2432	5826	2644
16.19/16.29	16.2925	5825	2697
16.29/16.33	16.3305	5824	2715
16.29/16.38	16.3775	5823	2759
16.39/16.41	16.4107	5822	2763
16.39/16.44	16.445	5821	2770
16.39/16.48	16.48	5820	2779
16.49/16.51	16.5144	5819	2787
16.49/16.55	16.5491	5818	2796
16.49/16.61	16.6071	5817	2871
16.63/16.64	16.6443	5816	2886
16.63/16.68	16.682	5815	2904
16.63/16.71	16.716	5814	2910
16.72/16.75	16.7558	5813	2933
16.72/16.79	16.7902	5812	2940
16.79/16.83	16.8287	5811	2959
16.79/16.88	16.8798	5810	3017
16.89/16.91	16.9151	5809	3028
16.89/16.95	16.9518	5808	3040
16.89/16.99	16.9968	5807	3080
16.99/17.05	17.0479	5806	3139
16.99/17.08	17.0803	5805	3141
17.09/17.13	17.1338	5804	3205
17.09/17.18	17.178	5803	3241
17.19/17.21	17.2125	5802	3249
17.19/17.25	17.2477	5801	3259
17.29/17.30	17.3032	5800	3328
17.29/17.37	17.372	5799	3434
17.39/17.45	17.452	5798	3581
17.39/17.49	17.4889	5797	3596
17.49/17.53	17.5282	5796	3619
17.49/17.56	17.5646	5795	3631
17.59/17.60	17.5982	5794	3637
17.59/17.67	17.6705	5793	3760
17.59/17.70	17.7036	5792	3764
17.73/17.73	17.7363	5791	3767
17.73/17.77	17.77	5790	3773
17.73/17.80	17.8041	5789	3780
17.82/17.83	17.836	5788	3781
17.89/17.99	17.9923	5787	4159
17.99/18.03	18.0351	5786	4193
18.09/18.10	18.1024	5785	4303
18.09/18.16	18.1648	5784	4397
18.19/18.20	18.2017	5783	4413
18.19/18.23	18.235	5782	4418
18.19/18.29	18.2951	5781	4501
18.29/18.35	18.3481	5780	4566
18.39/18.40	18.4007	5779	4630
18.39/18.47	18.4741	5778	4758
18.49/18.51	18.5098	5777	4771
18.49/18.54	18.5444	5776	4780
18.59/18.61	18.6096	5775	4882
18.59/18.64	18.6433	5774	4888
18.69/18.70	18.6993	5773	4961
18.69/18.73	18.7322	5772	4965
18.82/18.84	18.8466	5771	5220
18.82/18.88	18.8822	5770	5230
18.82/18.92	18.9263	5769	5265
18.92/18.96	18.9618	5768	5276
18.99/19.00	19	5767	5294
19.09/19.10	19.1025	5766	5507
19.09/19.17	19.1713	5765	5615
19.29/19.30	19.3048	5764	5903
19.29/19.37	19.3686	5763	5988
19.39/19.41	19.4103	5762	6010
19.39/19.44	19.445	5761	6014
19.39/19.48	19.48	5760	6019
19.49/19.51	19.514	5759	6021
19.59/19.63	19.6367	5758	6274
19.59/19.67	19.6765	5757	6293
19.69/19.72	19.724	5756	6340
19.79/19.83	19.8345	5755	6580
19.79/19.89	19.8956	5754	6666
19.92/19.93	19.9335	5753	6685
20.02/20.03	20.0306	5752	6887
20.02/20.08	20.0823	5751	6948
20.09/20.12	20.1227	5750	6976
20.09/20.19	20.1879	5749	7078
20.19/20.24	20.2405	5748	7139
20.19/20.28	20.2783	5747	7157
20.29/20.38	20.3798	5746	7361
20.39/20.49	20.4957	5745	7618
20.49/20.58	20.5835	5744	7785
20.59/20.63	20.6276	5743	7821
20.59/20.66	20.6631	5742	7833
20.69/20.70	20.6974	5741	7841
20.69/20.75	20.7496	5740	7903
20.79/20.80	20.8012	5739	7966
20.79/20.86	20.862	5738	8050
20.89/20.90	20.8976	5737	8062
20.89/20.93	20.9303	5736	8066
20.89/20.97	20.9754	5735	8107
20.89/21.04	21.0387	5734	8204
21.19/21.21	21.2093	5733	8621
21.19/21.27	21.2767	5731	8727
21.39/21.45	21.4521	5730	9163
21.49/21.52	21.5227	5729	9281
21.59/21.66	21.661	5728	9603
21.69/21.70	21.7036	5727	9632
21.69/21.76	21.7607	5726	9711
21.99/22.10	22.0996	5725	10639
22.14/22.17	22.171	5724	10756
22.14/22.20	22.2025	5723	10757
22.23/22.26	22.2579	5722	10831
22.29/22.35	22.3537	5721	11029
22.29/22.38	22.3852	5720	11030
22.39/22.45	22.4513	5719	11135
22.49/22.52	22.5184	5718	11243
22.79/22.88	22.8809	5717	12255
22.89/22.96	22.9617	5716	12405
22.99/23.00	23.0033	5715	12437
22.99/23.09	23.088	5714	12601
23.09/23.20	23.2002	5713	12848
23.09/23.24	23.2419	5712	12879
23.24/23.31	23.3167	5711	13016
23.33/23.35	23.3493	5710	13018
23.48/23.53	23.5337	5709	13483
23.78/23.84	23.8428	5708	14317
24.34/24.36	24.3601	5707	15817
24.34/24.43	24.4274	5706	15928
24.48/24.50	24.5005	5705	16057
24.58/24.67	24.6732	5704	16503
24.78/24.85	24.8562	5703	16967
24.88/24.91	24.9132	5702	17047
25.08/25.10	25.0973	5701	17519
25.28/25.30	25.3014	5700	18053
25.44/25.48	25.4831	5699	18515
25.54/25.59	25.5892	5698	18745
25.59/25.65	25.652	5697	18840
25.79/25.88	25.8779	5696	19444
26.09/26.11	26.1117	5695	20063
27.39/27.47	27.4716	5693	24078
27.49/27.51	27.5088	5692	24094
27.63/27.69	27.6962	5691	24565
27.79/27.84	27.8442	5690	24916
27.89/27.95	27.9483	5689	25142
28.09/28.11	28.1119	5688	25544
28.09/28.19	28.1956	5687	25702
28.19/28.25	28.2478	5686	25768
28.19/28.29	28.2901	5685	25798
28.49/28.51	28.5152	5684	26383
28.59/28.68	28.6774	5683	26779
28.74/28.78	28.7853	5682	27018
28.99/29.03	29.0313	5681	27664
29.09/29.18	29.1804	5680	28022
29.49/29.53	29.534	5679	29014
29.49/29.57	29.5708	5678	29032
30.09/30.13	30.13	5677	30644
30.09/30.18	30.1798	5676	30701
30.18/30.25	30.2496	5675	30822
30.58/30.66	30.6651	5674	31982
30.78/30.83	30.8339	5673	32406
30.94/30.98	30.9862	5672	32778
31.09/31.16	31.1597	5671	33205
31.29/31.37	31.3726	5670	33743
31.69/31.72	31.7247	5669	34739
32.12/32.14	32.1413	5668	35936
32.69/32.77	32.7728	5667	37768
32.79/32.83	32.8268	5666	37841
32.99/33.07	33.0757	5665	38508
33.29/33.35	33.3481	5664	39239
33.49/33.58	33.5833	5663	39866
33.59/33.61	33.6158	5662	39871
33.89/33.99	33.9873	5661	40912
34.49/34.52	34.52	5660	42456
34.79/34.80	34.8	5659	43230
35.09/35.12	35.1226	5658	44126
35.33/35.41	35.4157	5657	44929
35.89/35.90	35.901	5656	46325
36.79/36.80	36.804	5655	49011
37.54/37.63	37.6346	5654	51463
38.19/38.23	38.233	5653	53195
38.49/38.58	38.5862	5652	54187
38.79/38.81	38.8116	5651	54785
38.89/38.90	38.8997	5650	54952
38.89/38.93	38.9331	5649	54960
39.19/39.22	39.2262	5648	55770
39.19/39.27	39.2665	5647	55800
39.29/39.38	39.3775	5646	56043
40.08/40.18	40.1841	5645	58407
41.09/41.16	41.1564	5644	61284
42.29/42.30	42.3048	5643	64678
42.79/42.88	42.8781	5642	66237
42.89/42.95	42.9508	5641	66346
45.32/45.39	45.3922	5640	73204
45.79/45.84	45.8457	5639	74409
46.42/46.43	46.4279	5638	75975
46.49/46.51	46.5102	5637	76119
49.29/49.31	49.3115	5636	84080
49.39/49.45	49.449	5635	84382
50.59/50.65	50.6489	5634	87907
50.82/50.87	50.8729	5633	88506
52.09/52.16	52.1566	5632	92343
53.07/53.09	53.0904	5631	95114
53.69/53.79	53.7951	5630	97190
54.59/54.63	54.6358	5629	99667
63.79/63.88	63.882	5628	127779
64.29/64.31	64.3079	5627	128999
70.89/70.98	70.9764	5626	149198
72.49/72.53	72.5309	5625	153753
76.29/76.32	76.3187	5624	165272
76.79/76.84	76.8438	5623	166778
76.89/76.90	76.8985	5622	166850
78.31/78.34	78.3421	5621	171210
79.69/79.74	79.7423	5620	175235
84.99/85.00	85.0021	5619	191107
85.69/85.71	85.7145	5618	193203
87.59/87.65	87.6472	5617	198910
105.99/106.02	106.02	5616	254215
144.08/144.17	144.167	5615	365619
144.38/144.47	144.469	5614	366445
145.78/145.84	145.84	5613	370535
329.01/329.06	329.053	5612	901619
637.87/637.93	637.913	5611	1821476
641.87/641.94	641.919	5610	1833185
