1.10/1.16	1.1587	6325	0
1.10/1.19	1.19616	6324	1
1.19/1.23	1.23163	6323	2
1.19/1.26	1.26689	6322	3
1.29/1.30	1.3019	6321	4
1.29/1.33	1.33741	6320	6
1.29/1.37	1.37328	6319	9
1.39/1.41	1.40871	6318	10
1.39/1.44	1.44523	6317	15
1.39/1.48	1.48029	6316	16
1.50/1.51	1.51536	6315	17
1.50/1.55	1.55084	6314	19
1.50/1.58	1.58687	6313	20
1.59/1.62	1.62217	6312	21
1.59/1.65	1.65711	6311	22
1.59/1.69	1.69364	6310	23
1.69/1.73	1.72928	6309	25
1.69/1.76	1.76455	6308	26
1.79/1.80	1.80104	6307	30
1.79/1.83	1.83727	6306	34
1.79/1.87	1.87299	6305	35
1.89/1.91	1.90853	6304	37
1.89/1.94	1.94391	6302	38
1.89/1.98	1.97936	6301	39
1.99/2.01	2.01649	6300	40
1.99/2.05	2.05239	6299	41
1.99/2.09	2.08865	6298	42
2.10/2.12	2.12563	6297	43
2.10/2.16	2.1637	6296	45
2.10/2.20	2.20102	6295	46
2.20/2.24	2.2383	6294	47
2.20/2.27	2.27629	6293	49
2.29/2.31	2.31348	6292	50
2.29/2.35	2.35074	6291	51
2.29/2.39	2.38838	6290	53
2.39/2.42	2.42576	6289	54
2.39/2.46	2.46289	6288	55
2.49/2.50	2.50038	6287	57
2.49/2.54	2.53753	6286	58
2.49/2.57	2.57645	6285	62
2.59/2.61	2.61436	6284	65
2.59/2.65	2.65188	6283	67
2.59/2.69	2.68904	6282	68
2.69/2.72	2.72657	6281	70
2.69/2.76	2.76376	6280	71
2.79/2.80	2.80079	6279	72
2.79/2.84	2.83868	6278	74
2.79/2.87	2.8768	6277	77
2.89/2.91	2.91385	6276	78
2.89/2.95	2.95127	6275	79
2.89/2.99	2.98846	6274	80
2.99/3.02	3.02566	6273	81
2.99/3.06	3.06276	6272	82
3.09/3.10	3.1012	6271	85
3.09/3.14	3.13864	6270	87
3.09/3.17	3.17559	6269	88
3.20/3.21	3.21335	6268	91
3.20/3.25	3.25078	6267	93
3.20/3.28	3.28677	6266	94
3.30/3.32	3.32163	6265	95
3.30/3.35	3.35626	6264	96
3.30/3.39	3.39117	6263	97
3.39/3.42	3.42654	6262	99
3.39/3.46	3.46167	6261	100
3.49/3.50	3.49821	6260	106
3.49/3.53	3.53381	6259	109
3.49/3.57	3.56891	6258	111
3.59/3.60	3.60437	6257	112
3.59/3.64	3.6392	6256	113
3.59/3.67	3.67569	6255	119
3.69/3.71	3.71113	6254	121
3.69/3.74	3.74604	6253	122
3.69/3.78	3.781	6252	123
3.79/3.81	3.81575	6251	124
3.79/3.85	3.85084	6250	125
3.79/3.88	3.88596	6249	127
3.89/3.92	3.9207	6248	128
3.89/3.95	3.95551	6247	129
3.89/3.99	3.99064	6246	130
3.99/4.02	4.02705	6245	135
3.99/4.06	4.06243	6244	137
4.09/4.10	4.09804	6243	138
4.09/4.13	4.13335	6242	140
4.09/4.17	4.16803	6241	141
4.19/4.20	4.20315	6240	142
4.19/4.24	4.23794	6239	143
4.19/4.27	4.27299	6238	145
4.30/4.31	4.30809	6237	147
4.30/4.34	4.34314	6236	149
4.30/4.38	4.37798	6235	150
4.40/4.41	4.41306	6234	152
4.40/4.45	4.4477	6233	153
4.40/4.48	4.48278	6232	155
4.49/4.52	4.51785	6231	157
4.49/4.55	4.55255	6230	158
4.49/4.59	4.5881	6229	159
4.59/4.62	4.62312	6228	161
4.59/4.66	4.65781	6227	162
4.59/4.69	4.69248	6226	163
4.69/4.73	4.72858	6225	168
4.69/4.76	4.76324	6224	169
4.79/4.80	4.79781	6223	170
4.79/4.83	4.83234	6222	171
4.79/4.86	4.86698	6221	172
4.89/4.90	4.90153	6220	173
4.89/4.93	4.93643	6219	175
4.89/4.97	4.97102	6218	176
4.99/5.00	5.00581	6217	177
4.99/5.04	5.04024	6216	178
4.99/5.07	5.07606	6215	180
5.09/5.11	5.11139	6214	183
5.09/5.14	5.14578	6213	184
5.09/5.18	5.18058	6212	186
5.19/5.21	5.21507	6211	187
5.19/5.25	5.24953	6210	188
5.19/5.28	5.28391	6209	189
5.29/5.32	5.31834	6208	190
5.29/5.35	5.35271	6207	191
5.29/5.39	5.38777	6206	194
5.40/5.42	5.42228	6205	195
5.40/5.45	5.45698	6204	197
5.40/5.49	5.49148	6203	198
5.50/5.52	5.52638	6202	200
5.50/5.56	5.56179	6201	203
5.59/5.60	5.59788	6200	204
5.59/5.63	5.63281	6199	205
5.59/5.67	5.66754	6198	206
5.69/5.70	5.70236	6197	207
5.69/5.73	5.73674	6196	208
5.69/5.77	5.77116	6195	209
5.79/5.80	5.80698	6194	214
5.79/5.84	5.84129	6193	215
5.79/5.87	5.87578	6192	216
5.89/5.91	5.91024	6191	217
5.89/5.94	5.94457	6190	218
5.89/5.98	5.97947	6189	219
5.99/6.01	6.01385	6188	220
5.99/6.05	6.04944	6187	223
5.99/6.08	6.08681	6186	230
6.09/6.12	6.12185	6185	233
6.09/6.15	6.1565	6184	235
6.09/6.19	6.19163	6183	238
6.19/6.22	6.22655	6182	240
6.19/6.26	6.26119	6181	242
6.19/6.29	6.29592	6179	244
6.29/6.33	6.33021	6178	245
6.29/6.37	6.36837	6177	258
6.39/6.40	6.40271	6176	259
6.39/6.44	6.43732	6175	260
6.39/6.47	6.47254	6173	264
6.50/6.51	6.50756	6172	267
6.50/6.54	6.54172	6171	268
6.50/6.57	6.57673	6170	269
6.60/6.61	6.61097	6169	270
6.60/6.64	6.6451	6168	271
6.60/6.68	6.68042	6167	275
6.69/6.71	6.71497	6166	277
6.69/6.75	6.74965	6165	279
6.69/6.78	6.78388	6164	280
6.79/6.82	6.81805	6163	281
6.79/6.85	6.85219	6162	282
6.79/6.88	6.88709	6161	285
6.89/6.92	6.92123	6160	286
6.89/6.95	6.95545	6159	287
6.89/6.99	6.98961	6158	288
6.99/7.02	7.02414	6157	290
6.99/7.06	7.05866	6156	292
6.99/7.09	7.09497	6155	296
7.09/7.13	7.12947	6154	297
7.09/7.16	7.16565	6153	302
7.19/7.20	7.20017	6152	304
7.19/7.23	7.23472	6151	306
7.19/7.27	7.2687	6150	307
7.29/7.30	7.30274	6149	308
7.29/7.33	7.33706	6148	310
7.29/7.37	7.37148	6147	312
7.39/7.40	7.40659	6146	316
7.39/7.44	7.44095	6145	318
7.39/7.47	7.47543	6144	320
7.49/7.51	7.51113	6143	326
7.49/7.54	7.54511	6142	327
7.49/7.58	7.5808	6141	330
7.60/7.61	7.61597	6140	334
7.60/7.65	7.65033	6139	336
7.60/7.68	7.68454	6138	338
7.70/7.72	7.71888	6137	340
7.70/7.75	7.7561	6136	350
7.70/7.79	7.79199	6135	355
7.79/7.83	7.82715	6134	359
7.79/7.86	7.86106	6133	360
7.79/7.89	7.89498	6132	361
7.89/7.93	7.93541	6131	380
7.89/7.97	7.96942	6130	381
7.99/8.00	8.00566	6129	389
7.99/8.04	8.04068	6128	393
7.99/8.07	8.07545	6127	394
8.09/8.11	8.11021	6126	396
8.09/8.14	8.14632	6125	403
8.09/8.18	8.18082	6124	406
8.19/8.21	8.21582	6123	410
8.19/8.25	8.25008	6122	412
8.19/8.28	8.2852	6121	416
8.29/8.32	8.31977	6120	418
8.29/8.35	8.35403	6119	420
8.29/8.39	8.38843	6118	422
8.39/8.42	8.42365	6117	426
8.39/8.46	8.45787	6116	427
8.39/8.49	8.49166	6115	428
8.49/8.52	8.52543	6114	429
8.49/8.56	8.55991	6113	432
8.49/8.59	8.59585	6112	437
8.59/8.63	8.63099	6111	442
8.59/8.66	8.6668	6110	448
8.59/8.70	8.70088	6109	449
8.70/8.73	8.73598	6108	454
8.70/8.77	8.77223	6107	462
8.80/8.81	8.80719	6106	466
8.80/8.84	8.8415	6105	468
8.80/8.87	8.87523	6104	469
8.89/8.91	8.90887	6103	470
8.89/8.94	8.9425	6102	471
8.89/8.98	8.97764	6101	475
8.99/9.01	9.01192	6100	478
8.99/9.04	9.04667	6099	482
8.99/9.08	9.08123	6098	483
9.09/9.11	9.1156	6097	486
9.09/9.15	9.14993	6096	489
9.09/9.18	9.18367	6095	490
9.19/9.22	9.21774	6094	492
9.19/9.25	9.25172	6093	493
9.19/9.28	9.28544	6092	494
9.29/9.32	9.31976	6091	497
9.29/9.35	9.35381	6090	499
9.29/9.39	9.38736	6089	500
9.39/9.42	9.42148	6088	502
9.39/9.45	9.45537	6087	504
9.39/9.49	9.48896	6086	505
9.49/9.52	9.52252	6085	506
9.49/9.55	9.55614	6084	507
9.49/9.59	9.59064	6083	508
9.59/9.62	9.62474	6082	510
9.59/9.66	9.65843	6081	511
9.59/9.69	9.69292	6080	514
9.69/9.73	9.73053	6079	527
9.69/9.76	9.76512	6078	531
9.69/9.80	9.79954	6077	534
9.80/9.83	9.83347	6076	536
9.80/9.87	9.86907	6075	543
9.80/9.90	9.90486	6074	546
9.90/9.94	9.94037	6073	547
9.90/9.97	9.97616	6072	548
9.99/10.01	10.0117	6071	549
9.99/10.05	10.0538	6070	568
9.99/10.09	10.09	6069	569
10.09/10.12	10.1267	6068	573
10.09/10.16	10.1622	6067	574
10.19/10.20	10.1993	6066	579
10.19/10.23	10.2352	6065	581
10.19/10.27	10.2712	6064	583
10.29/10.31	10.308	6063	588
10.29/10.34	10.3462	6062	596
10.29/10.38	10.3828	6061	599
10.39/10.42	10.4205	6060	606
10.39/10.45	10.4566	6059	609
10.39/10.49	10.4921	6058	610
10.49/10.53	10.5282	6057	613
10.49/10.56	10.5654	6056	619
10.59/10.60	10.6016	6055	620
10.59/10.64	10.6376	6054	622
10.59/10.67	10.6749	6053	627
10.69/10.71	10.7116	6052	631
10.69/10.75	10.748	6051	634
10.69/10.78	10.784	6050	636
10.79/10.82	10.8213	6049	643
10.79/10.86	10.8571	6048	645
10.79/10.89	10.8948	6047	653
10.90/10.93	10.9307	6046	655
10.90/10.97	10.9693	6045	664
10.90/11.00	11.0046	6044	665
11.00/11.04	11.0403	6043	667
11.00/11.08	11.079	6042	676
11.09/11.11	11.1147	6041	678
11.09/11.15	11.1531	6040	688
11.09/11.19	11.1887	6039	690
11.19/11.22	11.224	6038	691
11.19/11.26	11.2599	6037	694
11.29/11.30	11.2975	6036	702
11.29/11.33	11.3328	6035	703
11.29/11.37	11.368	6034	704
11.39/11.40	11.4032	6033	705
11.39/11.44	11.4402	6032	711
11.39/11.47	11.4754	6031	712
11.49/11.51	11.5113	6030	715
11.49/11.55	11.5476	6029	719
11.49/11.58	11.5853	6028	725
11.59/11.62	11.6213	6027	727
11.59/11.66	11.6656	6026	755
11.69/11.70	11.7015	6025	758
11.69/11.74	11.7386	6024	764
11.69/11.77	11.7756	6023	770
11.79/11.81	11.8128	6022	775
11.79/11.85	11.8484	6021	777
11.79/11.88	11.8842	6020	779
11.89/11.92	11.9221	6019	788
11.89/11.96	11.9578	6018	791
11.89/11.99	11.9929	6017	792
12.00/12.03	12.0283	6016	794
12.00/12.06	12.0626	6015	797
12.00/12.09	12.0963	6014	798
12.10/12.13	12.1303	6013	801
12.10/12.16	12.1638	6012	803
12.10/12.20	12.1969	6011	804
12.19/12.23	12.2307	6010	807
12.19/12.26	12.2658	6008	813
12.29/12.30	12.2999	6007	817
12.29/12.33	12.3337	6006	820
12.29/12.37	12.3669	6005	821
12.39/12.40	12.4002	6004	823
12.39/12.43	12.4335	6003	824
12.39/12.47	12.467	6002	826
12.49/12.50	12.5055	6001	844
12.49/12.54	12.5392	6000	847
12.49/12.58	12.578	5999	863
12.59/12.61	12.6115	5998	865
12.59/12.64	12.6464	5997	871
12.59/12.68	12.6805	5996	875
12.69/12.71	12.7135	5995	876
12.69/12.74	12.7465	5994	877
12.69/12.78	12.7857	5993	897
12.79/12.82	12.8228	5992	909
12.79/12.86	12.864	5991	935
12.89/12.90	12.898	5990	939
12.89/12.93	12.931	5989	940
12.89/12.97	12.9678	5988	951
12.99/13.00	13.0028	5987	958
12.99/13.03	13.0365	5986	961
12.99/13.07	13.0702	5985	964
13.10/13.11	13.1086	5984	979
13.10/13.14	13.1438	5983	986
13.10/13.17	13.1768	5982	987
13.20/13.21	13.2097	5981	988
13.20/13.24	13.2432	5980	991
13.20/13.27	13.2766	5979	993
13.29/13.31	13.3095	5978	994
13.29/13.34	13.3437	5977	999
13.29/13.38	13.3784	5976	1005
13.39/13.41	13.4117	5975	1007
13.39/13.44	13.4459	5974	1012
13.39/13.48	13.4796	5973	1015
13.49/13.51	13.5128	5972	1017
13.49/13.55	13.5502	5971	1031
13.49/13.58	13.5844	5970	1034
13.59/13.62	13.6195	5969	1041
13.59/13.65	13.6542	5968	1048
13.59/13.69	13.6885	5967	1053
13.69/13.72	13.7225	5966	1056
13.69/13.75	13.7563	5965	1059
13.69/13.79	13.7898	5964	1061
13.79/13.82	13.8239	5963	1066
13.79/13.86	13.8573	5961	1068
13.79/13.89	13.8908	5960	1070
13.88/13.92	13.9256	5959	1076
13.88/13.96	13.959	5958	1079
13.88/13.99	13.9938	5957	1086
13.98/14.03	14.0281	5956	1091
13.98/14.06	14.0613	5955	1092
13.98/14.10	14.0971	5954	1093
14.08/14.13	14.1324	5953	1095
14.08/14.17	14.1689	5952	1100
14.08/14.20	14.2046	5951	1103
14.19/14.24	14.2396	5950	1104
14.19/14.27	14.2752	5949	1107
14.29/14.31	14.3101	5948	1108
14.29/14.34	14.3449	5947	1109
14.29/14.38	14.3855	5946	1126
14.38/14.42	14.4212	5945	1129
14.38/14.46	14.4572	5944	1133
14.38/14.49	14.4929	5943	1137
14.48/14.53	14.5328	5942	1153
14.48/14.57	14.5674	5941	1154
14.58/14.61	14.6127	5940	1184
14.58/14.65	14.6485	5939	1188
14.58/14.68	14.6837	5938	1190
14.68/14.73	14.7286	5937	1222
14.68/14.76	14.7642	5936	1225
14.78/14.80	14.799	5935	1227
14.78/14.83	14.8335	5934	1228
14.78/14.87	14.8698	5933	1234
14.89/14.90	14.9054	5932	1238
14.89/14.94	14.9429	5931	1248
14.89/14.98	14.9774	5930	1249
14.99/15.01	15.0133	5929	1253
14.99/15.05	15.0555	5928	1276
14.99/15.09	15.0909	5927	1278
15.09/15.12	15.1242	5926	1279
15.09/15.16	15.1575	5925	1282
15.09/15.19	15.1915	5924	1287
15.19/15.22	15.2253	5923	1292
15.19/15.26	15.2582	5922	1294
15.19/15.29	15.291	5921	1296
15.30/15.33	15.3271	5920	1308
15.30/15.36	15.361	5919	1313
15.30/15.39	15.3958	5918	1321
15.40/15.43	15.429	5917	1324
15.40/15.46	15.466	5916	1339
15.49/15.50	15.5035	5915	1355
15.49/15.53	15.5358	5914	1356
15.49/15.57	15.5682	5913	1357
15.59/15.60	15.6017	5912	1359
15.59/15.63	15.6348	5911	1362
15.59/15.67	15.6676	5910	1364
15.69/15.70	15.7005	5909	1366
15.69/15.73	15.7336	5908	1369
15.69/15.76	15.766	5907	1370
15.79/15.80	15.8	5906	1376
15.79/15.83	15.8333	5905	1379
15.79/15.89	15.8872	5904	1447
15.89/15.92	15.9223	5903	1455
15.89/15.95	15.9547	5902	1456
15.89/15.99	15.9873	5901	1457
15.99/16.02	16.0215	5900	1463
15.99/16.05	16.0538	5899	1464
15.99/16.09	16.0881	5898	1469
16.09/16.14	16.1373	5897	1522
16.09/16.17	16.1706	5896	1526
16.19/16.20	16.2062	5895	1536
16.19/16.24	16.2395	5894	1540
16.19/16.27	16.2732	5893	1544
16.29/16.30	16.3055	5892	1545
16.29/16.34	16.3378	5891	1546
16.29/16.37	16.3766	5890	1566
16.39/16.41	16.414	5889	1583
16.39/16.46	16.4617	5888	1629
16.39/16.49	16.4959	5887	1636
16.49/16.53	16.5296	5886	1641
16.49/16.59	16.5878	5885	1720
16.59/16.62	16.6202	5884	1721
16.59/16.66	16.658	5883	1737
16.59/16.69	16.6902	5882	1738
16.69/16.73	16.7365	5881	1781
16.69/16.77	16.769	5880	1783
16.79/16.81	16.8081	5879	1804
16.79/16.84	16.8458	5878	1822
16.79/16.88	16.8783	5877	1824
16.89/16.92	16.9175	5876	1845
16.89/16.95	16.9539	5875	1858
16.99/17.01	17.0083	5874	1927
16.99/17.04	17.0412	5873	1929
16.99/17.07	17.0755	5872	1933
17.09/17.11	17.1105	5871	1942
17.09/17.14	17.1427	5870	1943
17.09/17.19	17.1884	5869	1984
17.19/17.23	17.2344	5868	2027
17.19/17.29	17.2956	5867	2117
17.29/17.33	17.3329	5866	2134
17.29/17.37	17.3722	5865	2153
17.39/17.41	17.4162	5864	2185
17.39/17.47	17.4686	5863	2247
17.49/17.51	17.5134	5862	2287
17.49/17.54	17.5456	5861	2288
17.49/17.58	17.5801	5860	2294
17.59/17.65	17.6497	5859	2412
17.59/17.68	17.6818	5858	2413
17.69/17.72	17.7179	5857	2426
17.69/17.75	17.7504	5856	2428
17.69/17.79	17.7935	5855	2463
17.79/17.88	17.8786	5854	2630
17.89/17.91	17.9117	5853	2633
17.89/17.96	17.958	5852	2675
17.99/18.00	17.9981	5851	2694
17.99/18.06	18.0579	5850	2767
17.99/18.09	18.093	5849	2769
18.09/18.13	18.1356	5848	2795
18.09/18.17	18.1763	5847	2815
18.19/18.21	18.2127	5846	2822
18.19/18.26	18.2635	5845	2873
18.19/18.29	18.2959	5844	2875
18.29/18.33	18.3313	5843	2885
18.29/18.36	18.3636	5842	2887
18.39/18.40	18.3995	5841	2899
18.39/18.43	18.4331	5840	2903
18.39/18.46	18.4651	5839	2904
18.49/18.52	18.5217	5838	2980
18.49/18.59	18.5919	5837	3098
18.59/18.62	18.6238	5836	3099
18.59/18.65	18.6564	5835	3102
18.69/18.73	18.734	5834	3246
18.69/18.77	18.7672	5833	3251
18.79/18.80	18.7991	5832	3252
18.79/18.87	18.8696	5831	3372
18.89/18.91	18.9139	5830	3411
18.89/18.95	18.9545	5829	3439
18.89/18.99	18.9874	5828	3442
18.99/19.02	19.0241	5827	3457
18.99/19.07	19.0674	5826	3492
19.09/19.10	19.1008	5825	3495
19.09/19.16	19.1633	5824	3585
19.09/19.19	19.1951	5823	3586
19.19/19.23	19.2289	5822	3592
19.19/19.26	19.2618	5821	3596
19.19/19.29	19.2936	5820	3597
19.29/19.33	19.3267	5819	3601
19.29/19.36	19.364	5818	3615
19.29/19.39	19.3958	5817	3616
19.39/19.43	19.4297	5816	3622
19.39/19.46	19.466	5815	3635
19.49/19.52	19.526	5814	3722
19.49/19.59	19.5925	5813	3828
19.59/19.62	19.6261	5812	3834
19.70/19.71	19.7106	5811	3995
19.70/19.75	19.7502	5810	4019
19.70/19.79	19.79	5809	4043
19.80/19.85	19.8558	5808	4149
19.89/19.93	19.9319	5807	4286
19.89/19.99	19.993	5806	4377
19.99/20.05	20.05	5805	4455
19.99/20.09	20.0896	5804	4477
20.09/20.17	20.1747	5803	4644
20.19/20.21	20.2074	5802	4648
20.19/20.24	20.2419	5801	4657
20.29/20.30	20.3041	5800	4754
20.29/20.36	20.3661	5799	4845
20.39/20.42	20.4223	5798	4923
20.49/20.53	20.5315	5797	5164
20.49/20.56	20.5638	5796	5166
20.59/20.62	20.6236	5795	5249
20.69/20.71	20.7069	5794	5409
20.69/20.80	20.7981	5793	5591
20.80/20.83	20.8298	5792	5592
20.80/20.88	20.8815	5791	5653
20.90/20.93	20.9341	5790	5719
20.99/21.00	21.0057	5789	5845
20.99/21.04	21.0448	5788	5869
21.09/21.10	21.1038	5787	5949
21.09/21.15	21.1525	5786	6003
21.09/21.19	21.1937	5785	6033
21.19/21.26	21.2629	5784	6145
21.29/21.32	21.3182	5783	6219
21.29/21.35	21.3536	5782	6232
21.39/21.41	21.4135	5781	6318
21.39/21.45	21.4497	5780	6331
21.39/21.48	21.486	5779	6346
21.49/21.54	21.541	5778	6419
21.59/21.61	21.6072	5777	6522
21.59/21.66	21.658	5776	6579
21.69/21.70	21.7034	5775	6622
21.69/21.74	21.746	5774	6656
21.69/21.78	21.7852	5773	6681
21.79/21.82	21.8174	5772	6684
21.79/21.87	21.8715	5771	6755
21.90/21.92	21.9179	5770	6802
21.90/21.96	21.9607	5769	6837
21.90/22.00	21.9996	5768	6860
22.00/22.05	22.0522	5767	6921
22.09/22.12	22.122	5766	7027
22.09/22.19	22.1896	5765	7126
22.19/22.26	22.2587	5764	7229
22.19/22.29	22.2931	5763	7232
22.29/22.33	22.3275	5762	7235
22.39/22.43	22.429	5761	7426
22.39/22.47	22.4665	5760	7438
22.59/22.69	22.694	5759	8001
22.69/22.74	22.7379	5758	8033
22.79/22.81	22.8116	5757	8147
22.79/22.85	22.8497	5756	8161
22.89/22.92	22.9216	5755	8274
22.89/22.98	22.9791	5754	8346
23.10/23.16	23.1568	5753	8761
23.18/23.29	23.2953	5752	9072
23.28/23.35	23.3523	5751	9143
23.38/23.47	23.4674	5750	9389
23.48/23.51	23.509	5749	9422
23.48/23.55	23.5523	5748	9458
23.68/23.73	23.7295	5746	9904
23.68/23.78	23.7783	5745	9957
23.79/23.84	23.8459	5744	10070
23.79/23.89	23.8931	5743	10120
24.10/24.12	24.1235	5742	10722
24.10/24.16	24.1588	5741	10734
24.20/24.21	24.2109	5740	10800
24.20/24.27	24.2734	5739	10900
24.29/24.31	24.307	5738	10908
24.29/24.36	24.3592	5737	10973
24.39/24.42	24.4202	5736	11062
24.49/24.55	24.5537	5735	11373
24.59/24.62	24.6171	5734	11472
24.69/24.72	24.7254	5733	11703
24.69/24.76	24.7585	5732	11709
24.79/24.80	24.8049	5731	11753
24.79/24.85	24.8541	5730	11809
24.89/24.91	24.9144	5729	11900
24.89/24.96	24.9612	5728	11949
24.99/25.06	25.0581	5727	12154
25.20/25.24	25.2402	5726	12625
25.30/25.36	25.3591	5725	12901
25.49/25.57	25.5682	5724	13460
25.79/25.85	25.8493	5723	14225
26.18/26.23	26.2335	5722	15310
26.39/26.41	26.4129	5721	15759
26.48/26.53	26.5306	5719	16028
26.58/26.63	26.6295	5718	16233
26.68/26.72	26.7171	5717	16408
26.88/26.93	26.933	5716	16969
26.98/27.01	27.0108	5715	17113
26.98/27.09	27.0953	5714	17277
27.40/27.43	27.4262	5713	18199
27.59/27.65	27.6546	5712	18808
27.89/27.99	27.9865	5711	19737
27.99/28.03	28.0341	5710	19787
27.99/28.07	28.0677	5709	19795
28.29/28.31	28.3113	5708	20452
28.39/28.43	28.4304	5707	20723
28.50/28.58	28.5814	5706	21086
28.69/28.78	28.7837	5705	21619
28.79/28.83	28.8321	5704	21668
29.09/29.19	29.188	5703	22657
29.29/29.33	29.3359	5702	23015
29.39/29.44	29.4398	5701	23231
29.60/29.66	29.6598	5700	23767
30.19/30.22	30.2258	5699	25398
30.49/30.56	30.5564	5698	26260
30.80/30.87	30.8715	5697	27066
31.09/31.10	31.1001	5696	27631
31.09/31.18	31.1811	5695	27773
31.49/31.52	31.5201	5694	28661
31.59/31.66	31.6622	5693	28979
31.80/31.83	31.8346	5692	29382
31.90/31.97	31.9734	5691	29692
31.99/32.01	32.0079	5690	29698
32.29/32.35	32.3552	5689	30619
32.39/32.41	32.4145	5688	30696
32.39/32.47	32.468	5687	30756
32.79/32.81	32.8135	5686	31662
32.79/32.85	32.8473	5685	31666
33.00/33.01	33.0123	5684	32049
33.09/33.11	33.1092	5683	32232
33.29/33.31	33.309	5682	32718
33.59/33.61	33.6125	5681	33492
33.69/33.76	33.7601	5680	33824
33.79/33.83	33.8289	5679	33929
34.19/34.21	34.2065	5678	34967
34.29/34.34	34.3363	5677	35276
34.49/34.50	34.5041	5676	35700
35.69/35.75	35.7495	5675	39446
36.09/36.19	36.1943	5674	40725
39.29/39.35	39.3548	5673	50249
39.39/39.43	39.4318	5672	50389
39.50/39.51	39.5084	5671	50530
39.60/39.65	39.6556	5670	50882
39.98/40.08	40.0794	5669	52082
40.08/40.18	40.1836	5668	52302
40.78/40.87	40.8683	5667	54273
40.88/40.97	40.9718	5666	54478
40.98/41.03	41.0335	5665	54561
41.08/41.18	41.1779	5664	54894
41.39/41.49	41.4903	5663	55767
41.49/41.53	41.5257	5662	55782
41.59/41.64	41.6448	5661	56052
42.99/43.07	43.0663	5660	60279
43.09/43.15	43.1516	5659	60449
43.49/43.57	43.5678	5658	61639
43.69/43.78	43.7818	5657	62207
43.89/43.91	43.9094	5656	62501
44.19/44.26	44.2607	5655	63484
44.59/44.63	44.6308	5654	64526
45.49/45.58	45.5777	5653	67320
45.69/45.79	45.7891	5652	67882
45.79/45.85	45.8528	5651	67983
46.39/46.42	46.4249	5650	69635
46.79/46.89	46.8883	5649	70966
46.99/47.05	47.0517	5648	71374
47.19/47.21	47.2076	5647	71753
47.89/47.93	47.9317	5646	73884
48.19/48.20	48.1968	5645	74607
49.39/49.45	49.4489	5644	78359
53.18/53.25	53.2525	5643	89923
53.28/53.35	53.3517	5642	90137
53.68/53.72	53.7226	5641	91183
53.89/53.95	53.9542	5640	91809
57.89/57.94	57.9369	5639	103864
58.39/58.43	58.4315	5638	105220
58.69/58.75	58.7492	5637	106109
59.89/59.95	59.9466	5636	109710
62.78/62.88	62.8785	5635	118660
63.08/63.11	63.1067	5634	119275
68.99/69.08	69.0837	5633	137528
71.29/71.30	71.2961	5632	144233
74.29/74.38	74.3785	5631	153627
74.99/75.09	75.0897	5630	155673
82.39/82.44	82.4417	5629	178084
82.79/82.86	82.8617	5628	179277
89.69/89.79	89.7883	5627	200177
94.69/94.79	94.7842	5626	215291
94.79/94.88	94.8832	5625	215491
97.19/97.20	97.2015	5624	222247
97.19/97.25	97.2456	5623	222290
101.39/101.46	101.463	5622	234815
113.89/113.99	113.989	5621	272923
114.30/114.38	114.38	5619	274019
114.99/115.07	115.071	5618	275926
122.10/122.11	122.111	5617	297200
144.58/144.66	144.656	5616	365944
147.59/147.63	147.63	5615	375004
148.19/148.21	148.211	5614	376687
153.58/153.63	153.628	5613	392834
167.99/168.07	168.063	5612	436775
254.88/254.91	254.905	5611	696487
278.08/278.13	278.127	5610	767598
