1.00/1.06	1.06138	6278	0
1.00/1.09	1.09732	6277	1
1.10/1.13	1.13366	6276	2
1.10/1.17	1.16963	6275	4
1.19/1.20	1.20545	6274	5
1.19/1.24	1.24175	6273	6
1.19/1.28	1.27745	6272	8
1.29/1.31	1.31458	6271	9
1.29/1.35	1.35043	6270	11
1.29/1.38	1.38716	6269	13
1.39/1.42	1.42313	6268	15
1.39/1.46	1.45932	6267	16
1.39/1.49	1.49475	6266	17
1.49/1.53	1.53423	6265	27
1.49/1.57	1.56977	6264	28
1.59/1.60	1.60578	6263	29
1.59/1.64	1.64138	6262	30
1.59/1.67	1.67721	6261	32
1.69/1.71	1.71281	6260	34
1.69/1.75	1.74841	6259	35
1.69/1.78	1.78385	6258	36
1.79/1.82	1.82003	6257	37
1.79/1.86	1.86041	6256	39
1.89/1.90	1.8986	6255	40
1.89/1.93	1.93649	6254	41
1.89/1.97	1.97438	6253	42
1.99/2.01	2.01344	6252	43
1.99/2.05	2.05232	6251	46
1.99/2.09	2.09055	6250	47
2.10/2.13	2.12988	6249	48
2.10/2.17	2.16789	6248	49
2.20/2.20	2.20594	6247	50
2.20/2.24	2.24491	6246	52
2.20/2.28	2.28446	6245	57
2.29/2.32	2.32275	6244	58
2.29/2.36	2.36081	6243	59
2.39/2.40	2.3999	6242	61
2.39/2.44	2.43784	6241	63
2.39/2.47	2.47653	6240	64
2.49/2.51	2.51427	6239	66
2.49/2.55	2.5523	6238	68
2.49/2.59	2.59078	6237	71
2.59/2.63	2.62894	6236	73
2.59/2.66	2.66646	6235	74
2.69/2.70	2.70541	6234	78
2.69/2.74	2.7439	6233	79
2.69/2.78	2.78212	6232	82
2.79/2.82	2.82166	6231	86
2.79/2.86	2.86004	6230	88
2.89/2.92	2.92169	6229	89
2.89/2.97	2.97508	6228	90
2.99/3.02	3.02372	6227	94
2.99/3.07	3.07329	6226	96
3.09/3.12	3.12057	6225	97
3.09/3.17	3.16948	6224	102
3.20/3.21	3.21723	6223	105
3.20/3.26	3.26471	6222	106
3.30/3.31	3.31255	6221	107
3.30/3.36	3.35973	6220	108
3.39/3.41	3.40926	6219	111
3.39/3.45	3.45615	6218	112
3.49/3.50	3.5035	6217	114
3.49/3.55	3.54735	6216	115
3.49/3.58	3.58169	6215	116
3.59/3.61	3.61591	6214	117
3.59/3.65	3.65017	6213	118
3.59/3.68	3.68545	6212	119
3.69/3.72	3.7201	6211	121
3.69/3.75	3.75507	6210	122
3.69/3.79	3.78999	6209	125
3.79/3.82	3.82605	6207	126
3.79/3.86	3.86062	6206	128
3.79/3.89	3.89532	6205	129
3.89/3.93	3.92992	6204	131
3.89/3.96	3.96603	6203	135
3.99/4.00	4.00053	6202	137
3.99/4.03	4.03557	6201	139
3.99/4.07	4.06961	6200	140
4.09/4.10	4.10389	6199	141
4.09/4.14	4.13831	6198	143
4.09/4.17	4.17662	6197	144
4.19/4.21	4.21611	6196	146
4.19/4.25	4.25481	6194	148
4.19/4.29	4.2936	6193	149
4.30/4.33	4.33613	6192	160
4.30/4.37	4.37538	6191	162
4.40/4.41	4.41419	6190	163
4.40/4.45	4.45305	6189	166
4.40/4.49	4.49244	6188	169
4.49/4.53	4.53305	6187	178
4.49/4.57	4.5747	6186	187
4.59/4.61	4.61219	6185	188
4.59/4.65	4.65126	6184	189
4.59/4.69	4.68875	6183	190
4.69/4.72	4.72708	6182	191
4.69/4.76	4.765	6181	193
4.79/4.80	4.80475	6180	197
4.79/4.84	4.84342	6179	199
4.79/4.88	4.88086	6178	200
4.89/4.92	4.91831	6177	201
4.89/4.96	4.95768	6176	206
4.89/4.99	4.9961	6175	208
4.99/5.03	5.03372	6174	209
4.99/5.07	5.07285	6173	210
5.09/5.11	5.11015	6172	211
5.09/5.15	5.14748	6171	212
5.09/5.18	5.18529	6170	214
5.19/5.22	5.2228	6169	215
5.19/5.26	5.26015	6168	216
5.29/5.30	5.29774	6167	217
5.29/5.34	5.33761	6166	219
5.29/5.37	5.37568	6164	220
5.40/5.41	5.4147	6163	221
5.40/5.45	5.45286	6162	223
5.40/5.49	5.49073	6161	224
5.50/5.53	5.52875	6160	225
5.50/5.57	5.56833	6159	227
5.59/5.60	5.60569	6157	228
5.59/5.64	5.64268	6156	231
5.59/5.68	5.67774	6155	232
5.69/5.71	5.7127	6154	233
5.69/5.75	5.7486	6153	236
5.69/5.78	5.78357	6152	237
5.79/5.82	5.81939	6151	238
5.79/5.85	5.8544	6150	239
5.79/5.89	5.89271	6149	240
5.89/5.93	5.93576	6148	257
5.89/5.97	5.97391	6147	258
5.99/6.01	6.01107	6146	259
5.99/6.05	6.05024	6144	263
5.99/6.08	6.08551	6143	264
6.09/6.12	6.12158	6142	266
6.09/6.15	6.157	6141	267
6.09/6.19	6.19259	6140	268
6.19/6.23	6.22796	6139	269
6.19/6.26	6.26536	6138	272
6.29/6.30	6.30022	6137	273
6.29/6.33	6.33711	6136	276
6.29/6.37	6.37206	6135	277
6.39/6.41	6.41021	6134	278
6.39/6.44	6.44601	6133	279
6.39/6.48	6.4823	6132	280
6.50/6.52	6.51783	6131	281
6.50/6.55	6.55482	6130	282
6.50/6.59	6.58988	6129	284
6.60/6.63	6.62811	6128	290
6.60/6.66	6.66326	6127	291
6.69/6.70	6.70464	6126	307
6.69/6.74	6.74188	6125	312
6.69/6.78	6.77713	6124	313
6.79/6.81	6.81271	6123	314
6.79/6.85	6.8486	6122	316
6.79/6.88	6.88321	6121	317
6.89/6.92	6.92103	6120	324
6.89/6.95	6.95579	6119	325
6.89/6.99	6.99416	6118	333
6.99/7.03	7.02882	6117	334
6.99/7.06	7.06464	6116	336
7.09/7.10	7.10137	6115	343
7.09/7.14	7.13844	6114	347
7.09/7.17	7.17438	6113	352
7.19/7.21	7.2095	6112	353
7.19/7.24	7.24464	6111	355
7.19/7.28	7.28116	6110	359
7.29/7.32	7.31903	6109	367
7.29/7.35	7.35403	6108	369
7.29/7.39	7.38964	6107	372
7.39/7.42	7.42434	6106	373
7.39/7.46	7.4592	6105	374
7.39/7.49	7.49548	6104	378
7.49/7.53	7.53124	6103	381
7.49/7.57	7.56813	6102	385
7.49/7.60	7.60303	6101	386
7.60/7.64	7.63835	6100	388
7.60/7.67	7.67444	6099	392
7.70/7.71	7.71043	6098	395
7.70/7.75	7.75111	6097	412
7.70/7.79	7.78785	6096	413
7.79/7.82	7.82514	6095	414
7.79/7.86	7.86259	6094	415
7.89/7.90	7.9002	6093	417
7.89/7.93	7.9355	6092	419
7.89/7.97	7.97235	6091	426
7.99/8.00	8.00669	6090	427
7.99/8.04	8.04246	6089	432
7.99/8.08	8.0781	6088	435
8.09/8.11	8.11431	6087	438
8.09/8.15	8.14885	6086	439
8.09/8.19	8.18703	6085	446
8.19/8.22	8.22221	6084	448
8.19/8.26	8.25784	6083	449
8.19/8.29	8.29236	6082	450
8.29/8.33	8.32851	6081	451
8.29/8.36	8.36362	6080	452
8.39/8.40	8.40171	6079	455
8.39/8.44	8.4389	6078	458
8.39/8.47	8.47457	6077	459
8.49/8.51	8.51009	6076	463
8.49/8.54	8.54579	6075	464
8.49/8.58	8.58013	6074	465
8.59/8.61	8.6161	6073	466
8.59/8.65	8.65249	6072	470
8.59/8.69	8.69127	6071	479
8.70/8.73	8.728	6070	484
8.70/8.76	8.76428	6069	485
8.70/8.80	8.80103	6068	488
8.80/8.84	8.83993	6067	489
8.80/8.87	8.87656	6066	490
8.89/8.91	8.91516	6065	494
8.89/8.95	8.9518	6064	496
8.89/8.99	8.99274	6063	512
8.99/9.03	9.02739	6062	514
8.99/9.06	9.06236	6061	516
8.99/9.09	9.09653	6060	517
9.09/9.13	9.13206	6059	518
9.09/9.16	9.16629	6058	519
9.19/9.20	9.20065	6057	520
9.19/9.23	9.2349	6056	521
9.19/9.27	9.27066	6055	525
9.29/9.31	9.31007	6054	536
9.29/9.34	9.34657	6053	539
9.29/9.38	9.38096	6052	541
9.39/9.42	9.41714	6051	544
9.39/9.45	9.4542	6050	546
9.39/9.49	9.49105	6049	548
9.49/9.53	9.52833	6048	551
9.49/9.56	9.56467	6047	552
9.59/9.60	9.59963	6046	554
9.59/9.63	9.63494	6045	558
9.59/9.67	9.66906	6044	559
9.69/9.70	9.70413	6043	561
9.69/9.74	9.73956	6042	564
9.69/9.77	9.77552	6041	566
9.80/9.81	9.8128	6040	572
9.80/9.85	9.84783	6039	574
9.80/9.88	9.88246	6038	576
9.90/9.92	9.91898	6037	582
9.90/9.95	9.9536	6036	583
9.90/9.99	9.98794	6035	584
9.99/10.02	10.0219	6034	585
9.99/10.05	10.0566	6033	586
9.99/10.09	10.0927	6032	590
10.09/10.13	10.1284	6031	595
10.09/10.16	10.1663	6030	605
10.19/10.20	10.2004	6029	606
10.19/10.23	10.2367	6028	607
10.19/10.27	10.273	6027	608
10.29/10.31	10.3106	6026	609
10.29/10.35	10.3472	6025	610
10.29/10.38	10.3844	6024	613
10.39/10.42	10.4215	6023	616
10.39/10.46	10.4583	6022	618
10.39/10.49	10.4956	6021	622
10.49/10.53	10.533	6020	626
10.49/10.57	10.5709	6019	630
10.59/10.61	10.608	6018	633
10.59/10.64	10.6446	6017	635
10.59/10.69	10.6879	6016	656
10.69/10.72	10.7244	6015	658
10.69/10.76	10.7617	6014	662
10.79/10.80	10.7981	6013	663
10.79/10.83	10.8362	6012	666
10.79/10.87	10.873	6011	667
10.90/10.91	10.9099	6010	669
10.90/10.94	10.9463	6009	670
10.90/10.98	10.9844	6008	676
11.00/11.02	11.0209	6007	677
11.00/11.06	11.0573	6006	678
11.00/11.09	11.0933	6005	679
11.09/11.13	11.1296	6004	680
11.09/11.16	11.1664	6003	682
11.19/11.20	11.205	6002	690
11.19/11.24	11.2417	6001	692
11.19/11.28	11.2816	6000	704
11.29/11.32	11.3181	5999	705
11.29/11.35	11.3545	5998	706
11.29/11.39	11.3919	5997	711
11.39/11.43	11.429	5996	714
11.39/11.46	11.465	5995	715
11.49/11.50	11.502	5994	719
11.49/11.55	11.5474	5993	744
11.49/11.58	11.5852	5992	750
11.59/11.62	11.6228	5991	756
11.59/11.66	11.6612	5990	762
11.69/11.70	11.6987	5989	767
11.69/11.73	11.7362	5988	772
11.69/11.78	11.7777	5987	787
11.79/11.82	11.8207	5986	806
11.79/11.86	11.8585	5985	812
11.79/11.89	11.8961	5984	817
11.89/11.93	11.9321	5983	818
11.89/11.97	11.9707	5982	822
12.00/12.01	12.0079	5981	826
12.00/12.04	12.0444	5980	828
12.00/12.09	12.0872	5979	851
12.10/12.12	12.1215	5978	852
12.10/12.15	12.156	5977	854
12.10/12.19	12.1898	5976	856
12.19/12.22	12.2251	5975	860
12.19/12.26	12.261	5974	866
12.19/12.29	12.2945	5973	867
12.29/12.33	12.3295	5972	868
12.29/12.36	12.3637	5971	870
12.39/12.40	12.3985	5970	872
12.39/12.43	12.4343	5969	873
12.39/12.47	12.4746	5968	886
12.49/12.51	12.5104	5967	887
12.49/12.55	12.5511	5966	900
12.49/12.59	12.587	5965	901
12.59/12.62	12.6235	5964	904
12.59/12.66	12.6601	5963	905
12.69/12.70	12.6983	5962	912
12.69/12.73	12.7356	5961	917
12.69/12.77	12.7726	5960	918
12.79/12.81	12.8133	5959	922
12.79/12.85	12.8494	5958	924
12.79/12.89	12.8892	5957	937
12.89/12.93	12.936	5956	938
12.89/12.99	12.9943	5955	939
12.99/13.04	13.0422	5954	944
12.99/13.09	13.094	5953	953
13.10/13.15	13.1536	5952	964
13.10/13.20	13.1994	5951	980
13.20/13.24	13.2371	5950	985
13.20/13.27	13.2765	5949	995
13.29/13.32	13.3189	5948	1001
13.29/13.35	13.3567	5947	1007
13.29/13.39	13.3922	5946	1008
13.39/13.43	13.4307	5945	1017
13.39/13.47	13.4682	5944	1023
13.49/13.50	13.5041	5943	1025
13.49/13.54	13.5407	5942	1028
13.49/13.58	13.5794	5941	1034
13.59/13.62	13.6196	5940	1048
13.59/13.66	13.6574	5939	1055
13.69/13.70	13.6996	5938	1075
13.69/13.73	13.735	5936	1076
13.69/13.77	13.7721	5935	1079
13.79/13.81	13.8106	5934	1080
13.79/13.85	13.8539	5933	1101
13.79/13.89	13.8894	5932	1102
13.89/13.93	13.9286	5931	1113
13.89/13.96	13.9658	5930	1119
13.99/14.00	14.0012	5929	1120
13.99/14.04	14.038	5928	1125
13.99/14.08	14.0799	5927	1141
14.09/14.14	14.1378	5926	1143
14.09/14.17	14.1726	5925	1145
14.20/14.20	14.2063	5924	1146
14.20/14.26	14.2571	5923	1196
14.20/14.29	14.2917	5922	1200
14.30/14.33	14.3289	5921	1207
14.30/14.36	14.3629	5920	1210
14.30/14.39	14.3959	5919	1211
14.39/14.43	14.4357	5918	1231
14.39/14.47	14.47	5917	1233
14.49/14.50	14.5049	5916	1239
14.49/14.54	14.5388	5915	1242
14.49/14.57	14.5729	5914	1244
14.59/14.61	14.6078	5913	1250
14.59/14.65	14.6479	5912	1270
14.59/14.68	14.683	5911	1271
14.69/14.72	14.7245	5910	1288
14.69/14.76	14.761	5909	1291
14.69/14.79	14.795	5908	1293
14.79/14.83	14.8312	5907	1301
14.79/14.86	14.8652	5906	1303
14.89/14.90	14.9001	5905	1308
14.89/14.94	14.9373	5904	1322
14.89/14.99	14.989	5903	1377
14.99/15.02	15.0226	5902	1380
14.99/15.05	15.0567	5901	1383
14.99/15.09	15.0933	5900	1384
15.09/15.13	15.1274	5899	1386
15.09/15.16	15.1608	5898	1388
15.09/15.19	15.1953	5897	1392
15.19/15.25	15.2539	5896	1465
15.19/15.29	15.2932	5895	1483
15.30/15.33	15.3312	5894	1496
15.30/15.36	15.365	5893	1497
15.30/15.40	15.3988	5892	1499
15.40/15.43	15.435	5891	1507
15.40/15.47	15.4693	5890	1512
15.49/15.50	15.5027	5889	1513
15.49/15.54	15.5435	5888	1528
15.49/15.58	15.5794	5887	1537
15.59/15.62	15.6236	5886	1568
15.59/15.67	15.6723	5885	1609
15.69/15.71	15.7073	5884	1610
15.69/15.75	15.7559	5883	1650
15.69/15.79	15.791	5882	1653
15.79/15.83	15.829	5881	1659
15.79/15.86	15.8623	5880	1661
15.79/15.89	15.8959	5879	1664
15.89/15.93	15.9289	5878	1665
15.89/15.96	15.9648	5877	1674
15.99/16.00	15.9983	5876	1677
15.99/16.03	16.0321	5875	1680
15.99/16.06	16.0658	5874	1681
16.09/16.10	16.1006	5873	1688
16.09/16.14	16.1458	5872	1725
16.19/16.20	16.2007	5871	1792
16.19/16.23	16.2361	5870	1800
16.19/16.27	16.2758	5869	1821
16.29/16.31	16.3102	5868	1823
16.29/16.35	16.35	5867	1841
16.29/16.38	16.3851	5866	1846
16.40/16.42	16.4196	5865	1849
16.40/16.45	16.4552	5864	1851
16.40/16.49	16.4965	5863	1876
16.50/16.53	16.5311	5862	1880
16.50/16.56	16.5643	5861	1882
16.59/16.60	16.5975	5860	1884
16.59/16.63	16.6325	5859	1891
16.59/16.67	16.6756	5858	1918
16.69/16.71	16.7111	5857	1919
16.69/16.74	16.7448	5856	1923
16.69/16.78	16.7775	5855	1924
16.79/16.82	16.8186	5854	1946
16.79/16.85	16.8539	5853	1948
16.79/16.89	16.8895	5852	1950
16.89/16.93	16.929	5851	1964
16.89/16.97	16.9711	5850	1975
16.99/17.01	17.0129	5849	1996
16.99/17.05	17.0495	5848	2007
16.99/17.08	17.0835	5847	2011
17.09/17.12	17.1188	5846	2020
17.09/17.15	17.155	5845	2030
17.09/17.19	17.193	5843	2046
17.19/17.29	17.2881	5842	2235
17.29/17.32	17.3261	5841	2248
17.29/17.36	17.3593	5840	2249
17.39/17.42	17.4172	5839	2318
17.39/17.45	17.4522	5838	2322
17.39/17.49	17.4956	5837	2354
17.50/17.53	17.5329	5836	2368
17.50/17.59	17.5901	5835	2440
17.60/17.63	17.6309	5834	2460
17.60/17.67	17.6681	5833	2472
17.69/17.73	17.7333	5831	2570
17.79/17.81	17.8129	5830	2708
17.79/17.86	17.8595	5829	2742
17.79/17.89	17.8959	5828	2747
17.89/17.93	17.931	5827	2749
17.89/17.97	17.976	5826	2778
17.99/18.02	18.0261	5825	2821
17.99/18.09	18.0916	5824	2912
18.09/18.13	18.1329	5823	2938
18.09/18.16	18.1659	5822	2941
18.19/18.20	18.1992	5821	2944
18.19/18.23	18.2357	5820	2957
18.19/18.27	18.2723	5819	2968
18.29/18.35	18.3472	5818	3097
18.29/18.38	18.3802	5817	3099
18.39/18.43	18.4315	5816	3153
18.39/18.49	18.487	5815	3217
18.49/18.60	18.6007	5814	3460
18.60/18.63	18.6342	5813	3463
18.60/18.67	18.6714	5812	3475
18.70/18.72	18.7223	5811	3529
18.70/18.75	18.7558	5810	3531
18.79/18.82	18.8258	5809	3643
18.79/18.87	18.8731	5808	3685
18.89/18.92	18.9175	5807	3722
18.89/18.95	18.9537	5806	3733
18.89/18.99	18.9906	5805	3743
18.99/19.03	19.0289	5804	3752
18.99/19.06	19.064	5803	3754
19.09/19.12	19.1209	5802	3818
19.09/19.15	19.1563	5801	3821
19.09/19.19	19.1926	5800	3826
19.19/19.23	19.2322	5799	3840
19.19/19.28	19.2853	5798	3893
19.29/19.34	19.3379	5797	3944
19.29/19.38	19.3811	5796	3969
19.39/19.41	19.4161	5795	3972
19.39/19.48	19.4803	5794	4059
19.49/19.52	19.5175	5793	4068
19.49/19.55	19.5528	5792	4071
19.59/19.60	19.6015	5791	4107
19.59/19.64	19.6377	5790	4112
19.59/19.69	19.6935	5789	4172
19.70/19.78	19.7801	5788	4328
19.80/19.81	19.8152	5787	4333
19.80/19.85	19.8486	5786	4335
19.80/19.89	19.8956	5785	4381
19.89/19.95	19.9467	5784	4438
19.99/20.00	20.0026	5783	4511
19.99/20.05	20.0465	5782	4548
19.99/20.09	20.0925	5781	4589
20.09/20.13	20.1347	5780	4620
20.19/20.23	20.2353	5779	4832
20.19/20.28	20.2821	5778	4877
20.29/20.33	20.3307	5777	4917
20.29/20.38	20.3772	5776	4961
20.39/20.42	20.4258	5775	5013
20.39/20.47	20.4715	5774	5051
20.49/20.51	20.5105	5773	5073
20.49/20.56	20.5616	5772	5130
20.59/20.60	20.6041	5771	5162
20.59/20.64	20.6404	5770	5174
20.69/20.74	20.7439	5769	5374
20.80/20.84	20.838	5768	5544
20.99/21.01	21.0135	5767	5973
20.99/21.05	21.049	5766	5979
21.09/21.12	21.1218	5765	6103
21.09/21.17	21.1669	5764	6142
21.19/21.22	21.2257	5763	6212
21.19/21.29	21.2867	5762	6298
21.29/21.36	21.3627	5761	6431
21.39/21.46	21.4617	5760	6636
21.49/21.51	21.5075	5759	6677
21.49/21.54	21.5453	5758	6687
21.59/21.60	21.5975	5757	6737
21.59/21.68	21.6778	5756	6884
21.69/21.72	21.7209	5755	6915
21.69/21.79	21.7867	5754	7018
21.79/21.82	21.8201	5753	7020
22.09/22.10	22.0992	5752	7761
22.09/22.16	22.1601	5751	7846
22.29/22.31	22.3088	5750	8196
22.39/22.40	22.3971	5749	8365
22.39/22.47	22.4748	5748	8502
22.59/22.66	22.6584	5747	8958
22.69/22.70	22.7052	5746	9003
22.69/22.76	22.7658	5745	9089
22.89/22.92	22.9258	5744	9465
22.89/22.99	22.9915	5743	9566
22.99/23.06	23.0569	5742	9665
23.09/23.13	23.1337	5741	9797
23.19/23.21	23.2091	5740	9924
23.29/23.31	23.3104	5739	10126
23.39/23.40	23.4001	5738	10298
23.49/23.59	23.5943	5737	10787
23.59/23.65	23.6505	5736	10857
23.69/23.72	23.7206	5735	10973
23.79/23.84	23.841	5734	11213
23.79/23.89	23.8914	5733	11259
23.99/24.01	24.0156	5732	11514
24.29/24.35	24.3511	5731	12353
24.39/24.47	24.4735	5730	12615
24.49/24.53	24.5315	5729	12696
24.59/24.63	24.6301	5728	12898
24.59/24.67	24.6684	5727	12918
24.69/24.72	24.7181	5726	12974
24.69/24.76	24.7656	5725	13022
24.79/24.80	24.8006	5724	13032
24.79/24.84	24.8362	5723	13042
24.89/24.90	24.8998	5722	13136
24.99/25.01	25.0152	5721	13388
25.09/25.12	25.1258	5720	13618
25.19/25.29	25.2886	5719	14001
25.29/25.39	25.3878	5718	14200
25.39/25.46	25.4608	5717	14322
25.39/25.49	25.4951	5716	14329
25.49/25.59	25.5935	5715	14523
25.59/25.67	25.6758	5714	14679
25.79/25.89	25.8954	5713	15240
25.99/26.02	26.0231	5712	15529
26.19/26.20	26.1994	5711	15961
26.19/26.27	26.2662	5710	16064
26.29/26.35	26.3472	5709	16209
26.29/26.39	26.3881	5708	16236
26.49/26.50	26.4981	5707	16468
26.59/26.68	26.6801	5706	16907
26.69/26.76	26.7573	5705	17043
26.99/27.07	27.0748	5704	17882
27.19/27.26	27.2641	5703	18363
27.40/27.49	27.4953	5702	18955
27.79/27.84	27.8451	5701	19911
27.79/27.88	27.8778	5700	19915
27.89/27.94	27.9379	5699	20000
28.50/28.55	28.554	5698	21753
28.60/28.62	28.6192	5697	21852
28.60/28.66	28.666	5696	21899
28.69/28.77	28.7674	5695	22111
28.79/28.85	28.8481	5694	22256
28.89/28.90	28.8982	5693	22311
29.19/29.24	29.2388	5692	23225
29.60/29.62	29.62	5691	24246
29.60/29.69	29.695	5690	24374
29.70/29.74	29.7409	5689	24417
29.79/29.81	29.8094	5688	24522
29.79/29.86	29.8579	5687	24574
29.89/29.97	29.974	5686	24828
29.99/30.05	30.0495	5685	24957
30.09/30.14	30.1415	5684	25141
30.19/30.26	30.2656	5683	25420
30.29/30.31	30.31	5682	25459
30.39/30.42	30.4169	5681	25683
30.88/30.90	30.9057	5680	27050
30.98/31.00	30.9997	5679	27240
31.79/31.84	31.8436	5678	29574
31.89/31.99	31.9864	5677	29911
31.98/32.08	32.0772	5676	30089
32.08/32.11	32.1157	5675	30105
32.38/32.45	32.4463	5674	30987
33.29/33.33	33.3312	5673	33462
33.89/33.92	33.9234	5672	35091
34.79/34.82	34.8199	5671	37612
34.99/35.01	35.0115	5670	38070
35.79/35.86	35.8649	5669	40485
35.99/36.03	36.0293	5668	40882
36.09/36.10	36.0962	5667	40978
36.09/36.18	36.1847	5666	41145
36.30/36.37	36.372	5665	41606
36.59/36.62	36.6162	5664	42235
36.69/36.70	36.6965	5663	42374
36.99/37.07	37.0743	5662	43400
37.49/37.51	37.5154	5661	44612
38.29/38.38	38.3821	5660	47090
39.09/39.14	39.1451	5659	49214
39.39/39.48	39.4813	5658	50117
39.50/39.54	39.543	5657	50205
39.79/39.83	39.8322	5656	50944
40.60/40.63	40.6259	5655	53116
40.79/40.86	40.8637	5654	53730
40.99/41.00	41.0013	5653	54052
41.29/41.38	41.379	5652	55066
41.49/41.57	41.5719	5651	55556
41.80/41.81	41.8144	5650	56146
46.29/46.35	46.3491	5649	69372
46.39/46.42	46.4204	5648	69490
46.59/46.66	46.6647	5647	70121
46.79/46.83	46.8282	5646	70508
47.09/47.11	47.1135	5645	71216
47.98/48.00	48.002	5644	73683
48.29/48.34	48.3415	5643	74590
50.79/50.84	50.8367	5642	81797
50.89/50.92	50.9246	5641	81953
51.60/51.63	51.6278	5640	83856
51.79/51.81	51.8062	5639	84277
54.39/54.46	54.459	5638	91994
58.20/58.20	58.2043	5637	103016
58.39/58.45	58.4453	5636	103641
59.59/59.68	59.6788	5635	107156
60.59/60.61	60.6085	5634	109826
61.69/61.78	61.777	5633	113201
64.59/64.67	64.6695	5632	121550
65.69/65.76	65.7625	5631	124696
66.00/66.03	66.0256	5630	125380
66.09/66.13	66.1259	5629	125591
66.89/66.94	66.9387	5628	127881
67.89/67.98	67.9799	5627	130807
68.59/68.63	68.631	5626	132621
74.89/74.95	74.9507	5625	149828
75.49/75.53	75.5316	5624	151488
75.80/75.83	75.8272	5623	152292
79.79/79.84	79.843	5622	163605
79.99/80.01	80.0073	5621	163979
83.98/84.08	84.0798	5620	174182
84.18/84.29	84.2915	5619	174687
84.59/84.66	84.6573	5618	175612
88.19/88.24	88.2352	5617	185922
98.79/98.90	98.9003	5616	216310
102.79/102.80	102.804	5615	227127
103.89/103.90	103.901	5614	230224
138.59/138.61	138.608	5613	329724
138.68/138.73	138.732	5612	329977
144.78/144.84	144.836	5611	347213
589.37/589.41	589.399	5610	1626261
