1.10/1.13	1.13689	6250	0
1.10/1.17	1.17226	6249	1
1.19/1.20	1.20732	6248	2
1.19/1.24	1.24261	6247	3
1.19/1.28	1.27768	6246	4
1.28/1.31	1.31343	6245	7
1.28/1.35	1.34857	6244	8
1.28/1.38	1.38351	6243	9
1.38/1.42	1.42073	6242	14
1.38/1.45	1.4561	6241	16
1.38/1.49	1.4912	6240	17
1.48/1.52	1.52691	6239	20
1.48/1.56	1.56258	6238	22
1.58/1.60	1.59797	6237	23
1.58/1.63	1.63304	6236	24
1.58/1.67	1.66898	6235	28
1.68/1.70	1.70391	6234	29
1.68/1.74	1.7396	6233	31
1.68/1.77	1.77487	6232	32
1.78/1.81	1.8102	6231	34
1.78/1.84	1.8462	6230	35
1.78/1.88	1.88293	6229	38
1.88/1.92	1.91997	6228	41
1.88/1.95	1.95521	6227	42
1.88/1.99	1.99097	6226	43
1.98/2.02	2.02683	6225	45
1.98/2.06	2.06268	6224	46
1.98/2.10	2.09769	6223	47
2.09/2.13	2.13391	6222	48
2.09/2.17	2.17037	6221	50
2.09/2.20	2.20563	6220	51
2.19/2.24	2.24125	6219	54
2.19/2.27	2.27596	6218	56
2.28/2.31	2.31056	6217	58
2.28/2.34	2.3475	6215	65
2.28/2.38	2.38169	6213	66
2.38/2.41	2.41597	6212	67
2.38/2.45	2.45181	6211	68
2.38/2.48	2.48693	6210	70
2.48/2.52	2.52246	6209	73
2.48/2.55	2.55738	6208	74
2.48/2.59	2.59212	6207	75
2.59/2.62	2.62694	6206	76
2.59/2.66	2.66173	6205	77
2.59/2.69	2.69738	6204	80
2.68/2.73	2.73221	6203	81
2.68/2.76	2.76697	6202	82
2.78/2.80	2.80206	6201	84
2.78/2.83	2.83682	6200	85
2.78/2.87	2.87214	6199	87
2.88/2.91	2.90764	6198	88
2.88/2.94	2.94356	6197	90
2.88/2.98	2.97881	6196	91
2.98/3.01	3.01408	6195	92
2.98/3.05	3.04872	6194	93
2.98/3.08	3.08383	6193	94
3.08/3.12	3.11847	6192	95
3.08/3.15	3.15424	6191	96
3.08/3.19	3.18894	6190	97
3.19/3.22	3.22511	6189	99
3.19/3.26	3.26001	6188	100
3.19/3.29	3.29631	6186	104
3.29/3.33	3.33129	6185	106
3.29/3.36	3.36659	6184	109
3.38/3.40	3.40131	6183	110
3.38/3.43	3.43739	6182	113
3.38/3.47	3.4735	6181	118
3.48/3.51	3.5081	6180	119
3.48/3.54	3.54343	6179	122
3.48/3.58	3.57853	6178	125
3.58/3.61	3.61306	6177	126
3.58/3.64	3.64757	6176	127
3.58/3.68	3.68206	6175	128
3.68/3.71	3.71694	6174	130
3.68/3.75	3.7515	6173	131
3.68/3.78	3.78605	6172	132
3.78/3.82	3.82049	6171	133
3.78/3.85	3.85488	6170	134
3.78/3.89	3.88981	6169	136
3.88/3.92	3.92517	6168	137
3.88/3.96	3.95991	6167	139
3.88/3.99	3.99496	6166	140
3.98/4.03	4.02958	6165	141
3.98/4.06	4.06389	6164	142
4.08/4.10	4.09905	6163	143
4.08/4.13	4.13448	6162	146
4.08/4.17	4.17049	6161	147
4.18/4.20	4.2066	6160	150
4.18/4.24	4.24281	6159	154
4.18/4.27	4.27738	6158	155
4.29/4.31	4.31274	6157	157
4.29/4.35	4.34876	6156	160
4.29/4.38	4.38333	6155	161
4.39/4.42	4.42124	6154	168
4.39/4.46	4.45788	6153	170
4.39/4.49	4.49455	6152	171
4.48/4.53	4.53126	6151	172
4.48/4.57	4.56815	6150	174
4.58/4.60	4.60491	6149	175
4.58/4.64	4.64218	6148	177
4.58/4.68	4.67878	6147	178
4.68/4.71	4.71542	6146	179
4.68/4.75	4.75211	6145	180
4.68/4.79	4.78891	6144	181
4.78/4.82	4.82434	6143	185
4.78/4.86	4.85921	6142	188
4.78/4.89	4.89727	6141	200
4.88/4.93	4.93337	6140	204
4.88/4.97	4.96867	6139	208
4.98/5.00	5.00293	6138	209
4.98/5.04	5.03762	6137	210
4.98/5.07	5.07255	6136	213
5.08/5.11	5.10795	6135	216
5.08/5.14	5.14215	6134	217
5.08/5.18	5.17856	6133	222
5.18/5.21	5.21339	6132	223
5.18/5.25	5.2483	6131	226
5.18/5.28	5.2856	6130	234
5.28/5.32	5.32094	6129	238
5.28/5.35	5.356	6128	239
5.28/5.39	5.39058	6127	241
5.39/5.43	5.42891	6126	248
5.39/5.46	5.46381	6125	250
5.39/5.50	5.49924	6124	253
5.49/5.53	5.53356	6123	254
5.49/5.57	5.56809	6122	256
5.58/5.60	5.60225	6121	257
5.58/5.63	5.63707	6120	259
5.58/5.67	5.6755	6119	265
5.68/5.71	5.71295	6118	269
5.68/5.75	5.74929	6117	270
5.68/5.78	5.78682	6116	274
5.78/5.82	5.82316	6115	275
5.78/5.86	5.85951	6114	276
5.78/5.89	5.89591	6113	277
5.88/5.93	5.93304	6112	278
5.88/5.97	5.9694	6111	279
5.98/6.00	6.0065	6110	281
5.98/6.04	6.04286	6109	282
5.98/6.08	6.07979	6107	287
6.08/6.11	6.11417	6106	289
6.08/6.15	6.14809	6105	290
6.08/6.18	6.18241	6104	291
6.18/6.22	6.21765	6103	295
6.18/6.25	6.25191	6102	296
6.18/6.29	6.28943	6101	303
6.28/6.32	6.32395	6100	305
6.28/6.36	6.36112	6099	314
6.28/6.39	6.39521	6098	315
6.38/6.43	6.43192	6097	319
6.38/6.47	6.46955	6096	328
6.49/6.50	6.5063	6095	335
6.49/6.54	6.54115	6094	336
6.49/6.57	6.57548	6093	338
6.59/6.61	6.61181	6092	344
6.59/6.64	6.64695	6091	348
6.59/6.68	6.68185	6090	351
6.68/6.71	6.71611	6089	353
6.68/6.75	6.75149	6088	358
6.68/6.78	6.78604	6087	360
6.78/6.82	6.82127	6086	365
6.78/6.85	6.85552	6085	367
6.78/6.89	6.89064	6084	371
6.88/6.92	6.92519	6083	372
6.88/6.96	6.95906	6082	373
6.88/6.99	6.99352	6081	375
6.98/7.02	7.02737	6080	376
6.98/7.06	7.06133	6079	377
6.98/7.09	7.09541	6078	378
7.08/7.13	7.12935	6077	379
7.08/7.16	7.16318	6076	380
7.08/7.20	7.1976	6075	382
7.18/7.23	7.23178	6074	384
7.18/7.27	7.26893	6073	394
7.28/7.30	7.30339	6072	395
7.28/7.34	7.33768	6071	397
7.28/7.37	7.37363	6070	402
7.38/7.41	7.4084	6069	403
7.38/7.44	7.44302	6068	404
7.38/7.48	7.47808	6067	407
7.48/7.51	7.51238	6066	409
7.48/7.54	7.54714	6065	410
7.48/7.58	7.58254	6064	415
7.59/7.62	7.61823	6063	419
7.59/7.65	7.65256	6062	420
7.59/7.69	7.68814	6061	425
7.69/7.72	7.72343	6060	429
7.69/7.76	7.75791	6059	431
7.69/7.79	7.79426	6058	439
7.78/7.83	7.82809	6057	440
7.78/7.86	7.86175	6056	441
7.78/7.89	7.89583	6055	443
7.88/7.93	7.93056	6054	444
7.88/7.96	7.96538	6053	448
7.98/8.00	8.00246	6052	459
7.98/8.03	8.03703	6051	462
7.98/8.07	8.07068	6050	463
8.08/8.10	8.10512	6049	466
8.08/8.14	8.13881	6048	467
8.08/8.17	8.1729	6047	469
8.18/8.20	8.20654	6046	470
8.18/8.24	8.24094	6045	473
8.18/8.27	8.27448	6044	474
8.28/8.31	8.30937	6043	477
8.28/8.34	8.3437	6042	480
8.28/8.37	8.37747	6041	481
8.38/8.41	8.41172	6040	482
8.38/8.44	8.44613	6039	483
8.38/8.48	8.48062	6038	484
8.48/8.51	8.5171	6037	487
8.48/8.55	8.55381	6036	489
8.48/8.59	8.59126	6035	494
8.58/8.63	8.6285	6034	498
8.58/8.66	8.66466	6033	499
8.58/8.70	8.70062	6032	500
8.69/8.73	8.7364	6031	501
8.69/8.77	8.77039	6030	503
8.79/8.80	8.80616	6029	508
8.79/8.84	8.83962	6028	509
8.79/8.87	8.87385	6027	512
8.88/8.91	8.90819	6026	515
8.88/8.94	8.94332	6025	518
8.88/8.98	8.97813	6024	523
8.98/9.01	9.01172	6023	524
8.98/9.04	9.0464	6022	527
8.98/9.08	9.0808	6021	528
9.08/9.11	9.11415	6020	529
9.08/9.15	9.1479	6019	531
9.08/9.18	9.18188	6018	532
9.18/9.22	9.21787	6017	534
9.18/9.25	9.25349	6016	535
9.18/9.29	9.28915	6015	536
9.28/9.32	9.32606	6014	539
9.28/9.36	9.3622	6013	541
9.38/9.40	9.4019	6012	548
9.38/9.44	9.43832	6011	549
9.38/9.47	9.47478	6010	551
9.48/9.51	9.51111	6009	553
9.48/9.54	9.54673	6008	554
9.48/9.58	9.58326	6007	555
9.58/9.62	9.62045	6006	560
9.58/9.65	9.65622	6005	561
9.58/9.69	9.69186	6004	562
9.68/9.73	9.73092	6003	571
9.68/9.76	9.76725	6002	573
9.68/9.80	9.80301	6001	574
9.79/9.84	9.84065	6000	579
9.79/9.88	9.87918	5999	588
9.89/9.92	9.91922	5998	599
9.89/9.95	9.95544	5997	602
9.89/9.99	9.99185	5996	605
9.98/10.02	10.0273	5995	606
9.98/10.06	10.0644	5994	611
10.08/10.10	10.0999	5993	612
10.08/10.14	10.1376	5992	619
10.08/10.18	10.179	5991	637
10.18/10.21	10.2144	5990	638
10.18/10.25	10.255	5989	654
10.18/10.29	10.2917	5988	658
10.28/10.33	10.3298	5987	666
10.28/10.37	10.3687	5986	677
10.38/10.40	10.4041	5985	678
10.38/10.44	10.4405	5984	679
10.38/10.47	10.4773	5983	682
10.48/10.51	10.5132	5982	684
10.48/10.55	10.5486	5981	685
10.48/10.58	10.5843	5980	686
10.58/10.62	10.6201	5979	688
10.58/10.65	10.6554	5978	689
10.58/10.69	10.6946	5977	698
10.68/10.73	10.7307	5976	700
10.68/10.77	10.7675	5975	704
10.78/10.80	10.8063	5974	713
10.78/10.84	10.8432	5973	716
10.78/10.88	10.8785	5972	717
10.89/10.91	10.9154	5971	721
10.89/10.95	10.9521	5970	722
10.89/10.99	10.9947	5969	743
10.99/11.03	11.0308	5968	746
10.99/11.06	11.0672	5967	750
11.08/11.10	11.1054	5966	759
11.08/11.14	11.1424	5965	765
11.08/11.18	11.1777	5964	766
11.18/11.21	11.2128	5963	767
11.18/11.25	11.252	5962	779
11.18/11.29	11.2884	5961	782
11.28/11.32	11.3247	5960	786
11.28/11.36	11.3597	5959	787
11.28/11.39	11.3968	5958	792
11.38/11.43	11.4349	5957	798
11.38/11.47	11.4701	5956	799
11.48/11.50	11.5061	5955	802
11.48/11.54	11.5442	5954	811
11.48/11.58	11.5804	5953	814
11.58/11.61	11.6155	5952	815
11.58/11.65	11.6506	5951	816
11.58/11.68	11.6868	5950	818
11.68/11.72	11.722	5949	819
11.68/11.76	11.7599	5948	827
11.68/11.79	11.7968	5947	830
11.78/11.83	11.8329	5946	834
11.78/11.87	11.87	5945	840
11.88/11.90	11.9062	5944	843
11.88/11.94	11.9429	5943	844
11.88/11.98	11.9783	5942	846
11.99/12.01	12.0158	5941	852
11.99/12.05	12.0514	5940	855
11.99/12.08	12.0867	5939	862
12.09/12.12	12.1214	5938	867
12.09/12.15	12.1542	5937	868
12.09/12.18	12.1872	5936	869
12.18/12.22	12.2204	5935	871
12.18/12.26	12.258	5934	886
12.18/12.29	12.2909	5933	887
12.28/12.32	12.3247	5932	891
12.28/12.36	12.3575	5931	892
12.28/12.39	12.391	5930	893
12.38/12.43	12.4299	5929	903
12.38/12.46	12.4663	5928	907
12.48/12.50	12.4998	5927	910
12.48/12.53	12.5332	5926	912
12.48/12.56	12.5663	5925	914
12.58/12.60	12.6001	5924	918
12.58/12.63	12.6329	5923	919
12.58/12.66	12.6656	5922	920
12.68/12.70	12.6984	5921	921
12.68/12.74	12.7376	5920	942
12.68/12.77	12.7706	5919	944
12.78/12.80	12.8073	5918	954
12.78/12.84	12.8422	5917	955
12.78/12.88	12.8793	5916	961
12.88/12.91	12.9158	5915	965
12.88/12.95	12.9525	5914	968
12.88/12.99	12.9877	5912	969
12.98/13.02	13.0231	5911	971
12.98/13.06	13.0591	5910	973
12.98/13.09	13.0944	5909	975
13.09/13.13	13.131	5908	979
13.09/13.16	13.1665	5907	982
13.09/13.20	13.2023	5906	985
13.19/13.23	13.2369	5905	991
13.19/13.27	13.2694	5904	992
13.28/13.30	13.3046	5903	1000
13.28/13.34	13.3395	5902	1008
13.28/13.37	13.3747	5901	1016
13.38/13.40	13.4073	5900	1017
13.38/13.44	13.4425	5899	1024
13.38/13.47	13.4751	5898	1025
13.48/13.51	13.5107	5897	1034
13.48/13.54	13.545	5896	1040
13.48/13.58	13.5779	5895	1042
13.58/13.61	13.6112	5894	1045
13.58/13.64	13.6437	5893	1046
13.58/13.67	13.677	5892	1049
13.68/13.71	13.7099	5891	1051
13.68/13.75	13.7503	5890	1077
13.68/13.79	13.7918	5889	1105
13.78/13.82	13.8251	5888	1108
13.78/13.87	13.8715	5887	1149
13.88/13.92	13.9225	5886	1203
13.88/13.96	13.958	5885	1212
13.88/13.99	13.9928	5884	1215
13.98/14.02	14.0269	5883	1221
13.98/14.06	14.0617	5882	1226
13.98/14.09	14.0971	5881	1234
14.08/14.13	14.1347	5880	1247
14.08/14.16	14.1672	5879	1248
14.19/14.20	14.2054	5878	1265
14.19/14.24	14.2414	5877	1275
14.19/14.28	14.2838	5876	1306
14.29/14.32	14.3174	5875	1309
14.29/14.35	14.3539	5874	1319
14.29/14.39	14.3929	5873	1332
14.38/14.43	14.4292	5872	1335
14.38/14.47	14.4687	5871	1350
14.48/14.51	14.5165	5870	1388
14.48/14.55	14.5514	5869	1390
14.48/14.58	14.586	5868	1391
14.58/14.62	14.627	5867	1411
14.58/14.66	14.6648	5866	1421
14.68/14.71	14.7105	5865	1452
14.68/14.76	14.7576	5864	1489
14.68/14.79	14.792	5863	1490
14.78/14.83	14.8275	5862	1493
14.78/14.87	14.8755	5861	1532
14.88/14.91	14.91	5860	1533
14.88/14.95	14.9492	5859	1544
14.88/14.99	14.9953	5858	1576
14.99/15.03	15.0335	5857	1588
14.99/15.08	15.0773	5856	1614
15.09/15.13	15.1281	5855	1658
15.09/15.16	15.1627	5854	1659
15.19/15.20	15.1993	5853	1665
15.19/15.23	15.2341	5852	1666
15.19/15.27	15.2695	5851	1669
15.30/15.31	15.3136	5850	1693
15.30/15.36	15.3594	5849	1726
15.30/15.39	15.3945	5848	1728
15.40/15.45	15.4506	5847	1790
15.40/15.49	15.4902	5846	1805
15.49/15.52	15.5248	5845	1806
15.49/15.56	15.5597	5844	1809
15.59/15.62	15.6203	5843	1886
15.59/15.68	15.6804	5842	1961
15.69/15.71	15.7147	5841	1962
15.69/15.76	15.7586	5840	1989
15.69/15.79	15.7938	5839	1992
15.79/15.83	15.8297	5838	1997
15.79/15.88	15.8847	5837	2058
15.89/15.94	15.9427	5836	2126
15.89/15.98	15.9831	5835	2144
15.99/16.02	16.0173	5834	2145
15.99/16.06	16.0605	5833	2170
15.99/16.09	16.0964	5832	2173
16.09/16.14	16.1375	5831	2198
16.09/16.17	16.1732	5830	2208
16.19/16.22	16.2233	5829	2262
16.19/16.26	16.2636	5828	2285
16.19/16.29	16.2958	5827	2286
16.29/16.34	16.3377	5826	2315
16.29/16.40	16.4011	5825	2412
16.40/16.44	16.441	5824	2432
16.40/16.49	16.4917	5823	2488
16.50/16.53	16.5306	5822	2509
16.50/16.56	16.563	5821	2511
16.50/16.59	16.5972	5820	2518
16.59/16.64	16.6455	5818	2567
16.59/16.69	16.6921	5817	2610
16.69/16.73	16.7299	5816	2628
16.69/16.77	16.7716	5815	2659
16.79/16.81	16.8086	5814	2675
16.79/16.86	16.8669	5813	2756
16.89/16.90	16.899	5812	2757
16.89/16.99	16.9891	5811	2936
16.99/17.02	17.021	5810	2937
16.99/17.07	17.0714	5809	2992
17.09/17.11	17.1083	5808	3006
17.09/17.14	17.1416	5807	3011
17.19/17.20	17.1983	5806	3087
17.19/17.23	17.232	5805	3089
17.19/17.27	17.2673	5804	3093
17.29/17.32	17.3223	5803	3148
17.29/17.37	17.3754	5802	3202
17.39/17.41	17.4103	5801	3205
17.39/17.46	17.4587	5800	3241
17.39/17.50	17.5017	5799	3258
17.50/17.54	17.5408	5798	3263
17.50/17.60	17.5988	5797	3330
17.60/17.64	17.639	5796	3349
17.60/17.68	17.6786	5795	3357
17.69/17.71	17.7161	5794	3365
17.69/17.78	17.7847	5793	3457
17.79/17.82	17.8195	5792	3458
17.79/17.87	17.8712	5791	3507
17.89/17.98	17.9789	5790	3714
17.99/18.01	18.0147	5789	3717
17.99/18.05	18.0535	5788	3730
17.99/18.09	18.0934	5787	3744
18.09/18.14	18.1379	5786	3773
18.09/18.19	18.1968	5785	3838
18.19/18.27	18.2699	5784	3952
18.29/18.30	18.3037	5783	3957
18.29/18.36	18.3647	5782	4048
18.39/18.42	18.4216	5781	4117
18.39/18.46	18.4579	5780	4130
18.49/18.52	18.5198	5779	4220
18.49/18.55	18.5572	5778	4235
18.49/18.60	18.5992	5777	4267
18.60/18.64	18.6415	5776	4295
18.70/18.70	18.706	5775	4391
18.70/18.77	18.7735	5774	4500
18.79/18.81	18.8143	5773	4526
18.79/18.88	18.8813	5772	4633
18.89/18.92	18.9272	5771	4673
18.99/19.01	19.0118	5770	4836
18.99/19.06	19.0613	5769	4893
19.09/19.11	19.1128	5768	4955
19.09/19.15	19.1524	5767	4979
19.19/19.24	19.2449	5766	5169
19.19/19.29	19.295	5765	5228
19.29/19.36	19.3628	5764	5340
19.39/19.41	19.4083	5763	5376
19.39/19.46	19.4668	5762	5456
19.49/19.52	19.5176	5761	5511
19.49/19.58	19.5869	5760	5626
19.59/19.65	19.6481	5759	5713
19.70/19.71	19.7105	5758	5806
19.70/19.75	19.7508	5757	5832
19.70/19.78	19.7848	5756	5839
19.80/19.82	19.8247	5755	5862
19.80/19.88	19.883	5754	5944
19.89/19.93	19.9293	5753	5988
19.89/19.96	19.9664	5752	6005
19.99/20.01	20.015	5751	6058
19.99/20.09	20.0944	5750	6203
20.09/20.13	20.1358	5749	6234
20.19/20.21	20.2093	5748	6360
20.29/20.32	20.3233	5747	6619
20.39/20.44	20.4418	5746	6872
20.49/20.51	20.5102	5745	6973
20.49/20.59	20.5928	5744	7108
20.69/20.71	20.7088	5743	7340
20.79/20.83	20.8274	5742	7581
20.89/20.92	20.9189	5741	7745
20.89/20.96	20.9646	5740	7780
21.09/21.17	21.1701	5739	8272
21.29/21.35	21.3505	5738	8699
21.39/21.42	21.4269	5737	8818
21.39/21.48	21.4783	5736	8870
21.49/21.52	21.522	5735	8898
21.59/21.69	21.688	5734	9265
21.79/21.85	21.8505	5733	9629
21.79/21.89	21.8936	5732	9657
21.99/22.04	22.0399	5731	9974
21.99/22.07	22.0734	5730	9975
22.09/22.15	22.1551	5729	10121
22.29/22.33	22.3283	5728	10554
22.29/22.39	22.3934	5727	10660
22.49/22.57	22.5679	5726	11072
22.59/22.64	22.642	5725	11186
22.69/22.74	22.7458	5724	11390
22.79/22.89	22.8957	5722	11718
22.89/22.94	22.9447	5721	11755
22.99/23.01	23.0088	5720	11840
23.29/23.35	23.3487	5719	12722
23.29/23.38	23.3841	5718	12728
23.39/23.44	23.4416	5717	12797
23.39/23.47	23.4765	5716	12802
23.49/23.51	23.5156	5715	12819
23.69/23.74	23.7384	5714	13367
23.89/23.98	23.9787	5713	13963
23.99/24.05	24.0508	5712	14075
24.39/24.46	24.4654	5711	15254
24.49/24.55	24.5541	5710	15416
24.59/24.63	24.6287	5709	15534
24.59/24.68	24.6836	5708	15595
24.69/24.72	24.7176	5707	15598
24.79/24.81	24.8081	5706	15760
24.79/24.87	24.8759	5705	15858
25.09/25.10	25.1005	5704	16397
25.19/25.25	25.2557	5703	16741
25.59/25.60	25.6032	5702	17633
25.69/25.71	25.7148	5701	17855
25.69/25.75	25.7488	5700	17857
25.79/25.87	25.8714	5699	18110
25.89/25.92	25.9192	5698	18147
26.09/26.10	26.0978	5697	18559
26.09/26.14	26.1381	5696	18579
26.19/26.29	26.289	5695	18925
26.69/26.73	26.735	5694	20182
27.29/27.32	27.3175	5693	21745
27.50/27.57	27.5767	5692	22384
27.69/27.72	27.722	5691	22703
27.89/27.96	27.9635	5690	23283
27.99/28.02	28.0237	5689	23361
28.19/28.27	28.2768	5688	23983
28.29/28.31	28.3123	5687	23989
28.69/28.76	28.7609	5686	25165
28.79/28.81	28.81	5685	25209
28.79/28.87	28.8758	5684	25303
29.09/29.10	29.0993	5683	25842
29.39/29.47	29.4702	5682	26797
29.89/29.95	29.9521	5681	28071
30.09/30.11	30.1164	5680	28450
30.59/30.65	30.6531	5679	29981
31.18/31.22	31.2221	5678	31618
31.28/31.34	31.3443	5677	31894
31.58/31.60	31.6015	5676	32533
31.68/31.80	31.8032	5675	33023
32.18/32.29	32.2942	5674	34400
32.68/32.73	32.7311	5673	35536
32.99/33.09	33.0895	5672	36522
33.08/33.12	33.121	5671	36524
33.18/33.27	33.2706	5670	36860
35.19/35.29	35.2922	5669	42629
37.89/37.96	37.964	5668	50405
37.99/38.07	38.0702	5667	50632
38.89/38.94	38.9428	5666	53044
40.28/40.39	40.3894	5665	57182
40.39/40.46	40.4609	5664	57303
40.70/40.71	40.7157	5663	57968
40.79/40.81	40.8068	5662	58150
41.59/41.60	41.6	5661	60309
41.59/41.68	41.6772	5660	60434
41.80/41.84	41.8381	5659	60812
41.99/42.06	42.0572	5658	61381
42.19/42.23	42.2277	5657	61809
42.29/42.39	42.3908	5656	62186
42.49/42.51	42.5087	5655	62443
42.69/42.72	42.721	5653	62989
43.09/43.10	43.1031	5652	64064
43.19/43.23	43.2273	5651	64322
43.49/43.58	43.5831	5650	65241
44.39/44.42	44.4246	5649	67554
45.49/45.50	45.4978	5648	70530
45.49/45.56	45.5643	5647	70628
45.69/45.78	45.7804	5646	71156
46.29/46.33	46.3301	5644	72658
46.69/46.70	46.705	5643	73673
49.29/49.32	49.3194	5642	81068
49.99/50.08	50.0779	5641	83194
50.09/50.14	50.1463	5640	83298
52.49/52.50	52.4989	5639	89883
52.80/52.89	52.8906	5638	90906
53.39/53.41	53.4156	5637	92304
56.59/56.63	56.63	5636	101709
57.38/57.46	57.4645	5635	104148
64.18/64.27	64.2727	5634	124452
66.19/66.23	66.2292	5633	130058
71.28/71.40	71.4034	5632	145064
74.39/74.43	74.4328	5631	153849
74.59/74.64	74.6421	5630	154342
75.59/75.66	75.6576	5629	157124
75.69/75.76	75.7573	5628	157315
77.29/77.30	77.3035	5627	161637
77.89/77.92	77.9191	5626	163292
84.60/84.69	84.689	5625	182913
87.48/87.59	87.5876	5624	191315
87.89/87.97	87.9727	5623	192379
88.29/88.30	88.2972	5622	193219
98.89/98.97	98.9656	5621	223837
100.19/100.21	100.208	5620	227427
155.18/155.29	155.288	5619	388173
171.98/172.09	172.087	5618	436833
204.19/204.28	204.272	5617	530787
205.19/205.29	205.285	5616	533634
210.09/210.17	210.169	5615	547554
213.48/213.51	213.502	5614	557071
282.18/282.20	282.193	5613	758005
343.68/343.70	343.694	5612	936429
398.78/398.83	398.822	5611	1096418
398.78/398.90	398.887	5610	1096521
