1.00/1.06	1.05966	6260	0
1.00/1.10	1.09879	6259	4
1.10/1.14	1.13811	6258	8
1.10/1.17	1.17618	6257	10
1.20/1.21	1.21477	6256	13
1.20/1.25	1.25322	6254	14
1.20/1.29	1.29074	6253	15
1.29/1.33	1.32858	6252	16
1.29/1.36	1.36651	6251	17
1.39/1.40	1.40406	6250	18
1.39/1.44	1.44179	6249	19
1.39/1.48	1.4786	6248	22
1.49/1.51	1.51406	6247	23
1.49/1.55	1.55018	6246	25
1.49/1.58	1.58543	6245	26
1.59/1.62	1.62034	6244	27
1.59/1.65	1.65525	6243	28
1.59/1.69	1.69064	6242	29
1.69/1.72	1.72565	6241	30
1.69/1.76	1.76124	6240	31
1.69/1.80	1.79733	6239	35
1.79/1.83	1.83275	6238	36
1.79/1.87	1.86815	6237	38
1.89/1.90	1.90412	6236	41
1.89/1.94	1.94028	6235	45
1.89/1.97	1.9772	6234	47
1.99/2.01	2.0152	6233	48
1.99/2.05	2.05254	6232	49
1.99/2.09	2.09014	6231	50
2.10/2.13	2.12748	6230	51
2.10/2.17	2.1733	6229	54
2.20/2.21	2.21216	6228	57
2.20/2.25	2.25008	6227	58
2.20/2.29	2.28731	6226	59
2.29/2.32	2.32459	6225	60
2.29/2.36	2.36229	6224	62
2.39/2.40	2.40003	6223	64
2.39/2.43	2.43723	6222	65
2.39/2.47	2.47474	6220	66
2.49/2.51	2.51216	6219	67
2.49/2.55	2.54977	6218	68
2.49/2.58	2.58706	6217	69
2.59/2.62	2.62423	6216	70
2.59/2.66	2.66167	6215	71
2.69/2.70	2.69924	6214	72
2.69/2.73	2.73664	6213	73
2.69/2.77	2.77478	6212	75
2.79/2.81	2.812	6211	76
2.79/2.85	2.8498	6210	78
2.79/2.88	2.88705	6209	79
2.89/2.92	2.92446	6208	81
2.89/2.96	2.96262	6207	83
2.99/3.00	2.99996	6206	84
2.99/3.04	3.04031	6205	93
2.99/3.08	3.07744	6204	94
3.09/3.11	3.11456	6203	95
3.09/3.15	3.1516	6202	96
3.09/3.19	3.1891	6201	98
3.20/3.22	3.22662	6200	100
3.20/3.26	3.26436	6199	101
3.20/3.30	3.30152	6198	102
3.30/3.34	3.33928	6197	105
3.30/3.37	3.37627	6196	106
3.39/3.41	3.41442	6195	110
3.39/3.45	3.45141	6194	111
3.39/3.49	3.489	6193	113
3.49/3.52	3.5263	6192	114
3.49/3.56	3.56369	6191	116
3.59/3.60	3.6006	6190	117
3.59/3.64	3.63755	6189	118
3.59/3.67	3.67556	6188	121
3.69/3.71	3.71249	6187	122
3.69/3.75	3.75047	6186	123
3.69/3.79	3.78791	6185	125
3.79/3.82	3.82583	6184	128
3.79/3.86	3.86306	6183	130
3.89/3.90	3.89994	6182	131
3.89/3.94	3.93783	6181	134
3.89/3.97	3.97676	6180	140
3.99/4.02	4.02348	6179	143
3.99/4.08	4.08539	6178	144
4.09/4.13	4.13406	6177	145
4.09/4.18	4.18157	6176	146
4.19/4.24	4.23732	6175	147
4.19/4.30	4.29918	6174	148
4.30/4.35	4.3475	6173	149
4.30/4.39	4.39526	6172	151
4.40/4.44	4.44252	6171	152
4.49/4.51	4.50788	6170	155
4.49/4.57	4.57146	6169	157
4.59/4.62	4.62026	6168	158
4.59/4.66	4.66711	6167	159
4.69/4.71	4.71597	6166	163
4.69/4.76	4.7653	6165	164
4.79/4.81	4.81278	6164	166
4.79/4.86	4.85966	6163	167
4.89/4.91	4.90834	6162	171
4.89/4.95	4.95519	6161	172
4.99/5.00	5.00197	6160	173
4.99/5.05	5.04991	6159	176
5.09/5.10	5.09861	6158	181
5.09/5.17	5.17065	6157	187
5.19/5.23	5.23462	6156	190
5.19/5.28	5.28409	6155	192
5.29/5.33	5.33234	6154	195
5.29/5.38	5.38053	6153	198
5.40/5.43	5.4279	6152	200
5.40/5.47	5.47531	6151	202
5.50/5.53	5.52766	6150	213
5.50/5.57	5.57439	6149	214
5.59/5.62	5.62117	6148	215
5.59/5.67	5.66785	6147	216
5.69/5.71	5.71453	6146	217
5.69/5.76	5.76176	6145	218
5.79/5.80	5.80213	6144	219
5.79/5.84	5.83961	6143	224
5.79/5.88	5.87745	6142	228
5.89/5.91	5.91413	6141	229
5.89/5.95	5.95122	6140	231
5.89/5.99	5.98827	6139	233
5.99/6.02	6.02561	6137	235
5.99/6.06	6.06568	6136	236
6.09/6.10	6.10382	6135	241
6.09/6.14	6.14034	6134	242
6.09/6.19	6.19555	6133	256
6.19/6.26	6.26059	6132	258
6.29/6.32	6.32277	6131	259
6.29/6.37	6.36911	6130	261
6.39/6.40	6.40564	6129	262
6.39/6.44	6.44242	6127	263
6.39/6.48	6.47892	6126	264
6.50/6.51	6.51541	6125	265
6.50/6.55	6.55181	6124	266
6.50/6.59	6.58858	6123	267
6.60/6.65	6.64892	6122	270
6.69/6.70	6.69742	6121	271
6.69/6.76	6.75849	6120	273
6.79/6.80	6.79817	6119	278
6.79/6.83	6.83536	6118	280
6.79/6.87	6.87228	6117	282
6.89/6.91	6.90957	6116	285
6.89/6.94	6.94627	6115	287
6.89/6.98	6.98664	6114	299
6.99/7.02	7.02476	6112	303
6.99/7.06	7.06156	6111	305
7.09/7.10	7.09821	6110	306
7.09/7.13	7.13458	6109	307
7.09/7.17	7.17242	6108	311
7.19/7.21	7.20916	6107	313
7.19/7.24	7.24686	6106	316
7.19/7.28	7.28425	6105	319
7.29/7.32	7.32284	6104	320
7.29/7.39	7.38969	6103	321
7.39/7.45	7.45442	6102	326
7.49/7.50	7.5007	6101	328
7.49/7.54	7.5378	6100	331
7.49/7.58	7.57765	6099	342
7.60/7.61	7.61442	6098	343
7.60/7.65	7.65161	6097	346
7.60/7.69	7.68785	6096	347
7.70/7.72	7.72416	6095	348
7.70/7.76	7.75897	6094	349
7.70/7.79	7.79367	6093	351
7.79/7.83	7.8281	6092	352
7.79/7.86	7.86358	6091	353
7.89/7.90	7.90023	6090	355
7.89/7.94	7.93769	6089	359
7.89/7.97	7.97395	6088	360
7.99/8.01	8.01007	6087	361
7.99/8.04	8.0451	6086	362
7.99/8.08	8.08025	6085	365
8.09/8.13	8.13102	6084	366
8.09/8.18	8.17857	6082	369
8.19/8.24	8.24173	6081	370
8.29/8.30	8.2999	6080	371
8.29/8.36	8.3611	6079	377
8.39/8.43	8.4274	6077	388
8.39/8.48	8.48122	6076	392
8.49/8.54	8.54491	6075	394
8.59/8.61	8.61081	6074	401
8.59/8.66	8.65871	6073	402
8.59/8.70	8.70455	6072	403
8.70/8.75	8.75171	6071	405
8.70/8.80	8.79864	6070	408
8.80/8.84	8.84642	6069	413
8.80/8.89	8.89231	6068	414
8.89/8.94	8.93819	6067	415
8.89/8.98	8.9858	6065	420
8.99/9.03	9.0322	6064	421
8.99/9.08	9.07819	6063	422
9.09/9.12	9.12521	6062	425
9.09/9.17	9.17184	6061	427
9.19/9.22	9.21825	6060	429
9.19/9.26	9.26472	6059	430
9.29/9.31	9.31058	6058	431
9.29/9.35	9.35647	6057	432
9.39/9.40	9.40453	6056	438
9.39/9.46	9.46224	6055	441
9.49/9.51	9.51123	6054	442
9.49/9.56	9.55834	6053	443
9.59/9.62	9.62312	6052	444
9.59/9.68	9.67959	6051	458
9.69/9.73	9.72756	6050	460
9.69/9.77	9.77542	6049	462
9.80/9.82	9.8218	6048	464
9.80/9.88	9.88549	6047	467
9.90/9.95	9.95431	6046	479
9.99/10.00	10.0034	6045	483
9.99/10.05	10.0518	6044	490
10.09/10.10	10.0981	6043	492
10.09/10.14	10.144	6042	493
10.09/10.19	10.1897	6041	494
10.19/10.24	10.2392	6040	503
10.19/10.29	10.2889	6039	510
10.29/10.33	10.336	6038	513
10.29/10.38	10.3825	6037	515
10.39/10.44	10.4403	6036	541
10.39/10.48	10.4863	6035	543
10.49/10.53	10.5338	6034	548
10.49/10.58	10.5807	6033	551
10.59/10.62	10.6264	6032	552
10.59/10.66	10.6657	6031	555
10.69/10.70	10.7013	6030	556
10.69/10.74	10.737	6029	557
10.69/10.77	10.774	6028	559
10.79/10.84	10.8389	6027	560
10.79/10.90	10.8997	6026	563
10.90/10.94	10.9441	6025	565
10.90/10.98	10.9803	6024	566
11.00/11.02	11.0222	6023	567
11.00/11.06	11.0584	6022	568
11.00/11.09	11.095	6021	571
11.09/11.13	11.1309	6020	573
11.09/11.19	11.1949	6019	575
11.19/11.25	11.2489	6018	576
11.29/11.31	11.3136	6017	577
11.29/11.36	11.3642	6016	579
11.39/11.40	11.402	6015	583
11.39/11.44	11.4375	6014	584
11.39/11.47	11.4739	6013	587
11.49/11.51	11.5103	6012	589
11.49/11.55	11.5478	6011	595
11.49/11.58	11.5854	6010	608
11.59/11.62	11.6224	6009	614
11.59/11.66	11.6592	6008	618
11.69/11.70	11.7004	6007	635
11.69/11.74	11.737	6006	639
11.69/11.77	11.7738	6005	641
11.79/11.81	11.8104	6004	645
11.79/11.85	11.8479	6003	650
11.79/11.88	11.8853	6002	656
11.89/11.92	11.9215	6001	658
11.89/11.97	11.9747	6000	659
12.00/12.03	12.0296	5999	660
12.00/12.08	12.0783	5998	661
12.10/12.14	12.1457	5997	671
12.10/12.19	12.1897	5996	672
12.19/12.22	12.2256	5995	674
12.19/12.26	12.2627	5994	677
12.19/12.29	12.296	5993	678
12.29/12.33	12.3293	5992	679
12.29/12.36	12.3632	5991	681
12.39/12.40	12.4022	5990	697
12.39/12.44	12.4377	5989	698
12.39/12.47	12.4731	5988	699
12.49/12.51	12.5086	5987	700
12.49/12.55	12.5473	5986	710
12.49/12.58	12.5827	5985	711
12.59/12.62	12.6191	5984	714
12.59/12.65	12.656	5983	718
12.59/12.69	12.6925	5982	721
12.69/12.73	12.7278	5981	722
12.69/12.76	12.7657	5980	728
12.79/12.80	12.8021	5979	732
12.79/12.85	12.8529	5978	735
12.89/12.91	12.91	5977	738
12.89/12.97	12.9688	5976	739
12.99/13.03	13.0338	5975	746
12.99/13.08	13.0862	5974	765
13.10/13.12	13.1228	5973	769
13.10/13.16	13.1581	5972	770
13.10/13.19	13.1938	5971	772
13.20/13.23	13.2308	5970	776
13.20/13.27	13.2687	5969	777
13.29/13.33	13.3324	5968	780
13.29/13.39	13.3895	5967	792
13.39/13.44	13.4378	5966	793
13.49/13.51	13.5124	5965	811
13.49/13.56	13.5618	5964	813
13.59/13.61	13.608	5963	816
13.59/13.65	13.655	5962	822
13.69/13.71	13.7144	5961	855
13.69/13.76	13.7646	5960	865
13.79/13.81	13.8096	5959	866
13.79/13.86	13.8573	5958	872
13.89/13.90	13.9037	5957	875
13.89/13.95	13.9486	5956	876
13.99/14.00	13.997	5955	885
13.99/14.06	14.0574	5954	890
14.09/14.11	14.1128	5953	895
14.09/14.16	14.1661	5952	914
14.20/14.21	14.2109	5951	915
14.20/14.27	14.2725	5950	920
14.30/14.34	14.3462	5949	944
14.39/14.42	14.4211	5948	1008
14.39/14.46	14.4658	5947	1009
14.49/14.51	14.5116	5946	1011
14.49/14.56	14.5572	5945	1014
14.59/14.62	14.6188	5944	1015
14.59/14.67	14.676	5943	1018
14.69/14.74	14.7397	5942	1023
14.69/14.79	14.794	5941	1039
14.79/14.84	14.8386	5940	1040
14.79/14.88	14.8844	5939	1043
14.89/14.93	14.9322	5938	1051
14.89/14.98	14.9796	5937	1058
14.99/15.02	15.0259	5936	1062
14.99/15.07	15.072	5935	1065
15.09/15.12	15.1166	5934	1066
15.09/15.18	15.1795	5933	1070
15.19/15.24	15.2388	5932	1080
15.19/15.29	15.2871	5931	1085
15.30/15.33	15.3319	5930	1086
15.30/15.38	15.3807	5929	1095
15.40/15.43	15.4271	5928	1100
15.40/15.47	15.4733	5927	1103
15.49/15.51	15.5123	5926	1104
15.49/15.57	15.5681	5925	1114
15.59/15.63	15.6296	5924	1131
15.59/15.67	15.6696	5923	1138
15.69/15.70	15.7054	5922	1141
15.69/15.75	15.7487	5921	1162
15.69/15.78	15.7828	5920	1163
15.79/15.82	15.8211	5919	1182
15.79/15.85	15.8546	5918	1185
15.79/15.89	15.889	5917	1191
15.89/15.92	15.9216	5916	1192
15.89/15.95	15.9546	5915	1193
15.99/16.00	15.998	5914	1218
15.99/16.04	16.0462	5913	1257
15.99/16.08	16.0842	5912	1266
16.09/16.12	16.1191	5911	1267
16.09/16.16	16.1606	5910	1285
16.09/16.19	16.1961	5909	1288
16.19/16.23	16.2338	5908	1297
16.19/16.27	16.2692	5907	1298
16.29/16.30	16.305	5906	1301
16.29/16.34	16.3411	5905	1305
16.29/16.38	16.377	5904	1309
16.40/16.41	16.4154	5903	1320
16.40/16.45	16.4512	5902	1323
16.40/16.48	16.4851	5901	1325
16.50/16.52	16.5197	5900	1331
16.50/16.56	16.5602	5899	1348
16.59/16.60	16.6031	5898	1370
16.59/16.64	16.64	5897	1377
16.59/16.67	16.6747	5896	1378
16.69/16.71	16.7097	5895	1379
16.69/16.74	16.7452	5894	1380
16.69/16.79	16.7923	5893	1416
16.79/16.83	16.8292	5892	1423
16.79/16.87	16.8728	5891	1448
16.89/16.92	16.9179	5890	1478
16.89/16.95	16.9536	5889	1481
16.89/16.99	16.9926	5888	1495
16.99/17.02	17.0256	5886	1498
16.99/17.06	17.0606	5885	1503
17.09/17.10	17.0967	5884	1505
17.09/17.14	17.1427	5883	1538
17.09/17.18	17.1791	5882	1543
17.19/17.21	17.2144	5881	1545
17.19/17.25	17.2514	5880	1550
17.19/17.29	17.2883	5879	1558
17.29/17.32	17.3262	5878	1568
17.29/17.36	17.363	5877	1574
17.39/17.42	17.4211	5876	1581
17.39/17.47	17.4748	5875	1586
17.50/17.52	17.52	5874	1589
17.50/17.59	17.5876	5873	1595
17.60/17.64	17.6405	5872	1607
17.60/17.69	17.6911	5871	1650
17.69/17.73	17.7269	5870	1653
17.69/17.78	17.7767	5869	1692
17.79/17.81	17.8125	5868	1697
17.79/17.85	17.85	5867	1707
17.79/17.89	17.8937	5866	1732
17.89/17.93	17.9325	5865	1745
17.99/18.00	18.0044	5864	1851
17.99/18.04	18.0396	5863	1853
17.99/18.07	18.0743	5862	1854
18.09/18.11	18.1099	5861	1857
18.09/18.15	18.1528	5860	1878
18.09/18.19	18.1878	5859	1879
18.19/18.23	18.2268	5858	1891
18.19/18.26	18.2624	5857	1893
18.29/18.30	18.299	5856	1899
18.29/18.33	18.3335	5855	1900
18.39/18.41	18.4127	5854	2032
18.39/18.46	18.4573	5853	2062
18.49/18.51	18.5064	5852	2106
18.49/18.54	18.5433	5851	2113
18.49/18.58	18.58	5850	2120
18.60/18.62	18.6194	5849	2134
18.60/18.69	18.6878	5848	2232
18.70/18.74	18.7363	5847	2272
18.70/18.79	18.7931	5846	2317
18.79/18.86	18.858	5845	2330
18.89/18.91	18.9115	5844	2350
18.99/19.00	18.9988	5843	2432
18.99/19.06	19.0643	5842	2452
19.08/19.16	19.1622	5841	2614
19.18/19.20	19.1965	5840	2615
19.18/19.25	19.2556	5839	2684
19.18/19.29	19.291	5838	2688
19.28/19.33	19.3315	5837	2706
19.28/19.37	19.3724	5836	2722
19.38/19.42	19.4195	5835	2741
19.48/19.53	19.5269	5834	2826
19.48/19.58	19.5819	5833	2831
19.58/19.63	19.6264	5832	2847
19.58/19.68	19.6814	5831	2907
19.69/19.73	19.7306	5830	2954
19.69/19.76	19.766	5829	2959
19.79/19.80	19.8057	5828	2983
19.79/19.86	19.8605	5827	3054
19.79/19.89	19.8947	5826	3058
19.88/19.93	19.9314	5825	3065
19.88/19.97	19.9734	5824	3088
19.98/20.02	20.0178	5823	3118
19.98/20.05	20.0536	5822	3122
19.98/20.09	20.0888	5821	3126
20.08/20.12	20.123	5820	3127
20.08/20.19	20.1945	5819	3231
20.18/20.24	20.2456	5818	3279
20.18/20.28	20.2807	5817	3281
20.28/20.31	20.3161	5816	3284
20.28/20.37	20.3761	5815	3358
20.38/20.44	20.4404	5814	3364
20.48/20.55	20.5478	5813	3481
20.48/20.58	20.5838	5812	3487
20.58/20.62	20.6189	5811	3490
20.68/20.70	20.7007	5810	3522
20.68/20.77	20.7686	5809	3549
20.79/20.80	20.8046	5808	3554
20.79/20.84	20.8405	5807	3558
20.79/20.88	20.8773	5806	3566
20.89/20.93	20.9346	5805	3643
20.89/20.97	20.9746	5804	3661
20.98/21.01	21.0098	5803	3665
20.98/21.06	21.0634	5802	3720
21.08/21.12	21.1196	5801	3784
21.08/21.15	21.1535	5800	3785
21.08/21.19	21.194	5799	3801
21.18/21.23	21.2297	5798	3806
21.28/21.32	21.3233	5797	3976
21.28/21.36	21.3641	5796	3992
21.38/21.43	21.4347	5795	4089
21.48/21.50	21.5013	5794	4185
21.48/21.55	21.5516	5793	4233
21.58/21.60	21.5975	5792	4269
21.58/21.64	21.6454	5791	4280
21.68/21.76	21.7593	5790	4384
21.78/21.80	21.7971	5788	4396
21.78/21.87	21.8747	5787	4521
21.89/21.93	21.9314	5786	4586
21.89/21.97	21.9672	5785	4591
21.99/22.02	22.0224	5784	4653
21.99/22.08	22.0764	5783	4717
22.08/22.12	22.1174	5782	4747
22.08/22.17	22.1697	5781	4803
22.18/22.20	22.2044	5780	4811
22.18/22.24	22.2421	5779	4829
22.18/22.28	22.2791	5778	4845
22.28/22.35	22.3491	5777	4965
22.38/22.40	22.4022	5776	5031
22.48/22.56	22.5644	5775	5424
22.58/22.66	22.6564	5774	5602
22.68/22.78	22.7823	5773	5890
22.78/22.81	22.816	5772	5896
22.78/22.85	22.8494	5771	5903
22.88/22.93	22.9339	5770	6068
22.88/22.98	22.9762	5769	6102
22.99/23.04	23.0451	5768	6211
22.99/23.09	23.0948	5767	6264
23.09/23.15	23.1543	5766	6351
23.09/23.19	23.1861	5765	6353
23.18/23.25	23.2541	5764	6463
23.28/23.30	23.2989	5763	6503
23.28/23.33	23.3331	5762	6510
23.28/23.37	23.373	5761	6527
23.38/23.45	23.4526	5760	6659
23.48/23.52	23.5165	5759	6744
23.58/23.66	23.6626	5758	7003
23.78/23.81	23.8129	5757	7247
23.88/23.97	23.9695	5756	7520
24.09/24.11	24.1099	5755	7717
24.19/24.30	24.296	5754	8158
24.28/24.33	24.3324	5753	8166
24.28/24.37	24.3665	5752	8168
24.38/24.41	24.409	5751	8192
24.48/24.50	24.4999	5750	8355
24.58/24.62	24.6203	5749	8509
24.78/24.88	24.8845	5748	9197
24.88/24.94	24.937	5747	9254
24.88/24.97	24.9699	5746	9261
25.08/25.12	25.1211	5745	9619
25.08/25.16	25.1574	5744	9629
25.19/25.21	25.2141	5743	9700
25.29/25.31	25.3105	5742	9881
25.29/25.39	25.3891	5741	10016
25.38/25.43	25.4284	5740	10035
25.38/25.48	25.4829	5739	10100
25.48/25.56	25.5575	5738	10219
25.58/25.60	25.6034	5737	10257
25.68/25.77	25.773	5736	10657
25.88/25.93	25.9282	5735	11014
25.98/26.02	26.0247	5734	11203
26.08/26.11	26.109	5733	11352
26.18/26.22	26.2256	5732	11597
26.18/26.27	26.2696	5731	11626
26.29/26.30	26.3044	5730	11630
26.39/26.49	26.4954	5729	12099
26.58/26.67	26.6744	5728	12535
26.68/26.72	26.7228	5727	12582
26.88/26.95	26.9507	5726	13191
26.98/27.06	27.0618	5725	13420
27.08/27.18	27.181	5724	13690
27.28/27.32	27.3207	5723	14007
27.28/27.39	27.3907	5722	14118
27.39/27.42	27.4235	5721	14123
27.49/27.59	27.5883	5720	14512
27.89/27.91	27.9074	5719	15392
27.99/28.00	28.0014	5718	15571
28.09/28.16	28.1607	5717	15940
28.39/28.40	28.4027	5716	16478
28.50/28.51	28.5062	5715	16562
28.50/28.57	28.5749	5714	16613
28.60/28.66	28.6598	5713	16674
28.69/28.76	28.7556	5712	16766
28.79/28.84	28.8367	5711	16904
28.99/29.06	29.0558	5710	17436
29.19/29.25	29.2538	5709	17895
29.29/29.32	29.3183	5708	17983
29.39/29.43	29.4338	5707	18234
29.39/29.48	29.479	5706	18265
29.49/29.52	29.5175	5705	18281
29.70/29.73	29.7295	5704	18824
30.09/30.14	30.136	5703	19902
30.09/30.17	30.1713	5702	19910
30.49/30.50	30.4984	5701	20770
30.70/30.76	30.758	5700	21420
30.80/30.82	30.8171	5699	21497
30.80/30.88	30.8844	5698	21603
30.89/30.96	30.9563	5697	21721
30.99/31.04	31.044	5696	21878
31.19/31.24	31.243	5695	22368
31.29/31.30	31.2961	5694	22434
31.29/31.34	31.3394	5693	22472
31.29/31.38	31.378	5692	22495
31.39/31.41	31.4095	5691	22498
31.59/31.61	31.614	5690	23025
31.80/31.81	31.8092	5689	23537
31.80/31.84	31.8431	5688	23547
32.39/32.44	32.4398	5687	25183
32.39/32.48	32.4761	5686	25195
32.49/32.54	32.5364	5685	25285
32.59/32.69	32.6943	5684	25659
32.69/32.76	32.763	5683	25762
33.00/33.03	33.032	5682	26478
33.00/33.08	33.0799	5681	26523
33.39/33.44	33.4383	5680	27467
33.69/33.70	33.6956	5679	28129
33.69/33.78	33.7754	5678	28264
33.89/33.97	33.972	5677	28743
34.19/34.29	34.2919	5676	29579
34.39/34.49	34.492	5675	30065
34.49/34.56	34.5636	5674	30177
34.69/34.74	34.7423	5673	30597
36.19/36.30	36.3009	5672	34213
36.98/37.09	37.0943	5671	35742
37.99/38.07	38.0694	5670	37766
38.49/38.58	38.5832	5669	38619
38.79/38.80	38.7983	5668	38984
38.89/38.94	38.9349	5667	39191
39.09/39.12	39.1196	5666	39513
39.79/39.82	39.8152	5665	41371
39.89/39.96	39.9582	5664	41684
40.60/40.63	40.6267	5663	43303
40.99/41.02	41.0162	5662	44123
41.59/41.65	41.6531	5661	45845
41.80/41.85	41.8456	5660	46175
41.89/41.97	41.9701	5659	46362
43.09/43.17	43.17	5658	48928
43.39/43.43	43.4318	5657	49569
43.59/43.63	43.6312	5656	50044
44.09/44.13	44.1255	5655	50927
45.38/45.44	45.435	5654	53806
45.58/45.60	45.6029	5653	54010
47.20/47.25	47.2484	5652	57917
47.49/47.58	47.5785	5651	58545
47.79/47.86	47.8601	5650	59252
48.19/48.29	48.2924	5649	60325
49.29/49.34	49.3346	5648	62755
51.29/51.32	51.3146	5647	66550
56.59/56.60	56.6019	5646	79606
56.69/56.70	56.6946	5645	79776
56.99/57.02	57.0149	5644	80606
58.99/59.08	59.0758	5643	86535
60.40/60.45	60.4506	5642	90447
61.18/61.26	61.2555	5641	92672
61.88/61.98	61.9807	5640	94153
62.08/62.14	62.141	5639	94422
62.98/63.01	63.0101	5638	96679
64.89/64.94	64.9409	5637	101905
65.58/65.63	65.6252	5636	103829
66.00/66.04	66.0423	5635	104943
67.19/67.28	67.277	5634	108452
72.18/72.26	72.2607	5633	119910
72.28/72.33	72.3302	5632	120014
72.89/72.94	72.9366	5631	121318
75.38/75.44	75.4401	5630	127401
77.99/78.06	78.0543	5629	134984
82.79/82.84	82.8337	5628	146185
84.38/84.45	84.4426	5627	150146
85.29/85.38	85.3813	5626	152822
89.29/89.39	89.3877	5625	163843
102.39/102.49	102.485	5624	200643
104.79/104.81	104.802	5623	207296
106.49/106.55	106.544	5622	212054
121.58/121.65	121.642	5621	253246
142.29/142.39	142.385	5620	309936
154.08/154.11	154.104	5619	341897
157.78/157.87	157.859	5618	352809
157.88/157.90	157.895	5617	352819
191.98/192.06	192.053	5616	450379
240.27/240.32	240.312	5615	587486
248.38/248.43	248.416	5614	610875
304.69/304.72	304.705	5613	768804
354.37/354.46	354.442	5612	915268
520.56/520.67	520.641	5611	1372770
657.76/657.86	657.828	5610	1751135
