1.18/1.20	1.20375	6302	0
1.18/1.24	1.24022	6301	2
1.18/1.27	1.27659	6300	3
1.28/1.31	1.31376	6299	6
1.28/1.35	1.34956	6298	7
1.28/1.38	1.38596	6297	8
1.38/1.42	1.42193	6296	9
1.38/1.46	1.45771	6295	10
1.38/1.49	1.49384	6294	11
1.48/1.53	1.531	6293	14
1.48/1.56	1.56705	6292	15
1.58/1.60	1.60359	6291	16
1.58/1.64	1.63978	6290	17
1.58/1.67	1.67583	6289	18
1.68/1.71	1.71191	6288	19
1.68/1.75	1.75055	6287	20
1.68/1.79	1.78956	6286	21
1.78/1.83	1.82916	6285	24
1.78/1.87	1.86834	6284	26
1.88/1.90	1.90498	6283	27
1.88/1.94	1.94311	6282	28
1.88/1.98	1.98314	6281	29
1.98/2.02	2.02499	6280	31
1.98/2.06	2.06534	6279	32
2.09/2.10	2.10676	6278	34
2.09/2.15	2.14766	6276	37
2.09/2.19	2.18773	6275	38
2.19/2.23	2.22886	6274	42
2.19/2.27	2.27059	6273	45
2.28/2.31	2.31077	6272	46
2.28/2.37	2.37086	6271	47
2.38/2.42	2.42555	6270	49
2.38/2.47	2.47305	6269	50
2.48/2.52	2.52106	6268	52
2.48/2.57	2.56952	6267	53
2.58/2.62	2.61847	6266	54
2.58/2.66	2.66597	6265	55
2.68/2.71	2.71356	6264	56
2.68/2.76	2.7611	6263	57
2.78/2.81	2.80855	6262	58
2.78/2.85	2.85605	6261	59
2.88/2.90	2.90395	6260	61
2.88/2.95	2.95149	6259	62
2.88/3.00	2.9994	6258	64
2.99/3.04	3.04641	6257	68
2.99/3.08	3.08488	6256	69
3.08/3.12	3.12291	6255	70
3.08/3.16	3.16087	6254	72
3.08/3.20	3.19899	6253	73
3.19/3.24	3.23796	6252	75
3.19/3.27	3.27562	6251	76
3.29/3.31	3.31363	6250	77
3.29/3.35	3.35128	6249	78
3.29/3.39	3.38963	6247	81
3.38/3.43	3.42864	6246	84
3.38/3.46	3.46627	6245	85
3.48/3.50	3.5046	6244	88
3.48/3.54	3.54219	6243	89
3.48/3.58	3.58051	6242	90
3.58/3.62	3.6181	6241	91
3.58/3.65	3.65563	6240	92
3.58/3.69	3.69346	6239	93
3.68/3.73	3.73125	6238	94
3.68/3.77	3.7689	6237	95
3.78/3.80	3.80703	6236	97
3.78/3.84	3.84447	6235	98
3.78/3.88	3.88223	6234	99
3.88/3.92	3.92094	6233	102
3.88/3.96	3.95907	6232	104
3.88/3.99	3.99444	6231	105
3.98/4.03	4.03091	6230	106
3.98/4.06	4.06612	6229	107
4.08/4.10	4.10249	6228	109
4.08/4.13	4.13699	6227	110
4.08/4.17	4.17311	6226	111
4.18/4.21	4.20899	6225	113
4.18/4.24	4.24406	6224	114
4.18/4.28	4.27965	6223	115
4.29/4.31	4.31573	6222	116
4.29/4.35	4.35199	6221	120
4.29/4.38	4.38692	6220	121
4.39/4.42	4.42354	6219	126
4.39/4.46	4.45853	6218	127
4.39/4.49	4.49336	6217	128
4.48/4.53	4.52873	6216	129
4.48/4.56	4.56417	6215	131
4.58/4.60	4.59993	6214	132
4.58/4.63	4.63489	6213	133
4.58/4.67	4.67032	6212	135
4.68/4.70	4.70534	6211	136
4.68/4.74	4.74135	6210	140
4.68/4.77	4.77638	6209	141
4.78/4.81	4.81137	6208	142
4.78/4.84	4.84628	6207	143
4.78/4.88	4.88182	6206	146
4.88/4.91	4.91686	6205	147
4.88/4.95	4.95399	6204	153
4.88/4.99	4.98885	6203	154
4.98/5.02	5.02445	6202	155
4.98/5.06	5.0605	6201	159
4.98/5.09	5.09625	6200	160
5.08/5.13	5.13122	6199	161
5.08/5.16	5.16709	6198	162
5.18/5.20	5.20254	6197	163
5.18/5.24	5.23771	6196	164
5.18/5.27	5.27273	6195	165
5.28/5.31	5.30878	6194	169
5.28/5.34	5.34358	6193	170
5.28/5.38	5.38145	6192	177
5.39/5.42	5.41727	6191	178
5.39/5.45	5.4523	6190	179
5.39/5.49	5.48759	6189	181
5.49/5.52	5.52252	6188	182
5.49/5.56	5.55778	6187	184
5.49/5.59	5.59336	6185	185
5.58/5.63	5.62858	6184	186
5.58/5.66	5.66387	6183	188
5.68/5.70	5.69943	6182	190
5.68/5.73	5.73643	6181	191
5.68/5.77	5.77346	6180	192
5.78/5.81	5.8103	6179	193
5.78/5.85	5.84728	6178	194
5.78/5.88	5.88499	6177	197
5.88/5.92	5.92442	6176	199
5.88/5.99	5.98877	6175	200
5.98/6.03	6.03677	6174	201
5.98/6.08	6.07742	6173	205
6.08/6.11	6.11439	6172	207
6.08/6.15	6.1509	6171	208
6.08/6.19	6.18754	6170	209
6.18/6.22	6.22416	6169	210
6.18/6.26	6.26133	6168	213
6.28/6.30	6.29787	6167	214
6.28/6.33	6.33436	6166	215
6.28/6.37	6.37084	6165	216
6.38/6.41	6.40839	6164	220
6.38/6.45	6.44717	6163	226
6.38/6.48	6.48406	6162	228
6.49/6.52	6.52042	6161	229
6.49/6.55	6.5568	6160	230
6.49/6.59	6.59464	6159	232
6.59/6.63	6.63143	6158	234
6.59/6.67	6.66802	6157	235
6.68/6.70	6.7046	6156	236
6.68/6.74	6.7413	6155	238
6.68/6.78	6.77772	6154	239
6.78/6.81	6.81443	6153	241
6.78/6.85	6.85069	6152	242
6.78/6.89	6.88881	6151	248
6.88/6.92	6.92525	6150	249
6.88/6.96	6.9622	6149	251
6.98/7.00	6.9993	6148	254
6.98/7.04	7.03789	6147	260
6.98/7.07	7.07547	6146	262
7.08/7.11	7.11235	6145	263
7.08/7.15	7.14911	6144	265
7.08/7.18	7.18533	6143	266
7.18/7.22	7.22219	6142	268
7.18/7.26	7.25868	6141	269
7.18/7.29	7.29497	6140	270
7.28/7.33	7.3331	6139	275
7.28/7.37	7.3693	6138	276
7.38/7.40	7.40554	6137	277
7.38/7.44	7.4417	6136	278
7.38/7.48	7.47796	6135	279
7.48/7.51	7.51417	6134	280
7.48/7.55	7.55136	6133	283
7.48/7.59	7.58918	6132	285
7.59/7.62	7.6266	6131	289
7.59/7.66	7.66667	6130	299
7.59/7.70	7.70307	6129	300
7.69/7.74	7.74217	6128	309
7.69/7.78	7.77872	6126	311
7.78/7.81	7.81534	6125	313
7.78/7.85	7.85232	6124	316
7.78/7.89	7.88844	6123	317
7.88/7.92	7.92555	6122	319
7.88/7.96	7.96382	6121	326
7.98/8.00	8.00027	6120	328
7.98/8.03	8.03628	6119	329
7.98/8.07	8.07291	6118	330
8.08/8.11	8.10901	6117	331
8.08/8.14	8.14553	6116	332
8.08/8.18	8.18154	6115	333
8.18/8.22	8.21756	6114	334
8.18/8.25	8.25359	6113	335
8.28/8.30	8.30359	6112	337
8.28/8.36	8.36158	6111	346
8.38/8.42	8.42398	6110	347
8.38/8.47	8.47147	6109	353
8.49/8.51	8.50747	6108	354
8.49/8.54	8.54384	6107	356
8.49/8.58	8.58295	6106	360
8.58/8.62	8.62053	6105	362
8.58/8.66	8.65869	6104	365
8.58/8.69	8.69617	6103	366
8.69/8.73	8.73405	6102	367
8.69/8.77	8.77121	6101	368
8.79/8.81	8.81269	6100	380
8.79/8.85	8.85061	6099	383
8.79/8.89	8.88907	6098	388
8.88/8.92	8.9266	6097	389
8.88/8.97	8.96801	6096	401
8.98/9.01	9.00748	6095	405
8.98/9.04	9.04555	6094	407
8.98/9.08	9.08397	6093	408
9.08/9.12	9.12232	6092	410
9.08/9.16	9.16014	6091	412
9.18/9.20	9.19755	6090	414
9.18/9.23	9.23456	6089	415
9.18/9.27	9.27187	6088	416
9.28/9.31	9.31456	6087	432
9.28/9.35	9.35219	6086	434
9.28/9.39	9.38923	6085	435
9.38/9.43	9.42738	6084	438
9.38/9.46	9.46483	6083	440
9.48/9.50	9.50186	6082	441
9.48/9.54	9.54189	6081	451
9.48/9.58	9.58034	6080	452
9.59/9.62	9.61794	6079	453
9.59/9.65	9.6549	6078	454
9.68/9.70	9.69825	6077	473
9.68/9.74	9.74145	6076	490
9.68/9.78	9.77883	6075	491
9.79/9.82	9.81901	6074	498
9.79/9.85	9.85608	6073	499
9.79/9.89	9.89392	6072	506
9.89/9.93	9.92943	6071	508
9.89/9.96	9.96417	6070	509
9.98/10.00	9.99989	6069	513
9.98/10.03	10.0355	6068	515
9.98/10.07	10.0718	6067	517
10.08/10.10	10.1065	6066	518
10.08/10.14	10.141	6065	519
10.08/10.17	10.1763	6064	522
10.18/10.21	10.213	6063	529
10.18/10.25	10.2499	6062	530
10.18/10.29	10.2897	6061	538
10.28/10.33	10.3276	6060	541
10.28/10.36	10.3645	6059	542
10.38/10.40	10.4018	6058	544
10.38/10.44	10.4386	6057	545
10.38/10.48	10.4793	6056	552
10.48/10.54	10.5448	6055	556
10.48/10.59	10.5963	6054	557
10.58/10.65	10.648	6053	560
10.68/10.70	10.7002	6052	564
10.68/10.75	10.754	6051	571
10.78/10.80	10.8046	6050	572
10.78/10.86	10.8568	6049	575
10.89/10.91	10.9086	6048	578
10.89/10.96	10.9592	6047	579
10.99/11.01	11.0109	6046	582
10.99/11.06	11.063	6045	586
11.08/11.11	11.1103	6044	587
11.08/11.16	11.1572	6043	589
11.18/11.20	11.2029	6042	590
11.18/11.25	11.2491	6041	592
11.18/11.29	11.2955	6040	594
11.28/11.34	11.342	6039	596
11.28/11.39	11.3889	6038	599
11.38/11.43	11.4346	6037	600
11.38/11.48	11.4809	6036	602
11.48/11.53	11.5334	6035	617
11.48/11.58	11.5831	6034	624
11.58/11.63	11.629	6033	625
11.58/11.67	11.6753	6032	626
11.68/11.75	11.7478	6031	642
11.78/11.80	11.7996	6030	645
11.78/11.86	11.8614	6029	646
11.88/11.91	11.9115	6028	651
11.88/11.96	11.9603	6027	659
11.99/12.01	12.0093	6026	667
11.99/12.05	12.0555	6025	669
11.99/12.10	12.102	6024	670
12.09/12.15	12.1476	6023	671
12.09/12.19	12.1941	6022	674
12.18/12.24	12.2396	6021	675
12.18/12.28	12.2852	6020	676
12.28/12.33	12.3319	6019	679
12.28/12.38	12.3784	6018	682
12.38/12.42	12.424	6017	683
12.38/12.47	12.4695	6016	684
12.48/12.50	12.5061	6015	685
12.48/12.54	12.5457	6014	696
12.48/12.58	12.5844	6013	703
12.58/12.62	12.6209	6012	706
12.58/12.66	12.6589	6011	712
12.58/12.69	12.6953	6010	714
12.68/12.73	12.7323	6009	718
12.68/12.77	12.768	6008	719
12.78/12.80	12.8056	6007	725
12.78/12.84	12.8418	6006	727
12.78/12.88	12.8776	6005	728
12.89/12.91	12.9153	6004	733
12.89/12.95	12.9527	6003	739
12.89/12.99	12.9891	6002	741
12.98/13.02	13.0251	6001	743
12.98/13.06	13.0607	6000	744
12.98/13.10	13.0984	5999	748
13.09/13.14	13.1397	5998	763
13.09/13.18	13.1801	5997	775
13.19/13.21	13.2161	5996	776
13.19/13.25	13.2519	5995	777
13.19/13.29	13.2877	5994	778
13.28/13.32	13.3234	5993	779
13.28/13.36	13.3597	5992	782
13.28/13.39	13.3964	5991	786
13.38/13.43	13.4321	5990	787
13.38/13.49	13.4926	5989	788
13.48/13.55	13.5552	5988	789
13.48/13.59	13.5952	5987	790
13.58/13.63	13.6333	5986	798
13.58/13.67	13.6707	5985	804
13.68/13.71	13.7071	5984	806
13.68/13.74	13.7426	5983	807
13.68/13.78	13.7783	5982	808
13.78/13.82	13.8213	5981	829
13.78/13.86	13.8575	5980	831
13.78/13.89	13.896	5979	841
13.88/13.93	13.9294	5978	843
13.88/13.96	13.9636	5977	847
13.98/14.00	13.9999	5976	857
13.98/14.03	14.033	5975	858
13.98/14.07	14.0678	5974	860
14.08/14.11	14.1096	5973	878
14.08/14.14	14.1454	5972	879
14.08/14.18	14.1817	5971	882
14.19/14.22	14.218	5970	884
14.19/14.25	14.2534	5969	885
14.19/14.29	14.2888	5968	886
14.29/14.32	14.3242	5967	887
14.29/14.36	14.3603	5966	890
14.29/14.39	14.3957	5965	891
14.38/14.43	14.4319	5964	893
14.38/14.47	14.4672	5963	894
14.48/14.50	14.5026	5962	895
14.48/14.56	14.5588	5961	896
14.58/14.60	14.5991	5960	897
14.58/14.64	14.6386	5959	909
14.58/14.67	14.6739	5958	910
14.68/14.71	14.7103	5957	912
14.68/14.74	14.7455	5956	913
14.68/14.78	14.7808	5955	914
14.78/14.82	14.8224	5954	931
14.78/14.86	14.859	5953	935
14.78/14.89	14.8931	5952	938
14.88/14.92	14.9265	5951	940
14.88/14.96	14.9618	5950	947
14.88/15.00	14.9966	5949	953
14.98/15.03	15.0339	5948	966
14.98/15.07	15.0694	5947	972
15.08/15.10	15.1044	5946	978
15.08/15.14	15.145	5945	1001
15.08/15.18	15.1848	5944	1021
15.18/15.22	15.2193	5943	1025
15.18/15.26	15.2613	5942	1044
15.18/15.30	15.2981	5941	1048
15.29/15.33	15.3336	5940	1050
15.29/15.37	15.371	5939	1057
15.39/15.41	15.408	5938	1063
15.39/15.44	15.4452	5937	1068
15.39/15.48	15.4804	5936	1069
15.48/15.51	15.5162	5935	1071
15.48/15.55	15.5558	5934	1084
15.48/15.59	15.5918	5933	1085
15.58/15.63	15.6313	5932	1098
15.58/15.66	15.6663	5931	1099
15.68/15.70	15.7003	5930	1101
15.68/15.73	15.7332	5929	1102
15.68/15.76	15.7665	5928	1104
15.78/15.80	15.7998	5927	1106
15.78/15.84	15.8415	5926	1133
15.78/15.87	15.8755	5925	1137
15.88/15.91	15.9111	5924	1146
15.88/15.94	15.9451	5923	1150
15.88/15.98	15.9779	5922	1151
15.98/16.01	16.0112	5921	1153
15.98/16.04	16.045	5920	1156
15.98/16.08	16.082	5919	1160
16.08/16.12	16.1213	5918	1172
16.08/16.16	16.1586	5917	1179
16.08/16.19	16.1962	5916	1187
16.18/16.23	16.2332	5915	1192
16.18/16.27	16.27	5914	1197
16.28/16.30	16.3055	5913	1199
16.28/16.34	16.3448	5912	1211
16.28/16.38	16.3807	5911	1214
16.39/16.42	16.4192	5910	1224
16.39/16.46	16.4607	5909	1244
16.39/16.49	16.4956	5908	1245
16.49/16.53	16.5345	5907	1264
16.49/16.57	16.5688	5906	1266
16.58/16.60	16.6032	5905	1271
16.58/16.63	16.6359	5904	1272
16.58/16.67	16.6689	5903	1274
16.68/16.70	16.7054	5902	1286
16.68/16.74	16.7384	5901	1288
16.68/16.77	16.771	5900	1289
16.78/16.81	16.8109	5899	1312
16.78/16.84	16.8439	5898	1314
16.78/16.88	16.8779	5897	1318
16.88/16.91	16.9105	5896	1319
16.88/16.94	16.9441	5895	1322
16.88/16.98	16.9787	5894	1327
16.98/17.02	17.0259	5893	1372
16.98/17.06	17.0648	5892	1391
17.08/17.10	17.0993	5891	1395
17.08/17.18	17.1771	5889	1534
17.18/17.22	17.2189	5888	1564
17.18/17.26	17.2618	5887	1588
17.28/17.30	17.2987	5886	1594
17.28/17.34	17.3413	5885	1617
17.28/17.38	17.3793	5884	1627
17.38/17.42	17.4167	5883	1634
17.38/17.45	17.4519	5882	1636
17.38/17.50	17.4972	5881	1666
17.49/17.53	17.5337	5880	1672
17.49/17.57	17.5705	5879	1676
17.59/17.60	17.6055	5878	1677
17.59/17.64	17.6441	5877	1688
17.59/17.69	17.6891	5876	1727
17.68/17.72	17.7241	5875	1734
17.68/17.76	17.7579	5874	1735
17.78/17.80	17.8017	5873	1762
17.78/17.84	17.8382	5872	1767
17.78/17.87	17.8732	5871	1769
17.88/17.91	17.9101	5870	1775
17.88/17.94	17.9455	5869	1777
17.88/17.98	17.9828	5868	1784
17.98/18.03	18.0268	5867	1811
17.98/18.06	18.0624	5866	1813
18.08/18.11	18.1108	5865	1855
18.08/18.15	18.1496	5864	1872
18.18/18.21	18.2112	5863	1949
18.18/18.25	18.249	5862	1959
18.18/18.29	18.2903	5861	1979
18.28/18.33	18.3339	5860	2005
18.28/18.37	18.3724	5859	2017
18.39/18.41	18.409	5858	2023
18.39/18.45	18.4469	5857	2034
18.39/18.48	18.4826	5856	2038
18.48/18.51	18.5154	5855	2039
18.48/18.55	18.5507	5854	2048
18.48/18.58	18.5839	5853	2049
18.59/18.64	18.6375	5852	2105
18.59/18.69	18.6955	5851	2170
18.69/18.73	18.7342	5850	2182
18.69/18.77	18.7688	5849	2183
18.78/18.86	18.8576	5848	2339
18.88/18.92	18.9199	5847	2416
18.88/18.97	18.9732	5846	2468
18.98/19.01	19.0144	5845	2486
18.98/19.06	19.0619	5844	2525
19.08/19.11	19.1151	5843	2580
19.08/19.15	19.149	5842	2585
19.08/19.18	19.1812	5841	2586
19.18/19.21	19.2142	5840	2588
19.18/19.25	19.2471	5839	2590
19.18/19.29	19.2918	5838	2628
19.28/19.32	19.3261	5837	2635
19.28/19.36	19.3626	5836	2648
19.38/19.40	19.3968	5835	2654
19.38/19.44	19.4437	5834	2702
19.38/19.47	19.4759	5833	2703
19.48/19.53	19.5319	5832	2776
19.48/19.58	19.577	5831	2807
19.58/19.64	19.6385	5830	2884
19.58/19.67	19.6751	5829	2891
19.69/19.72	19.7216	5828	2925
19.69/19.76	19.7613	5827	2940
19.69/19.80	19.8025	5826	2959
19.79/19.84	19.8387	5825	2965
19.79/19.87	19.8735	5824	2967
19.88/19.90	19.9062	5823	2968
19.88/19.95	19.9489	5822	3000
19.88/19.98	19.9834	5821	3004
19.98/20.03	20.0312	5820	3042
20.08/20.12	20.1176	5819	3189
20.08/20.19	20.1953	5818	3310
20.18/20.26	20.2598	5817	3400
20.28/20.31	20.3159	5816	3463
20.28/20.36	20.3613	5815	3493
20.38/20.40	20.3979	5814	3499
20.38/20.44	20.4423	5813	3528
20.38/20.48	20.4786	5812	3534
20.48/20.52	20.5213	5811	3559
20.48/20.58	20.5794	5810	3628
20.59/20.63	20.6281	5809	3669
20.59/20.66	20.6651	5808	3678
20.68/20.75	20.7502	5807	3831
20.68/20.79	20.7898	5806	3847
20.79/20.83	20.8347	5805	3878
20.79/20.90	20.8998	5804	3967
20.89/20.96	20.9617	5803	4041
20.98/21.00	20.9971	5802	4045
20.98/21.03	21.0313	5801	4046
20.98/21.08	21.0849	5800	4107
21.08/21.13	21.1297	5799	4139
21.08/21.17	21.1688	5798	4151
21.18/21.21	21.2067	5797	4160
21.18/21.27	21.2691	5796	4238
21.28/21.31	21.3161	5795	4274
21.28/21.35	21.3562	5794	4290
21.28/21.39	21.3944	5793	4302
21.38/21.46	21.464	5792	4413
21.59/21.62	21.6261	5791	4805
21.59/21.68	21.6837	5790	4874
21.69/21.73	21.7339	5789	4922
21.69/21.77	21.7757	5788	4946
21.79/21.81	21.8105	5787	4949
21.79/21.88	21.8791	5786	5046
21.90/21.98	21.9816	5785	5247
22.00/22.02	22.0207	5784	5269
22.00/22.07	22.0759	5783	5335
22.09/22.14	22.1406	5782	5429
22.19/22.25	22.2491	5781	5647
22.19/22.28	22.2851	5780	5652
22.29/22.32	22.3196	5779	5654
22.39/22.42	22.4247	5778	5859
22.39/22.49	22.4917	5777	5954
22.49/22.53	22.5286	5776	5963
22.49/22.59	22.5911	5775	6043
22.59/22.68	22.6849	5774	6212
22.69/22.72	22.7246	5773	6229
22.69/22.79	22.7887	5772	6316
22.79/22.82	22.8226	5771	6317
22.79/22.87	22.8746	5770	6369
22.89/22.94	22.941	5769	6459
22.89/22.98	22.9777	5768	6466
22.99/23.03	23.0302	5767	6521
22.99/23.06	23.0654	5766	6525
23.09/23.12	23.12	5765	6584
23.09/23.18	23.1832	5764	6668
23.29/23.30	23.2968	5763	6897
23.29/23.33	23.3326	5762	6903
23.29/23.37	23.3675	5761	6906
23.39/23.40	23.4045	5760	6913
23.39/23.49	23.4889	5759	7059
23.59/23.60	23.6021	5758	7281
23.59/23.69	23.6907	5757	7439
23.69/23.76	23.7609	5756	7546
23.79/23.84	23.8362	5755	7664
23.89/23.91	23.9104	5754	7796
23.89/23.99	23.9913	5753	7944
23.99/24.02	24.0252	5752	7952
24.10/24.14	24.1392	5751	8195
24.20/24.26	24.2584	5750	8443
24.29/24.38	24.3834	5749	8700
24.69/24.76	24.7645	5748	9720
24.79/24.81	24.8079	5747	9754
24.79/24.86	24.8568	5746	9804
24.89/24.94	24.9408	5745	9950
24.99/25.08	25.0763	5744	10234
25.09/25.14	25.1378	5743	10316
25.20/25.25	25.2497	5742	10541
25.39/25.40	25.4045	5741	10902
25.49/25.55	25.5496	5740	11241
25.59/25.62	25.6198	5739	11338
25.59/25.67	25.6694	5738	11383
25.99/26.07	26.0706	5737	12445
26.09/26.17	26.1694	5736	12634
26.19/26.22	26.222	5735	12689
26.19/26.29	26.289	5734	12785
26.30/26.34	26.3391	5733	12832
26.40/26.44	26.4379	5732	13013
26.49/26.54	26.5404	5731	13216
26.59/26.60	26.6052	5730	13315
26.69/26.71	26.7149	5729	13555
26.69/26.78	26.781	5728	13660
26.89/26.99	26.9862	5727	14177
26.99/27.03	27.0311	5726	14207
27.09/27.10	27.1015	5725	14310
27.29/27.33	27.3355	5724	14899
27.40/27.47	27.4719	5723	15213
27.50/27.57	27.5696	5722	15416
27.59/27.66	27.6634	5721	15590
27.69/27.76	27.759	5720	15764
27.99/28.02	28.0161	5719	16435
27.99/28.08	28.0842	5718	16533
28.09/28.19	28.1954	5717	16756
28.19/28.28	28.2767	5716	16893
28.29/28.39	28.3926	5715	17131
28.60/28.62	28.6259	5714	17737
28.79/28.83	28.8264	5713	18238
28.89/28.90	28.8982	5712	18347
28.89/28.95	28.9555	5711	18414
28.99/29.01	29.0065	5710	18459
28.99/29.09	29.0953	5709	18615
29.19/29.23	29.2321	5708	18926
29.19/29.28	29.2856	5707	18983
29.29/29.38	29.3856	5706	19172
29.39/29.42	29.4218	5705	19181
29.39/29.47	29.4745	5704	19237
30.09/30.19	30.1875	5703	21223
30.19/30.23	30.2346	5702	21272
30.29/30.30	30.2979	5701	21367
30.29/30.34	30.3458	5700	21419
30.49/30.58	30.5841	5699	21872
30.89/30.95	30.9471	5698	22626
31.29/31.39	31.3872	5697	23629
31.49/31.56	31.5606	5696	23925
31.69/31.70	31.7019	5695	24202
31.69/31.75	31.748	5694	24238
31.80/31.87	31.8699	5693	24488
31.90/31.91	31.9091	5692	24502
31.99/32.06	32.0626	5691	24843
32.09/32.14	32.1359	5690	24952
32.19/32.28	32.2837	5689	25270
32.69/32.71	32.7126	5688	26023
33.79/33.89	33.8932	5687	28497
34.18/34.29	34.2882	5686	29178
34.39/34.40	34.3992	5685	29297
34.59/34.69	34.6911	5684	29833
34.69/34.75	34.7475	5683	29865
34.69/34.79	34.7932	5682	29872
35.29/35.31	35.3089	5681	31025
35.39/35.47	35.469	5680	31388
35.49/35.56	35.5579	5679	31538
35.79/35.81	35.8061	5678	31945
35.89/35.97	35.9707	5677	32267
36.39/36.45	36.4464	5676	33528
36.79/36.82	36.819	5675	34533
37.09/37.14	37.1429	5674	35392
37.79/37.81	37.8128	5673	37249
37.89/37.94	37.9438	5672	37526
37.99/38.02	38.0212	5671	37651
38.09/38.12	38.1219	5670	37848
38.40/38.50	38.4969	5669	38822
38.59/38.68	38.6851	5668	39251
38.99/39.02	39.0168	5667	40104
39.50/39.56	39.564	5666	41570
40.19/40.24	40.2389	5665	43062
40.99/41.06	41.0639	5664	45100
41.09/41.12	41.1214	5663	45163
41.19/41.22	41.2159	5662	45340
41.59/41.60	41.5972	5661	46334
41.69/41.75	41.7529	5660	46687
41.99/42.05	42.0533	5659	47450
42.49/42.55	42.5525	5658	48780
42.69/42.76	42.759	5657	49262
42.69/42.80	42.7964	5656	49273
43.89/43.91	43.9098	5655	52117
43.89/43.95	43.9533	5654	52133
44.39/44.46	44.4649	5653	53474
45.49/45.53	45.5331	5652	55941
46.39/46.40	46.3983	5651	58135
46.69/46.75	46.7472	5650	59097
46.89/46.96	46.9588	5649	59656
46.99/47.03	47.0346	5648	59796
47.09/47.15	47.1501	5647	60049
47.39/47.47	47.47	5646	60867
49.09/49.19	49.1924	5645	65936
49.99/50.06	50.0555	5644	68310
50.69/50.78	50.7794	5643	70064
52.09/52.11	52.1068	5642	73660
53.09/53.11	53.1101	5641	76168
53.29/53.37	53.3719	5640	76642
53.39/53.43	53.4347	5639	76726
53.69/53.75	53.7498	5638	77541
54.49/54.52	54.5195	5637	79446
54.69/54.73	54.7316	5636	79958
55.19/55.22	55.2174	5635	81245
57.39/57.44	57.4428	5634	87114
57.88/57.98	57.9753	5633	88591
64.99/65.01	65.0106	5632	107756
67.19/67.23	67.2259	5631	113235
68.28/68.38	68.3777	5630	116092
68.48/68.52	68.5175	5629	116394
69.69/69.74	69.7411	5628	119455
70.40/70.45	70.4466	5627	121025
70.79/70.84	70.8409	5626	121870
74.99/75.02	75.0208	5625	131876
83.98/84.05	84.0473	5624	155011
102.78/102.89	102.885	5623	203093
134.09/134.17	134.17	5622	288013
134.58/134.66	134.655	5621	289282
135.99/136.08	136.077	5620	292949
136.99/137.06	137.054	5619	295753
137.69/137.78	137.773	5618	297605
139.59/139.62	139.62	5617	302484
145.19/145.26	145.26	5616	316866
197.38/197.41	197.4	5615	464613
208.99/209.04	209.032	5614	496525
221.98/222.10	222.093	5613	532039
286.87/286.97	286.955	5612	714146
309.47/309.55	309.539	5611	779725
510.67/510.73	510.711	5610	1349700
