1.19/1.22	1.22158	6322	0
1.19/1.27	1.27152	6321	1
1.29/1.32	1.31991	6320	2
1.29/1.37	1.37039	6319	4
1.39/1.42	1.41994	6318	7
1.39/1.46	1.46183	6317	8
1.49/1.50	1.50262	6316	13
1.49/1.54	1.54065	6315	14
1.49/1.58	1.57866	6314	15
1.59/1.62	1.61671	6313	16
1.59/1.66	1.65663	6312	17
1.59/1.69	1.69534	6311	18
1.69/1.73	1.73328	6310	19
1.69/1.77	1.77246	6309	21
1.79/1.81	1.8104	6308	22
1.79/1.85	1.84996	6307	25
1.79/1.89	1.88815	6306	26
1.89/1.92	1.92635	6305	27
1.89/1.96	1.96541	6304	28
1.99/2.00	2.0045	6303	29
1.99/2.05	2.04683	6302	33
1.99/2.09	2.0889	6301	38
2.10/2.13	2.13109	6300	39
2.10/2.17	2.17088	6299	40
2.10/2.21	2.21259	6298	43
2.20/2.25	2.25247	6297	44
2.20/2.29	2.29333	6296	45
2.28/2.33	2.33309	6295	46
2.28/2.37	2.37374	6294	47
2.38/2.41	2.41396	6293	49
2.38/2.45	2.45443	6292	51
2.38/2.49	2.49594	6290	53
2.48/2.53	2.53562	6289	54
2.48/2.57	2.57566	6288	56
2.58/2.61	2.61549	6287	57
2.58/2.66	2.65721	6286	58
2.68/2.72	2.71859	6285	60
2.68/2.77	2.77574	6284	61
2.78/2.82	2.81825	6283	62
2.78/2.86	2.85798	6282	63
2.88/2.90	2.89783	6281	64
2.88/2.94	2.93758	6280	65
2.88/2.98	2.97841	6279	66
2.98/3.02	3.01886	6278	67
2.98/3.06	3.05895	6277	68
3.08/3.10	3.10058	6276	71
3.08/3.14	3.14118	6275	72
3.08/3.18	3.18097	6274	73
3.20/3.22	3.22258	6273	76
3.20/3.26	3.26234	6272	77
3.20/3.30	3.30374	6271	82
3.30/3.34	3.34352	6269	83
3.30/3.38	3.38435	6268	84
3.38/3.42	3.42487	6267	85
3.38/3.46	3.46476	6266	86
3.48/3.50	3.50534	6265	87
3.48/3.54	3.54584	6264	90
3.48/3.58	3.5854	6263	91
3.58/3.63	3.62757	6262	93
3.58/3.67	3.66912	6261	99
3.68/3.71	3.70952	6260	100
3.68/3.75	3.74906	6259	101
3.68/3.79	3.78955	6258	104
3.78/3.83	3.83097	6257	106
3.78/3.87	3.87094	6256	108
3.88/3.91	3.91155	6255	109
3.88/3.95	3.95104	6254	110
3.88/3.99	3.99149	6253	111
3.98/4.03	4.03199	6252	113
3.98/4.07	4.07144	6251	114
4.08/4.11	4.111	6250	115
4.08/4.15	4.15243	6249	116
4.08/4.19	4.19364	6248	121
4.18/4.23	4.23402	6247	124
4.18/4.29	4.29453	6246	126
4.30/4.36	4.36358	6245	127
4.40/4.41	4.41632	6244	130
4.40/4.45	4.45573	6243	131
4.40/4.49	4.49473	6242	132
4.48/4.53	4.53259	6241	133
4.48/4.57	4.56953	6240	134
4.58/4.61	4.60737	6239	135
4.58/4.64	4.64496	6237	136
4.58/4.68	4.68195	6236	137
4.68/4.72	4.72048	6235	138
4.68/4.76	4.75796	6234	139
4.78/4.80	4.798	6233	149
4.78/4.83	4.83495	6232	150
4.78/4.87	4.87297	6231	151
4.88/4.91	4.91308	6230	152
4.88/4.95	4.95237	6229	153
4.88/4.99	4.99347	6228	156
4.98/5.03	5.0328	6227	157
4.98/5.07	5.07308	6226	158
5.08/5.11	5.11245	6225	159
5.08/5.15	5.15242	6224	160
5.18/5.20	5.20206	6223	162
5.18/5.25	5.25493	6222	163
5.28/5.32	5.32272	6221	164
5.28/5.37	5.37179	6220	165
5.40/5.42	5.42202	6219	166
5.40/5.47	5.47092	6218	167
5.40/5.51	5.51009	6217	170
5.50/5.56	5.56246	6216	171
5.58/5.62	5.62107	6215	173
5.58/5.68	5.68265	6214	174
5.68/5.73	5.73347	6213	175
5.68/5.78	5.78447	6212	176
5.78/5.85	5.85077	6211	178
5.88/5.90	5.89974	6210	182
5.88/5.94	5.93917	6209	183
5.88/5.98	5.97943	6208	188
5.98/6.02	6.01826	6207	189
5.98/6.06	6.05965	6206	195
6.08/6.10	6.09912	6205	199
6.08/6.14	6.13857	6204	200
6.08/6.18	6.17726	6203	202
6.18/6.22	6.21663	6202	203
6.18/6.25	6.25551	6201	205
6.28/6.30	6.29662	6200	212
6.28/6.34	6.3363	6199	213
6.28/6.37	6.37497	6198	215
6.38/6.41	6.41319	6197	216
6.38/6.45	6.45135	6196	217
6.38/6.49	6.48897	6195	218
6.50/6.52	6.52592	6194	220
6.50/6.56	6.56446	6193	222
6.50/6.60	6.60273	6192	223
6.60/6.64	6.64169	6191	224
6.60/6.68	6.68156	6190	226
6.68/6.72	6.72107	6189	230
6.68/6.76	6.7592	6188	231
6.78/6.80	6.79912	6187	233
6.78/6.87	6.86926	6186	237
6.88/6.92	6.92344	6185	239
6.88/6.99	6.9934	6184	243
6.98/7.04	7.04556	6183	244
6.98/7.08	7.0838	6182	245
7.08/7.12	7.12234	6180	247
7.08/7.16	7.16428	6179	248
7.18/7.20	7.20364	6178	254
7.18/7.24	7.24184	6177	255
7.18/7.28	7.2806	6176	261
7.28/7.32	7.31777	6175	263
7.28/7.35	7.3536	6174	264
7.28/7.39	7.38933	6173	265
7.38/7.43	7.42744	6172	266
7.38/7.47	7.46697	6171	270
7.48/7.51	7.50674	6170	272
7.48/7.55	7.54659	6169	277
7.48/7.58	7.5847	6168	278
7.60/7.62	7.62388	6167	279
7.60/7.66	7.66302	6166	280
7.60/7.70	7.70112	6165	281
7.70/7.74	7.73984	6164	282
7.70/7.78	7.77778	6163	283
7.78/7.81	7.81444	6162	284
7.78/7.85	7.85043	6161	285
7.78/7.89	7.88744	6160	286
7.88/7.92	7.92331	6159	287
7.88/7.96	7.95991	6158	289
7.88/7.99	7.99584	6157	290
7.98/8.03	8.03466	6156	300
7.98/8.07	8.07199	6155	302
8.08/8.11	8.10962	6154	306
8.08/8.15	8.14768	6153	310
8.08/8.18	8.18465	6152	311
8.18/8.22	8.22255	6151	312
8.18/8.26	8.2614	6150	313
8.28/8.30	8.29975	6149	315
8.28/8.34	8.33884	6148	316
8.28/8.38	8.37713	6147	318
8.38/8.41	8.41546	6146	320
8.38/8.45	8.45476	6145	323
8.38/8.49	8.4941	6144	328
8.48/8.53	8.53404	6143	334
8.48/8.57	8.57244	6142	336
8.58/8.61	8.6112	6141	337
8.58/8.66	8.65624	6140	354
8.58/8.69	8.69541	6139	355
8.70/8.73	8.73318	6138	356
8.70/8.77	8.77096	6137	357
8.70/8.81	8.8105	6136	360
8.80/8.85	8.84833	6135	361
8.80/8.89	8.88654	6134	363
8.88/8.92	8.92429	6133	364
8.88/8.96	8.96488	6132	372
8.98/9.00	9.00312	6131	375
8.98/9.04	9.04137	6130	377
8.98/9.08	9.07939	6129	379
9.08/9.12	9.11781	6128	380
9.08/9.16	9.15633	6127	381
9.18/9.20	9.19651	6126	388
9.18/9.23	9.23412	6125	389
9.18/9.27	9.27271	6124	390
9.28/9.31	9.31191	6123	391
9.28/9.35	9.35107	6122	396
9.28/9.39	9.3881	6121	398
9.38/9.43	9.43005	6120	399
9.38/9.48	9.48057	6119	400
9.48/9.55	9.54855	6118	401
9.58/9.60	9.6009	6117	402
9.58/9.64	9.64241	6116	404
9.58/9.68	9.68233	6115	405
9.68/9.72	9.72313	6114	409
9.68/9.76	9.76183	6113	410
9.68/9.80	9.80108	6112	413
9.80/9.84	9.84011	6111	414
9.80/9.88	9.87891	6110	416
9.90/9.92	9.91813	6109	419
9.90/9.96	9.95798	6108	424
9.98/10.00	9.9977	6107	425
9.98/10.04	10.0374	6106	426
9.98/10.07	10.0757	6105	427
10.08/10.13	10.1285	6104	428
10.18/10.20	10.201	6103	431
10.18/10.27	10.2678	6102	433
10.28/10.32	10.318	6101	435
10.28/10.36	10.3583	6100	441
10.38/10.40	10.3969	6099	443
10.38/10.43	10.436	6098	446
10.38/10.47	10.4742	6097	447
10.48/10.52	10.516	6096	455
10.48/10.56	10.5579	6094	461
10.58/10.60	10.5967	6093	462
10.58/10.64	10.6367	6092	463
10.58/10.68	10.6764	6091	464
10.68/10.71	10.7158	6090	465
10.68/10.76	10.7575	6089	475
10.78/10.80	10.8052	6088	476
10.78/10.84	10.8443	6087	479
10.78/10.88	10.8859	6086	489
10.90/10.92	10.9251	6085	493
10.90/10.96	10.9646	6084	498
10.90/11.00	11.003	6083	500
11.00/11.04	11.0413	6082	501
11.00/11.08	11.0812	6081	505
11.08/11.12	11.1239	6080	510
11.08/11.17	11.173	6079	511
11.18/11.21	11.2128	6078	515
11.18/11.27	11.2691	6076	516
11.29/11.33	11.3323	6075	527
11.39/11.40	11.3984	6074	528
11.39/11.45	11.4483	6073	529
11.39/11.49	11.4864	6072	530
11.49/11.52	11.5245	6071	531
11.49/11.56	11.5625	6070	532
11.59/11.60	11.601	6069	534
11.59/11.64	11.6422	6068	536
11.59/11.68	11.6811	6067	538
11.69/11.72	11.7202	6066	540
11.69/11.76	11.7591	6065	541
11.79/11.80	11.7971	6064	542
11.79/11.84	11.8362	6063	544
11.79/11.89	11.8918	6062	545
11.89/11.94	11.9431	6061	546
11.89/11.99	11.9949	6060	549
12.01/12.07	12.0663	6059	555
12.11/12.12	12.1164	6058	556
12.11/12.16	12.1575	6057	557
12.19/12.20	12.197	6056	558
12.19/12.24	12.2362	6055	559
12.19/12.27	12.2744	6054	560
12.29/12.31	12.3128	6053	562
12.29/12.35	12.3516	6052	565
12.29/12.39	12.3914	6051	571
12.39/12.45	12.4516	6050	577
12.49/12.50	12.5005	6049	578
12.49/12.57	12.5684	6048	584
12.59/12.62	12.6204	6047	592
12.59/12.66	12.6607	6046	593
12.69/12.70	12.7021	6045	599
12.69/12.74	12.7403	6044	601
12.69/12.78	12.7788	6043	603
12.79/12.82	12.8172	6042	605
12.79/12.86	12.8575	6041	611
12.89/12.90	12.899	6040	616
12.89/12.94	12.9381	6039	617
12.89/12.99	12.9906	6038	619
12.99/13.05	13.0547	6037	621
12.99/13.10	13.104	6036	628
13.11/13.14	13.1444	6035	634
13.11/13.19	13.1888	6034	652
13.21/13.23	13.2266	6033	653
13.21/13.26	13.2642	6032	654
13.29/13.30	13.302	6031	655
13.29/13.34	13.34	6030	657
13.29/13.38	13.376	6029	659
13.39/13.41	13.4135	6028	667
13.39/13.45	13.4489	6027	668
13.39/13.49	13.4864	6026	675
13.49/13.52	13.5233	6025	676
13.49/13.56	13.5633	6024	687
13.59/13.60	13.6003	6023	692
13.59/13.64	13.6365	6022	693
13.59/13.67	13.6751	6021	697
13.69/13.71	13.7152	6020	705
13.69/13.75	13.7528	6019	706
13.69/13.79	13.7918	6018	710
13.79/13.83	13.8301	6017	713
13.79/13.87	13.8683	6016	715
13.89/13.91	13.9077	6015	719
13.89/13.95	13.9462	6014	720
13.89/13.99	13.9908	6013	725
13.99/14.06	14.0574	6012	727
14.09/14.11	14.1068	6011	728
14.09/14.16	14.1595	6010	729
14.21/14.22	14.2235	6009	730
14.21/14.27	14.2732	6008	736
14.31/14.31	14.312	6007	738
14.31/14.35	14.3503	6006	740
14.31/14.39	14.3877	6005	741
14.39/14.43	14.426	6004	744
14.39/14.46	14.4634	6003	745
14.49/14.50	14.5036	6002	753
14.49/14.54	14.541	6001	754
14.49/14.58	14.5802	6000	755
14.59/14.62	14.6189	5999	756
14.59/14.69	14.6942	5998	771
14.69/14.76	14.757	5997	772
14.79/14.81	14.8058	5996	774
14.79/14.84	14.8452	5995	779
14.79/14.88	14.8827	5994	780
14.89/14.92	14.9219	5993	785
14.89/14.96	14.9597	5992	787
14.99/15.00	15.0026	5991	800
14.99/15.04	15.0422	5990	802
14.99/15.08	15.0819	5989	805
15.09/15.12	15.1205	5988	808
15.09/15.16	15.1602	5987	809
15.19/15.20	15.1983	5986	812
15.19/15.24	15.2376	5985	818
15.19/15.27	15.2749	5984	819
15.31/15.31	15.3131	5983	822
15.31/15.35	15.3529	5982	830
15.31/15.39	15.3912	5981	833
15.41/15.43	15.4327	5980	846
15.41/15.47	15.4707	5979	848
15.49/15.51	15.5098	5978	853
15.49/15.55	15.5474	5977	854
15.49/15.58	15.5855	5976	857
15.59/15.62	15.6244	5975	862
15.59/15.66	15.6649	5974	870
15.69/15.70	15.7044	5973	871
15.69/15.75	15.747	5972	884
15.69/15.78	15.7848	5971	886
15.79/15.82	15.8225	5970	888
15.79/15.86	15.8639	5969	901
15.89/15.90	15.902	5968	903
15.89/15.94	15.9405	5967	906
15.89/15.98	15.9779	5966	907
15.99/16.02	16.017	5965	912
15.99/16.06	16.0562	5964	918
15.99/16.09	16.0955	5963	925
16.09/16.14	16.1382	5962	939
16.09/16.17	16.1754	5961	940
16.19/16.21	16.2147	5960	941
16.19/16.26	16.2579	5959	956
16.19/16.29	16.2956	5958	958
16.29/16.34	16.3375	5957	972
16.29/16.37	16.3756	5956	973
16.41/16.41	16.4149	5955	980
16.41/16.45	16.4543	5954	987
16.41/16.49	16.494	5953	995
16.51/16.53	16.5325	5952	999
16.51/16.57	16.5698	5951	1001
16.59/16.61	16.6083	5950	1006
16.59/16.65	16.649	5949	1012
16.59/16.69	16.6889	5948	1020
16.69/16.73	16.7267	5947	1023
16.69/16.77	16.7693	5946	1039
16.79/16.81	16.8078	5945	1044
16.79/16.84	16.8446	5944	1045
16.79/16.88	16.8826	5943	1048
16.89/16.92	16.9215	5942	1053
16.89/16.96	16.9585	5941	1054
16.99/17.00	16.9973	5940	1057
16.99/17.04	17.0398	5939	1065
16.99/17.08	17.0767	5938	1066
17.09/17.12	17.121	5937	1080
17.09/17.16	17.1587	5936	1081
17.19/17.20	17.1987	5935	1082
17.19/17.24	17.2403	5934	1094
17.19/17.28	17.2834	5933	1112
17.29/17.32	17.3204	5932	1113
17.29/17.36	17.3587	5931	1117
17.39/17.40	17.3999	5930	1128
17.39/17.45	17.4471	5929	1158
17.39/17.49	17.4938	5928	1187
17.51/17.53	17.5346	5927	1200
17.51/17.57	17.5718	5926	1202
17.51/17.61	17.6092	5925	1203
17.61/17.65	17.6482	5924	1207
17.61/17.68	17.6851	5923	1208
17.69/17.72	17.7221	5922	1209
17.69/17.76	17.7597	5921	1212
17.79/17.80	17.8048	5920	1236
17.79/17.84	17.8443	5919	1245
17.79/17.88	17.8823	5918	1248
17.89/17.92	17.9232	5917	1259
17.89/17.96	17.9618	5916	1265
17.99/18.00	17.9998	5915	1268
17.99/18.04	18.0386	5914	1273
17.99/18.09	18.0878	5913	1274
18.09/18.16	18.1582	5912	1279
18.19/18.22	18.218	5911	1281
18.19/18.26	18.2653	5910	1282
18.29/18.32	18.3188	5909	1292
18.29/18.38	18.3847	5908	1293
18.39/18.44	18.4444	5907	1315
18.39/18.48	18.484	5906	1323
18.49/18.52	18.523	5905	1328
18.49/18.56	18.5609	5904	1332
18.49/18.60	18.5981	5903	1334
18.61/18.68	18.6831	5902	1349
18.71/18.74	18.7436	5901	1350
18.71/18.79	18.791	5900	1354
18.79/18.83	18.8319	5899	1366
18.79/18.87	18.8737	5898	1382
18.89/18.91	18.912	5897	1387
18.89/18.96	18.9565	5896	1409
18.89/18.99	18.9943	5895	1413
18.99/19.03	19.0326	5894	1418
18.99/19.07	19.0707	5893	1422
19.09/19.11	19.1074	5892	1423
19.09/19.15	19.1457	5891	1426
19.09/19.19	19.1882	5890	1443
19.19/19.23	19.2256	5889	1446
19.19/19.27	19.2728	5888	1469
19.29/19.34	19.344	5887	1486
19.39/19.42	19.4206	5886	1516
19.39/19.47	19.4741	5885	1553
19.49/19.52	19.5212	5884	1583
19.49/19.56	19.5597	5883	1589
19.59/19.60	19.5999	5882	1600
19.59/19.64	19.6382	5881	1604
19.59/19.68	19.6758	5880	1608
19.71/19.71	19.7129	5879	1610
19.71/19.75	19.7497	5878	1612
19.71/19.79	19.7867	5877	1614
19.81/19.85	19.8464	5876	1616
19.89/19.91	19.9079	5875	1620
19.89/19.96	19.9595	5874	1643
19.99/20.00	20.0019	5873	1660
19.99/20.04	20.0439	5872	1675
19.99/20.08	20.0806	5871	1676
20.09/20.12	20.1199	5870	1684
20.09/20.16	20.1572	5869	1685
20.19/20.20	20.1967	5868	1694
20.19/20.23	20.2346	5867	1697
20.19/20.27	20.2745	5866	1699
20.29/20.31	20.3109	5865	1700
20.29/20.35	20.3479	5864	1702
20.29/20.39	20.3866	5863	1709
20.39/20.43	20.4287	5862	1727
20.39/20.49	20.4907	5861	1784
20.49/20.53	20.5286	5860	1788
20.49/20.59	20.5921	5859	1851
20.59/20.63	20.63	5858	1854
20.59/20.67	20.6669	5857	1856
20.69/20.73	20.7267	5856	1923
20.69/20.77	20.7659	5855	1932
20.69/20.80	20.8029	5854	1935
20.80/20.84	20.8396	5853	1937
20.80/20.90	20.9002	5852	1967
20.91/20.95	20.9479	5851	1969
20.99/21.03	21.0254	5850	1997
20.99/21.07	21.0687	5849	1998
21.09/21.11	21.1076	5848	2005
21.09/21.15	21.1477	5847	2006
21.09/21.19	21.1859	5846	2011
21.19/21.22	21.2236	5845	2014
21.19/21.26	21.2613	5844	2018
21.29/21.30	21.2993	5843	2023
21.29/21.35	21.3531	5842	2075
21.29/21.39	21.3892	5841	2076
21.39/21.43	21.4262	5840	2079
21.39/21.46	21.4632	5839	2082
21.49/21.50	21.5029	5838	2091
21.49/21.55	21.5492	5837	2121
21.49/21.58	21.5842	5836	2122
21.59/21.63	21.6256	5835	2144
21.59/21.67	21.6736	5834	2188
21.69/21.71	21.7078	5833	2189
21.69/21.78	21.783	5832	2316
21.79/21.86	21.8617	5831	2453
21.79/21.90	21.8959	5830	2455
21.91/21.93	21.9336	5829	2467
21.91/21.97	21.971	5828	2479
21.91/22.01	22.0064	5827	2484
22.01/22.05	22.0509	5826	2517
22.01/22.09	22.086	5825	2521
22.09/22.15	22.1488	5824	2605
22.19/22.21	22.2084	5823	2682
22.19/22.24	22.2424	5822	2684
22.29/22.30	22.2983	5821	2739
22.29/22.34	22.3361	5820	2744
22.29/22.38	22.3763	5819	2756
22.39/22.42	22.4212	5818	2783
22.49/22.50	22.4993	5817	2906
22.49/22.54	22.5406	5816	2923
22.59/22.61	22.6134	5815	3027
22.59/22.66	22.6639	5814	3065
22.69/22.72	22.725	5813	3138
22.69/22.77	22.7693	5812	3160
22.79/22.80	22.8052	5811	3161
22.79/22.86	22.8633	5810	3224
22.89/22.91	22.906	5809	3245
22.89/22.99	22.9909	5808	3383
23.01/23.05	23.0483	5807	3445
23.01/23.09	23.09	5806	3462
23.11/23.15	23.1471	5805	3518
23.19/23.23	23.2336	5804	3658
23.19/23.29	23.2951	5803	3677
23.29/23.39	23.3874	5802	3762
23.39/23.46	23.4589	5801	3822
23.59/23.61	23.6148	5800	4011
23.59/23.69	23.6875	5799	4074
23.69/23.72	23.7233	5798	4075
23.69/23.78	23.7774	5797	4129
23.79/23.84	23.8407	5796	4209
23.79/23.89	23.8938	5795	4260
23.89/23.94	23.942	5794	4296
23.89/23.99	23.9868	5793	4323
23.99/24.06	24.0644	5792	4444
24.10/24.13	24.132	5791	4534
24.10/24.18	24.1756	5790	4557
24.20/24.21	24.2146	5789	4565
24.20/24.26	24.2652	5788	4607
24.29/24.30	24.3018	5787	4610
24.29/24.35	24.3459	5786	4634
24.29/24.39	24.3901	5785	4656
24.39/24.44	24.439	5784	4694
24.39/24.48	24.4846	5783	4720
24.49/24.53	24.5297	5782	4736
24.59/24.60	24.6016	5781	4839
24.59/24.69	24.6932	5780	4911
24.69/24.79	24.7927	5779	5017
24.89/24.95	24.955	5778	5379
24.89/24.99	24.9906	5777	5380
24.99/25.03	25.027	5776	5383
24.99/25.06	25.0642	5775	5388
25.09/25.19	25.193	5774	5651
25.20/25.23	25.2308	5773	5658
25.20/25.27	25.2678	5772	5661
25.20/25.30	25.3035	5771	5662
25.30/25.35	25.3466	5770	5684
25.30/25.39	25.395	5769	5722
25.39/25.43	25.435	5768	5735
25.49/25.51	25.513	5767	5856
25.59/25.61	25.6119	5766	6039
25.69/25.72	25.7171	5765	6232
25.69/25.78	25.7798	5764	6308
25.79/25.82	25.8241	5763	6333
25.79/25.86	25.8635	5762	6344
25.89/25.90	25.9034	5761	6355
25.89/25.96	25.9594	5760	6414
25.99/26.09	26.0878	5759	6674
26.09/26.12	26.1234	5758	6675
26.19/26.20	26.2023	5757	6794
26.30/26.34	26.3386	5756	7080
26.40/26.44	26.4426	5755	7277
26.49/26.53	26.5326	5754	7433
26.59/26.61	26.6106	5753	7554
26.59/26.67	26.6673	5752	7610
26.69/26.73	26.7256	5751	7680
26.79/26.83	26.8298	5750	7898
26.79/26.88	26.8848	5749	7965
26.89/26.94	26.942	5748	8039
26.89/26.99	26.9894	5747	8083
26.99/27.02	27.0246	5746	8089
27.09/27.19	27.1949	5745	8499
27.19/27.25	27.2519	5744	8572
27.19/27.29	27.2949	5743	8600
27.29/27.34	27.3409	5742	8632
27.41/27.50	27.5044	5741	8990
27.51/27.55	27.5471	5740	9011
27.59/27.65	27.647	5739	9194
28.08/28.18	28.1769	5738	10581
28.18/28.29	28.2923	5737	10811
28.28/28.35	28.3501	5736	10874
28.50/28.52	28.5217	5735	11265
28.60/28.68	28.6789	5734	11606
28.68/28.72	28.7197	5733	11622
28.78/28.81	28.8092	5732	11774
29.08/29.16	29.1634	5731	12665
29.28/29.33	29.3334	5730	13046
29.28/29.38	29.3847	5729	13091
29.38/29.43	29.4261	5728	13108
29.48/29.51	29.5087	5727	13240
29.48/29.58	29.5843	5726	13355
29.61/29.66	29.6609	5725	13470
29.71/29.72	29.7221	5724	13534
29.79/29.85	29.8453	5723	13787
29.89/29.95	29.9478	5722	13975
29.99/30.04	30.0438	5721	14147
30.09/30.10	30.0993	5720	14207
30.19/30.20	30.201	5719	14396
30.19/30.24	30.244	5718	14418
30.49/30.56	30.5615	5717	15223
30.70/30.73	30.7314	5716	15609
30.70/30.79	30.7864	5715	15657
30.81/30.82	30.8245	5714	15666
30.99/31.09	31.09	5713	16320
31.19/31.23	31.2287	5712	16614
31.29/31.33	31.3316	5711	16802
31.29/31.37	31.3671	5710	16804
31.39/31.45	31.4477	5709	16931
31.39/31.48	31.4838	5708	16933
31.49/31.54	31.54	5707	16992
31.59/31.61	31.6057	5706	17071
31.69/31.71	31.7097	5705	17259
31.69/31.76	31.7594	5704	17298
32.09/32.14	32.1379	5703	18273
32.19/32.26	32.256	5702	18493
32.19/32.29	32.2918	5701	18496
32.29/32.34	32.3405	5700	18535
32.49/32.51	32.5055	5699	18903
32.59/32.62	32.6173	5698	19125
32.79/32.82	32.8153	5697	19599
33.09/33.17	33.1704	5696	20506
33.19/33.23	33.2272	5695	20568
33.29/33.38	33.3837	5694	20913
33.49/33.53	33.5345	5693	21238
33.59/33.60	33.5983	5692	21322
33.79/33.89	33.8865	5691	22042
33.89/33.92	33.9233	5690	22048
34.01/34.10	34.0978	5689	22450
34.11/34.15	34.1515	5688	22502
34.29/34.30	34.3032	5687	22829
34.39/34.41	34.4096	5686	23034
34.39/34.47	34.4744	5685	23121
34.49/34.57	34.5675	5684	23287
34.59/34.65	34.6503	5683	23422
34.69/34.73	34.7307	5682	23554
35.11/35.18	35.1813	5681	24737
35.29/35.39	35.3894	5680	25235
35.49/35.57	35.5689	5679	25652
35.69/35.70	35.698	5678	25922
35.69/35.73	35.7347	5677	25926
36.31/36.35	36.3483	5676	27593
36.99/37.01	37.0126	5675	29372
37.19/37.29	37.2863	5674	30049
37.49/37.51	37.5136	5673	30600
37.49/37.55	37.5494	5672	30604
37.69/37.77	37.7708	5671	31128
37.89/37.92	37.9209	5670	31455
37.99/38.03	38.0309	5669	31666
38.29/38.32	38.3194	5668	32378
38.29/38.37	38.3667	5667	32414
38.58/38.68	38.6799	5666	33202
38.78/38.82	38.8237	5665	33514
38.98/39.03	39.0328	5664	34011
39.08/39.10	39.0989	5663	34103
39.08/39.14	39.1383	5662	34106
39.18/39.23	39.2295	5661	34263
40.08/40.17	40.1743	5660	36887
40.18/40.27	40.2703	5659	37063
40.38/40.42	40.4196	5658	37383
41.08/41.19	41.1886	5657	39484
41.18/41.27	41.2724	5656	39627
41.48/41.50	41.5026	5655	40185
41.48/41.55	41.5467	5654	40213
42.19/42.25	42.2523	5653	42114
42.29/42.38	42.3747	5652	42364
42.39/42.45	42.4478	5651	42473
44.39/44.47	44.4684	5650	48168
45.29/45.36	45.3605	5649	50188
46.20/46.29	46.2849	5648	52694
46.49/46.59	46.5869	5647	53459
46.99/47.01	47.0056	5646	54337
47.89/47.94	47.938	5645	56937
48.79/48.83	48.8309	5644	59427
48.99/49.08	49.0805	5643	60036
49.99/50.07	50.0697	5642	62734
50.39/50.47	50.4733	5641	63786
50.79/50.81	50.8129	5640	64644
51.79/51.87	51.8712	5639	67542
51.89/51.97	51.9643	5638	67711
52.19/52.27	52.2682	5637	68478
53.69/53.73	53.7284	5636	72534
53.80/53.87	53.8654	5635	72828
53.90/53.93	53.9248	5634	72896
53.99/54.08	54.0804	5633	73239
54.19/54.29	54.287	5632	73723
55.79/55.81	55.8088	5631	77929
57.29/57.32	57.3211	5630	82033
59.40/59.43	59.4315	5629	87918
59.98/60.03	60.0266	5628	89268
64.49/64.55	64.5452	5627	102013
67.39/67.40	67.3944	5626	110401
74.49/74.55	74.5521	5625	132093
78.19/78.29	78.2925	5624	143312
79.99/80.01	80.0046	5623	148446
80.78/80.80	80.7975	5622	150785
82.28/82.38	82.3815	5621	155481
82.88/82.93	82.9295	5620	157048
86.98/87.00	87	5619	168865
101.28/101.38	101.381	5618	208853
116.79/116.82	116.812	5617	253637
123.88/123.97	123.969	5616	274499
134.38/134.46	134.454	5615	303269
139.28/139.31	139.3	5614	316818
162.88/162.96	162.955	5613	382384
166.98/167.05	167.047	5612	393941
341.37/341.42	341.409	5611	883796
427.07/427.12	427.107	5610	1119153
