1.00/1.05	1.05574	6275	0
1.00/1.09	1.09377	6274	2
1.10/1.13	1.13094	6273	3
1.10/1.17	1.17069	6272	9
1.20/1.21	1.20823	6271	11
1.20/1.24	1.24651	6270	12
1.20/1.28	1.28483	6269	13
1.29/1.32	1.32197	6268	14
1.29/1.36	1.36032	6267	16
1.39/1.40	1.39788	6266	17
1.39/1.43	1.4342	6265	21
1.39/1.47	1.46916	6264	22
1.49/1.50	1.50425	6263	23
1.49/1.54	1.53991	6262	25
1.49/1.57	1.57576	6261	26
1.59/1.61	1.61205	6260	31
1.59/1.65	1.64816	6259	32
1.59/1.68	1.68413	6258	35
1.69/1.72	1.72127	6257	38
1.69/1.75	1.75667	6256	39
1.69/1.79	1.79424	6255	45
1.79/1.83	1.82926	6254	46
1.79/1.86	1.86735	6253	51
1.89/1.90	1.90504	6252	52
1.89/1.94	1.94267	6251	53
1.89/1.98	1.98014	6250	54
1.99/2.02	2.02047	6249	55
1.99/2.06	2.05925	6248	58
1.99/2.10	2.09799	6247	59
2.10/2.13	2.13571	6246	60
2.10/2.17	2.17339	6245	61
2.20/2.21	2.21181	6244	64
2.20/2.25	2.25102	6243	65
2.20/2.29	2.28951	6242	66
2.29/2.33	2.32785	6241	69
2.29/2.36	2.36639	6240	70
2.39/2.40	2.40403	6238	71
2.39/2.44	2.44217	6236	73
2.39/2.48	2.48048	6235	75
2.49/2.52	2.51807	6234	76
2.49/2.55	2.5568	6233	77
2.49/2.59	2.59485	6232	79
2.59/2.63	2.63279	6231	81
2.59/2.67	2.67135	6230	84
2.69/2.71	2.70982	6228	87
2.69/2.75	2.74764	6227	88
2.69/2.78	2.78518	6226	89
2.79/2.82	2.82388	6225	90
2.79/2.86	2.86159	6224	91
2.89/2.90	2.89999	6223	92
2.89/2.94	2.9375	6222	93
2.89/2.97	2.97695	6221	96
2.99/3.01	3.01518	6220	97
2.99/3.05	3.05298	6219	99
2.99/3.09	3.09055	6218	100
3.09/3.13	3.12806	6217	101
3.09/3.16	3.16665	6216	102
3.09/3.20	3.20424	6215	103
3.20/3.24	3.24171	6214	104
3.20/3.28	3.27944	6212	105
3.30/3.32	3.31807	6211	106
3.30/3.35	3.35641	6210	107
3.30/3.39	3.39541	6209	110
3.39/3.43	3.43314	6208	112
3.39/3.47	3.4706	6207	113
3.49/3.51	3.50908	6206	114
3.49/3.55	3.54796	6205	117
3.49/3.58	3.5853	6204	118
3.59/3.62	3.62359	6203	121
3.59/3.66	3.66101	6202	122
3.69/3.70	3.6994	6201	123
3.69/3.74	3.73759	6200	126
3.69/3.77	3.77492	6199	127
3.79/3.81	3.81225	6198	128
3.79/3.85	3.8513	6197	131
3.79/3.89	3.88955	6196	132
3.89/3.92	3.9269	6195	133
3.89/3.96	3.96419	6194	134
3.99/4.00	4.00314	6193	136
3.99/4.04	4.04209	6192	138
3.99/4.08	4.07934	6191	139
4.09/4.11	4.11699	6190	141
4.09/4.15	4.1544	6189	142
4.09/4.19	4.19252	6188	145
4.19/4.23	4.23047	6187	148
4.19/4.28	4.28051	6186	149
4.30/4.35	4.34745	6185	151
4.30/4.39	4.39336	6184	152
4.40/4.43	4.43055	6183	153
4.40/4.47	4.46831	6182	155
4.48/4.51	4.51142	6181	167
4.48/4.55	4.55053	6180	170
4.48/4.59	4.5878	6179	171
4.58/4.65	4.6548	6178	174
4.68/4.72	4.72009	6177	176
4.68/4.77	4.76766	6176	177
4.78/4.80	4.80597	6175	181
4.78/4.84	4.84413	6174	182
4.78/4.88	4.88337	6173	185
4.88/4.92	4.92052	6172	186
4.88/4.96	4.95765	6171	187
4.98/5.00	5.00404	6170	190
4.98/5.06	5.06607	6169	191
5.08/5.13	5.13143	6168	193
5.08/5.18	5.17923	6167	194
5.18/5.22	5.21749	6166	197
5.18/5.25	5.25493	6165	199
5.18/5.29	5.29714	6164	213
5.28/5.33	5.33444	6163	214
5.28/5.37	5.37672	6162	217
5.39/5.41	5.41406	6161	219
5.39/5.45	5.44984	6160	223
5.39/5.48	5.48579	6159	228
5.49/5.52	5.52122	6158	231
5.49/5.56	5.55745	6157	236
5.49/5.59	5.59343	6156	241
5.58/5.63	5.62815	6155	242
5.58/5.66	5.66387	6154	243
5.68/5.70	5.69951	6153	244
5.68/5.73	5.73447	6152	246
5.68/5.77	5.77314	6151	249
5.78/5.81	5.81209	6150	252
5.78/5.85	5.84802	6149	253
5.78/5.88	5.8857	6148	257
5.88/5.92	5.92137	6147	258
5.88/5.95	5.95598	6146	259
5.88/5.99	5.99215	6145	262
5.98/6.03	6.02877	6144	265
5.98/6.06	6.06679	6143	269
6.08/6.10	6.10363	6142	270
6.08/6.14	6.14052	6141	271
6.08/6.18	6.18073	6140	279
6.18/6.22	6.21794	6139	280
6.18/6.25	6.25695	6138	287
6.18/6.29	6.29455	6137	290
6.28/6.33	6.33143	6136	291
6.28/6.37	6.36911	6135	292
6.38/6.40	6.40486	6134	293
6.38/6.44	6.44172	6133	294
6.38/6.48	6.47901	6132	296
6.49/6.51	6.51373	6131	297
6.49/6.55	6.54812	6130	298
6.49/6.58	6.58276	6129	299
6.59/6.62	6.61722	6128	300
6.59/6.65	6.65153	6127	301
6.59/6.68	6.68631	6126	303
6.68/6.72	6.72227	6125	306
6.68/6.76	6.75817	6124	311
6.68/6.79	6.79327	6123	313
6.78/6.83	6.82843	6122	314
6.78/6.86	6.86601	6121	315
6.88/6.90	6.90581	6120	322
6.88/6.94	6.94255	6119	323
6.88/6.98	6.97907	6118	328
6.98/7.01	7.01377	6117	330
6.98/7.05	7.04954	6116	334
6.98/7.08	7.08496	6115	338
7.08/7.12	7.1201	6114	341
7.08/7.15	7.15631	6113	342
7.08/7.19	7.19362	6112	344
7.18/7.23	7.23079	6111	346
7.18/7.27	7.2675	6110	347
7.28/7.30	7.30572	6109	352
7.28/7.34	7.34434	6107	357
7.28/7.38	7.38316	6106	358
7.38/7.42	7.41979	6105	359
7.38/7.46	7.45874	6104	367
7.48/7.53	7.52793	6103	374
7.48/7.58	7.57871	6102	377
7.59/7.63	7.62757	6101	380
7.59/7.69	7.69182	6100	381
7.69/7.74	7.73995	6099	382
7.69/7.77	7.7765	6098	383
7.78/7.81	7.81305	6097	384
7.78/7.87	7.87112	6096	385
7.88/7.91	7.90773	6095	386
7.88/7.95	7.94776	6094	393
7.88/7.98	7.98472	6093	395
7.98/8.02	8.02137	6092	396
7.98/8.07	8.07102	6091	399
8.08/8.13	8.13369	6090	402
8.08/8.18	8.18319	6089	405
8.18/8.23	8.23264	6088	406
8.28/8.30	8.29905	6087	407
8.28/8.35	8.35392	6086	416
8.38/8.42	8.42575	6084	422
8.38/8.49	8.48726	6083	423
8.48/8.53	8.53609	6082	425
8.48/8.59	8.59217	6081	431
8.58/8.64	8.63903	6080	433
8.58/8.69	8.6891	6079	438
8.69/8.74	8.73719	6078	439
8.69/8.78	8.78414	6077	441
8.79/8.85	8.84856	6076	442
8.88/8.91	8.91197	6075	448
8.88/8.96	8.96054	6074	449
8.98/9.01	9.01105	6073	450
8.98/9.07	9.07333	6072	451
9.08/9.12	9.12179	6071	452
9.08/9.17	9.17111	6070	454
9.18/9.22	9.21826	6069	457
9.18/9.26	9.26496	6068	459
9.28/9.31	9.31115	6067	460
9.28/9.36	9.35924	6066	462
9.38/9.41	9.4073	6065	464
9.38/9.45	9.4543	6064	467
9.48/9.50	9.50048	6063	468
9.48/9.55	9.54813	6062	472
9.48/9.59	9.59581	6061	476
9.58/9.65	9.64713	6060	488
9.58/9.69	9.69447	6059	489
9.68/9.74	9.74082	6058	491
9.68/9.78	9.77706	6057	492
9.79/9.81	9.81411	6056	495
9.79/9.85	9.85044	6055	496
9.79/9.89	9.88746	6054	497
9.89/9.92	9.92436	6053	500
9.89/9.96	9.96483	6052	513
9.98/10.00	9.99909	6051	515
9.98/10.03	10.0336	6050	517
9.98/10.07	10.0716	6049	525
10.08/10.11	10.1075	6048	532
10.08/10.14	10.1424	6047	534
10.08/10.18	10.1784	6046	537
10.18/10.22	10.2205	6045	550
10.18/10.25	10.2567	6044	551
10.18/10.29	10.2927	6043	552
10.28/10.33	10.3289	6042	553
10.28/10.36	10.3663	6041	555
10.38/10.40	10.4024	6040	556
10.38/10.44	10.4388	6039	558
10.38/10.47	10.4762	6038	560
10.48/10.53	10.5281	6037	561
10.48/10.59	10.5897	6036	566
10.58/10.65	10.6541	6035	568
10.68/10.70	10.6986	6034	569
10.68/10.73	10.7364	6033	574
10.68/10.77	10.7725	6032	575
10.78/10.81	10.8088	6031	576
10.78/10.85	10.8475	6030	579
10.78/10.89	10.8876	6029	586
10.89/10.92	10.9238	6028	587
10.89/10.97	10.9699	6027	617
10.99/11.01	11.0091	6026	627
10.99/11.06	11.0614	6025	629
11.08/11.12	11.1198	6024	631
11.08/11.16	11.1629	6023	633
11.18/11.20	11.2	6022	634
11.18/11.26	11.2646	6021	651
11.28/11.33	11.3286	6020	653
11.28/11.38	11.3772	6019	655
11.38/11.41	11.4131	6018	656
11.38/11.47	11.4767	6017	657
11.48/11.54	11.5411	6016	662
11.48/11.59	11.59	6015	665
11.58/11.64	11.639	6014	667
11.58/11.68	11.6852	6013	669
11.68/11.73	11.7314	6012	671
11.68/11.78	11.7848	6011	689
11.78/11.83	11.8315	6010	692
11.78/11.88	11.8807	6009	698
11.88/11.93	11.928	6008	702
11.88/11.98	11.9789	6007	710
11.99/12.03	12.0279	6006	712
11.99/12.07	12.0749	6005	715
12.09/12.13	12.1284	6004	733
12.09/12.17	12.1755	6003	735
12.18/12.22	12.2215	6002	737
12.18/12.27	12.2674	6001	738
12.28/12.31	12.3141	6000	740
12.28/12.36	12.3626	5999	741
12.38/12.40	12.3992	5998	742
12.38/12.43	12.4349	5997	743
12.38/12.47	12.4718	5996	747
12.48/12.51	12.5087	5995	749
12.48/12.54	12.5458	5994	753
12.48/12.58	12.5815	5993	754
12.58/12.62	12.6182	5992	755
12.58/12.66	12.6576	5991	759
12.68/12.70	12.6995	5990	778
12.68/12.74	12.7413	5989	796
12.68/12.78	12.7789	5988	802
12.78/12.81	12.8146	5987	803
12.78/12.85	12.851	5986	805
12.78/12.89	12.8889	5985	809
12.88/12.92	12.9233	5984	810
12.88/12.96	12.9578	5983	814
12.88/12.99	12.9941	5982	824
12.98/13.03	13.0274	5981	825
12.98/13.07	13.0721	5980	829
13.09/13.14	13.1375	5979	831
13.09/13.18	13.1852	5978	832
13.19/13.22	13.2207	5977	834
13.19/13.26	13.2587	5976	837
13.19/13.29	13.2944	5975	840
13.28/13.33	13.3325	5974	849
13.28/13.37	13.3708	5973	852
13.39/13.41	13.4133	5972	871
13.39/13.45	13.4496	5971	875
13.39/13.48	13.4839	5970	879
13.49/13.52	13.5208	5969	884
13.49/13.56	13.5588	5968	886
13.49/13.59	13.5943	5967	888
13.59/13.63	13.6311	5966	894
13.59/13.67	13.6672	5965	898
13.69/13.70	13.7032	5964	900
13.69/13.74	13.7397	5963	905
13.69/13.78	13.7771	5962	912
13.79/13.81	13.8124	5961	917
13.79/13.85	13.8526	5960	931
13.79/13.89	13.8902	5959	936
13.89/13.92	13.9244	5958	938
13.89/13.96	13.9605	5957	945
13.89/13.99	13.9955	5956	946
13.99/14.03	14.0303	5955	947
13.99/14.07	14.0671	5954	953
14.09/14.10	14.1041	5953	964
14.09/14.14	14.1379	5952	968
14.09/14.18	14.1803	5951	996
14.20/14.21	14.2131	5950	997
14.20/14.25	14.2506	5949	1005
14.20/14.29	14.2892	5948	1025
14.30/14.32	14.3231	5947	1030
14.30/14.36	14.3577	5946	1037
14.39/14.40	14.3977	5945	1057
14.39/14.43	14.4305	5944	1059
14.39/14.47	14.4744	5943	1095
14.49/14.51	14.5081	5942	1098
14.49/14.54	14.5408	5941	1099
14.49/14.57	14.5744	5940	1103
14.59/14.61	14.609	5939	1105
14.59/14.64	14.6438	5938	1106
14.59/14.68	14.6786	5937	1107
14.69/14.71	14.7135	5936	1108
14.69/14.75	14.7486	5935	1109
14.69/14.78	14.7847	5934	1113
14.79/14.82	14.8212	5933	1118
14.79/14.87	14.87	5932	1158
14.89/14.91	14.9112	5931	1178
14.89/14.94	14.9445	5930	1181
14.89/14.98	14.9818	5929	1195
14.99/15.01	15.0142	5928	1196
14.99/15.05	15.0484	5927	1201
14.99/15.08	15.086	5926	1210
15.09/15.12	15.1238	5925	1219
15.09/15.16	15.1586	5924	1220
15.09/15.19	15.1949	5923	1225
15.19/15.23	15.2309	5922	1229
15.19/15.27	15.2674	5921	1233
15.30/15.30	15.3055	5920	1244
15.30/15.36	15.3621	5919	1309
15.30/15.40	15.4035	5918	1327
15.40/15.44	15.4376	5917	1329
15.40/15.48	15.4785	5916	1356
15.49/15.51	15.5117	5915	1357
15.49/15.54	15.545	5914	1358
15.49/15.58	15.5796	5913	1360
15.59/15.61	15.6152	5912	1363
15.59/15.65	15.6503	5911	1365
15.59/15.68	15.6864	5910	1369
15.69/15.72	15.7214	5909	1371
15.69/15.77	15.7684	5908	1408
15.79/15.80	15.8052	5907	1414
15.79/15.84	15.8415	5906	1419
15.79/15.88	15.8785	5905	1424
15.89/15.92	15.9179	5904	1436
15.89/15.95	15.9502	5903	1437
15.89/15.98	15.9835	5902	1441
15.99/16.02	16.0174	5901	1444
15.99/16.05	16.052	5900	1449
15.99/16.09	16.0867	5899	1454
16.09/16.12	16.1213	5898	1462
16.09/16.15	16.1542	5897	1464
16.09/16.19	16.1873	5896	1466
16.19/16.22	16.2196	5895	1467
16.19/16.25	16.2558	5894	1473
16.19/16.29	16.2913	5893	1475
16.29/16.32	16.3257	5892	1476
16.29/16.37	16.3702	5891	1502
16.40/16.40	16.4049	5890	1503
16.40/16.45	16.4478	5889	1524
16.40/16.49	16.4871	5888	1536
16.50/16.53	16.5352	5887	1566
16.50/16.57	16.5714	5886	1571
16.59/16.60	16.6058	5885	1572
16.59/16.64	16.6423	5884	1579
16.59/16.68	16.6781	5883	1584
16.69/16.71	16.7141	5882	1589
16.69/16.75	16.7485	5881	1590
16.69/16.78	16.7859	5880	1602
16.79/16.83	16.8357	5879	1656
16.79/16.87	16.8685	5878	1657
16.89/16.91	16.9119	5877	1689
16.89/16.95	16.9467	5876	1695
16.89/16.98	16.985	5875	1715
16.99/17.03	17.032	5874	1762
16.99/17.07	17.0668	5873	1767
17.09/17.12	17.1188	5872	1810
17.09/17.15	17.1539	5871	1813
17.09/17.19	17.1891	5870	1816
17.19/17.24	17.2389	5869	1862
17.19/17.27	17.2735	5868	1864
17.29/17.31	17.3137	5867	1881
17.29/17.35	17.3479	5866	1882
17.29/17.38	17.3831	5865	1883
17.39/17.42	17.4191	5864	1893
17.39/17.45	17.4522	5863	1897
17.39/17.50	17.4982	5862	1941
17.50/17.54	17.5404	5861	1972
17.50/17.57	17.5729	5860	1974
17.60/17.61	17.6114	5859	1994
17.60/17.65	17.6539	5858	2026
17.60/17.69	17.6886	5857	2034
17.69/17.74	17.7393	5856	2092
17.69/17.77	17.7734	5855	2093
17.79/17.81	17.8106	5854	2100
17.79/17.85	17.8473	5853	2108
17.79/17.88	17.8829	5852	2111
17.89/17.93	17.931	5851	2152
17.89/17.97	17.9696	5850	2161
17.99/18.01	18.011	5849	2173
17.99/18.05	18.0469	5848	2179
17.99/18.08	18.0812	5847	2180
18.09/18.13	18.1341	5846	2233
18.09/18.17	18.1711	5845	2234
18.19/18.20	18.2063	5844	2237
18.19/18.24	18.244	5843	2247
18.19/18.28	18.2781	5842	2248
18.29/18.31	18.313	5841	2251
18.29/18.35	18.3509	5840	2262
18.29/18.39	18.3922	5839	2278
18.39/18.43	18.4298	5838	2280
18.39/18.46	18.4631	5837	2284
18.49/18.50	18.4978	5836	2285
18.49/18.55	18.551	5835	2354
18.49/18.58	18.5861	5834	2364
18.60/18.64	18.641	5833	2433
18.60/18.67	18.6756	5832	2434
18.70/18.71	18.7097	5831	2439
18.70/18.76	18.7598	5830	2482
18.79/18.81	18.8143	5829	2539
18.79/18.85	18.8524	5828	2548
18.89/18.91	18.9076	5827	2605
18.89/18.95	18.952	5826	2634
18.99/19.01	19.0073	5825	2689
18.99/19.05	19.0465	5824	2695
19.09/19.11	19.108	5823	2740
19.09/19.17	19.1732	5822	2741
19.19/19.24	19.2389	5821	2783
19.19/19.28	19.2845	5820	2785
19.29/19.36	19.3613	5819	2848
19.39/19.43	19.4283	5818	2882
19.49/19.50	19.4977	5817	2893
19.49/19.58	19.5783	5816	2994
19.59/19.61	19.6154	5815	2996
19.59/19.65	19.6512	5814	3001
19.59/19.68	19.6861	5813	3002
19.69/19.75	19.7529	5812	3091
19.69/19.79	19.7898	5811	3098
19.79/19.83	19.8296	5810	3107
19.79/19.87	19.8702	5809	3121
19.89/19.92	19.922	5808	3172
19.99/20.01	20.0161	5807	3337
19.99/20.08	20.0792	5806	3420
20.09/20.14	20.1452	5805	3509
20.09/20.18	20.1812	5804	3511
20.19/20.23	20.2297	5803	3541
20.19/20.27	20.2672	5802	3544
20.29/20.32	20.3257	5801	3615
20.29/20.37	20.3686	5800	3636
20.39/20.42	20.4191	5799	3682
20.39/20.45	20.4561	5798	3684
20.49/20.51	20.5118	5797	3740
20.49/20.55	20.5511	5796	3752
20.59/20.61	20.6098	5795	3817
20.59/20.64	20.6455	5794	3822
20.59/20.69	20.6946	5793	3858
20.79/20.81	20.8119	5792	4096
20.79/20.84	20.8458	5791	4097
20.89/20.91	20.9069	5790	4165
20.89/20.98	20.9785	5789	4267
20.99/21.02	21.0173	5788	4281
21.09/21.10	21.1029	5787	4427
21.09/21.14	21.1394	5786	4435
21.09/21.18	21.1804	5785	4451
21.19/21.24	21.2459	5784	4544
21.19/21.28	21.2837	5783	4553
21.29/21.32	21.3225	5782	4560
21.29/21.37	21.3688	5781	4590
21.39/21.42	21.4228	5780	4650
21.39/21.48	21.4767	5779	4708
21.59/21.60	21.6018	5778	4977
21.59/21.66	21.6621	5777	5055
21.69/21.70	21.6975	5776	5058
21.69/21.74	21.7461	5775	5099
21.79/21.82	21.8183	5774	5211
21.89/21.93	21.9311	5773	5437
21.89/21.97	21.9694	5772	5443
22.09/22.10	22.1001	5771	5719
22.09/22.16	22.1582	5770	5785
22.19/22.25	22.2469	5769	5933
22.29/22.33	22.3327	5768	6086
22.29/22.38	22.3788	5767	6122
22.39/22.41	22.4148	5766	6129
22.49/22.54	22.5379	5765	6395
22.49/22.59	22.5877	5764	6444
22.59/22.63	22.6319	5763	6477
22.69/22.71	22.7154	5762	6631
22.69/22.75	22.7507	5761	6642
22.79/22.81	22.8085	5760	6723
22.79/22.87	22.874	5759	6825
22.89/22.92	22.9244	5758	6886
22.99/23.03	23.031	5757	7122
23.09/23.19	23.1901	5756	7522
23.19/23.22	23.2258	5755	7529
23.29/23.35	23.3467	5754	7784
23.29/23.39	23.3879	5753	7805
23.39/23.49	23.4882	5752	7996
23.49/23.57	23.5678	5751	8132
23.59/23.60	23.6029	5750	8138
23.59/23.68	23.6807	5749	8268
23.79/23.80	23.797	5748	8506
23.89/23.90	23.9032	5747	8713
23.89/23.95	23.9475	5746	8740
24.10/24.12	24.1197	5745	9147
24.20/24.25	24.2516	5744	9441
24.29/24.39	24.3901	5743	9772
24.39/24.49	24.4911	5742	9984
24.49/24.54	24.5379	5741	10024
24.49/24.58	24.5786	5740	10045
24.59/24.61	24.616	5739	10057
24.69/24.70	24.6979	5738	10194
24.69/24.75	24.7508	5737	10251
24.79/24.88	24.881	5736	10397
24.89/24.95	24.9481	5735	10407
25.09/25.18	25.1804	5734	10875
25.20/25.21	25.2143	5733	10877
25.39/25.41	25.4064	5732	11361
25.39/25.46	25.4569	5731	11423
25.59/25.64	25.6425	5730	11907
25.59/25.68	25.6842	5729	11941
25.79/25.85	25.8485	5728	12357
25.79/25.89	25.8894	5727	12384
25.89/25.93	25.9353	5726	12429
26.09/26.11	26.1091	5725	12862
26.09/26.14	26.1417	5724	12868
26.19/26.25	26.2521	5723	13108
26.19/26.29	26.2901	5722	13129
26.30/26.36	26.3562	5721	13230
26.40/26.41	26.4067	5720	13288
26.40/26.45	26.4534	5719	13338
26.49/26.50	26.5013	5718	13391
26.49/26.54	26.5407	5717	13417
26.59/26.60	26.6041	5716	13520
26.59/26.67	26.6732	5715	13637
26.79/26.81	26.8082	5714	13943
26.79/26.87	26.8699	5713	14024
26.99/27.04	27.0458	5712	14434
27.40/27.45	27.4512	5711	15524
27.50/27.59	27.5869	5710	15825
27.68/27.71	27.715	5709	16103
27.78/27.85	27.8478	5708	16396
27.88/27.99	27.9888	5707	16716
27.98/28.03	28.0343	5706	16754
27.98/28.07	28.0675	5705	16755
28.18/28.21	28.2143	5704	17103
28.18/28.26	28.2649	5703	17152
28.28/28.30	28.2992	5702	17156
28.28/28.34	28.342	5701	17183
28.28/28.38	28.3826	5700	17202
28.38/28.49	28.4934	5699	17438
28.59/28.60	28.6056	5698	17696
28.98/29.02	29.0179	5697	18804
28.98/29.06	29.0657	5696	18846
29.08/29.12	29.1228	5695	18916
30.89/30.96	30.9559	5694	24146
30.99/31.05	31.0468	5693	24321
31.09/31.18	31.1764	5692	24603
31.29/31.32	31.3173	5691	24918
31.39/31.41	31.4121	5690	25102
31.39/31.47	31.4666	5689	25165
31.49/31.52	31.5173	5688	25214
31.49/31.59	31.5871	5687	25315
31.69/31.74	31.7361	5686	25662
31.80/31.85	31.8505	5685	25896
31.90/31.92	31.9176	5684	25993
32.19/32.24	32.2387	5683	26829
32.29/32.35	32.3486	5682	27059
32.49/32.51	32.5077	5681	27420
32.69/32.73	32.7275	5680	27961
32.69/32.76	32.7634	5679	27974
32.79/32.84	32.845	5678	28118
32.79/32.89	32.8913	5677	28153
32.89/32.95	32.9556	5676	28246
33.09/33.12	33.1219	5675	28660
33.89/33.90	33.9001	5674	30885
34.99/35.03	35.0301	5673	33811
35.20/35.23	35.2278	5672	34309
35.29/35.37	35.371	5671	34625
36.20/36.20	36.2034	5670	36947
36.79/36.88	36.8839	5669	38834
36.89/36.99	36.9921	5668	39053
37.19/37.24	37.2416	5667	39667
37.19/37.28	37.2762	5666	39672
37.30/37.37	37.3661	5665	39836
37.88/37.95	37.9475	5664	41413
37.98/38.07	38.0675	5663	41663
38.08/38.19	38.1949	5662	41939
39.28/39.33	39.3333	5661	44983
39.99/40.05	40.0466	5660	46953
40.49/40.54	40.5447	5659	48294
41.29/41.36	41.3595	5658	50575
41.39/41.43	41.4324	5657	50693
41.99/42.02	42.0233	5656	52316
42.09/42.11	42.1139	5655	52481
42.09/42.16	42.1632	5654	52530
42.49/42.53	42.5309	5653	53509
43.39/43.42	43.4217	5652	56103
44.49/44.54	44.5378	5651	59310
44.79/44.82	44.8181	5650	60038
45.59/45.66	45.66	5649	62446
45.69/45.79	45.7941	5648	62744
45.99/46.10	46.1005	5647	63544
46.49/46.55	46.5459	5646	64748
48.99/49.08	49.0798	5645	72129
49.79/49.87	49.8742	5644	74380
55.38/55.44	55.4426	5643	90650
55.58/55.62	55.6222	5642	91081
55.68/55.75	55.7457	5641	91350
56.79/56.81	56.8053	5640	94397
58.99/59.06	59.0566	5639	100947
59.29/59.32	59.3237	5638	101635
67.89/67.99	67.9933	5637	126938
70.99/71.03	71.0304	5636	135775
71.89/71.99	71.9883	5635	138615
72.09/72.19	72.1928	5634	139158
72.19/72.23	72.2244	5633	139162
72.49/72.55	72.5494	5632	140078
72.99/73.04	73.0418	5631	141448
73.29/73.30	73.3028	5630	142129
73.39/73.42	73.4161	5629	142359
76.69/76.72	76.7169	5628	151961
77.89/77.92	77.9152	5627	154827
79.29/79.39	79.3836	5626	157942
85.79/85.87	85.8638	5625	176275
88.39/88.47	88.465	5624	183898
88.49/88.50	88.5017	5623	183909
89.59/89.62	89.6212	5622	186932
94.08/94.11	94.1082	5621	199647
103.19/103.22	103.219	5620	225955
105.79/105.83	105.829	5619	233437
114.79/114.88	114.879	5618	260236
130.09/130.13	130.122	5617	304814
142.18/142.27	142.268	5616	340331
142.48/142.58	142.579	5615	341137
147.49/147.52	147.517	5614	355314
156.88/156.97	156.961	5613	382985
180.78/180.87	180.867	5612	453025
205.69/205.77	205.761	5611	524964
454.97/455.05	455.035	5610	1225372
