1.10/1.20	1.20126	6296	0
1.20/1.24	1.23983	6295	1
1.20/1.28	1.27895	6294	2
1.29/1.32	1.3194	6293	8
1.29/1.35	1.35766	6292	9
1.29/1.39	1.39609	6291	10
1.39/1.43	1.4348	6290	12
1.39/1.47	1.47447	6289	15
1.49/1.51	1.51281	6288	16
1.49/1.55	1.55201	6287	19
1.49/1.59	1.59084	6286	20
1.59/1.63	1.62941	6285	21
1.59/1.67	1.66844	6284	23
1.69/1.70	1.70744	6283	25
1.69/1.74	1.74678	6282	27
1.69/1.78	1.78585	6281	29
1.79/1.82	1.8244	6280	30
1.79/1.86	1.8631	6279	31
1.89/1.90	1.90321	6278	36
1.89/1.94	1.94253	6277	38
1.89/1.98	1.98184	6276	39
1.99/2.02	2.02458	6275	40
1.99/2.06	2.06452	6274	41
2.09/2.10	2.10459	6273	42
2.09/2.14	2.14435	6272	43
2.09/2.18	2.1827	6271	45
2.19/2.22	2.22125	6270	46
2.19/2.26	2.25936	6269	47
2.19/2.29	2.29629	6268	48
2.30/2.33	2.33296	6267	52
2.30/2.37	2.36941	6266	55
2.39/2.40	2.40557	6265	56
2.39/2.44	2.44159	6264	58
2.39/2.48	2.47786	6263	59
2.49/2.51	2.51342	6262	60
2.49/2.55	2.54925	6261	61
2.49/2.58	2.5852	6260	63
2.59/2.62	2.62103	6259	64
2.59/2.66	2.65885	6258	65
2.59/2.69	2.6966	6257	66
2.69/2.73	2.73527	6256	68
2.69/2.77	2.7733	6255	69
2.79/2.81	2.81165	6254	71
2.79/2.85	2.84963	6253	73
2.79/2.89	2.88782	6251	75
2.89/2.92	2.92544	6250	76
2.89/2.97	2.97346	6249	77
2.99/3.04	3.03757	6248	78
2.99/3.09	3.08769	6247	79
3.09/3.13	3.13646	6246	81
3.09/3.18	3.18411	6245	82
3.19/3.23	3.23176	6244	83
3.19/3.28	3.28034	6243	85
3.30/3.33	3.32791	6242	86
3.30/3.37	3.37569	6241	87
3.40/3.42	3.42436	6240	89
3.40/3.47	3.47286	6239	90
3.49/3.52	3.52045	6238	91
3.49/3.57	3.56823	6237	92
3.59/3.61	3.61643	6236	94
3.59/3.65	3.65546	6235	95
3.59/3.69	3.6929	6234	96
3.69/3.73	3.73067	6233	98
3.69/3.78	3.78355	6232	99
3.79/3.84	3.84538	6231	101
3.79/3.89	3.89433	6230	102
3.89/3.94	3.94212	6229	103
3.89/3.99	3.99112	6228	104
3.99/4.06	4.05914	6227	110
4.09/4.11	4.1133	6226	113
4.09/4.16	4.16092	6225	114
4.19/4.21	4.20878	6224	115
4.19/4.26	4.2579	6223	118
4.29/4.30	4.30598	6222	120
4.29/4.35	4.35553	6221	125
4.29/4.40	4.40292	6220	126
4.39/4.45	4.45182	6219	128
4.39/4.50	4.50061	6218	131
4.50/4.55	4.548	6217	132
4.50/4.59	4.5954	6216	133
4.59/4.64	4.64601	6215	141
4.59/4.68	4.68651	6214	142
4.69/4.73	4.72816	6213	145
4.69/4.77	4.76853	6212	146
4.79/4.81	4.80888	6211	147
4.79/4.85	4.8498	6210	150
4.79/4.89	4.8902	6209	151
4.89/4.93	4.93032	6208	152
4.89/4.97	4.96957	6207	153
4.99/5.00	5.00669	6206	154
4.99/5.04	5.0442	6205	155
4.99/5.08	5.08169	6204	157
5.09/5.12	5.11942	6203	158
5.09/5.15	5.15683	6202	159
5.09/5.19	5.19386	6201	160
5.19/5.23	5.23331	6200	166
5.19/5.27	5.27033	6199	167
5.29/5.30	5.30744	6198	168
5.29/5.34	5.345	6197	169
5.29/5.38	5.38261	6196	170
5.39/5.42	5.42194	6195	177
5.39/5.46	5.46015	6194	178
5.39/5.50	5.49749	6193	179
5.49/5.53	5.53541	6192	182
5.49/5.57	5.57238	6190	183
5.59/5.61	5.60996	6189	184
5.59/5.64	5.64694	6188	185
5.59/5.68	5.684	6187	186
5.69/5.72	5.7211	6186	187
5.69/5.76	5.7584	6185	188
5.69/5.79	5.79382	6184	189
5.79/5.83	5.82974	6182	191
5.79/5.86	5.86464	6181	193
5.89/5.90	5.89969	6180	195
5.89/5.93	5.93459	6179	196
5.89/5.97	5.97055	6178	198
5.99/6.00	6.00625	6177	203
5.99/6.04	6.0407	6176	204
5.99/6.07	6.07526	6175	205
6.09/6.11	6.11005	6174	206
6.09/6.14	6.14489	6173	207
6.09/6.18	6.18016	6172	210
6.19/6.21	6.2158	6170	214
6.19/6.25	6.25049	6169	215
6.19/6.28	6.28548	6168	217
6.29/6.32	6.32089	6167	220
6.29/6.35	6.35534	6166	221
6.29/6.39	6.3901	6165	223
6.39/6.42	6.42451	6164	224
6.39/6.46	6.46148	6163	230
6.39/6.49	6.49603	6162	231
6.49/6.53	6.53147	6161	234
6.49/6.56	6.56694	6160	238
6.49/6.60	6.60187	6159	240
6.59/6.63	6.63618	6158	241
6.59/6.67	6.67104	6157	243
6.69/6.70	6.70544	6156	244
6.69/6.74	6.74017	6155	245
6.69/6.77	6.77481	6154	246
6.79/6.81	6.80916	6153	247
6.79/6.84	6.84605	6152	255
6.79/6.88	6.88028	6151	256
6.89/6.91	6.91487	6150	257
6.89/6.95	6.95011	6149	258
6.89/6.98	6.98507	6148	261
6.99/7.02	7.01974	6147	262
6.99/7.05	7.05421	6146	263
6.99/7.09	7.08854	6145	264
7.09/7.12	7.12555	6144	273
7.09/7.16	7.16023	6143	275
7.09/7.19	7.19474	6142	276
7.19/7.23	7.23001	6141	279
7.19/7.26	7.26478	6140	281
7.29/7.30	7.2993	6139	282
7.29/7.33	7.33386	6138	283
7.29/7.37	7.36808	6137	284
7.39/7.40	7.40244	6136	285
7.39/7.44	7.43771	6135	288
7.39/7.47	7.47316	6134	289
7.49/7.51	7.5076	6133	290
7.49/7.54	7.54182	6132	291
7.49/7.57	7.57703	6131	295
7.59/7.61	7.61137	6130	296
7.59/7.64	7.64627	6129	298
7.59/7.68	7.68047	6128	299
7.69/7.71	7.71474	6127	300
7.69/7.75	7.74901	6126	301
7.69/7.79	7.78767	6125	302
7.79/7.82	7.82661	6124	305
7.79/7.86	7.86425	6123	309
7.89/7.90	7.90157	6122	311
7.89/7.93	7.93611	6121	313
7.89/7.97	7.97305	6120	314
7.99/8.01	8.01236	6119	319
7.99/8.05	8.05051	6118	321
7.99/8.09	8.08747	6117	322
8.09/8.12	8.1253	6116	326
8.09/8.16	8.16215	6115	327
8.19/8.20	8.1991	6114	328
8.19/8.23	8.23652	6113	330
8.19/8.27	8.27357	6112	332
8.29/8.31	8.31082	6111	334
8.29/8.35	8.34896	6110	338
8.29/8.38	8.38709	6109	343
8.39/8.42	8.42569	6108	348
8.39/8.46	8.46553	6107	355
8.49/8.50	8.50246	6106	357
8.49/8.54	8.53944	6105	358
8.49/8.57	8.57694	6104	361
8.59/8.61	8.61389	6103	363
8.59/8.65	8.65046	6102	364
8.59/8.68	8.68725	6101	366
8.69/8.72	8.72697	6100	374
8.69/8.76	8.7643	6099	377
8.69/8.80	8.80079	6098	378
8.79/8.84	8.83736	6097	379
8.79/8.87	8.87353	6096	380
8.89/8.91	8.91028	6095	382
8.89/8.95	8.94831	6094	384
8.89/8.98	8.98709	6093	392
8.99/9.02	9.02333	6092	393
8.99/9.06	9.06074	6091	396
9.09/9.10	9.10027	6090	406
9.09/9.14	9.13782	6089	410
9.09/9.17	9.17543	6088	414
9.19/9.21	9.21216	6087	415
9.19/9.25	9.24834	6086	416
9.19/9.28	9.28473	6085	417
9.29/9.32	9.32113	6084	418
9.29/9.36	9.35755	6083	419
9.29/9.39	9.39513	6082	424
9.39/9.43	9.4313	6081	425
9.39/9.47	9.46837	6080	426
9.49/9.50	9.50616	6079	430
9.49/9.54	9.54424	6078	435
9.49/9.58	9.58104	6077	437
9.59/9.61	9.61719	6076	438
9.59/9.65	9.65354	6075	439
9.59/9.69	9.69001	6074	440
9.69/9.72	9.72714	6073	443
9.69/9.76	9.76315	6072	444
9.79/9.80	9.79958	6071	446
9.79/9.83	9.83637	6070	448
9.79/9.87	9.87263	6069	449
9.89/9.91	9.90878	6068	450
9.89/9.94	9.94482	6067	451
9.89/9.98	9.98321	6066	456
9.99/10.02	10.0208	6064	460
9.99/10.06	10.058	6063	469
9.99/10.09	10.0955	6062	479
10.09/10.13	10.1314	6061	486
10.09/10.17	10.1673	6060	492
10.19/10.20	10.2013	6059	493
10.19/10.23	10.2349	6058	494
10.19/10.27	10.2693	6057	497
10.29/10.30	10.3031	6056	498
10.29/10.34	10.3394	6055	505
10.29/10.37	10.3744	6054	509
10.39/10.41	10.408	6053	510
10.39/10.44	10.4432	6052	515
10.39/10.48	10.4782	6051	518
10.49/10.51	10.5123	6050	520
10.49/10.54	10.5462	6049	522
10.49/10.58	10.5803	6048	524
10.59/10.61	10.6149	6047	527
10.59/10.65	10.653	6046	540
10.59/10.69	10.689	6045	548
10.69/10.72	10.7234	6044	550
10.69/10.76	10.7573	6043	551
10.69/10.79	10.7919	6042	554
10.79/10.82	10.8273	6041	559
10.79/10.87	10.8682	6040	580
10.89/10.90	10.9056	6039	591
10.89/10.94	10.9399	6038	593
10.89/10.97	10.9742	6037	594
10.99/11.01	11.0077	6036	595
10.99/11.04	11.0416	6035	597
10.99/11.07	11.0751	6034	598
11.10/11.11	11.1094	6033	602
11.10/11.14	11.1431	6032	603
11.10/11.18	11.1795	6031	605
11.19/11.21	11.2168	6030	607
11.19/11.25	11.2526	6029	608
11.19/11.29	11.2884	6028	609
11.29/11.32	11.3248	6027	611
11.29/11.36	11.3606	6026	612
11.29/11.39	11.3965	6025	613
11.39/11.43	11.4364	6024	625
11.39/11.47	11.4735	6023	628
11.49/11.51	11.5092	6022	629
11.49/11.55	11.5474	6021	636
11.49/11.58	11.585	6020	640
11.59/11.62	11.621	6019	642
11.59/11.66	11.6573	6018	643
11.59/11.69	11.6932	6017	644
11.69/11.73	11.7314	6015	651
11.69/11.77	11.7675	6014	653
11.79/11.80	11.8033	6013	654
11.79/11.84	11.8393	6012	655
11.79/11.88	11.8774	6011	663
11.89/11.91	11.9132	6010	664
11.89/11.95	11.9506	6009	666
11.89/11.99	11.9876	6008	671
11.99/12.02	12.0214	6007	672
11.99/12.05	12.0547	6006	673
11.99/12.09	12.0884	6005	674
12.09/12.12	12.1217	6004	675
12.09/12.15	12.1553	6003	677
12.09/12.19	12.1892	6002	680
12.19/12.22	12.2227	6001	682
12.19/12.25	12.2561	6000	683
12.19/12.29	12.2892	5999	684
12.29/12.32	12.3229	5998	686
12.29/12.36	12.3584	5997	687
12.39/12.40	12.398	5996	699
12.39/12.43	12.4358	5995	706
12.39/12.47	12.4728	5994	708
12.49/12.51	12.5083	5993	709
12.49/12.54	12.5439	5992	710
12.49/12.58	12.5793	5991	711
12.59/12.62	12.6175	5990	719
12.59/12.65	12.6522	5989	720
12.59/12.68	12.6861	5988	722
12.69/12.72	12.7193	5987	723
12.69/12.75	12.7559	5986	734
12.69/12.79	12.7891	5985	735
12.79/12.83	12.8297	5984	757
12.79/12.87	12.8735	5983	789
12.89/12.91	12.9075	5982	792
12.89/12.94	12.9406	5981	793
12.89/12.97	12.9746	5980	794
12.99/13.01	13.0098	5979	795
12.99/13.04	13.0463	5978	797
12.99/13.08	13.0847	5977	805
13.09/13.12	13.1218	5976	810
13.09/13.16	13.1577	5975	812
13.09/13.19	13.1949	5974	817
13.19/13.23	13.2308	5973	818
13.19/13.26	13.2661	5972	819
13.19/13.30	13.3027	5971	822
13.29/13.34	13.3393	5970	825
13.29/13.37	13.375	5969	826
13.39/13.41	13.4137	5968	836
13.39/13.45	13.4547	5967	851
13.39/13.49	13.4903	5966	853
13.49/13.53	13.5273	5965	859
13.49/13.56	13.5667	5964	872
13.59/13.60	13.602	5963	873
13.59/13.64	13.6373	5962	874
13.59/13.68	13.6798	5961	896
13.69/13.71	13.716	5960	899
13.69/13.75	13.7511	5959	900
13.69/13.79	13.7876	5958	904
13.79/13.83	13.834	5957	937
13.79/13.87	13.8704	5956	941
13.89/13.90	13.9064	5955	943
13.89/13.94	13.9446	5954	952
13.89/13.98	13.9821	5953	957
13.99/14.02	14.0176	5952	958
13.99/14.05	14.0532	5951	959
13.99/14.09	14.0892	5950	962
14.09/14.12	14.1243	5949	963
14.09/14.16	14.1604	5948	966
14.19/14.20	14.2028	5947	987
14.19/14.24	14.2388	5946	990
14.19/14.28	14.2785	5945	1002
14.29/14.31	14.3148	5944	1006
14.29/14.35	14.3568	5943	1027
14.29/14.39	14.3929	5942	1030
14.39/14.43	14.4293	5941	1034
14.39/14.46	14.4668	5940	1039
14.49/14.50	14.502	5939	1040
14.49/14.54	14.5374	5938	1041
14.49/14.57	14.5725	5937	1042
14.59/14.61	14.6078	5936	1044
14.59/14.64	14.6435	5935	1046
14.59/14.68	14.6841	5934	1062
14.69/14.72	14.7193	5933	1063
14.69/14.75	14.756	5932	1069
14.69/14.79	14.7929	5931	1074
14.79/14.83	14.828	5930	1075
14.79/14.86	14.8631	5929	1076
14.89/14.90	14.8991	5928	1079
14.89/14.93	14.9343	5927	1080
14.89/14.99	14.9902	5926	1135
14.99/15.03	15.0314	5925	1154
14.99/15.07	15.0696	5924	1163
15.09/15.11	15.1098	5923	1178
15.09/15.15	15.1474	5922	1186
15.09/15.18	15.1838	5921	1190
15.19/15.22	15.219	5920	1191
15.19/15.26	15.2637	5919	1219
15.29/15.30	15.3031	5918	1230
15.29/15.34	15.3384	5917	1231
15.29/15.37	15.374	5916	1234
15.39/15.41	15.4119	5915	1241
15.39/15.45	15.4542	5914	1257
15.39/15.49	15.4897	5913	1259
15.49/15.54	15.543	5912	1312
15.49/15.58	15.5792	5911	1316
15.59/15.61	15.6158	5910	1321
15.59/15.66	15.6608	5909	1351
15.69/15.70	15.7012	5908	1368
15.69/15.74	15.7429	5907	1388
15.69/15.78	15.7867	5906	1414
15.79/15.82	15.8263	5905	1429
15.79/15.87	15.8697	5904	1453
15.89/15.90	15.9064	5903	1459
15.89/15.95	15.9474	5902	1474
15.89/15.98	15.9823	5901	1475
15.99/16.02	16.0195	5900	1480
15.99/16.05	16.0552	5899	1483
16.09/16.10	16.1022	5898	1518
16.09/16.14	16.1381	5897	1522
16.09/16.18	16.1805	5896	1543
16.19/16.22	16.2184	5895	1553
16.19/16.25	16.2545	5894	1558
16.19/16.29	16.2908	5893	1562
16.29/16.32	16.3266	5892	1565
16.29/16.36	16.3625	5891	1569
16.39/16.40	16.4009	5890	1580
16.39/16.46	16.4584	5889	1642
16.39/16.49	16.4948	5888	1647
16.49/16.53	16.5296	5887	1648
16.49/16.56	16.5663	5886	1654
16.49/16.60	16.6025	5885	1659
16.59/16.64	16.6455	5884	1683
16.59/16.68	16.6822	5883	1688
16.69/16.72	16.7177	5882	1691
16.69/16.75	16.7554	5881	1700
16.69/16.79	16.7913	5880	1704
16.79/16.83	16.8316	5879	1719
16.79/16.87	16.8737	5878	1741
16.89/16.92	16.9216	5877	1778
16.89/16.96	16.957	5876	1779
16.89/16.99	16.992	5875	1781
16.99/17.04	17.0392	5874	1815
16.99/17.07	17.0739	5873	1816
17.09/17.11	17.1106	5872	1823
17.09/17.15	17.1499	5871	1837
17.09/17.19	17.1876	5870	1846
17.19/17.23	17.2284	5869	1863
17.19/17.27	17.2739	5868	1894
17.29/17.31	17.315	5867	1913
17.29/17.36	17.3665	5866	1963
17.39/17.40	17.4018	5865	1965
17.39/17.44	17.4371	5864	1968
17.39/17.48	17.4856	5863	2004
17.49/17.52	17.521	5862	2007
17.49/17.56	17.5594	5861	2017
17.59/17.62	17.6256	5860	2107
17.59/17.66	17.6617	5859	2111
17.59/17.69	17.6965	5858	2112
17.69/17.75	17.7499	5857	2168
17.69/17.79	17.7951	5856	2200
17.79/17.83	17.8305	5855	2203
17.79/17.87	17.8697	5854	2214
17.89/17.91	17.9098	5853	2230
17.89/17.97	17.97	5852	2302
17.99/18.00	18.0057	5851	2306
17.99/18.04	18.0463	5850	2324
18.09/18.12	18.1208	5849	2439
18.09/18.15	18.1559	5848	2442
18.09/18.19	18.1926	5847	2449
18.19/18.23	18.2272	5846	2450
18.19/18.27	18.2713	5845	2479
18.29/18.31	18.3071	5844	2484
18.29/18.36	18.3596	5843	2537
18.29/18.39	18.3939	5842	2538
18.39/18.45	18.4487	5841	2594
18.39/18.48	18.4857	5840	2601
18.49/18.55	18.55	5839	2689
18.59/18.61	18.6141	5838	2774
18.59/18.65	18.6533	5837	2787
18.59/18.69	18.6906	5836	2795
18.69/18.73	18.7304	5835	2810
18.69/18.76	18.7658	5834	2814
18.69/18.80	18.8008	5833	2816
18.79/18.84	18.8437	5832	2841
18.79/18.88	18.8787	5831	2844
18.89/18.93	18.9336	5830	2904
18.89/18.97	18.9712	5829	2911
18.99/19.01	19.0135	5828	2933
18.99/19.05	19.048	5827	2934
18.99/19.08	19.0834	5826	2938
19.09/19.14	19.1446	5825	3016
19.09/19.18	19.1799	5824	3019
19.19/19.22	19.222	5823	3042
19.19/19.26	19.2591	5822	3051
19.29/19.30	19.3043	5821	3083
19.29/19.35	19.3506	5820	3119
19.39/19.40	19.4046	5819	3177
19.39/19.44	19.4423	5818	3188
19.39/19.48	19.478	5817	3191
19.49/19.55	19.5541	5816	3313
19.49/19.59	19.5963	5815	3337
19.59/19.64	19.6439	5814	3377
19.59/19.68	19.6798	5813	3381
19.69/19.74	19.7435	5812	3464
19.69/19.79	19.7876	5811	3492
19.79/19.86	19.8658	5810	3628
19.89/19.90	19.9055	5809	3651
19.89/19.95	19.9496	5808	3686
19.89/19.99	19.9924	5807	3719
19.99/20.03	20.0279	5806	3730
19.99/20.06	20.06	5805	3732
20.09/20.11	20.1128	5804	3799
20.09/20.17	20.1713	5803	3879
20.19/20.25	20.2535	5802	4035
20.29/20.30	20.2997	5801	4080
20.29/20.39	20.3893	5800	4257
20.39/20.46	20.4574	5799	4363
20.39/20.49	20.4936	5798	4369
20.49/20.53	20.5296	5797	4374
20.49/20.57	20.5681	5796	4387
20.59/20.65	20.6491	5795	4523
20.69/20.70	20.6993	5794	4568
20.69/20.74	20.7372	5793	4578
20.69/20.77	20.773	5792	4584
20.79/20.83	20.8282	5791	4645
20.79/20.88	20.8772	5790	4686
20.89/20.92	20.9268	5789	4730
20.89/20.96	20.9619	5788	4732
20.89/21.00	21.0016	5787	4749
20.99/21.03	21.0362	5786	4752
20.99/21.07	21.0723	5785	4759
21.09/21.12	21.1199	5784	4799
21.09/21.18	21.1837	5783	4899
21.19/21.21	21.2157	5782	4901
21.19/21.26	21.2592	5781	4936
21.19/21.29	21.2949	5780	4949
21.29/21.33	21.3288	5779	4955
21.29/21.37	21.3725	5778	4993
21.39/21.42	21.4184	5777	5037
21.39/21.48	21.4834	5776	5134
21.49/21.52	21.5177	5775	5136
21.49/21.57	21.574	5774	5202
21.59/21.61	21.6099	5773	5209
21.59/21.69	21.6925	5772	5349
21.69/21.73	21.729	5771	5357
21.69/21.78	21.786	5770	5426
21.79/21.82	21.8206	5769	5429
21.79/21.86	21.8592	5768	5443
21.89/21.90	21.8971	5767	5454
21.99/22.06	22.0661	5766	5846
22.09/22.17	22.1762	5765	6068
22.19/22.24	22.2439	5764	6167
22.19/22.28	22.282	5763	6180
22.29/22.37	22.3747	5762	6344
22.49/22.53	22.5363	5761	6707
22.59/22.69	22.6905	5760	7055
22.69/22.72	22.7244	5759	7056
22.69/22.76	22.7657	5758	7077
22.79/22.84	22.8397	5757	7191
22.89/22.90	22.8985	5756	7263
22.89/22.95	22.9473	5755	7304
22.99/23.06	23.0607	5754	7536
23.10/23.14	23.1422	5753	7679
23.10/23.18	23.1771	5752	7690
23.20/23.27	23.2674	5751	7877
23.29/23.33	23.3316	5750	7980
23.29/23.36	23.3661	5749	7990
23.39/23.41	23.4122	5748	8032
23.49/23.53	23.5353	5747	8312
23.59/23.67	23.6702	5746	8633
23.69/23.79	23.7956	5745	8922
23.89/23.90	23.9035	5744	9154
23.89/23.99	23.9967	5743	9344
23.99/24.04	24.0431	5742	9389
24.09/24.14	24.1372	5741	9581
24.20/24.27	24.2752	5740	9908
24.30/24.34	24.3417	5739	10014
24.49/24.50	24.5044	5738	10416
24.49/24.55	24.5506	5737	10462
24.59/24.62	24.6198	5736	10580
24.59/24.69	24.689	5735	10696
24.69/24.76	24.7585	5734	10812
24.79/24.80	24.7988	5733	10839
24.89/24.94	24.9409	5732	11186
24.99/25.01	25.0136	5731	11312
24.99/25.06	25.058	5730	11351
25.09/25.18	25.1833	5729	11638
25.19/25.23	25.227	5728	11674
25.19/25.28	25.2783	5727	11735
25.30/25.36	25.3594	5726	11888
25.30/25.39	25.396	5725	11905
25.40/25.46	25.4568	5724	11996
25.59/25.65	25.6527	5723	12508
25.69/25.74	25.7427	5722	12678
25.79/25.84	25.8444	5721	12878
25.99/26.09	26.0887	5720	13488
26.19/26.20	26.2047	5719	13722
26.29/26.35	26.3484	5718	14059
26.40/26.48	26.479	5717	14362
26.59/26.61	26.6156	5716	14685
26.59/26.68	26.6803	5715	14787
26.69/26.74	26.7373	5714	14861
27.29/27.30	27.3003	5713	16394
27.29/27.36	27.3661	5712	16488
27.69/27.73	27.7336	5711	17438
27.99/28.09	28.0867	5710	18415
28.09/28.12	28.1239	5709	18433
28.19/28.27	28.2747	5708	18782
28.29/28.31	28.3088	5707	18784
28.29/28.35	28.3562	5706	18823
28.39/28.41	28.413	5705	18891
28.39/28.46	28.4629	5704	18936
28.49/28.56	28.5658	5703	19130
28.70/28.77	28.7693	5702	19614
28.79/28.81	28.8127	5701	19642
28.89/28.92	28.9212	5700	19857
28.89/28.99	28.9914	5699	19963
29.19/29.22	29.2177	5698	20510
29.49/29.55	29.55	5697	21366
29.59/29.69	29.6907	5696	21676
29.80/29.88	29.879	5695	22123
30.09/30.14	30.1431	5694	22839
30.29/30.33	30.3307	5693	23294
30.29/30.37	30.3743	5692	23323
30.39/30.47	30.4671	5691	23489
30.59/30.67	30.6754	5690	23995
30.69/30.71	30.7114	5689	24010
30.80/30.85	30.8543	5688	24353
30.90/30.92	30.9209	5687	24461
30.90/30.98	30.9815	5686	24543
30.99/31.03	31.0315	5685	24589
31.09/31.19	31.193	5684	24961
31.19/31.24	31.2409	5683	25004
31.29/31.32	31.3189	5682	25134
31.49/31.59	31.5879	5681	25803
31.79/31.87	31.8674	5680	26507
32.00/32.01	32.008	5679	26805
32.00/32.04	32.0446	5678	26816
32.09/32.12	32.1224	5677	26943
32.39/32.47	32.4733	5676	27856
32.49/32.51	32.516	5675	27883
32.69/32.76	32.761	5674	28493
33.18/33.20	33.1988	5673	29648
33.18/33.28	33.2806	5672	29784
33.48/33.58	33.5778	5671	30524
33.68/33.73	33.7351	5670	30881
33.78/33.83	33.8276	5669	31053
33.88/33.93	33.9353	5668	31265
34.38/34.41	34.4093	5667	32525
34.58/34.69	34.6887	5666	33225
34.68/34.73	34.7264	5665	33237
34.98/35.07	35.0727	5664	34196
35.08/35.18	35.1788	5663	34422
35.38/35.43	35.4324	5662	35063
35.38/35.48	35.477	5661	35103
36.59/36.69	36.6959	5660	38643
37.29/37.35	37.3497	5659	40436
37.59/37.61	37.6154	5658	41106
38.29/38.39	38.3885	5657	43361
38.60/38.67	38.6669	5656	44113
38.69/38.77	38.7678	5655	44317
39.09/39.18	39.1772	5654	45445
39.29/39.37	39.3725	5653	45956
39.89/39.99	39.9861	5652	47697
40.09/40.17	40.1679	5651	48120
40.70/40.74	40.7366	5650	49698
41.09/41.15	41.1516	5649	50808
41.19/41.20	41.2034	5648	50869
41.29/41.30	41.3015	5647	51079
44.29/44.31	44.3156	5646	59821
45.10/45.13	45.1354	5645	62160
46.49/46.51	46.5087	5644	66084
47.99/48.01	48.0079	5643	70282
49.29/49.33	49.3265	5642	73982
49.39/49.48	49.4846	5641	74330
50.70/50.73	50.7346	5640	78033
51.29/51.38	51.3788	5639	79853
51.59/51.63	51.6311	5638	80518
51.59/51.67	51.6676	5637	80534
51.70/51.72	51.7234	5636	80600
51.70/51.76	51.7596	5635	80609
51.80/51.89	51.8864	5634	80879
52.58/52.68	52.6785	5633	83106
53.39/53.45	53.4556	5632	85244
53.59/53.61	53.6079	5631	85587
55.69/55.77	55.7665	5630	91642
56.89/56.92	56.9225	5629	94841
57.89/57.94	57.9417	5628	97646
57.89/57.98	57.9822	5627	97667
60.78/60.85	60.8537	5626	105901
60.88/60.93	60.9264	5625	106016
61.08/61.13	61.1354	5624	106519
61.48/61.57	61.5753	5623	107678
62.08/62.17	62.1666	5622	109268
62.38/62.41	62.4113	5621	109883
68.30/68.38	68.3836	5620	127057
69.49/69.53	69.5264	5619	130429
73.88/73.95	73.9539	5618	143325
74.80/74.81	74.811	5617	145691
79.99/80.08	80.0801	5616	160688
85.58/85.60	85.6002	5615	176713
87.48/87.50	87.4972	5614	182047
91.89/91.97	91.9731	5613	194800
158.09/158.17	158.168	5612	388942
176.00/176.03	176.028	5611	440845
198.48/198.57	198.565	5610	506993
