1.10/1.18	1.18336	6290	0
1.19/1.22	1.22173	6289	1
1.19/1.26	1.25991	6288	2
1.19/1.30	1.2984	6286	4
1.29/1.33	1.33646	6285	5
1.29/1.37	1.37456	6284	6
1.39/1.41	1.41375	6283	8
1.39/1.45	1.45193	6282	9
1.39/1.49	1.49046	6281	11
1.49/1.53	1.52862	6280	12
1.49/1.57	1.56794	6279	16
1.59/1.60	1.60641	6278	17
1.59/1.64	1.64454	6277	18
1.59/1.68	1.6827	6276	19
1.69/1.72	1.72072	6275	20
1.69/1.76	1.75918	6274	22
1.79/1.80	1.79771	6273	24
1.79/1.83	1.83574	6272	25
1.79/1.87	1.87428	6271	27
1.89/1.91	1.91298	6270	28
1.89/1.95	1.95175	6269	31
1.89/1.99	1.98975	6268	32
1.99/2.03	2.02883	6267	34
1.99/2.06	2.0666	6266	35
1.99/2.10	2.10425	6265	36
2.10/2.14	2.14187	6264	37
2.10/2.18	2.18011	6263	39
2.20/2.22	2.21772	6262	40
2.20/2.25	2.25617	6261	43
2.20/2.29	2.29422	6260	45
2.29/2.33	2.33322	6259	49
2.29/2.37	2.37114	6258	50
2.39/2.41	2.40964	6257	51
2.39/2.44	2.44722	6256	52
2.39/2.48	2.48484	6255	53
2.49/2.52	2.5225	6254	54
2.49/2.56	2.55998	6253	55
2.59/2.60	2.59867	6252	59
2.59/2.63	2.63624	6251	60
2.59/2.67	2.67408	6250	61
2.69/2.71	2.71219	6249	63
2.69/2.75	2.75044	6248	65
2.69/2.79	2.78791	6247	66
2.79/2.82	2.82534	6246	67
2.79/2.86	2.86314	6245	68
2.89/2.90	2.90127	6244	69
2.89/2.94	2.9388	6243	70
2.89/2.98	2.97822	6242	76
2.99/3.01	3.01567	6240	77
2.99/3.05	3.05339	6239	78
2.99/3.09	3.09095	6238	79
3.09/3.13	3.12911	6237	82
3.09/3.17	3.16955	6236	89
3.09/3.21	3.20819	6235	93
3.20/3.24	3.24696	6234	97
3.20/3.28	3.2848	6233	98
3.30/3.32	3.32318	6232	100
3.30/3.36	3.3605	6231	101
3.39/3.40	3.39796	6230	102
3.39/3.43	3.43644	6229	104
3.39/3.47	3.47468	6228	106
3.49/3.51	3.51278	6227	109
3.49/3.55	3.55011	6226	110
3.49/3.59	3.58849	6225	113
3.59/3.62	3.62594	6224	114
3.59/3.66	3.6633	6223	115
3.69/3.70	3.70059	6222	116
3.69/3.74	3.73909	6221	120
3.69/3.77	3.77689	6220	122
3.79/3.81	3.81495	6219	125
3.79/3.85	3.8532	6218	126
3.79/3.89	3.89089	6217	128
3.89/3.93	3.93116	6216	135
3.89/3.97	3.96838	6215	136
3.99/4.00	4.00562	6214	137
3.99/4.04	4.04331	6213	138
3.99/4.08	4.08266	6212	144
4.09/4.12	4.11988	6211	145
4.09/4.15	4.15703	6210	146
4.09/4.19	4.19424	6209	147
4.19/4.23	4.23213	6208	149
4.19/4.27	4.269	6207	150
4.19/4.30	4.30382	6206	151
4.30/4.34	4.33864	6205	152
4.30/4.37	4.37332	6204	153
4.40/4.41	4.40871	6203	154
4.40/4.44	4.44375	6202	156
4.40/4.48	4.47842	6201	157
4.49/4.51	4.51395	6200	160
4.49/4.55	4.54935	6199	163
4.49/4.58	4.58406	6198	164
4.59/4.62	4.61875	6197	165
4.59/4.65	4.65369	6196	166
4.59/4.69	4.68874	6195	168
4.69/4.72	4.72345	6194	169
4.69/4.76	4.75814	6193	170
4.69/4.79	4.79278	6192	171
4.79/4.83	4.82806	6191	173
4.79/4.86	4.86268	6190	174
4.79/4.90	4.89729	6189	175
4.89/4.93	4.93257	6188	176
4.89/4.97	4.96736	6187	177
4.99/5.00	5.0023	6186	178
4.99/5.04	5.03758	6185	180
4.99/5.07	5.07214	6184	181
5.09/5.11	5.10774	6183	184
5.09/5.14	5.14243	6182	185
5.09/5.17	5.17708	6181	186
5.19/5.21	5.21174	6180	187
5.19/5.24	5.24624	6179	188
5.19/5.28	5.28086	6178	189
5.29/5.31	5.31574	6177	191
5.29/5.35	5.35079	6176	193
5.29/5.38	5.38531	6175	194
5.40/5.42	5.42063	6174	195
5.40/5.45	5.45658	6173	200
5.40/5.49	5.49208	6172	204
5.50/5.52	5.52658	6171	205
5.50/5.56	5.56133	6170	206
5.50/5.59	5.5959	6169	207
5.59/5.63	5.63074	6168	209
5.59/5.66	5.66567	6167	211
5.69/5.70	5.70059	6166	213
5.69/5.73	5.73687	6165	219
5.69/5.77	5.77137	6164	220
5.79/5.80	5.8071	6163	225
5.79/5.84	5.8433	6162	227
5.79/5.88	5.87877	6161	228
5.89/5.91	5.91495	6160	231
5.89/5.95	5.94935	6159	232
5.89/5.98	5.98493	6158	235
5.99/6.02	6.01945	6157	236
5.99/6.05	6.05384	6156	237
5.99/6.09	6.0882	6155	238
6.09/6.12	6.12495	6153	243
6.09/6.16	6.16077	6152	248
6.09/6.19	6.19519	6151	249
6.19/6.23	6.23114	6150	250
6.19/6.26	6.26652	6149	251
6.29/6.30	6.30096	6148	252
6.29/6.34	6.33803	6147	258
6.29/6.37	6.37463	6146	259
6.39/6.41	6.41124	6145	264
6.39/6.44	6.44558	6144	265
6.39/6.48	6.47995	6143	266
6.50/6.51	6.51444	6142	267
6.50/6.55	6.54917	6141	269
6.50/6.58	6.58349	6140	270
6.60/6.62	6.61964	6139	275
6.60/6.65	6.65428	6138	277
6.60/6.69	6.6886	6137	278
6.69/6.72	6.72316	6136	279
6.69/6.76	6.75976	6135	280
6.69/6.79	6.79658	6134	289
6.79/6.83	6.83111	6133	291
6.79/6.86	6.86638	6132	293
6.89/6.90	6.90223	6131	297
6.89/6.93	6.93652	6130	298
6.89/6.97	6.97396	6129	306
6.99/7.01	7.00988	6128	310
6.99/7.04	7.04413	6127	311
6.99/7.08	7.07887	6126	313
7.09/7.11	7.11301	6125	314
7.09/7.15	7.14724	6124	315
7.09/7.18	7.18281	6123	317
7.19/7.22	7.21866	6122	318
7.19/7.25	7.25378	6121	320
7.19/7.29	7.28803	6120	321
7.29/7.32	7.32242	6119	322
7.29/7.35	7.35654	6118	323
7.29/7.39	7.39239	6117	328
7.39/7.42	7.42716	6116	329
7.39/7.46	7.46412	6115	337
7.49/7.50	7.49822	6114	338
7.49/7.53	7.53311	6113	341
7.49/7.57	7.56724	6112	342
7.49/7.60	7.60173	6111	344
7.60/7.63	7.637	6110	348
7.60/7.67	7.67178	6109	351
7.70/7.71	7.70752	6108	357
7.70/7.74	7.74272	6107	361
7.70/7.78	7.77784	6106	365
7.79/7.81	7.81364	6105	366
7.79/7.85	7.85177	6104	372
7.79/7.89	7.88929	6103	376
7.89/7.92	7.92522	6102	379
7.89/7.96	7.95923	6101	380
7.89/7.99	7.99367	6100	381
7.99/8.03	8.0281	6099	383
7.99/8.06	8.06203	6098	384
7.99/8.09	8.09714	6097	388
8.09/8.13	8.13179	6096	391
8.09/8.16	8.16711	6095	392
8.19/8.20	8.20464	6094	395
8.19/8.24	8.24193	6093	398
8.19/8.28	8.27859	6092	400
8.29/8.31	8.31597	6091	403
8.29/8.35	8.3523	6090	404
8.29/8.39	8.38852	6089	405
8.39/8.43	8.4277	6088	412
8.39/8.46	8.4618	6087	413
8.39/8.49	8.49609	6086	414
8.49/8.53	8.53027	6085	415
8.49/8.56	8.56445	6084	416
8.59/8.60	8.59866	6083	417
8.59/8.63	8.6328	6082	418
8.59/8.66	8.6669	6081	419
8.59/8.70	8.70186	6080	422
8.70/8.73	8.73608	6079	423
8.70/8.77	8.77017	6078	424
8.70/8.80	8.80435	6077	425
8.79/8.84	8.83956	6076	429
8.79/8.87	8.87481	6075	432
8.88/8.91	8.90968	6074	433
8.88/8.95	8.94761	6073	444
8.88/8.98	8.98199	6072	445
8.98/9.02	9.01797	6071	450
8.98/9.05	9.05219	6070	451
8.98/9.08	9.0863	6069	452
9.08/9.12	9.12164	6068	455
9.08/9.16	9.15729	6067	460
9.08/9.19	9.1914	6066	461
9.18/9.22	9.22613	6065	464
9.18/9.26	9.2602	6064	465
9.18/9.29	9.29564	6063	470
9.28/9.33	9.3314	6062	476
9.28/9.36	9.36589	6061	478
9.38/9.40	9.40127	6060	480
9.38/9.43	9.43554	6059	481
9.38/9.47	9.46958	6058	482
9.48/9.50	9.50366	6057	483
9.48/9.54	9.53855	6056	487
9.48/9.57	9.57261	6054	488
9.58/9.61	9.60745	6053	490
9.58/9.64	9.6415	6052	491
9.58/9.67	9.67585	6051	493
9.68/9.71	9.71051	6050	495
9.68/9.74	9.74508	6049	497
9.68/9.78	9.77913	6048	498
9.80/9.81	9.81349	6047	500
9.80/9.85	9.84754	6046	501
9.80/9.88	9.88156	6045	502
9.89/9.91	9.9169	6044	504
9.89/9.95	9.95231	6043	508
9.89/9.98	9.9865	6042	509
9.98/10.02	10.0213	6041	512
9.98/10.06	10.0576	6040	519
9.98/10.09	10.0918	6039	520
10.08/10.12	10.126	6038	521
10.08/10.16	10.1623	6037	528
10.18/10.20	10.1974	6036	532
10.18/10.23	10.2325	6035	534
10.18/10.27	10.268	6034	536
10.28/10.30	10.3053	6033	545
10.28/10.34	10.3403	6032	549
10.28/10.37	10.3757	6031	554
10.38/10.41	10.4111	6030	557
10.38/10.45	10.4474	6029	559
10.38/10.48	10.4832	6028	560
10.48/10.52	10.5191	6027	561
10.48/10.56	10.5574	6026	569
10.48/10.59	10.5933	6025	570
10.58/10.63	10.6293	6024	571
10.58/10.66	10.665	6023	572
10.68/10.70	10.699	6022	573
10.68/10.73	10.7329	6021	574
10.68/10.76	10.7666	6020	575
10.78/10.80	10.8008	6019	577
10.78/10.83	10.8363	6018	582
10.78/10.87	10.8712	6017	586
10.78/10.90	10.9063	6016	589
10.90/10.94	10.9408	6015	591
10.90/10.98	10.9779	6014	596
11.00/11.02	11.0202	6013	615
11.00/11.05	11.0564	6012	617
11.00/11.09	11.0925	6011	619
11.08/11.13	11.1294	6009	622
11.08/11.16	11.1659	6008	627
11.18/11.20	11.1998	6007	628
11.18/11.23	11.2337	6006	629
11.18/11.27	11.268	6005	631
11.28/11.30	11.3039	6004	637
11.28/11.34	11.3378	6003	639
11.28/11.37	11.3715	6002	640
11.38/11.41	11.4076	6001	646
11.38/11.44	11.4419	6000	649
11.38/11.47	11.4755	5999	650
11.48/11.51	11.5094	5998	652
11.48/11.54	11.5431	5997	653
11.48/11.58	11.577	5996	654
11.58/11.61	11.6121	5995	659
11.58/11.64	11.6463	5994	661
11.58/11.68	11.6817	5993	666
11.68/11.72	11.7176	5992	674
11.68/11.75	11.7528	5991	678
11.68/11.78	11.7868	5990	679
11.78/11.82	11.8207	5989	681
11.78/11.85	11.8543	5988	682
11.78/11.89	11.8908	5987	691
11.88/11.92	11.9266	5986	696
11.88/11.96	11.9602	5985	697
11.88/11.99	11.9945	5984	700
12.00/12.03	12.0296	5983	705
12.00/12.06	12.0631	5982	706
12.00/12.09	12.0966	5981	707
12.09/12.13	12.1303	5980	708
12.09/12.16	12.1655	5979	713
12.18/12.20	12.2051	5978	732
12.18/12.24	12.2397	5977	736
12.18/12.27	12.2752	5976	742
12.28/12.31	12.3087	5975	743
12.28/12.34	12.3429	5974	746
12.28/12.38	12.3773	5973	749
12.38/12.41	12.4119	5972	750
12.38/12.44	12.4462	5971	753
12.38/12.48	12.4798	5970	754
12.48/12.51	12.5134	5969	755
12.48/12.55	12.5473	5968	756
12.48/12.58	12.5854	5967	771
12.58/12.62	12.6217	5966	779
12.58/12.66	12.6569	5965	785
12.58/12.69	12.6904	5964	786
12.68/12.73	12.7307	5963	806
12.68/12.77	12.7683	5962	818
12.78/12.80	12.8039	5960	824
12.78/12.84	12.8373	5959	825
12.78/12.87	12.8715	5958	828
12.88/12.91	12.9075	5957	832
12.88/12.94	12.9417	5956	834
12.88/12.97	12.9761	5955	837
12.98/13.01	13.0099	5954	839
12.98/13.04	13.044	5953	842
12.98/13.08	13.0797	5952	849
13.10/13.11	13.1131	5951	850
13.10/13.15	13.1497	5950	860
13.10/13.18	13.1836	5949	862
13.19/13.22	13.2179	5948	865
13.19/13.25	13.2513	5947	866
13.19/13.29	13.2904	5946	883
13.28/13.32	13.3265	5945	892
13.28/13.36	13.3614	5944	897
13.28/13.39	13.3949	5943	898
13.38/13.43	13.429	5942	899
13.38/13.46	13.4623	5941	900
13.48/13.50	13.5001	5940	914
13.48/13.53	13.5334	5939	915
13.48/13.57	13.567	5938	916
13.58/13.60	13.6004	5937	917
13.58/13.63	13.6336	5936	918
13.58/13.67	13.668	5935	921
13.68/13.70	13.7019	5934	924
13.68/13.74	13.7373	5933	931
13.68/13.77	13.7743	5932	937
13.78/13.81	13.8093	5931	938
13.78/13.84	13.8448	5930	940
13.78/13.89	13.8908	5929	970
13.88/13.93	13.9271	5928	972
13.88/13.96	13.9622	5927	973
13.98/14.00	13.9976	5926	975
13.98/14.03	14.0342	5925	980
13.98/14.07	14.0693	5924	981
14.08/14.10	14.1057	5923	989
14.08/14.14	14.1408	5922	995
14.08/14.17	14.174	5921	996
14.08/14.21	14.2086	5920	1001
14.20/14.25	14.2508	5919	1028
14.20/14.28	14.285	5918	1029
14.29/14.32	14.3221	5917	1034
14.29/14.36	14.3577	5916	1036
14.29/14.39	14.3926	5915	1037
14.38/14.43	14.4301	5914	1043
14.38/14.46	14.4652	5913	1050
14.48/14.50	14.5022	5912	1063
14.48/14.53	14.5356	5911	1064
14.48/14.57	14.5717	5910	1067
14.58/14.61	14.6077	5908	1069
14.58/14.64	14.6442	5907	1074
14.58/14.68	14.6826	5906	1084
14.68/14.72	14.718	5905	1086
14.68/14.75	14.7525	5904	1087
14.68/14.79	14.7882	5903	1090
14.78/14.82	14.8247	5902	1095
14.78/14.86	14.8596	5901	1099
14.88/14.90	14.9001	5900	1119
14.88/14.93	14.9357	5899	1122
14.88/14.97	14.9715	5898	1125
14.98/15.01	15.0121	5897	1142
14.98/15.05	15.0491	5896	1149
14.98/15.08	15.0864	5895	1156
15.08/15.12	15.1235	5894	1163
15.08/15.16	15.1614	5893	1172
15.18/15.20	15.1971	5892	1178
15.18/15.23	15.2309	5891	1180
15.18/15.26	15.2652	5890	1184
15.18/15.30	15.2982	5889	1185
15.30/15.34	15.3382	5888	1207
15.30/15.37	15.3756	5887	1221
15.39/15.41	15.4115	5886	1228
15.39/15.44	15.4453	5885	1232
15.39/15.48	15.4798	5884	1237
15.48/15.51	15.5138	5883	1242
15.48/15.55	15.553	5882	1256
15.48/15.59	15.5903	5881	1263
15.58/15.63	15.6309	5880	1279
15.58/15.66	15.6645	5879	1282
15.68/15.70	15.6987	5878	1287
15.68/15.73	15.7321	5877	1290
15.68/15.77	15.7751	5876	1322
15.78/15.81	15.8158	5875	1347
15.78/15.86	15.8592	5874	1376
15.78/15.89	15.8959	5873	1382
15.88/15.94	15.9415	5872	1410
15.88/15.98	15.9863	5871	1437
15.98/16.02	16.021	5870	1438
15.98/16.05	16.0557	5869	1439
15.98/16.09	16.0949	5868	1454
16.08/16.13	16.1291	5867	1460
16.08/16.17	16.1679	5866	1476
16.18/16.20	16.204	5865	1480
16.18/16.24	16.2393	5864	1483
16.28/16.30	16.3005	5863	1557
16.28/16.35	16.3565	5862	1618
16.40/16.41	16.4157	5861	1689
16.40/16.45	16.4505	5860	1690
16.40/16.49	16.4878	5859	1697
16.50/16.52	16.523	5858	1699
16.50/16.56	16.5604	5857	1707
16.58/16.60	16.6044	5856	1735
16.58/16.68	16.6785	5855	1854
16.68/16.72	16.7267	5854	1897
16.68/16.76	16.761	5853	1902
16.68/16.80	16.797	5852	1907
16.78/16.84	16.8394	5851	1931
16.78/16.88	16.8799	5850	1947
16.88/16.93	16.9325	5849	1996
16.88/16.97	16.9763	5848	2022
16.98/17.02	17.0231	5847	2056
16.98/17.06	17.057	5846	2057
17.08/17.11	17.1128	5845	2127
17.08/17.14	17.1463	5844	2130
17.08/17.18	17.1797	5843	2133
17.18/17.22	17.2179	5842	2150
17.18/17.25	17.251	5841	2152
17.28/17.30	17.3013	5840	2199
17.28/17.34	17.3367	5839	2203
17.28/17.40	17.3968	5838	2276
17.38/17.43	17.4366	5837	2291
17.38/17.49	17.4931	5836	2356
17.50/17.53	17.5351	5835	2378
17.50/17.59	17.5906	5834	2446
17.59/17.63	17.6328	5833	2477
17.59/17.67	17.6753	5832	2500
17.68/17.74	17.7388	5831	2583
17.68/17.78	17.7781	5830	2596
17.78/17.82	17.8252	5829	2633
17.78/17.86	17.858	5828	2635
17.88/17.92	17.9237	5827	2724
17.88/17.99	17.9892	5826	2812
17.98/18.07	18.0695	5825	2952
18.08/18.11	18.1088	5824	2965
18.08/18.15	18.1483	5823	2978
18.08/18.19	18.1925	5822	3006
18.18/18.24	18.2424	5821	3053
18.18/18.28	18.2813	5820	3066
18.28/18.33	18.3296	5819	3109
18.28/18.37	18.371	5818	3136
18.38/18.40	18.4062	5817	3143
18.38/18.44	18.4406	5816	3150
18.38/18.47	18.4729	5815	3151
18.48/18.51	18.5131	5814	3174
18.48/18.57	18.5699	5813	3249
18.60/18.64	18.641	5812	3368
18.60/18.68	18.6857	5811	3400
18.69/18.72	18.721	5810	3404
18.69/18.76	18.7594	5809	3416
18.78/18.80	18.798	5808	3429
18.78/18.86	18.8572	5807	3503
18.88/18.91	18.9114	5806	3558
18.88/18.97	18.9704	5805	3629
18.98/19.02	19.0246	5804	3693
18.98/19.07	19.0739	5803	3733
19.08/19.12	19.1226	5802	3774
19.08/19.17	19.1672	5801	3804
19.18/19.22	19.2214	5800	3861
19.18/19.27	19.2666	5799	3894
19.28/19.33	19.3292	5798	3978
19.28/19.37	19.3671	5797	3989
19.38/19.40	19.4023	5796	3994
19.38/19.45	19.45	5795	4040
19.38/19.50	19.4966	5794	4085
19.48/19.54	19.5371	5793	4110
19.48/19.57	19.5697	5792	4112
19.58/19.61	19.6164	5791	4148
19.58/19.67	19.6708	5790	4207
19.70/19.72	19.7234	5789	4262
19.70/19.77	19.7722	5788	4305
19.79/19.82	19.819	5787	4342
19.79/19.86	19.8644	5786	4374
19.88/19.95	19.9493	5785	4466
19.98/20.03	20.0329	5784	4536
19.98/20.08	20.0802	5783	4537
20.18/20.26	20.2578	5782	4763
20.28/20.30	20.2993	5781	4769
20.28/20.34	20.3454	5780	4802
20.39/20.40	20.4026	5779	4861
20.39/20.47	20.4749	5778	4972
20.49/20.56	20.5596	5777	5121
20.59/20.60	20.6054	5776	5163
20.59/20.64	20.6447	5775	5184
20.69/20.70	20.7045	5774	5271
20.69/20.74	20.7372	5773	5274
20.80/20.82	20.8195	5772	5429
20.80/20.87	20.8669	5771	5474
20.80/20.90	20.9041	5770	5489
20.89/20.94	20.9442	5769	5514
20.99/21.08	21.085	5768	5842
21.09/21.14	21.145	5767	5927
21.09/21.19	21.1867	5766	5958
21.29/21.30	21.3058	5765	6217
21.29/21.34	21.3431	5764	6233
21.39/21.41	21.4073	5763	6328
21.39/21.46	21.4607	5762	6394
21.49/21.53	21.5355	5761	6522
21.59/21.61	21.6154	5760	6668
21.59/21.66	21.6662	5759	6727
21.69/21.72	21.7176	5758	6785
21.79/21.81	21.808	5757	6946
21.79/21.86	21.8623	5756	7005
21.90/21.92	21.9201	5755	7070
21.90/21.97	21.9754	5754	7131
21.99/22.05	22.0472	5753	7243
21.99/22.09	22.0888	5752	7273
22.09/22.19	22.194	5751	7489
22.19/22.23	22.2342	5750	7508
22.19/22.28	22.2809	5749	7545
22.39/22.41	22.407	5748	7807
22.49/22.55	22.5501	5747	8137
22.59/22.62	22.6244	5746	8267
22.59/22.66	22.6628	5745	8287
22.79/22.83	22.8343	5744	8714
22.79/22.89	22.8914	5743	8792
22.89/22.94	22.9376	5742	8831
23.00/23.07	23.0739	5741	9150
23.10/23.12	23.1176	5740	9183
23.10/23.19	23.1937	5739	9320
23.19/23.26	23.2586	5738	9423
23.29/23.37	23.3702	5737	9663
23.39/23.47	23.4711	5736	9870
23.49/23.54	23.5444	5735	9996
23.59/23.61	23.6159	5734	10116
23.59/23.67	23.6698	5733	10181
23.69/23.78	23.7845	5732	10428
23.79/23.85	23.8522	5731	10528
23.89/23.90	23.9011	5730	10571
23.89/23.94	23.9379	5729	10581
23.89/23.97	23.9723	5728	10584
23.99/24.01	24.0101	5727	10596
23.99/24.07	24.0718	5726	10677
24.10/24.13	24.1348	5725	10757
24.10/24.17	24.1706	5724	10764
24.20/24.23	24.2307	5723	10843
24.20/24.26	24.2638	5722	10845
24.29/24.37	24.3713	5721	11077
24.49/24.51	24.5145	5720	11394
24.49/24.58	24.5793	5719	11485
24.69/24.74	24.7436	5718	11866
24.69/24.78	24.7797	5717	11876
24.79/24.83	24.8294	5716	11924
24.89/24.90	24.897	5715	12025
24.89/24.94	24.945	5714	12063
24.99/25.09	25.0898	5713	12383
25.20/25.26	25.2604	5712	12594
25.49/25.59	25.5958	5711	13403
25.69/25.72	25.7222	5710	13692
25.69/25.79	25.7917	5709	13810
25.89/25.92	25.9234	5708	14107
25.89/25.98	25.9775	5707	14176
26.09/26.10	26.0971	5706	14452
26.09/26.14	26.1462	5705	14508
26.19/26.24	26.2425	5704	14707
26.19/26.31	26.3081	5703	14807
26.30/26.36	26.3605	5702	14867
26.39/26.43	26.4265	5701	14967
26.48/26.50	26.5052	5700	15111
26.48/26.57	26.5748	5699	15229
26.88/26.93	26.9291	5698	16210
26.98/27.00	27.0028	5697	16341
26.98/27.03	27.0344	5696	16343
26.98/27.08	27.0862	5695	16405
27.28/27.38	27.3779	5694	17180
27.49/27.58	27.5764	5693	17694
27.58/27.65	27.6488	5692	17819
27.78/27.89	27.8962	5691	18456
27.88/27.99	27.9957	5690	18657
27.99/28.03	28.0353	5689	18684
28.09/28.15	28.1516	5688	18945
28.19/28.21	28.2159	5687	19044
28.19/28.25	28.2537	5686	19063
28.39/28.45	28.4509	5685	19558
28.79/28.86	28.8633	5684	20681
29.19/29.29	29.2875	5683	21842
29.39/29.40	29.4003	5682	22085
29.49/29.51	29.5127	5681	22333
29.49/29.56	29.563	5680	22390
29.60/29.69	29.6884	5679	22678
29.69/29.75	29.7559	5678	22788
29.89/29.92	29.9198	5677	23194
29.99/30.04	30.0363	5676	23450
30.59/30.68	30.6795	5675	25295
30.70/30.72	30.7245	5674	25337
30.79/30.89	30.8879	5673	25747
30.99/31.04	31.0408	5672	26121
31.09/31.14	31.1446	5671	26346
31.49/31.50	31.4996	5670	27334
31.99/32.08	32.0782	5669	28973
32.39/32.50	32.4961	5668	30078
32.69/32.70	32.6984	5667	30564
32.69/32.74	32.7405	5666	30584
32.79/32.80	32.8047	5665	30680
32.91/32.95	32.953	5664	31042
33.00/33.07	33.0743	5663	31321
33.19/33.21	33.2118	5662	31634
33.49/33.50	33.4968	5660	32366
33.69/33.74	33.7392	5659	32977
34.19/34.23	34.232	5658	34310
35.20/35.21	35.2104	5657	37191
35.39/35.46	35.4591	5656	37843
36.30/36.35	36.3503	5655	40472
37.49/37.53	37.5265	5654	43958
37.79/37.82	37.8232	5653	44769
38.40/38.49	38.4892	5652	46707
38.50/38.53	38.5354	5651	46754
38.69/38.70	38.6976	5650	47160
38.69/38.73	38.7307	5649	47166
38.89/38.96	38.9657	5648	47790
39.09/39.19	39.1912	5647	48389
39.19/39.29	39.2877	5646	48593
39.79/39.81	39.809	5645	50058
39.89/39.92	39.9168	5644	50272
39.99/40.05	40.0539	5643	50572
40.99/41.04	41.0438	5642	53423
41.09/41.17	41.1719	5641	53721
41.39/41.41	41.4114	5640	54364
45.49/45.56	45.5624	5639	66138
45.59/45.64	45.6415	5638	66282
45.69/45.78	45.7778	5637	66591
46.39/46.42	46.4204	5636	68393
47.30/47.36	47.3561	5635	71040
52.19/52.23	52.2267	5634	84552
52.49/52.57	52.5685	5633	85291
52.58/52.71	52.7094	5632	85529
53.69/53.75	53.7451	5631	88291
54.91/54.97	54.974	5630	91459
62.49/62.52	62.5174	5629	112506
64.59/64.60	64.6004	5628	118119
69.49/69.53	69.5318	5627	132750
70.79/70.86	70.8582	5626	136560
76.28/76.36	76.3633	5625	152271
77.09/77.17	77.17	5624	154658
79.79/79.88	79.8741	5623	162694
79.99/80.02	80.0208	5622	163039
80.69/80.71	80.7114	5621	164921
80.69/80.76	80.7625	5620	164976
80.79/80.81	80.8046	5619	165004
97.18/97.26	97.2558	5618	213280
169.08/169.13	169.123	5617	424417
172.69/172.72	172.719	5616	435270
252.90/252.97	252.961	5615	672543
256.48/256.54	256.532	5614	683244
348.18/348.28	348.277	5613	950850
358.98/359.01	359.005	5612	979433
358.98/359.07	359.058	5611	979435
851.57/851.63	851.607	5610	2435066
