0.00/0.06	0.054202	128	0
0.00/0.06	0.055468	127	4
0.00/0.06	0.056129	126	5
0.00/0.06	0.056886	125	7
0.00/0.07	0.062078	124	31
0.00/0.07	0.063894	123	38
0.00/0.19	0.184188	120	680
0.00/0.19	0.18476	118	681
0.00/0.19	0.186083	117	686
0.80/0.94	0.852414	115	4461
2.00/2.12	2.02895	114	11109
2.10/2.20	2.11455	113	11569
2.10/2.21	2.11938	112	11593
2.10/2.21	2.11994	111	11594
2.10/2.21	2.12046	110	11595
2.10/2.21	2.12612	109	11624
2.10/2.22	2.12789	108	11632
2.50/2.68	2.59391	107	14288
2.60/2.71	2.62024	106	14434
2.60/2.71	2.62115	105	14437
38.00/38.13	38.0409	104	218684
38.00/38.13	38.0419	103	218687
38.00/38.16	38.0689	102	218846
38.89/39.03	38.9374	101	224027
790.28/790.47	790.36	100	4621447
999.98/1000.12	5845929
