0.10/0.10	0.097834	134	0
0.10/0.10	0.098793	133	1
0.10/0.10	0.10043	132	5
0.10/0.10	0.101362	131	6
0.10/0.10	0.102956	130	9
0.10/0.10	0.103833	129	10
0.10/0.10	0.104726	128	11
0.10/0.11	0.110861	126	33
0.10/0.11	0.113406	125	40
0.10/0.11	0.115557	124	46
0.80/0.84	0.839067	120	3481
1.30/1.48	1.48154	119	6882
1.30/1.48	1.48252	118	6885
1.30/1.48	1.48306	117	6886
1.98/2.07	2.07581	115	10086
1.98/2.08	2.07646	114	10087
1.98/2.08	2.07833	113	10095
1.98/2.09	2.09619	111	10188
3.69/3.74	3.73954	109	19355
3.69/3.77	3.77554	108	19558
3.89/3.93	3.92702	107	20405
7.09/7.29	7.2872	106	39524
11.59/11.67	11.6702	105	65014
15.38/15.41	15.4151	104	86926
16.18/16.27	16.2679	103	91934
17.38/17.44	17.4428	102	98731
25.19/25.46	25.4611	101	145142
237.18/237.33	237.32	100	1355312
999.96/1000.03	5758929
