0.00/0.06	0.053434	133	0
0.00/0.06	0.05504	132	4
0.00/0.06	0.055697	131	5
0.00/0.07	0.056371	130	6
0.00/0.07	0.057018	128	7
0.00/0.07	0.058019	127	10
0.00/0.07	0.058653	126	11
0.00/0.07	0.059252	125	12
0.00/0.07	0.060318	124	15
0.00/0.07	0.060964	123	16
0.00/0.07	0.061749	122	18
0.00/0.07	0.062521	121	20
0.00/0.07	0.063117	120	21
0.00/0.07	0.065505	119	31
0.00/0.08	0.068728	116	47
0.00/0.08	0.070422	115	54
0.28/0.39	0.380252	114	1895
0.28/0.39	0.380854	113	1896
0.28/0.39	0.381543	112	1898
0.28/0.39	0.382222	111	1900
0.48/0.50	0.493835	110	2547
0.48/0.51	0.499052	109	2575
2.78/2.87	2.85853	108	16651
13.18/13.27	13.2573	107	77319
17.78/17.80	17.7926	106	102003
17.78/17.80	17.7932	105	102005
18.43/18.74	18.7345	104	107243
33.68/33.74	33.7275	103	195860
39.43/39.55	39.544	102	230667
115.58/115.64	115.632	101	681301
999.91/1000.04	5878270
