0.00/0.08	0.079655	132	0
0.00/0.08	0.0805	131	1
0.00/0.08	0.081371	130	2
0.00/0.08	0.082163	129	3
0.08/0.08	0.082911	128	4
0.08/0.08	0.083588	127	5
0.08/0.08	0.084265	126	6
0.08/0.08	0.085911	125	11
0.08/0.09	0.086804	124	13
0.08/0.09	0.087486	123	14
0.08/0.09	0.088742	122	18
0.08/0.09	0.089399	121	19
0.08/0.09	0.091789	120	28
0.08/0.09	0.092494	119	29
0.08/0.11	0.106446	118	95
0.11/0.18	0.182511	117	462
0.29/0.37	0.367707	116	1421
0.59/0.62	0.617113	115	2695
0.59/0.62	0.617738	114	2696
0.59/0.62	0.618367	113	2697
2.99/3.08	3.07916	111	16358
2.99/3.08	3.08052	110	16364
2.99/3.09	3.09021	109	16419
2.99/3.09	3.09126	108	16423
3.09/3.15	3.14892	106	16753
3.39/3.43	3.42951	105	18381
4.42/4.46	4.46192	104	24565
12.39/12.42	12.4195	103	71704
28.49/28.51	28.5109	102	166832
31.39/31.41	31.4081	101	184104
312.88/312.93	312.917	100	1847651
999.96/1000.03	5910449
