0.00/0.05	0.055254	136	0
0.00/0.05	0.056038	135	1
0.00/0.05	0.056712	134	2
0.00/0.05	0.057381	133	3
0.00/0.06	0.059099	131	10
0.00/0.06	0.061764	130	22
0.00/0.06	0.062368	129	23
0.00/0.06	0.06433	128	30
0.00/0.06	0.065179	127	32
0.00/0.06	0.066927	126	39
0.00/0.17	0.168248	124	584
0.00/0.17	0.169107	123	586
0.00/0.17	0.169904	122	588
0.00/0.17	0.170527	120	589
0.00/0.17	0.171298	119	591
0.00/0.17	0.171993	118	592
0.26/0.29	0.297541	117	1294
0.38/0.46	0.467581	116	2241
0.38/0.47	0.468253	115	2243
0.48/0.54	0.538918	113	2645
4.00/4.00	4.00429	112	22565
4.00/4.00	4.00497	111	22566
4.00/4.00	4.00561	110	22568
4.00/4.00	4.00618	109	22569
4.00/4.27	4.27607	108	24158
4.22/4.40	4.40514	106	24916
7.99/8.16	8.16433	105	47097
9.29/9.54	9.54608	104	55215
12.29/12.65	12.6484	103	73406
13.69/13.91	13.9162	102	80925
67.39/67.44	67.439	101	394455
317.68/317.77	317.767	100	1866113
999.88/1000.03	5925663
