0.00/0.05	0.053897	132	0
0.00/0.05	0.054569	131	1
0.00/0.05	0.055233	130	2
0.00/0.06	0.057198	127	10
0.00/0.06	0.058004	126	12
0.00/0.06	0.058626	125	13
0.00/0.06	0.059409	124	15
0.00/0.06	0.06	123	16
0.00/0.06	0.0612	121	20
0.00/0.06	0.065063	120	38
0.00/0.06	0.065654	119	39
0.00/0.07	0.066217	118	40
0.00/0.07	0.068041	117	48
0.00/0.08	0.077018	116	96
0.00/0.08	0.082895	115	125
0.00/0.08	0.083523	114	126
0.00/0.14	0.145054	112	472
0.00/0.21	0.215394	111	869
0.00/0.22	0.216016	110	870
0.89/0.95	0.946891	109	5082
6.09/6.11	6.1097	108	34662
7.79/7.82	7.82098	107	44523
9.19/9.27	9.26918	106	52760
9.89/10.48	10.4764	104	59750
11.09/11.16	11.1595	103	63793
12.99/13.19	13.1945	102	75986
329.28/329.31	329.307	101	1927001
347.58/347.60	347.591	100	2036251
999.66/1000.02	5937110
