0.00/0.05	0.056488	134	0
0.00/0.05	0.057207	133	1
0.00/0.05	0.057889	131	2
0.00/0.06	0.058528	130	3
0.00/0.06	0.060087	129	9
0.00/0.06	0.06071	128	10
0.00/0.06	0.061317	126	11
0.00/0.06	0.06215	125	13
0.00/0.06	0.062984	124	15
0.00/0.06	0.063575	123	16
0.00/0.06	0.064386	122	18
0.00/0.06	0.064959	121	19
0.00/0.07	0.076048	120	77
0.20/0.22	0.218332	119	852
0.20/0.22	0.21892	118	853
0.20/0.22	0.219452	117	854
0.20/0.25	0.251723	115	1030
1.49/1.52	1.51818	114	8278
1.49/1.52	1.51878	113	8279
1.59/1.68	1.6825	112	9226
1.59/1.68	1.68305	111	9227
1.89/1.98	1.98791	110	10961
4.69/4.78	4.78774	109	27046
6.50/6.73	6.72827	108	38430
6.50/6.73	6.73629	107	38472
22.29/22.30	22.3072	106	127000
31.19/31.29	31.2914	105	179045
33.69/33.70	33.699	104	193262
33.89/33.97	33.9724	103	194894
41.69/41.88	41.8797	102	241187
404.08/404.19	404.186	101	2347292
787.97/788.02	788	100	4564424
999.86/1000.03	5795085
