0.00/0.05	0.053061	134	0
0.00/0.05	0.05387	133	1
0.00/0.05	0.054545	132	2
0.00/0.05	0.055196	131	3
0.00/0.05	0.055806	130	4
0.00/0.05	0.056386	129	5
0.00/0.06	0.059538	127	19
0.00/0.06	0.060166	126	20
0.00/0.06	0.060755	125	21
0.00/0.06	0.061404	124	22
0.00/0.06	0.061988	122	23
0.00/0.06	0.062626	121	24
0.00/0.06	0.06325	120	25
0.00/0.06	0.064772	119	31
0.00/0.06	0.065344	118	32
0.00/0.06	0.06736	117	40
0.00/0.06	0.067937	116	41
0.00/0.07	0.068523	115	42
0.10/0.12	0.126293	114	364
0.60/0.68	0.679661	113	3514
0.60/0.70	0.698912	112	3625
0.60/0.70	0.699657	111	3627
0.60/0.73	0.734014	110	3825
0.60/0.73	0.734563	109	3826
0.60/0.73	0.735817	108	3831
0.60/0.96	0.96499	107	5177
0.60/0.96	0.965593	106	5178
2.20/2.28	2.28663	105	12869
21.69/21.79	21.7957	104	125555
21.79/21.80	21.7984	103	125569
25.08/25.12	25.12	102	145246
26.39/26.44	26.4394	101	153135
281.68/282.03	282.021	100	1656724
999.67/1000.02	5882868
