0.00/0.05	0.054957	129	0
0.00/0.05	0.055698	128	1
0.00/0.05	0.05632	127	2
0.00/0.05	0.05693	126	3
0.00/0.05	0.057606	125	4
0.00/0.06	0.059013	124	9
0.00/0.06	0.059717	123	10
0.00/0.06	0.061686	122	18
0.00/0.06	0.062894	121	22
0.00/0.06	0.066196	120	37
0.00/0.06	0.066764	119	38
0.00/0.06	0.06733	118	39
0.00/0.07	0.068615	117	44
0.00/0.07	0.069205	115	45
0.00/0.07	0.070105	114	48
0.00/0.07	0.071715	113	55
0.00/0.07	0.073973	112	66
0.00/0.07	0.074925	111	69
0.00/0.08	0.078303	110	86
0.15/0.18	0.181034	109	677
0.15/0.18	0.183199	108	687
0.20/0.24	0.238934	107	1009
7.09/7.65	7.65502	106	43690
8.29/8.32	8.31864	105	47549
8.69/8.70	8.70067	104	49831
9.99/10.07	10.0696	103	57915
9.99/10.08	10.0839	102	58000
140.89/140.96	140.964	101	817715
141.74/141.76	141.762	100	822425
999.77/1000.02	5850190
