0.00/0.06	0.05706	135	0
0.00/0.06	0.058017	134	2
0.00/0.06	0.05923	133	6
0.00/0.06	0.060103	132	8
0.00/0.06	0.060985	131	10
0.00/0.06	0.061728	130	11
0.00/0.06	0.062821	129	14
0.00/0.06	0.063635	128	16
0.00/0.06	0.064277	127	17
0.00/0.07	0.06651	125	26
0.00/0.07	0.067318	123	28
0.00/0.07	0.068707	122	33
0.00/0.08	0.077432	121	74
0.00/0.08	0.078327	120	76
0.00/0.09	0.088662	119	130
0.00/0.09	0.089429	117	132
0.00/0.09	0.090267	116	134
0.00/0.09	0.0916	115	139
0.00/0.09	0.092137	114	140
0.00/0.09	0.092935	113	142
0.00/0.09	0.093647	112	144
0.00/0.10	0.095603	111	153
0.00/0.10	0.096567	110	156
0.00/0.10	0.101455	109	180
0.69/0.78	0.774351	108	3727
0.69/0.78	0.776153	107	3734
2.39/2.47	2.46475	106	13528
2.88/3.50	3.50024	105	19549
5.39/5.46	5.45812	104	31072
9.08/9.24	9.24149	103	53218
9.89/9.91	9.91277	102	57173
133.49/133.51	133.498	101	774142
135.78/135.98	135.967	100	788728
999.98/1000.05	5876612
