1.09/1.44	1.43721	6929	0
1.09/1.44	1.43777	6928	1
1.09/1.44	1.43946	6927	7
1.09/1.44	1.44075	6926	11
1.09/1.44	1.44319	6925	19
1.09/1.44	1.44488	6924	25
1.09/1.45	1.45205	6923	53
1.09/1.45	1.45378	6922	59
1.09/1.45	1.45429	6921	60
1.09/1.45	1.45481	6920	61
1.09/1.46	1.45542	6919	62
1.09/1.46	1.46061	6918	84
1.45/1.46	1.46172	6917	87
1.45/1.46	1.46224	6916	88
1.45/1.46	1.46389	6915	95
1.45/1.47	1.46647	6914	106
1.45/1.47	1.46907	6913	115
1.45/1.47	1.47156	6912	124
1.45/1.47	1.47251	6911	127
1.45/1.47	1.47451	6910	135
1.45/1.48	1.47542	6909	138
1.45/1.48	1.48124	6908	162
1.45/1.48	1.48216	6907	165
1.45/1.48	1.48317	6906	168
1.45/1.48	1.48481	6905	173
1.45/1.49	1.4875	6904	185
1.45/1.49	1.48832	6903	187
1.45/1.49	1.4911	6902	197
1.45/1.49	1.49224	6901	201
1.45/1.50	1.49759	6900	224
1.45/1.50	1.49986	6899	233
1.45/1.50	1.50425	6898	250
1.45/1.50	1.50482	6897	251
1.45/1.51	1.50625	6896	256
1.45/1.51	1.51049	6895	274
1.45/1.52	1.51925	6894	311
1.45/1.52	1.52427	6893	333
1.45/1.53	1.52605	6892	339
1.45/1.53	1.52956	6891	353
1.45/1.54	1.53645	6890	385
1.45/1.54	1.53873	6889	394
1.45/1.54	1.53997	6888	398
1.54/1.55	1.54681	6887	427
1.54/1.55	1.55235	6886	452
1.54/1.56	1.55692	6885	471
1.54/1.56	1.56013	6884	484
1.54/1.57	1.56858	6883	519
1.54/1.57	1.56909	6882	520
1.54/1.57	1.57058	6881	525
1.54/1.57	1.57151	6880	528
1.54/1.58	1.57478	6879	541
1.54/1.58	1.57693	6878	549
1.54/1.58	1.58236	6877	572
1.54/1.58	1.58427	6876	579
1.54/1.59	1.58936	6875	601
1.54/1.59	1.59269	6874	615
1.54/1.60	1.59466	6873	623
1.59/1.60	1.60337	6872	660
1.59/1.61	1.60617	6871	671
1.59/1.61	1.61161	6870	694
1.59/1.62	1.62234	6869	740
1.59/1.65	1.64522	6868	841
1.59/1.69	1.69389	6867	1051
1.68/1.71	1.71077	6866	1124
1.68/1.73	1.72546	6865	1188
1.68/1.76	1.75739	6864	1325
1.68/1.77	1.76723	6863	1368
1.68/1.79	1.78775	6862	1454
1.68/1.79	1.79396	6861	1481
1.78/1.85	1.85272	6860	1736
1.78/1.87	1.87005	6859	1811
1.89/1.94	1.94352	6858	2128
1.89/1.97	1.97001	6857	2243
1.89/1.97	1.97404	6856	2259
1.89/1.98	1.98004	6855	2285
1.89/1.98	1.98233	6854	2293
1.99/2.08	2.0758	6853	2669
2.08/2.13	2.12434	6852	2874
2.29/2.37	2.36436	6851	3928
