1.41/1.48	1.47872	6908	0
1.41/1.48	1.48145	6907	12
1.41/1.48	1.48245	6906	15
1.41/1.48	1.48331	6905	18
1.41/1.48	1.48528	6904	26
1.41/1.49	1.48861	6903	39
1.41/1.49	1.49148	6902	51
1.41/1.49	1.49542	6901	68
1.41/1.50	1.49961	6900	87
1.41/1.50	1.50319	6899	102
1.41/1.50	1.50422	6898	105
1.41/1.51	1.50764	6897	119
1.41/1.51	1.50933	6896	124
1.50/1.51	1.51549	6895	152
1.50/1.52	1.52256	6894	183
1.50/1.52	1.52334	6893	184
1.50/1.53	1.52765	6892	204
1.50/1.53	1.52811	6891	205
1.50/1.53	1.53099	6890	218
1.50/1.53	1.53633	6889	243
1.50/1.54	1.53795	6888	250
1.50/1.54	1.5432	6887	275
1.50/1.54	1.5457	6886	286
1.50/1.55	1.5532	6885	319
1.50/1.55	1.5548	6884	325
1.50/1.55	1.55676	6883	333
1.50/1.56	1.55891	6882	342
1.50/1.56	1.55982	6881	345
1.50/1.56	1.56203	6880	354
1.50/1.56	1.563	6879	357
1.50/1.57	1.57678	6878	419
1.50/1.58	1.5803	6877	434
1.50/1.58	1.58091	6876	436
1.50/1.58	1.58477	6875	451
1.50/1.59	1.59102	6874	478
1.50/1.59	1.59584	6873	499
1.59/1.60	1.59923	6872	514
1.59/1.60	1.60074	6871	520
1.59/1.62	1.61881	6870	604
1.59/1.64	1.64661	6869	730
1.59/1.65	1.64846	6868	738
1.59/1.65	1.65229	6867	753
1.59/1.66	1.65925	6866	785
1.59/1.66	1.6674	6865	822
1.59/1.68	1.68137	6864	887
1.59/1.69	1.69242	6863	935
1.59/1.69	1.69351	6862	939
1.69/1.70	1.69804	6861	959
1.69/1.70	1.70058	6860	970
1.69/1.71	1.70777	6859	1005
1.69/1.71	1.71484	6858	1036
1.69/1.73	1.73456	6857	1124
1.69/1.74	1.74289	6856	1161
1.69/1.76	1.75919	6855	1233
1.78/1.84	1.84392	6854	1627
1.88/1.92	1.92568	6853	2005
1.88/1.93	1.9306	6852	2028
2.08/2.18	2.18576	6851	3206
