1.39/1.47	1.47314	6928	0
1.39/1.47	1.47602	6927	11
1.39/1.47	1.47725	6926	15
1.39/1.48	1.47775	6925	16
1.39/1.48	1.48662	6924	52
1.39/1.49	1.49141	6923	72
1.39/1.49	1.49215	6922	74
1.39/1.49	1.49511	6921	86
1.39/1.49	1.49584	6920	88
1.39/1.49	1.49694	6919	92
1.49/1.50	1.49858	6918	98
1.49/1.50	1.50093	6917	106
1.49/1.50	1.50584	6916	127
1.49/1.51	1.50792	6915	135
1.49/1.51	1.51481	6914	164
1.49/1.51	1.51534	6913	165
1.49/1.51	1.51674	6912	170
1.49/1.52	1.51892	6911	178
1.49/1.52	1.52089	6910	185
1.49/1.52	1.52142	6909	186
1.49/1.52	1.52547	6908	202
1.49/1.53	1.52807	6907	212
1.49/1.53	1.52984	6906	219
1.49/1.53	1.53129	6905	224
1.49/1.53	1.53352	6904	233
1.49/1.54	1.53752	6903	249
1.49/1.54	1.54003	6902	258
1.49/1.54	1.54293	6901	270
1.49/1.55	1.54837	6900	294
1.49/1.55	1.54907	6899	296
1.49/1.56	1.5603	6898	346
1.49/1.56	1.5616	6897	351
1.49/1.56	1.56295	6896	356
1.49/1.56	1.56346	6895	357
1.49/1.57	1.56968	6894	384
1.49/1.57	1.57014	6893	385
1.49/1.57	1.57277	6892	396
1.49/1.57	1.57324	6891	397
1.49/1.58	1.57777	6890	417
1.49/1.58	1.5826	6889	437
1.49/1.58	1.58355	6888	440
1.49/1.58	1.58569	6887	449
1.49/1.59	1.58787	6886	457
1.49/1.59	1.59022	6885	466
1.58/1.61	1.60884	6884	549
1.58/1.63	1.63072	6883	644
1.58/1.65	1.64744	6882	716
1.58/1.65	1.65059	6881	729
1.58/1.65	1.65559	6880	750
1.58/1.66	1.65897	6879	764
1.58/1.66	1.66268	6878	779
1.58/1.66	1.66428	6877	785
1.58/1.67	1.67357	6876	826
1.58/1.67	1.67609	6875	836
1.58/1.68	1.67759	6874	841
1.58/1.68	1.68302	6873	865
1.58/1.68	1.68521	6872	873
1.58/1.69	1.69345	6871	909
1.68/1.71	1.71083	6870	984
1.68/1.71	1.71162	6869	986
1.68/1.73	1.7347	6868	1091
1.68/1.74	1.74071	6867	1119
1.68/1.75	1.75547	6866	1186
1.68/1.76	1.76011	6865	1205
1.68/1.77	1.77146	6864	1251
1.68/1.77	1.77292	6863	1256
1.68/1.78	1.77913	6862	1283
1.68/1.79	1.79154	6861	1338
1.68/1.79	1.79666	6860	1359
1.79/1.80	1.79821	6859	1364
1.79/1.82	1.82498	6858	1481
1.79/1.85	1.84729	6857	1582
1.79/1.85	1.85072	6856	1596
1.79/1.86	1.86569	6855	1662
1.89/1.97	1.97006	6854	2120
1.99/2.01	2.01352	6853	2308
2.10/2.13	2.13262	6852	2818
2.10/2.39	2.39027	6851	3928
