1.37/1.38	1.38661	6910	0
1.37/1.38	1.388	6909	5
1.37/1.39	1.38925	6908	9
1.37/1.39	1.39079	6907	15
1.37/1.39	1.39139	6906	17
1.37/1.39	1.39281	6905	22
1.38/1.40	1.39986	6904	51
1.38/1.40	1.4023	6903	61
1.38/1.40	1.40503	6902	73
1.38/1.40	1.40691	6901	80
1.38/1.41	1.41098	6900	98
1.38/1.41	1.41376	6899	110
1.38/1.42	1.41978	6898	136
1.38/1.42	1.4214	6897	143
1.38/1.42	1.4233	6896	151
1.38/1.42	1.42536	6895	159
1.38/1.42	1.42614	6894	161
1.38/1.42	1.42717	6893	164
1.38/1.43	1.42953	6892	173
1.38/1.43	1.43081	6891	177
1.38/1.43	1.43437	6890	193
1.38/1.43	1.43566	6889	198
1.38/1.44	1.43835	6888	209
1.38/1.44	1.44543	6887	241
1.38/1.45	1.45016	6886	261
1.38/1.45	1.45377	6885	277
1.38/1.46	1.46403	6884	321
1.38/1.46	1.46706	6883	333
1.38/1.46	1.46778	6882	335
1.38/1.47	1.46979	6881	344
1.38/1.47	1.47409	6880	363
1.38/1.48	1.47858	6879	382
1.38/1.48	1.48361	6878	405
1.38/1.48	1.48435	6877	407
1.38/1.49	1.49053	6876	432
1.48/1.50	1.50363	6875	490
1.48/1.51	1.51024	6874	517
1.48/1.51	1.51311	6873	529
1.48/1.51	1.51405	6872	532
1.48/1.52	1.52197	6871	567
1.48/1.53	1.53332	6870	619
1.48/1.53	1.53655	6869	632
1.48/1.55	1.55275	6868	707
1.48/1.55	1.55496	6867	715
1.48/1.56	1.56122	6866	740
1.48/1.56	1.56467	6865	754
1.48/1.56	1.56531	6864	756
1.48/1.56	1.56716	6863	763
1.48/1.57	1.57055	6862	775
1.48/1.59	1.59051	6861	866
1.48/1.59	1.59223	6860	873
1.58/1.60	1.6	6859	906
1.58/1.60	1.60477	6858	925
1.58/1.63	1.63147	6857	1042
1.58/1.64	1.64365	6856	1096
1.68/1.71	1.71613	6855	1422
1.68/1.72	1.72428	6854	1457
1.68/1.73	1.73103	6853	1487
1.90/1.92	1.92433	6852	2375
1.90/1.95	1.9525	6851	2502
