1.49/1.51	1.51336	6931	0
1.49/1.51	1.51431	6930	3
1.49/1.51	1.51706	6929	13
1.49/1.52	1.51903	6928	20
1.49/1.52	1.51967	6927	21
1.49/1.52	1.52027	6926	22
1.49/1.52	1.52236	6925	30
1.49/1.52	1.5242	6924	37
1.49/1.52	1.52473	6923	38
1.49/1.52	1.52534	6922	39
1.49/1.53	1.52987	6921	57
1.49/1.53	1.53084	6920	60
1.49/1.53	1.53209	6919	64
1.49/1.53	1.53512	6918	76
1.49/1.53	1.53566	6917	77
1.49/1.53	1.53637	6916	79
1.49/1.54	1.53921	6915	91
1.49/1.54	1.54189	6914	101
1.49/1.54	1.54604	6913	119
1.49/1.55	1.54834	6912	128
1.49/1.55	1.55135	6911	139
1.49/1.56	1.55806	6910	169
1.49/1.56	1.56414	6909	195
1.49/1.56	1.56466	6908	196
1.49/1.56	1.56603	6907	200
1.49/1.57	1.56917	6906	214
1.49/1.57	1.56966	6905	215
1.49/1.57	1.57231	6904	226
1.49/1.57	1.57579	6903	240
1.49/1.57	1.57737	6902	246
1.49/1.58	1.58575	6901	282
1.49/1.59	1.58843	6900	292
1.49/1.59	1.59428	6899	314
1.49/1.59	1.59478	6898	315
1.49/1.59	1.59686	6897	323
1.59/1.62	1.62138	6896	433
1.59/1.63	1.62875	6895	464
1.59/1.63	1.63017	6894	469
1.59/1.63	1.63075	6893	470
1.59/1.63	1.63673	6891	496
1.59/1.64	1.63769	6890	499
1.59/1.64	1.64128	6889	513
1.59/1.64	1.64363	6888	522
1.59/1.64	1.64749	6887	538
1.59/1.65	1.64959	6886	547
1.59/1.65	1.65356	6885	564
1.59/1.66	1.65866	6884	584
1.59/1.67	1.66892	6883	626
1.59/1.67	1.6722	6882	639
1.59/1.67	1.67472	6881	649
1.59/1.68	1.67973	6880	670
1.59/1.68	1.6845	6879	692
1.59/1.68	1.68586	6878	696
1.59/1.69	1.69071	6877	718
1.69/1.70	1.69874	6876	752
1.69/1.70	1.70597	6875	783
1.69/1.72	1.72061	6874	847
1.69/1.73	1.7349	6873	910
1.69/1.74	1.74353	6872	948
1.69/1.74	1.74569	6871	956
1.69/1.75	1.74798	6870	965
1.69/1.75	1.75216	6869	983
1.69/1.76	1.76018	6868	1017
1.69/1.79	1.79035	6867	1147
1.79/1.82	1.82084	6866	1277
1.79/1.83	1.83087	6865	1321
1.79/1.83	1.83478	6864	1338
1.79/1.83	1.83525	6863	1339
1.79/1.84	1.84037	6862	1361
1.79/1.86	1.85853	6861	1442
1.79/1.86	1.86432	6860	1468
1.79/1.89	1.89474	6859	1607
1.89/1.91	1.91316	6858	1690
1.89/1.94	1.93884	6857	1802
1.99/2.00	2.00467	6856	2094
1.99/2.05	2.05484	6855	2323
2.10/2.16	2.16203	6854	2792
2.10/2.20	2.19839	6853	2948
2.39/2.41	2.41127	6852	3873
2.48/2.57	2.57373	6851	4592
