1.29/1.54	1.54722	6923	0
1.29/1.55	1.55091	6922	15
1.29/1.55	1.55202	6921	18
1.29/1.55	1.55605	6920	35
1.29/1.56	1.56167	6919	56
1.29/1.56	1.56381	6918	64
1.29/1.56	1.56669	6917	75
1.29/1.56	1.56726	6916	76
1.29/1.56	1.56781	6915	77
1.29/1.57	1.57095	6914	86
1.29/1.57	1.5763	6913	108
1.29/1.57	1.57701	6912	110
1.29/1.58	1.57909	6911	118
1.29/1.58	1.5802	6910	122
1.29/1.58	1.58096	6909	124
1.29/1.58	1.5821	6908	128
1.29/1.58	1.58327	6907	132
1.29/1.58	1.58388	6906	134
1.29/1.59	1.59149	6905	166
1.29/1.59	1.59442	6904	178
1.29/1.59	1.59495	6903	179
1.29/1.59	1.59544	6902	180
1.29/1.60	1.60168	6901	207
1.29/1.60	1.60259	6900	210
1.29/1.60	1.60336	6899	212
1.29/1.61	1.6083	6898	233
1.29/1.61	1.61741	6897	271
1.29/1.62	1.61825	6896	273
1.29/1.62	1.61952	6895	277
1.29/1.62	1.62068	6894	280
1.29/1.62	1.62676	6893	305
1.29/1.63	1.63356	6892	333
1.29/1.64	1.64671	6891	390
1.29/1.64	1.64749	6890	392
1.29/1.65	1.65775	6889	432
1.29/1.66	1.65914	6888	437
1.29/1.66	1.66301	6887	453
1.29/1.66	1.66588	6886	466
1.29/1.67	1.66819	6885	475
1.29/1.67	1.66985	6884	481
1.29/1.67	1.67033	6883	482
1.29/1.67	1.67691	6882	510
1.29/1.68	1.68032	6881	523
1.67/1.68	1.68348	6880	534
1.67/1.68	1.68602	6879	544
1.67/1.70	1.70691	6878	636
1.67/1.71	1.71413	6877	666
1.67/1.71	1.71782	6876	682
1.67/1.72	1.7185	6875	683
1.67/1.72	1.72034	6874	690
1.67/1.72	1.72479	6873	708
1.75/1.77	1.76928	6872	896
1.75/1.78	1.78433	6871	958
1.79/1.80	1.80679	6870	1052
1.79/1.81	1.81282	6869	1076
1.79/1.81	1.81773	6868	1096
1.79/1.83	1.83261	6867	1159
1.79/1.83	1.8338	6866	1163
1.79/1.83	1.83603	6865	1172
1.79/1.83	1.83675	6864	1174
1.89/1.92	1.92657	6863	1564
1.89/1.93	1.93734	6862	1610
1.89/1.97	1.97152	6861	1754
1.99/2.05	2.05531	6860	2085
1.99/2.07	2.07447	6859	2168
1.99/2.08	2.08683	6858	2221
2.09/2.11	2.11428	6857	2339
2.09/2.12	2.1187	6856	2355
2.09/2.14	2.1435	6855	2460
2.09/2.16	2.16546	6854	2555
2.59/2.64	2.63803	6853	4599
2.59/2.96	2.96236	6852	6011
3.02/3.12	3.12359	6851	6700
