1.20/1.47	1.4756	6919	0
1.20/1.47	1.4772	6918	6
1.20/1.49	1.48823	6917	57
1.20/1.49	1.4905	6916	66
1.20/1.49	1.49246	6915	74
1.20/1.49	1.49493	6914	85
1.20/1.49	1.49649	6913	91
1.20/1.49	1.4971	6912	93
1.20/1.50	1.49808	6911	96
1.20/1.50	1.50276	6910	116
1.20/1.50	1.50753	6909	137
1.20/1.51	1.50846	6908	140
1.20/1.51	1.50921	6907	142
1.20/1.51	1.51058	6906	147
1.20/1.51	1.51263	6905	155
1.20/1.51	1.51354	6904	158
1.20/1.51	1.51591	6903	168
1.20/1.52	1.52483	6902	210
1.20/1.53	1.52883	6901	225
1.20/1.53	1.52965	6900	227
1.20/1.53	1.531	6899	231
1.20/1.53	1.53257	6898	236
1.20/1.53	1.53475	6897	244
1.20/1.53	1.53609	6896	249
1.20/1.54	1.54281	6895	281
1.20/1.54	1.54504	6894	290
1.20/1.54	1.54553	6893	291
1.20/1.55	1.55534	6892	334
1.20/1.56	1.55891	6891	350
1.20/1.56	1.56388	6890	372
1.20/1.56	1.56483	6889	375
1.20/1.56	1.56627	6888	381
1.20/1.57	1.5691	6887	393
1.20/1.57	1.57166	6886	403
1.20/1.57	1.57239	6885	405
1.20/1.57	1.57624	6884	421
1.20/1.58	1.58071	6883	440
1.20/1.58	1.58385	6882	453
1.20/1.59	1.58968	6881	477
1.20/1.59	1.59211	6880	488
1.20/1.60	1.59995	6879	524
1.20/1.62	1.62269	6878	629
1.20/1.63	1.63601	6877	692
1.20/1.65	1.64913	6876	752
1.20/1.65	1.6507	6875	758
1.20/1.65	1.65352	6874	770
1.20/1.66	1.65948	6873	796
1.20/1.67	1.66914	6872	841
1.20/1.68	1.6849	6871	913
1.20/1.68	1.68706	6870	920
1.20/1.69	1.68804	6869	924
1.20/1.71	1.71597	6868	1054
1.20/1.72	1.71826	6867	1063
1.73/1.74	1.74122	6866	1171
1.73/1.74	1.74733	6865	1198
1.73/1.79	1.78824	6864	1386
1.79/1.81	1.81121	6863	1492
1.79/1.82	1.8187	6862	1525
1.79/1.83	1.83399	6861	1595
1.79/1.84	1.84709	6860	1652
1.79/1.88	1.87857	6859	1799
1.89/1.94	1.94207	6858	2098
1.89/1.95	1.94792	6857	2122
1.89/1.97	1.97402	6856	2247
1.98/2.03	2.03733	6855	2535
2.08/2.19	2.18778	6854	3236
2.19/2.23	2.23037	6853	3432
2.19/2.24	2.2391	6852	3470
2.29/2.30	2.30046	6851	3753
