1.29/1.49	1.49288	6921	0
1.29/1.49	1.49476	6920	7
1.29/1.49	1.4965	6919	14
1.29/1.50	1.50266	6918	40
1.29/1.50	1.50311	6917	41
1.29/1.50	1.50384	6916	43
1.29/1.50	1.50694	6915	56
1.29/1.51	1.5082	6914	61
1.29/1.51	1.50875	6913	62
1.29/1.51	1.51067	6912	69
1.29/1.51	1.51199	6911	73
1.29/1.51	1.51296	6910	76
1.29/1.51	1.51494	6909	83
1.29/1.51	1.51568	6908	85
1.29/1.51	1.5164	6907	87
1.29/1.52	1.5188	6906	96
1.29/1.52	1.51931	6905	97
1.29/1.52	1.52434	6904	119
1.29/1.52	1.52721	6903	131
1.29/1.53	1.53002	6902	142
1.29/1.53	1.5316	6901	148
1.29/1.53	1.53434	6900	158
1.29/1.53	1.53516	6899	160
1.29/1.53	1.53595	6898	162
1.29/1.54	1.53829	6897	171
1.29/1.54	1.54509	6896	200
1.29/1.54	1.54594	6895	202
1.29/1.55	1.55096	6894	224
1.29/1.56	1.55855	6893	257
1.29/1.56	1.56256	6892	274
1.29/1.56	1.56661	6891	290
1.29/1.56	1.5676	6890	293
1.29/1.57	1.56854	6889	296
1.29/1.57	1.57555	6888	325
1.29/1.58	1.58356	6887	360
1.29/1.58	1.58631	6886	372
1.29/1.59	1.59736	6885	422
1.29/1.59	1.59784	6884	423
1.29/1.61	1.61315	6883	490
1.29/1.61	1.61716	6882	506
1.29/1.61	1.61775	6881	507
1.29/1.62	1.62351	6880	530
1.29/1.62	1.62453	6879	533
1.29/1.62	1.62504	6878	534
1.29/1.63	1.63554	6877	580
1.29/1.64	1.64023	6876	600
1.29/1.64	1.646	6875	626
1.54/1.66	1.65462	6874	664
1.54/1.66	1.66007	6873	687
1.54/1.66	1.66525	6872	709
1.54/1.68	1.68125	6871	778
1.54/1.70	1.7042	6870	878
1.54/1.70	1.70716	6869	889
1.54/1.71	1.70924	6868	896
1.54/1.73	1.73486	6867	1006
1.74/1.76	1.7651	6866	1140
1.74/1.76	1.76677	6865	1146
1.74/1.77	1.76814	6864	1151
1.74/1.77	1.77768	6863	1190
1.74/1.78	1.78166	6862	1206
1.74/1.78	1.78699	6861	1227
1.74/1.78	1.78798	6860	1230
1.74/1.79	1.78851	6859	1231
1.74/1.79	1.79444	6858	1256
1.80/1.85	1.85407	6857	1526
1.80/1.85	1.85675	6856	1537
1.80/1.88	1.87976	6855	1637
1.90/1.91	1.91416	6854	1784
1.90/1.92	1.92576	6853	1834
2.08/2.11	2.11714	6852	2635
2.59/2.85	2.8569	6851	5917
