1.29/1.52	1.51813	6933	0
1.29/1.52	1.51998	6932	7
1.29/1.52	1.52075	6931	9
1.29/1.52	1.52129	6930	10
1.29/1.52	1.52333	6929	18
1.29/1.52	1.52384	6928	19
1.29/1.52	1.52553	6927	26
1.29/1.52	1.52661	6926	29
1.29/1.53	1.52795	6925	34
1.29/1.53	1.52889	6924	37
1.29/1.53	1.53193	6923	49
1.29/1.53	1.53376	6922	57
1.29/1.54	1.54079	6921	88
1.29/1.54	1.54236	6920	93
1.29/1.54	1.54376	6919	97
1.29/1.54	1.54427	6918	98
1.29/1.55	1.54958	6917	120
1.29/1.55	1.55196	6916	129
1.29/1.55	1.55286	6915	132
1.29/1.55	1.55532	6914	142
1.29/1.55	1.5575	6913	151
1.29/1.56	1.55962	6912	159
1.29/1.57	1.57013	6911	206
1.29/1.57	1.57173	6910	212
1.29/1.57	1.57265	6909	214
1.29/1.58	1.5789	6908	241
1.29/1.58	1.58103	6907	249
1.29/1.58	1.58387	6906	261
1.29/1.58	1.58502	6905	265
1.29/1.58	1.58682	6904	272
1.29/1.59	1.59149	6903	292
1.29/1.59	1.59266	6902	296
1.29/1.60	1.60289	6901	339
1.29/1.60	1.60362	6900	341
1.29/1.60	1.60556	6899	349
1.29/1.61	1.60879	6898	362
1.29/1.61	1.61112	6897	371
1.29/1.61	1.61498	6896	387
1.29/1.62	1.61809	6895	399
1.29/1.62	1.61877	6894	400
1.29/1.62	1.62074	6893	406
1.29/1.62	1.62216	6892	412
1.29/1.62	1.62363	6891	417
1.63/1.64	1.64171	6890	496
1.63/1.64	1.64364	6889	504
1.63/1.64	1.6442	6888	505
1.63/1.64	1.64481	6887	506
1.63/1.65	1.65138	6886	536
1.63/1.65	1.65721	6885	560
1.63/1.66	1.65811	6884	563
1.63/1.66	1.66197	6883	580
1.63/1.66	1.66279	6882	582
1.63/1.66	1.6658	6881	594
1.63/1.67	1.67102	6880	617
1.63/1.68	1.67924	6879	654
1.63/1.68	1.68618	6878	682
1.63/1.68	1.68732	6877	686
1.63/1.69	1.691	6876	701
1.63/1.69	1.69612	6875	723
1.63/1.70	1.70243	6874	750
1.63/1.70	1.70357	6873	754
1.63/1.71	1.71704	6872	814
1.63/1.72	1.7182	6871	818
1.73/1.73	1.73687	6870	901
1.73/1.74	1.74072	6869	917
1.73/1.74	1.74339	6868	928
1.73/1.75	1.75294	6867	972
1.73/1.78	1.78315	6866	1105
1.73/1.78	1.78628	6865	1119
1.79/1.80	1.79866	6864	1173
1.79/1.80	1.80732	6863	1212
1.79/1.83	1.8322	6862	1323
1.79/1.85	1.85483	6861	1426
1.79/1.87	1.87427	6860	1514
1.88/1.90	1.90131	6859	1634
1.88/1.90	1.90182	6858	1635
1.88/1.93	1.92873	6857	1753
1.88/1.93	1.93454	6856	1778
1.88/1.94	1.94406	6855	1819
1.88/1.96	1.96413	6854	1908
1.88/1.99	1.98783	6853	2012
2.19/2.24	2.24623	6852	3159
2.29/2.32	2.32368	6851	3505
