1.50/1.52	1.52723	6923	0
1.50/1.53	1.52792	6922	2
1.50/1.53	1.53067	6921	14
1.50/1.53	1.53373	6920	27
1.50/1.53	1.53443	6919	29
1.50/1.54	1.5379	6918	44
1.50/1.54	1.53879	6917	47
1.50/1.54	1.5395	6916	49
1.50/1.54	1.54105	6915	55
1.50/1.54	1.54252	6914	60
1.50/1.55	1.54916	6913	90
1.50/1.55	1.55358	6912	110
1.50/1.55	1.55434	6910	112
1.50/1.55	1.5553	6909	115
1.50/1.55	1.55721	6908	122
1.50/1.56	1.56013	6907	136
1.50/1.56	1.56254	6906	145
1.50/1.56	1.56347	6905	148
1.50/1.56	1.56671	6904	162
1.50/1.56	1.56718	6903	163
1.50/1.57	1.5748	6902	195
1.50/1.58	1.58546	6901	243
1.50/1.59	1.59446	6900	278
1.50/1.60	1.59845	6899	296
1.50/1.60	1.60529	6898	326
1.60/1.61	1.60977	6897	346
1.60/1.61	1.61561	6896	372
1.60/1.62	1.62288	6895	403
1.60/1.62	1.62425	6894	408
1.60/1.62	1.62528	6893	412
1.60/1.62	1.62669	6892	416
1.60/1.63	1.62915	6891	426
1.60/1.63	1.63617	6890	457
1.60/1.64	1.63977	6889	472
1.60/1.64	1.64056	6888	474
1.60/1.64	1.64145	6887	477
1.60/1.64	1.64626	6886	499
1.60/1.65	1.65032	6885	517
1.60/1.65	1.6531	6884	529
1.60/1.65	1.65707	6883	545
1.60/1.66	1.66519	6882	580
1.60/1.66	1.66736	6881	589
1.60/1.67	1.67088	6880	604
1.60/1.67	1.67186	6879	607
1.60/1.68	1.68256	6878	655
1.60/1.68	1.68614	6877	671
1.60/1.69	1.69449	6876	708
1.60/1.69	1.69544	6875	711
1.60/1.69	1.69604	6874	712
1.69/1.70	1.70363	6873	746
1.69/1.71	1.71351	6872	789
1.69/1.73	1.73442	6871	885
1.69/1.74	1.7424	6870	921
1.69/1.75	1.7515	6869	961
1.69/1.76	1.7577	6868	988
1.69/1.77	1.77108	6867	1046
1.69/1.77	1.77348	6866	1056
1.69/1.77	1.77694	6865	1071
1.69/1.77	1.77744	6864	1072
1.69/1.79	1.78942	6863	1129
1.69/1.79	1.79643	6862	1161
1.79/1.81	1.81286	6861	1234
1.79/1.84	1.84049	6860	1362
1.79/1.88	1.88149	6859	1549
1.79/1.89	1.89617	6858	1617
1.89/1.90	1.90417	6857	1650
1.89/1.94	1.93766	6856	1803
1.89/1.94	1.94477	6855	1837
1.89/1.96	1.96218	6854	1920
1.89/1.99	1.99602	6853	2076
1.99/2.00	2.00237	6852	2103
1.99/2.02	2.01985	6851	2183
