0.00/0.04	0.045418	157	0
0.00/0.05	0.048054	156	1
0.00/0.05	0.050507	155	2
0.00/0.05	0.053046	154	3
0.00/0.05	0.055469	153	4
0.00/0.06	0.058074	151	6
0.00/0.06	0.060387	150	7
0.00/0.06	0.062799	149	8
0.00/0.06	0.065174	148	9
0.00/0.07	0.067596	146	11
0.00/0.07	0.069789	145	12
0.00/0.07	0.072515	144	17
0.00/0.07	0.074526	143	18
0.00/0.07	0.076478	142	19
0.00/0.08	0.07895	141	22
0.00/0.08	0.082205	140	31
0.00/0.08	0.086636	139	48
0.09/0.11	0.11498	138	227
0.79/0.87	0.8773	137	6072
1.69/1.78	1.78315	136	14552
8.99/9.01	9.01099	135	82632
