0.02/0.05	0.047389	156	0
0.02/0.05	0.050434	155	2
0.02/0.05	0.053261	154	3
0.02/0.05	0.055929	153	4
0.02/0.06	0.058506	151	5
0.02/0.06	0.060866	150	6
0.02/0.06	0.0644	149	12
0.02/0.06	0.066791	148	13
0.02/0.07	0.069196	147	15
0.02/0.07	0.071485	146	16
0.02/0.07	0.075057	145	24
0.02/0.08	0.078019	144	28
0.02/0.08	0.080473	143	30
0.02/0.08	0.083093	142	33
0.02/0.09	0.088996	141	57
0.09/0.10	0.102237	140	128
0.09/0.10	0.106415	139	144
0.89/0.97	0.973157	138	7075
1.19/1.23	1.23291	137	10270
1.98/2.02	2.02135	135	17610
