0.04/0.04	0.046089	159	0
0.04/0.05	0.048917	158	1
0.04/0.05	0.051951	157	3
0.04/0.05	0.054636	156	4
0.04/0.05	0.057147	155	5
0.04/0.06	0.060026	154	7
0.04/0.06	0.062416	153	8
0.04/0.06	0.065496	152	13
0.04/0.07	0.068086	151	15
0.04/0.07	0.071213	149	20
0.04/0.07	0.073491	148	21
0.04/0.07	0.076193	147	25
0.04/0.08	0.078289	146	26
0.04/0.08	0.080638	145	28
0.04/0.08	0.083144	144	31
0.04/0.09	0.090975	142	66
0.09/0.10	0.106462	138	151
0.09/0.11	0.108327	137	152
0.09/0.13	0.131098	136	295
1.19/1.21	1.21628	135	10316
