0.03/0.04	0.046839	157	0
0.03/0.05	0.049581	156	1
0.03/0.05	0.052244	155	2
0.03/0.05	0.054909	154	3
0.03/0.06	0.0575	153	4
0.03/0.06	0.060055	152	5
0.03/0.06	0.062399	151	6
0.03/0.06	0.064851	150	7
0.03/0.06	0.067416	149	9
0.03/0.07	0.070544	148	13
0.03/0.07	0.072788	147	14
0.03/0.07	0.074941	145	15
0.03/0.07	0.077297	144	18
0.03/0.08	0.079452	143	20
0.03/0.08	0.08207	142	23
0.03/0.08	0.084115	141	24
0.03/0.09	0.087483	140	33
0.03/0.09	0.089394	139	34
0.38/0.47	0.470468	138	2722
0.88/0.94	0.93942	137	5990
0.88/0.94	0.941161	136	5991
1.38/1.40	1.39974	135	10163
