0.02/0.04	0.041082	156	0
0.02/0.04	0.042701	154	1
0.02/0.04	0.044508	152	4
0.02/0.04	0.04598	151	5
0.02/0.05	0.047612	150	6
0.02/0.05	0.049252	149	7
0.02/0.05	0.050925	148	9
0.02/0.05	0.052646	147	11
0.02/0.05	0.054865	146	17
0.02/0.05	0.056712	144	21
0.02/0.06	0.058281	143	23
0.02/0.06	0.060874	142	26
0.02/0.06	0.0625	141	28
0.02/0.06	0.064433	140	32
0.02/0.07	0.070096	139	73
0.02/0.08	0.080034	138	149
0.10/0.11	0.112669	137	444
0.19/0.28	0.28711	136	2608
0.39/0.40	0.400914	135	3688
