0.04/0.04	0.047256	158	0
0.04/0.05	0.049859	157	1
0.04/0.05	0.052715	156	5
0.04/0.05	0.055184	155	6
0.04/0.06	0.057629	154	7
0.04/0.06	0.060196	153	9
0.04/0.06	0.062593	152	11
0.04/0.06	0.065335	151	14
0.04/0.07	0.06758	150	15
0.04/0.07	0.070284	149	18
0.04/0.07	0.072619	148	20
0.04/0.07	0.075684	147	26
0.04/0.08	0.078359	146	30
0.04/0.08	0.08031	145	31
0.04/0.08	0.082321	144	32
0.04/0.08	0.084763	143	35
0.04/0.08	0.086654	142	36
0.04/0.09	0.088806	141	39
0.04/0.09	0.093467	140	53
0.09/0.10	0.101332	139	93
0.09/0.12	0.124037	138	234
0.39/0.46	0.466567	136	2626
1.00/1.02	1.02698	135	9005
