0.02/0.04	0.044432	156	0
0.02/0.04	0.047142	155	1
0.02/0.05	0.049911	152	2
0.02/0.05	0.052565	151	4
0.02/0.05	0.055065	150	6
0.02/0.06	0.057714	149	8
0.02/0.06	0.060012	148	9
0.02/0.06	0.062263	147	10
0.02/0.06	0.0644	146	11
0.02/0.06	0.066843	145	14
0.02/0.07	0.068951	144	15
0.02/0.07	0.07431	143	34
0.02/0.07	0.076344	142	35
0.02/0.08	0.080108	141	52
0.02/0.08	0.0832	140	59
0.02/0.08	0.08518	139	60
0.02/0.08	0.086973	138	61
0.59/0.67	0.671762	136	3941
0.79/0.80	0.79777	135	4769
