0.69/0.71	0.709106	770	0
0.69/0.76	0.765867	769	1
0.79/0.82	0.822531	768	2
0.79/0.88	0.879726	767	4
0.89/0.94	0.938543	766	8
0.89/1.00	0.99752	765	10
0.99/1.05	1.05455	764	12
0.99/1.11	1.11129	763	13
1.14/1.17	1.17046	762	14
1.14/1.22	1.22729	761	15
1.24/1.28	1.28378	760	17
1.29/1.34	1.33958	759	18
1.29/1.39	1.39504	758	19
1.39/1.45	1.4511	756	21
1.49/1.50	1.50639	755	22
1.49/1.56	1.56243	754	24
1.59/1.62	1.61761	753	25
1.59/1.67	1.67459	752	28
1.69/1.73	1.7294	751	29
1.69/1.78	1.78401	750	30
1.79/1.84	1.83901	749	31
1.79/1.89	1.89328	748	32
1.89/1.95	1.94763	747	33
1.99/2.00	2.00336	746	34
1.99/2.06	2.05877	745	35
2.09/2.11	2.11454	744	36
2.09/2.17	2.1699	743	37
2.09/2.22	2.22554	742	38
2.22/2.28	2.27988	741	39
2.32/2.33	2.33482	740	40
2.32/2.39	2.38863	739	41
2.39/2.44	2.4461	738	45
2.49/2.50	2.50339	737	46
2.49/2.56	2.56046	736	47
2.59/2.62	2.61741	735	48
2.59/2.67	2.67495	734	49
2.69/2.73	2.73184	733	50
2.69/2.78	2.78637	732	51
2.79/2.84	2.83936	731	52
2.79/2.89	2.89298	730	54
2.89/2.94	2.94712	729	56
2.98/3.00	3.0004	728	57
2.98/3.05	3.05365	727	58
3.08/3.10	3.10687	726	59
3.08/3.16	3.16529	725	63
3.18/3.22	3.22214	724	64
3.18/3.28	3.27853	723	66
3.31/3.33	3.33529	722	67
3.31/3.39	3.39121	721	69
3.41/3.45	3.44927	720	72
3.48/3.50	3.5046	719	73
3.48/3.56	3.55974	718	74
3.58/3.61	3.61492	717	75
3.58/3.67	3.67069	716	76
3.68/3.72	3.7257	715	77
3.68/3.78	3.78097	714	78
3.78/3.83	3.83557	713	79
3.78/3.89	3.8901	712	80
3.88/3.94	3.94526	711	82
3.98/4.00	3.99888	710	83
3.98/4.05	4.05067	709	85
4.08/4.10	4.10175	708	86
4.08/4.15	4.15361	707	87
4.18/4.20	4.20517	706	89
4.18/4.25	4.25591	705	90
4.28/4.31	4.30771	703	91
4.28/4.36	4.35797	702	92
4.28/4.41	4.40903	701	93
4.40/4.46	4.46234	700	98
4.40/4.51	4.51349	699	100
4.50/4.56	4.56375	698	102
4.58/4.63	4.63046	697	126
4.58/4.69	4.68787	696	140
4.68/4.74	4.74095	695	149
4.78/4.80	4.80008	694	167
4.78/4.85	4.8513	693	170
4.88/4.90	4.90362	692	176
4.88/4.95	4.95341	691	178
4.98/5.01	5.00747	690	189
4.98/5.05	5.05719	689	191
5.08/5.11	5.10748	688	194
5.08/5.16	5.16035	687	198
5.19/5.21	5.20957	686	199
5.19/5.26	5.25936	685	201
5.28/5.31	5.30843	684	203
5.28/5.36	5.35783	683	205
5.38/5.41	5.40905	682	208
5.38/5.46	5.45836	681	210
5.38/5.51	5.50776	680	212
5.50/5.56	5.55772	679	215
5.50/5.60	5.60625	678	217
5.60/5.66	5.65952	677	226
5.68/5.74	5.74264	676	292
5.68/5.80	5.79748	675	307
5.78/5.86	5.86448	674	338
5.88/5.91	5.91183	673	339
5.88/5.96	5.96705	672	350
5.98/6.06	6.06482	671	439
6.18/6.28	6.27897	670	776
6.28/6.38	6.38234	669	868
6.98/7.00	7.00397	668	1876
7.39/7.41	7.40861	667	2548
7.82/7.85	7.85481	666	3303
10.59/10.64	10.6457	665	8495
10.69/10.70	10.7046	664	8518
11.49/11.50	11.4991	663	9902
11.49/11.55	11.5498	662	9904
11.69/11.77	11.7722	661	10199
11.79/11.86	11.8599	660	10270
12.49/12.58	12.578	659	11568
15.19/15.28	15.2852	658	16390
18.09/18.14	18.1465	657	21737
21.02/21.07	21.0745	656	27159
21.09/21.12	21.12	655	27160
21.59/21.64	21.6395	654	28012
22.49/22.57	22.5693	653	29729
22.59/22.62	22.6228	652	29745
22.69/22.71	22.7138	651	29839
23.68/23.74	23.7413	650	31687
24.89/24.90	24.9056	649	33716
25.09/25.13	25.1323	648	34040
25.09/25.19	25.1868	647	34053
28.70/28.79	28.7868	646	40636
28.99/29.00	28.9977	645	40927
31.29/31.36	31.3603	644	45339
32.39/32.47	32.4703	643	47400
33.39/33.48	33.4767	642	49127
33.89/33.98	33.9842	641	49919
34.49/34.58	34.5765	640	50900
34.69/34.75	34.753	639	51155
35.31/35.34	35.3406	638	52162
36.29/36.35	36.3471	637	53898
36.79/36.84	36.8427	636	54710
37.42/37.51	37.5079	635	55910
37.59/37.67	37.6748	634	56147
38.69/38.77	38.7676	633	58152
40.28/40.35	40.3514	632	60934
42.29/42.32	42.3235	631	64422
47.19/47.23	47.2263	630	73529
47.49/47.58	47.5846	629	74145
48.19/48.22	48.218	628	75259
49.39/49.42	49.4197	627	77363
49.69/49.77	49.7668	626	77898
50.79/50.83	50.8279	625	79730
51.59/51.60	51.5955	624	80987
53.09/53.15	53.1548	623	83780
53.79/53.83	53.8262	622	84911
54.39/54.41	54.407	621	85921
54.89/54.91	54.9141	620	86821
55.99/56.07	56.0674	619	88942
56.89/56.95	56.9541	618	90517
57.69/57.75	57.7459	617	91882
57.89/57.95	57.9527	616	92182
58.99/59.08	59.082	615	94179
59.79/59.87	59.8726	614	95572
60.29/60.34	60.3354	613	96319
60.39/60.41	60.4088	612	96365
60.60/60.64	60.6368	611	96681
62.99/63.04	63.0446	610	101453
66.58/66.60	66.5988	609	108043
67.28/67.32	67.3159	608	109285
67.98/68.00	68.0043	607	110422
68.08/68.18	68.1789	606	110649
68.58/68.60	68.597	605	111316
69.39/69.44	69.4423	604	112839
69.98/70.02	70.0209	603	113876
70.78/70.85	70.8535	602	115299
71.78/71.88	71.8755	601	117167
71.88/71.95	71.9464	600	117217
72.18/72.28	72.2767	599	117766
72.78/72.85	72.849	598	118686
73.58/73.62	73.6191	597	120026
75.78/75.89	75.8933	596	124147
76.18/76.24	76.2356	595	124672
76.88/76.96	76.958	594	125946
77.18/77.29	77.2867	593	126508
77.38/77.41	77.4124	592	126678
77.68/77.73	77.7327	591	127191
78.29/78.30	78.3026	590	128281
79.99/80.02	80.018	589	131278
80.99/81.02	81.0175	588	133020
83.49/83.53	83.5269	587	137575
84.19/84.29	84.2921	586	138908
84.29/84.37	84.3707	585	138969
84.89/84.95	84.9438	584	139927
85.39/85.47	85.4673	583	140871
88.29/88.36	88.3608	582	146646
88.98/89.08	89.0761	581	148180
90.88/90.96	90.9566	580	151434
91.08/91.19	91.1908	579	151785
91.39/91.47	91.4671	578	152124
92.68/92.77	92.7722	577	154557
96.59/96.63	96.6291	576	161473
100.28/100.38	100.378	575	168007
137.88/137.90	137.9	574	232393
163.99/164.06	164.054	573	277482
164.48/164.56	164.555	572	278248
193.98/194.03	194.019	571	328454
252.48/252.51	252.502	570	427622
