0.79/0.80	0.800897	769	0
0.79/0.86	0.861771	768	1
0.89/0.92	0.922708	767	2
0.89/0.98	0.985583	766	6
1.00/1.04	1.04582	765	7
1.10/1.10	1.1065	764	8
1.10/1.17	1.16785	763	10
1.19/1.23	1.22906	762	13
1.19/1.29	1.291	761	15
1.29/1.35	1.35086	760	16
1.39/1.41	1.41058	759	17
1.39/1.47	1.47035	758	18
1.49/1.53	1.53042	756	19
1.49/1.59	1.59112	755	21
1.59/1.65	1.6527	754	22
1.69/1.71	1.71251	753	24
1.69/1.77	1.77376	752	27
1.79/1.83	1.83464	751	31
1.79/1.89	1.89323	750	32
1.89/1.95	1.95385	748	36
1.99/2.01	2.01281	747	37
1.99/2.07	2.07158	746	38
2.10/2.13	2.13144	745	42
2.10/2.19	2.18928	744	43
2.20/2.25	2.24911	743	45
2.29/2.31	2.30791	742	46
2.29/2.36	2.36573	741	47
2.39/2.42	2.42313	740	48
2.39/2.48	2.4807	739	49
2.49/2.54	2.53811	738	50
2.49/2.59	2.59592	737	52
2.59/2.65	2.65339	736	53
2.69/2.71	2.71104	735	55
2.69/2.77	2.76928	734	57
2.79/2.82	2.82612	733	58
2.79/2.88	2.88277	732	59
2.89/2.94	2.93931	731	60
2.89/2.99	2.99557	730	61
2.99/3.05	3.05199	729	62
3.09/3.11	3.10817	728	63
3.09/3.16	3.16426	727	64
3.20/3.22	3.22033	725	65
3.20/3.27	3.27697	724	66
3.30/3.33	3.33246	723	67
3.30/3.39	3.38789	722	68
3.39/3.44	3.4438	721	69
3.39/3.50	3.49933	720	70
3.49/3.55	3.55477	719	71
3.59/3.61	3.61316	718	77
3.59/3.67	3.66811	717	78
3.69/3.72	3.72351	716	80
3.69/3.78	3.77865	715	81
3.79/3.83	3.83315	714	82
3.79/3.89	3.88745	713	83
3.89/3.94	3.94162	712	84
3.89/3.99	3.99595	711	85
3.99/4.05	4.0503	710	86
4.09/4.10	4.10278	709	88
4.09/4.15	4.15625	708	93
4.19/4.20	4.2067	707	94
4.19/4.26	4.25758	706	95
4.30/4.31	4.30899	705	98
4.30/4.36	4.3609	704	103
4.40/4.41	4.41196	703	105
4.40/4.46	4.46668	702	108
4.49/4.52	4.52077	701	110
4.49/4.57	4.57457	700	112
4.59/4.63	4.62918	699	115
4.59/4.68	4.68433	698	118
4.69/4.74	4.73777	697	120
4.69/4.79	4.79096	696	122
4.79/4.84	4.84196	695	125
4.79/4.89	4.89163	694	127
4.89/4.94	4.94218	693	130
4.89/4.99	4.99606	692	133
4.99/5.05	5.04943	691	135
5.09/5.10	5.10211	690	137
5.09/5.15	5.15597	689	140
5.19/5.21	5.20841	688	142
5.19/5.26	5.26149	687	144
5.29/5.31	5.31278	686	145
5.29/5.36	5.36644	685	149
5.40/5.42	5.41828	684	153
5.40/5.46	5.46659	683	154
5.50/5.52	5.51776	682	159
5.50/5.57	5.57204	681	166
5.59/5.62	5.62279	680	167
5.59/5.67	5.67381	679	169
5.69/5.73	5.73642	678	187
5.79/5.80	5.79823	677	201
5.79/5.85	5.84984	676	203
5.89/5.90	5.90255	675	207
5.89/5.95	5.95625	674	212
5.99/6.01	6.0078	673	214
5.99/6.06	6.05896	672	216
6.09/6.11	6.11015	671	218
6.09/6.16	6.16155	670	220
6.19/6.21	6.21307	669	222
6.19/6.26	6.26419	668	224
6.29/6.31	6.31475	667	226
6.29/6.36	6.365	666	228
6.39/6.43	6.42858	665	248
6.39/6.48	6.47842	664	250
6.50/6.53	6.5327	663	257
6.60/6.61	6.61525	662	311
6.60/6.67	6.67228	661	324
6.69/6.73	6.72849	660	337
6.79/6.80	6.80275	659	389
6.79/6.86	6.86255	658	416
6.89/6.94	6.94507	657	485
6.99/7.07	7.07026	656	612
7.09/7.12	7.11804	655	616
7.19/7.29	7.29442	654	832
7.89/7.93	7.93648	653	1838
8.59/8.65	8.64768	652	2986
8.99/9.04	9.04488	651	3615
10.29/10.37	10.3728	650	5812
12.00/12.03	12.0296	649	8629
12.19/12.25	12.248	648	8957
13.09/13.16	13.1613	647	10537
13.69/13.75	13.7568	646	11533
14.39/14.40	14.3977	645	12628
16.89/16.90	16.9021	644	16948
16.99/17.08	17.0861	643	17190
17.09/17.13	17.1336	642	17191
17.49/17.51	17.5092	641	17800
17.89/17.99	17.9903	640	18630
17.99/18.08	18.0806	639	18723
18.99/19.04	19.0369	638	20422
19.99/20.08	20.083	637	22287
20.19/20.29	20.2897	636	22590
20.59/20.66	20.6584	635	23169
23.69/23.70	23.6984	634	28741
24.99/25.09	25.0951	633	31325
25.59/25.62	25.6211	632	32244
25.59/25.67	25.6693	631	32247
26.69/26.77	26.7736	630	34195
26.79/26.89	26.8933	629	34314
27.09/27.12	27.1254	628	34671
28.50/28.60	28.6065	627	37323
29.49/29.59	29.59	626	39097
29.70/29.72	29.7229	625	39260
31.99/32.07	32.069	624	43507
32.49/32.56	32.5636	623	44368
33.09/33.12	33.1179	622	45343
34.99/35.02	35.0241	621	49047
35.99/36.00	36.0035	620	50768
36.20/36.28	36.2848	619	51224
38.19/38.20	38.2036	618	54710
38.19/38.25	38.2488	617	54711
38.50/38.56	38.5583	616	55201
38.79/38.82	38.8177	615	55635
39.99/40.05	40.0478	614	57923
42.19/42.25	42.2505	613	61869
42.29/42.35	42.348	612	61945
46.10/46.20	46.2054	611	69052
46.20/46.25	46.2509	610	69053
47.99/48.02	48.0187	609	72166
49.50/49.54	49.5434	608	74986
49.59/49.69	49.692	607	75176
50.89/50.96	50.9572	606	77496
52.99/53.01	53.0134	605	82104
53.09/53.12	53.1208	604	82253
54.59/54.62	54.6242	603	85120
55.69/55.78	55.7855	602	87179
56.69/56.78	56.784	601	89065
57.10/57.19	57.1872	600	89750
57.49/57.60	57.596	599	90416
58.39/58.42	58.4218	598	91830
58.89/58.90	58.8983	597	92651
58.99/59.05	59.0471	596	92843
60.99/61.03	61.034	595	96369
62.99/63.02	63.0181	594	99919
64.80/64.82	64.8198	593	103075
65.39/65.47	65.4713	592	104100
66.09/66.19	66.1879	591	105284
68.10/68.20	68.2025	590	108959
68.20/68.27	68.2662	589	109005
69.38/69.40	69.3998	588	111096
69.58/69.61	69.6097	587	111398
71.08/71.13	71.1345	586	114045
71.69/71.72	71.7252	585	114993
72.18/72.21	72.2063	584	115714
75.99/76.09	76.0885	583	122644
79.89/79.91	79.9146	582	129281
80.39/80.42	80.4218	581	130114
88.19/88.24	88.2429	580	143554
95.18/95.25	95.2485	579	155946
96.58/96.63	96.6303	578	158202
109.90/109.91	109.91	577	180933
114.69/114.77	114.772	576	189441
121.19/121.21	121.212	575	200929
125.40/125.47	125.471	574	207117
241.89/241.93	241.923	573	405546
275.08/275.10	275.1	572	460284
277.48/277.56	277.556	571	464074
287.68/287.71	287.702	570	479450
