0.69/0.79	0.791736	760	0
0.79/0.84	0.846075	759	1
0.89/0.90	0.900995	758	3
0.89/0.95	0.955609	757	4
1.00/1.01	1.01067	756	6
1.00/1.06	1.06425	755	7
1.10/1.12	1.11788	754	8
1.10/1.17	1.17143	753	9
1.19/1.22	1.22479	752	10
1.19/1.28	1.27901	751	11
1.29/1.33	1.33234	750	12
1.29/1.38	1.38595	749	13
1.39/1.44	1.43956	748	15
1.39/1.49	1.49265	747	16
1.49/1.54	1.5457	746	17
1.59/1.60	1.59966	745	20
1.59/1.65	1.65232	744	21
1.69/1.70	1.70542	743	23
1.69/1.76	1.76657	742	35
1.79/1.82	1.82143	741	40
1.79/1.87	1.87657	740	47
1.89/1.93	1.92882	739	48
1.89/1.98	1.98199	738	50
1.99/2.03	2.03416	737	51
1.99/2.09	2.08758	736	52
2.10/2.14	2.14632	735	56
2.10/2.20	2.20301	734	58
2.20/2.26	2.26023	733	59
2.29/2.31	2.31608	732	60
2.29/2.37	2.37361	731	63
2.39/2.43	2.42919	730	64
2.39/2.48	2.48465	729	65
2.49/2.54	2.54	728	66
2.49/2.59	2.59481	727	67
2.59/2.65	2.6493	726	68
2.69/2.70	2.70374	725	69
2.69/2.75	2.75724	724	70
2.79/2.81	2.80785	723	71
2.79/2.86	2.85843	722	72
2.89/2.91	2.90881	721	73
2.89/2.96	2.95955	720	74
2.99/3.01	3.00976	719	75
2.99/3.06	3.06127	718	78
3.09/3.11	3.11336	717	79
3.09/3.16	3.16698	716	80
3.20/3.22	3.22034	715	81
3.20/3.27	3.27482	714	83
3.30/3.33	3.32807	713	84
3.30/3.38	3.3824	712	86
3.39/3.43	3.43658	711	87
3.39/3.49	3.49009	710	88
3.49/3.54	3.54309	709	89
3.59/3.60	3.5982	708	93
3.59/3.65	3.6508	707	94
3.69/3.70	3.70349	706	95
3.69/3.75	3.75664	705	96
3.79/3.81	3.80899	704	97
3.79/3.86	3.86258	703	101
3.89/3.91	3.91698	702	105
3.89/3.97	3.96976	701	107
3.99/4.02	4.02062	700	109
3.99/4.07	4.06989	699	110
4.09/4.12	4.1243	698	121
4.09/4.17	4.17303	697	122
4.19/4.22	4.22402	696	126
4.19/4.27	4.27596	695	133
4.30/4.33	4.33565	694	151
4.30/4.39	4.39227	693	166
4.40/4.48	4.48557	692	246
4.49/4.53	4.53354	691	247
4.59/4.61	4.60777	690	292
4.59/4.66	4.66374	689	307
4.69/4.72	4.72413	688	331
4.79/4.86	4.86165	687	473
4.89/4.92	4.92421	686	494
4.99/5.02	5.02461	685	570
5.09/5.12	5.11968	684	648
5.69/5.78	5.78265	683	1773
5.89/5.93	5.93177	682	1935
6.19/6.20	6.19863	681	2335
6.39/6.48	6.47796	680	2809
6.79/6.85	6.85062	679	3469
6.99/7.05	7.04789	678	3765
6.99/7.09	7.09497	677	3766
8.89/8.93	8.92802	676	7147
14.39/14.45	14.4488	675	17446
14.49/14.52	14.5238	674	17497
14.49/14.57	14.5717	673	17499
14.79/14.81	14.8115	672	17899
16.29/16.34	16.3426	671	20716
17.19/17.29	17.2885	669	22386
20.59/20.63	20.6343	668	28746
21.39/21.47	21.4761	667	30192
23.19/23.21	23.2085	666	33305
23.79/23.80	23.8025	665	34299
24.39/24.40	24.4012	664	35342
24.49/24.54	24.5433	663	35533
28.89/28.97	28.9669	662	43942
31.09/31.14	31.1439	661	47964
31.09/31.19	31.1924	660	47966
32.79/32.81	32.807	659	50855
35.89/35.99	35.992	658	56537
36.09/36.10	36.0988	657	56650
37.19/37.23	37.2266	656	58587
37.59/37.64	37.6449	655	59257
37.69/37.78	37.7799	654	59422
38.89/38.98	38.977	653	61513
40.99/41.06	41.0567	652	65401
43.09/43.13	43.1284	651	69170
45.28/45.31	45.3144	650	73163
45.48/45.56	45.5582	649	73533
45.58/45.61	45.609	648	73549
45.58/45.65	45.653	647	73551
46.28/46.36	46.363	646	74762
46.38/46.41	46.4099	645	74765
46.58/46.65	46.6531	644	75174
47.68/47.77	47.7758	643	77155
48.18/48.20	48.2044	642	77849
48.98/49.06	49.0592	641	79361
49.08/49.13	49.1339	640	79433
49.18/49.29	49.2929	639	79657
51.18/51.20	51.2	638	83245
51.38/51.45	51.4505	637	83618
51.78/51.88	51.8764	636	84325
53.58/53.68	53.6839	635	87740
53.81/53.86	53.8634	634	88031
54.48/54.54	54.5426	633	89255
56.19/56.23	56.2326	632	92351
56.49/56.52	56.5233	631	92887
58.69/58.73	58.7359	630	97218
58.99/59.08	59.0817	629	97807
59.09/59.17	59.1664	628	97874
59.59/59.65	59.6559	627	98667
60.41/60.48	60.4822	626	100069
60.51/60.58	60.5854	625	100174
60.59/60.68	60.6815	624	100270
60.79/60.86	60.8656	623	100522
60.89/60.97	60.9694	622	100639
61.69/61.76	61.7623	621	102049
64.09/64.14	64.1406	620	106359
64.99/65.07	65.0749	619	108094
65.39/65.40	65.4056	618	108678
65.39/65.48	65.4851	617	108743
67.69/67.78	67.7758	616	113055
68.79/68.85	68.8554	615	115178
69.30/69.36	69.3624	614	116118
69.39/69.45	69.4486	613	116202
70.49/70.58	70.5781	612	118247
70.89/70.95	70.9477	611	118851
71.19/71.21	71.2072	610	119271
71.79/71.87	71.8714	609	120392
72.29/72.35	72.3549	608	121229
75.09/75.17	75.1693	607	126658
75.59/75.67	75.6741	606	127586
75.99/76.09	76.0906	605	128343
76.29/76.39	76.3932	604	128864
76.91/76.97	76.9702	603	129949
77.01/77.06	77.059	602	130036
77.78/77.87	77.8695	601	131454
78.09/78.14	78.1415	600	131859
78.58/78.60	78.6028	599	132653
80.21/80.31	80.3094	598	135707
81.41/81.49	81.4879	597	137833
82.39/82.45	82.4538	596	139554
84.60/84.67	84.67	595	143792
84.99/85.06	85.0599	593	144442
87.39/87.42	87.4217	592	148547
88.02/88.03	88.0257	591	149547
89.59/89.62	89.6182	589	152191
91.89/91.93	91.9274	588	156390
92.69/92.78	92.7843	587	157958
93.79/93.85	93.8475	586	159858
95.49/95.52	95.524	585	162997
97.91/97.96	97.9596	584	167451
99.58/99.64	99.6379	583	170452
104.59/104.65	104.645	582	179547
114.19/114.26	114.264	581	196871
116.89/116.92	116.916	580	201378
119.80/119.83	119.827	579	206528
124.49/124.50	124.503	578	214718
124.49/124.56	124.555	577	214748
129.71/129.78	129.78	576	223902
133.79/133.86	133.862	575	231050
146.19/146.22	146.223	574	252261
151.09/151.14	151.14	573	260812
157.19/157.22	157.218	572	271355
269.89/269.97	269.962	571	465420
295.28/295.38	295.377	570	509834
