0.69/0.78	0.781403	773	0
0.79/0.84	0.837832	772	1
0.79/0.89	0.893216	771	2
0.89/0.95	0.949186	770	4
0.89/1.00	1.00416	769	5
1.00/1.06	1.05955	768	6
1.10/1.11	1.11425	767	7
1.10/1.17	1.16944	766	8
1.19/1.22	1.22405	765	9
1.19/1.28	1.27866	764	10
1.28/1.33	1.33376	763	11
1.28/1.39	1.38797	762	12
1.38/1.44	1.4423	761	13
1.38/1.49	1.49702	760	14
1.48/1.55	1.55107	759	15
1.58/1.60	1.60494	758	16
1.58/1.66	1.65826	757	17
1.68/1.71	1.71252	756	18
1.68/1.76	1.76601	755	19
1.78/1.82	1.82166	754	20
1.78/1.87	1.87719	753	21
1.88/1.93	1.93264	752	22
1.88/1.99	1.98822	751	23
1.98/2.04	2.0459	750	24
1.98/2.10	2.10158	749	25
2.10/2.15	2.15671	748	26
2.20/2.21	2.21224	747	27
2.20/2.27	2.26801	746	29
2.29/2.32	2.32488	745	30
2.29/2.38	2.38373	744	32
2.39/2.44	2.44156	743	33
2.49/2.50	2.49934	742	34
2.49/2.55	2.5569	741	35
2.59/2.61	2.61575	740	38
2.59/2.69	2.69089	739	41
2.69/2.77	2.77459	738	43
2.79/2.85	2.85199	737	45
2.89/2.92	2.92425	736	47
2.89/2.99	2.99623	735	49
2.99/3.07	3.0677	734	50
3.09/3.14	3.13862	733	51
3.20/3.21	3.20914	732	52
3.20/3.28	3.28285	731	57
3.30/3.35	3.35693	730	60
3.39/3.42	3.42707	729	61
3.39/3.49	3.49714	728	62
3.49/3.56	3.56684	727	63
3.59/3.64	3.64602	726	65
3.69/3.73	3.73699	725	72
3.79/3.81	3.81041	724	73
3.79/3.88	3.8836	723	77
3.89/3.95	3.95376	722	79
3.99/4.03	4.03586	721	80
4.09/4.10	4.10753	720	83
4.09/4.17	4.17564	719	84
4.19/4.23	4.22795	718	85
4.19/4.28	4.27959	717	86
4.30/4.33	4.33267	716	87
4.30/4.38	4.38565	715	89
4.40/4.44	4.43791	714	90
4.40/4.49	4.48946	713	91
4.49/4.54	4.54052	712	92
4.49/4.59	4.59288	711	95
4.59/4.64	4.6438	710	96
4.59/4.69	4.69551	708	98
4.69/4.74	4.74619	707	99
4.79/4.80	4.79971	706	104
4.79/4.85	4.85141	705	107
4.89/4.90	4.90257	704	109
4.89/4.95	4.95381	703	111
4.99/5.00	5.00684	702	116
4.99/5.05	5.05672	701	117
5.09/5.10	5.10724	700	119
5.09/5.16	5.16199	699	126
5.19/5.21	5.21261	698	128
5.19/5.26	5.26427	697	130
5.29/5.32	5.31932	696	137
5.29/5.37	5.37471	695	145
5.40/5.42	5.4255	694	147
5.40/5.47	5.47722	693	150
5.50/5.53	5.52962	692	153
5.50/5.58	5.58013	691	155
5.59/5.63	5.63119	690	158
5.59/5.68	5.68122	689	160
5.69/5.73	5.73067	688	162
5.69/5.78	5.7824	687	166
5.79/5.83	5.83174	686	167
5.79/5.88	5.88423	685	173
5.89/5.93	5.93441	684	176
5.89/5.98	5.98449	683	178
5.99/6.03	6.03577	682	183
6.09/6.10	6.10049	681	209
6.09/6.16	6.15866	680	224
6.19/6.22	6.22274	679	249
6.19/6.28	6.2858	678	269
6.29/6.33	6.33486	677	270
6.39/6.42	6.42008	676	330
6.39/6.47	6.47124	675	331
6.49/6.57	6.56853	674	407
6.59/6.66	6.66668	673	503
6.69/6.76	6.75812	672	581
6.79/6.86	6.86122	671	684
6.99/7.02	7.01852	670	878
7.59/7.68	7.67747	669	2003
7.99/8.03	8.03295	668	2566
8.29/8.38	8.3873	667	3133
8.39/8.43	8.437	666	3134
11.59/11.63	11.6325	665	9151
13.09/13.19	13.1895	664	11937
13.29/13.36	13.3614	663	12143
13.49/13.52	13.5239	662	12350
13.59/13.67	13.6768	661	12539
13.89/13.96	13.9612	660	12966
14.49/14.56	14.563	659	13980
14.99/15.03	15.0307	658	14787
15.49/15.58	15.5845	657	15713
17.28/17.39	17.3931	656	18951
17.38/17.48	17.4771	655	19026
17.49/17.52	17.5234	654	19027
19.08/19.11	19.1089	653	21949
21.08/21.14	21.1373	652	25775
22.18/22.27	22.269	651	27822
22.38/22.41	22.4126	650	28006
22.88/22.94	22.9381	649	28872
26.99/27.02	27.0247	648	36146
29.28/29.33	29.3344	647	40308
29.69/29.78	29.7807	646	41059
31.18/31.22	31.2162	645	43749
32.69/32.75	32.7541	644	46611
32.99/33.04	33.0457	643	47036
33.39/33.45	33.4532	642	47658
33.89/33.98	33.9854	641	48532
33.99/34.07	34.0741	640	48622
35.99/36.01	36.0093	639	52502
36.29/36.33	36.3327	638	53016
36.79/36.83	36.8271	637	53815
37.19/37.26	37.2604	636	54523
37.59/37.66	37.6651	635	55188
37.69/37.72	37.7202	634	55200
37.79/37.80	37.804	633	55265
38.19/38.24	38.2368	632	55998
38.39/38.41	38.4128	631	56256
39.39/39.46	39.4599	630	58164
39.69/39.71	39.7119	629	58552
41.99/42.06	42.0567	628	62806
42.99/43.01	43.0063	627	64414
43.99/44.10	44.0957	626	66161
44.38/44.42	44.422	625	66659
44.48/44.54	44.5409	624	66780
45.88/45.91	45.9096	623	69093
46.09/46.10	46.1053	622	69394
48.79/48.81	48.8106	621	74054
49.69/49.74	49.7445	620	75694
50.39/50.46	50.4639	619	76921
50.89/50.95	50.9505	618	77739
52.89/52.92	52.9157	617	81160
53.29/53.37	53.3695	616	81934
53.69/53.74	53.7412	615	82542
53.99/54.07	54.071	614	83076
56.29/56.35	56.3509	613	87292
57.39/57.45	57.4521	612	89318
57.49/57.54	57.5366	611	89392
58.79/58.85	58.8534	610	91876
59.59/59.69	59.6852	609	93436
60.79/60.87	60.8736	608	95629
63.19/63.28	63.2802	607	100042
63.39/63.49	63.4861	606	100316
63.89/63.94	63.9437	605	101119
64.19/64.29	64.2861	604	101703
65.79/65.83	65.8262	603	104545
66.00/66.05	66.0533	602	104889
67.39/67.44	67.4357	601	107366
69.29/69.38	69.3839	600	110905
69.68/69.77	69.772	599	111579
70.08/70.14	70.1352	598	112142
70.29/70.34	70.3359	597	112426
71.18/71.27	71.2675	596	114075
71.39/71.48	71.4783	595	114377
72.28/72.35	72.354	594	115874
73.48/73.55	73.5518	593	117977
75.39/75.48	75.4798	592	121661
75.69/75.70	75.695	591	121955
75.99/76.08	76.0801	590	122557
76.39/76.47	76.4714	589	123198
77.39/77.48	77.4827	588	124989
78.49/78.58	78.5757	587	126893
80.30/80.39	80.3883	586	130109
94.08/94.11	94.1134	585	154412
94.68/94.71	94.7089	584	155492
95.69/95.72	95.7175	583	157205
96.59/96.62	96.6215	582	158709
96.80/96.89	96.8841	581	159066
99.89/100.00	99.9937	580	164573
100.69/100.76	100.76	579	165810
102.49/102.52	102.517	578	168906
114.40/114.46	114.46	577	188985
117.78/117.89	117.885	576	195040
126.28/126.37	126.371	575	209973
139.69/139.71	139.711	574	233785
141.18/141.25	141.249	573	236314
154.58/154.63	154.626	572	258849
206.88/206.97	206.967	571	347822
262.98/263.00	262.993	570	441114
