0.70/0.73	0.728514	759	0
0.70/0.78	0.783548	758	2
0.80/0.84	0.839139	757	5
0.80/0.89	0.893955	756	6
0.90/0.95	0.949363	755	9
0.90/1.00	1.00368	754	10
1.02/1.05	1.05744	753	11
1.02/1.11	1.11132	752	12
1.11/1.16	1.16607	751	14
1.20/1.22	1.21982	750	15
1.20/1.27	1.27429	749	17
1.30/1.32	1.32748	748	18
1.30/1.38	1.38273	747	20
1.40/1.43	1.43583	746	21
1.40/1.49	1.49025	745	23
1.50/1.54	1.54404	744	25
1.60/1.60	1.59984	743	30
1.60/1.65	1.65281	742	31
1.70/1.70	1.70567	741	32
1.70/1.76	1.75826	740	33
1.80/1.81	1.81084	739	34
1.80/1.86	1.8638	738	36
1.90/1.91	1.91697	737	37
1.90/1.97	1.97226	736	41
1.99/2.02	2.02599	735	42
1.99/2.08	2.07901	734	43
2.10/2.13	2.13168	733	44
2.10/2.18	2.18418	732	45
2.20/2.23	2.23746	731	47
2.20/2.29	2.2909	730	48
2.29/2.34	2.34468	729	49
2.29/2.40	2.39761	728	50
2.39/2.45	2.44998	727	51
2.49/2.50	2.50216	726	52
2.49/2.55	2.55424	725	53
2.59/2.60	2.60597	724	54
2.59/2.66	2.65779	723	55
2.69/2.71	2.71006	722	57
2.69/2.76	2.76181	721	58
2.79/2.81	2.81577	720	63
2.79/2.87	2.87383	719	74
2.89/2.92	2.92499	718	75
2.89/2.97	2.97614	717	76
2.99/3.02	3.02698	716	77
2.99/3.08	3.07923	715	80
3.09/3.13	3.13029	714	81
3.09/3.18	3.18375	713	84
3.20/3.23	3.2346	712	85
3.20/3.28	3.28582	711	87
3.30/3.33	3.33626	710	88
3.30/3.39	3.38921	709	92
3.39/3.44	3.4396	708	93
3.39/3.49	3.49019	707	95
3.49/3.54	3.54006	706	96
3.49/3.59	3.59058	705	98
3.59/3.64	3.64142	704	100
3.59/3.69	3.69123	703	101
3.69/3.74	3.74173	702	103
3.69/3.79	3.79129	701	104
3.79/3.84	3.8418	700	107
3.79/3.89	3.89247	699	109
3.89/3.94	3.94304	698	112
3.89/3.99	3.99279	697	113
3.99/4.04	4.0448	696	116
4.09/4.10	4.09999	695	126
4.09/4.15	4.14947	694	128
4.19/4.20	4.20686	693	144
4.19/4.28	4.28571	692	196
4.40/4.47	4.47322	691	465
4.49/4.54	4.54188	690	509
4.79/4.80	4.799	689	946
5.29/5.38	5.3841	688	2116
5.40/5.43	5.43459	687	2121
5.50/5.53	5.53384	686	2218
5.59/5.60	5.60647	685	2270
5.69/5.72	5.71789	684	2382
5.89/5.90	5.90057	683	2621
6.19/6.20	6.20364	682	3108
6.19/6.25	6.25579	681	3118
6.39/6.45	6.45507	680	3416
6.60/6.64	6.64073	679	3671
6.79/6.86	6.86057	678	3986
7.19/7.20	7.20616	677	4523
7.88/7.98	7.97797	676	5792
7.98/8.09	8.0898	675	5892
8.48/8.59	8.59346	674	6707
9.19/9.29	9.29555	673	7915
9.99/10.08	10.0847	672	9266
11.79/11.85	11.8475	671	12454
11.89/11.91	11.9098	670	12477
12.19/12.26	12.2666	669	13118
14.78/14.82	14.8264	668	18157
15.48/15.52	15.5187	667	19380
16.98/17.02	17.0222	666	21831
18.28/18.39	18.3902	665	24077
19.09/19.19	19.1921	664	25430
19.19/19.29	19.2944	663	25532
19.49/19.55	19.5473	662	25918
21.39/21.45	21.4508	661	29728
26.18/26.26	26.2601	660	38246
26.98/27.02	27.0233	659	39618
26.98/27.07	27.0717	658	39619
27.08/27.19	27.1912	657	39739
27.98/28.02	28.0174	656	41142
28.18/28.25	28.2508	655	41490
28.28/28.30	28.297	654	41491
29.78/29.88	29.8834	653	44220
29.98/30.03	30.031	652	44401
31.99/32.08	32.0803	651	47667
32.09/32.13	32.128	650	47668
32.39/32.47	32.4729	649	48182
32.69/32.75	32.7508	648	48611
32.99/33.09	33.0953	647	49145
34.10/34.16	34.163	646	51107
34.39/34.40	34.4001	645	51480
34.59/34.62	34.6244	644	51818
34.99/35.10	35.1	643	52594
35.11/35.15	35.1474	642	52596
35.49/35.51	35.5094	641	53167
35.99/36.07	36.069	640	54063
38.08/38.15	38.1557	639	57420
41.18/41.23	41.2301	638	63030
41.88/41.91	41.9079	637	64229
47.30/47.31	47.3137	636	74486
47.59/47.62	47.6176	635	74976
48.40/48.40	48.4051	634	76337
48.89/48.98	48.9844	633	77329
49.89/49.96	49.9617	632	79110
50.09/50.14	50.1441	631	79388
50.50/50.54	50.5394	630	80087
51.19/51.20	51.202	629	81233
51.70/51.71	51.7061	628	82105
52.09/52.15	52.1545	627	82866
54.19/54.24	54.2442	626	86598
54.29/54.39	54.3904	625	86771
55.59/55.65	55.6471	624	89011
55.69/55.78	55.7813	623	89190
56.28/56.39	56.3915	622	90309
56.78/56.83	56.8346	621	91147
57.19/57.21	57.2095	620	91825
58.29/58.39	58.387	619	94004
59.69/59.76	59.7554	618	97055
60.89/60.95	60.9537	617	99160
61.99/62.01	62.011	616	101032
65.59/65.63	65.6284	615	107966
67.59/67.63	67.6329	614	110964
67.99/68.09	68.0914	613	111507
68.29/68.38	68.3808	612	111909
69.99/70.09	70.0846	611	114234
71.89/71.96	71.9584	610	117517
72.29/72.33	72.3285	609	118002
73.99/74.05	74.0457	608	120753
75.09/75.13	75.1267	607	122425
76.29/76.32	76.3149	606	124295
77.79/77.85	77.854	605	127145
78.10/78.11	78.1065	604	127527
79.20/79.26	79.2564	603	129459
81.09/81.18	81.1754	602	132862
81.40/81.45	81.4457	601	133123
81.99/82.03	82.0287	600	134013
82.19/82.29	82.2862	599	134409
82.59/82.60	82.6006	598	134880
84.19/84.28	84.2744	597	137732
85.49/85.55	85.5476	596	139441
85.59/85.68	85.6743	595	139569
86.09/86.15	86.1485	594	140348
86.19/86.29	86.2864	593	140504
86.69/86.74	86.7358	592	141216
87.90/87.98	87.9812	591	143310
88.49/88.54	88.543	590	144223
90.10/90.13	90.1287	589	146691
90.69/90.74	90.7422	588	147644
91.08/91.11	91.1074	587	148203
91.68/91.73	91.73	586	149118
93.79/93.87	93.8655	585	152659
93.89/93.99	93.9933	584	152799
99.58/99.60	99.5981	583	162158
105.29/105.35	105.349	582	171314
107.49/107.55	107.545	581	175022
110.59/110.64	110.638	580	181764
113.09/113.15	113.142	579	185808
113.69/113.73	113.73	578	186667
114.89/114.97	114.964	577	188666
116.09/116.19	116.19	576	190454
117.69/117.71	117.702	575	192935
122.88/122.95	122.947	574	201349
124.88/124.96	124.958	573	204470
208.68/208.73	208.721	572	344604
291.39/291.45	291.441	571	483701
649.06/649.11	649.092	570	1078362
