0.69/0.74	0.743694	745	0
0.69/0.80	0.797452	744	1
0.80/0.85	0.852063	743	2
0.89/0.90	0.906289	742	3
0.89/0.96	0.960533	741	4
1.01/1.01	1.01495	740	5
1.01/1.07	1.0691	739	6
1.11/1.12	1.12304	738	8
1.11/1.17	1.1769	737	10
1.19/1.23	1.23051	736	11
1.19/1.28	1.28444	735	12
1.29/1.33	1.33706	734	13
1.29/1.39	1.39174	733	15
1.39/1.44	1.44558	732	17
1.49/1.50	1.49965	731	19
1.49/1.55	1.55547	730	26
1.59/1.61	1.61301	729	28
1.59/1.67	1.66847	728	29
1.69/1.72	1.72389	727	30
1.69/1.78	1.77922	726	31
1.79/1.83	1.83072	725	32
1.79/1.88	1.88679	724	42
1.90/1.94	1.93885	723	43
1.90/1.99	1.99081	722	44
1.99/2.04	2.04212	721	45
1.99/2.09	2.09328	720	46
2.10/2.14	2.14545	719	47
2.10/2.20	2.1982	718	49
2.20/2.25	2.24886	717	50
2.29/2.30	2.30036	716	52
2.29/2.35	2.35138	715	53
2.39/2.40	2.40279	714	54
2.39/2.45	2.45392	713	55
2.49/2.50	2.50433	712	56
2.49/2.55	2.55425	711	57
2.59/2.60	2.60492	710	58
2.59/2.65	2.65483	709	59
2.69/2.70	2.70594	708	61
2.69/2.75	2.75572	707	62
2.79/2.80	2.80559	706	63
2.79/2.85	2.85527	705	64
2.89/2.90	2.90478	704	65
2.89/2.95	2.95548	703	67
3.00/3.00	3.0054	702	68
3.00/3.05	3.05479	701	69
3.09/3.10	3.10454	700	70
3.09/3.15	3.15481	699	72
3.09/3.20	3.20514	698	74
3.20/3.25	3.25526	697	75
3.30/3.30	3.30583	696	78
3.30/3.36	3.36596	695	98
3.39/3.41	3.41614	694	100
3.39/3.46	3.46666	693	101
3.49/3.51	3.51542	692	102
3.49/3.56	3.56495	691	104
3.59/3.62	3.62702	690	129
4.10/4.13	4.13454	689	1022
4.59/4.66	4.66494	688	1907
4.79/4.87	4.86949	687	2187
4.89/4.92	4.92333	686	2190
4.89/4.97	4.97443	685	2191
5.50/5.54	5.53719	684	3120
5.69/5.75	5.74822	683	3415
5.69/5.79	5.79583	682	3416
6.09/6.12	6.12279	681	3955
6.19/6.22	6.22529	680	4052
6.19/6.27	6.27656	679	4054
6.30/6.32	6.32706	678	4055
6.50/6.52	6.52445	677	4353
6.50/6.58	6.5772	676	4361
6.60/6.62	6.62401	675	4362
7.99/8.08	8.08134	674	7094
8.09/8.13	8.13137	673	7095
8.70/8.74	8.73758	672	8150
8.99/9.03	9.03645	671	8659
9.09/9.15	9.15418	670	8802
9.19/9.22	9.21924	669	8839
9.29/9.37	9.36867	668	9043
9.39/9.42	9.41746	667	9047
10.29/10.30	10.2988	666	10727
10.70/10.73	10.7287	665	11501
11.19/11.27	11.2713	664	12459
11.49/11.59	11.5906	663	13005
11.59/11.64	11.6398	662	13006
12.10/12.14	12.1459	661	13906
13.69/13.70	13.7069	660	16894
14.00/14.09	14.0934	659	17568
14.99/15.06	15.0631	658	19384
15.10/15.11	15.1126	657	19386
15.19/15.22	15.2237	656	19498
15.49/15.51	15.515	655	19967
16.09/16.10	16.1052	654	21045
16.89/16.99	16.9945	653	22661
17.69/17.77	17.7744	652	24119
17.99/18.08	18.0775	651	24618
18.29/18.30	18.3013	650	24980
18.40/18.45	18.4498	649	25187
18.40/18.49	18.4948	648	25189
18.49/18.54	18.5389	647	25190
18.70/18.74	18.7407	646	25496
18.79/18.86	18.8642	645	25656
19.59/19.69	19.6906	644	27255
21.09/21.18	21.1832	643	30136
21.49/21.51	21.5072	642	30610
21.59/21.60	21.6064	641	30709
22.09/22.11	22.1092	640	31486
22.19/22.29	22.2964	639	31724
22.99/23.06	23.058	638	32963
23.39/23.42	23.426	637	33536
25.39/25.47	25.4716	636	37261
25.79/25.85	25.8559	635	37907
25.99/26.00	25.9991	634	38068
28.19/28.26	28.2618	633	42055
28.69/28.71	28.7129	632	42782
29.79/29.81	29.8141	631	44767
29.89/29.93	29.9333	630	44914
30.99/31.07	31.0731	629	46901
31.79/31.85	31.8484	628	48275
31.98/32.06	32.0582	627	48576
32.08/32.13	32.1337	626	48644
32.18/32.22	32.2242	625	48743
32.38/32.49	32.4867	624	49137
33.08/33.10	33.1035	623	50213
33.28/33.33	33.3267	622	50530
33.68/33.79	33.7957	621	51305
34.28/34.31	34.3128	620	52132
34.38/34.46	34.4653	619	52314
35.38/35.44	35.4386	618	53967
36.19/36.22	36.2193	617	55284
37.29/37.33	37.3317	616	57250
39.18/39.25	39.2543	615	60604
39.18/39.30	39.2984	614	60605
39.68/39.73	39.7344	613	61287
43.70/43.75	43.7543	612	68577
45.59/45.69	45.6936	611	72039
46.29/46.34	46.3362	610	73131
46.69/46.70	46.7006	609	73651
47.30/47.34	47.3383	608	74733
48.49/48.50	48.5001	607	76840
49.98/50.03	50.0291	606	79633
50.08/50.19	50.1934	605	79884
50.49/50.53	50.5277	604	80388
50.78/50.86	50.8586	603	80922
52.50/52.54	52.5414	602	83996
57.39/57.44	57.4423	600	93023
58.48/58.59	58.5927	599	95084
58.58/58.66	58.6641	598	95142
58.78/58.86	58.8601	597	95398
62.40/62.41	62.4097	596	102428
62.99/63.00	63.0014	595	103449
62.99/63.07	63.0666	594	103495
65.79/65.89	65.8893	593	108613
68.39/68.48	68.4842	592	113450
68.59/68.68	68.6757	591	113705
69.00/69.06	69.057	590	114287
69.49/69.51	69.513	589	115014
69.59/69.61	69.6061	588	115100
71.69/71.79	71.7865	587	118935
72.60/72.68	72.6803	586	120409
73.19/73.23	73.233	585	121220
73.69/73.71	73.7063	584	121964
74.79/74.86	74.8556	583	123854
76.69/76.71	76.7147	582	126981
77.39/77.49	77.4855	581	128087
78.49/78.52	78.5196	580	129776
79.89/79.93	79.9348	579	132237
80.59/80.65	80.6469	577	133374
85.38/85.41	85.4119	576	141442
91.99/92.08	92.0825	575	152741
97.99/98.01	98.0048	574	162741
102.79/102.88	102.879	573	172504
106.70/106.73	106.728	572	178881
156.20/156.23	156.229	571	266902
208.08/208.17	208.169	570	355753
