0.69/0.76	0.766473	763	0
0.79/0.82	0.825699	762	1
0.79/0.88	0.884772	761	2
0.89/0.94	0.944352	760	3
0.89/1.00	1.0041	759	5
1.00/1.06	1.06269	758	6
1.10/1.12	1.12118	757	7
1.10/1.17	1.1772	756	8
1.20/1.23	1.23165	755	9
1.20/1.28	1.28585	754	10
1.29/1.34	1.34099	753	13
1.29/1.39	1.39518	752	14
1.41/1.45	1.45001	751	15
1.41/1.50	1.50395	750	16
1.50/1.56	1.55838	749	17
1.59/1.61	1.61211	748	19
1.59/1.66	1.66545	747	20
1.69/1.72	1.71865	746	21
1.69/1.77	1.77301	745	22
1.79/1.83	1.82737	744	23
1.79/1.88	1.88173	743	24
1.89/1.94	1.94093	742	32
1.89/1.99	1.99512	741	33
1.99/2.05	2.05059	740	35
1.99/2.10	2.10395	739	36
2.10/2.16	2.15732	738	37
2.20/2.21	2.21052	737	38
2.20/2.26	2.26345	736	39
2.29/2.31	2.31609	735	40
2.29/2.37	2.36891	734	41
2.39/2.42	2.42238	733	42
2.39/2.47	2.47483	732	43
2.50/2.53	2.52733	731	44
2.50/2.58	2.58062	730	47
2.59/2.63	2.63299	729	48
2.59/2.68	2.68609	728	50
2.69/2.74	2.73821	727	51
2.69/2.79	2.79014	726	52
2.79/2.84	2.84174	725	53
2.79/2.89	2.89499	724	55
2.89/2.96	2.95876	723	74
2.99/3.01	3.01014	722	75
2.99/3.06	3.06468	721	80
3.09/3.11	3.1162	720	81
3.09/3.17	3.16721	719	82
3.20/3.22	3.21971	718	84
3.20/3.27	3.27115	717	85
3.30/3.33	3.32965	716	100
3.30/3.38	3.38061	715	101
3.39/3.43	3.43255	714	102
3.39/3.48	3.48334	713	103
3.49/3.53	3.53408	712	104
3.49/3.58	3.58451	711	105
3.60/3.63	3.63633	710	107
3.60/3.69	3.68827	709	110
3.69/3.74	3.73979	708	112
3.69/3.79	3.79087	707	114
3.79/3.84	3.8407	706	115
3.79/3.89	3.89581	705	125
3.90/3.94	3.94651	704	126
3.99/4.01	4.00868	703	147
3.99/4.07	4.0746	702	178
4.09/4.13	4.12771	701	181
4.09/4.18	4.17988	700	182
4.19/4.23	4.23227	699	183
4.19/4.28	4.28194	698	184
4.30/4.33	4.33159	697	185
4.30/4.38	4.38235	696	189
4.40/4.43	4.43315	695	192
4.40/4.48	4.48195	694	193
4.49/4.54	4.54285	693	213
4.49/4.59	4.59331	692	216
4.59/4.64	4.64193	691	217
4.59/4.69	4.6944	690	223
4.69/4.76	4.75724	689	249
4.79/4.80	4.80532	688	250
4.79/4.87	4.87002	687	278
5.19/5.24	5.2454	686	887
5.29/5.32	5.32666	685	948
5.40/5.46	5.46495	684	1111
5.69/5.77	5.76785	683	1660
6.79/6.86	6.8644	682	3933
8.39/8.47	8.47678	681	7254
8.99/9.06	9.06435	680	8284
9.39/9.44	9.44192	679	8898
9.49/9.53	9.53414	678	8975
9.59/9.68	9.68303	677	9167
9.90/9.92	9.91897	676	9516
11.00/11.07	11.0706	675	11623
11.58/11.68	11.68	674	12669
11.88/11.94	11.9405	673	13060
12.18/12.22	12.2242	672	13533
12.28/12.39	12.3946	671	13771
12.38/12.44	12.4434	670	13773
12.48/12.50	12.5022	669	13795
13.20/13.26	13.2576	668	15134
13.79/13.85	13.8478	667	16147
16.19/16.26	16.2582	666	20534
17.39/17.42	17.4222	665	22651
17.89/17.93	17.9266	664	23544
18.39/18.44	18.438	663	24472
20.99/21.06	21.0599	662	29475
21.29/21.35	21.3513	661	29948
21.79/21.83	21.8346	660	30787
22.79/22.84	22.8366	659	32591
24.38/24.40	24.4026	658	35651
25.20/25.29	25.293	657	37231
25.49/25.57	25.5702	656	37642
25.69/25.73	25.7346	655	37861
26.49/26.50	26.4992	654	39268
26.69/26.79	26.7882	653	39751
27.99/28.02	28.0216	652	42050
28.60/28.68	28.6773	651	43131
30.69/30.78	30.7806	650	46986
31.59/31.67	31.6695	649	48711
31.79/31.85	31.8528	648	49033
32.19/32.25	32.2502	647	49676
32.49/32.57	32.5708	646	50167
33.09/33.15	33.1523	645	51153
35.10/35.13	35.1352	644	54700
35.79/35.80	35.8004	643	55803
37.40/37.44	37.4394	642	58704
38.40/38.47	38.4751	641	60457
38.99/39.07	39.0679	640	61503
39.19/39.29	39.2949	639	61843
39.29/39.35	39.3521	638	61864
39.60/39.64	39.6362	637	62330
39.99/40.09	40.0894	636	63072
40.09/40.15	40.1497	635	63097
40.69/40.74	40.7426	634	64074
40.89/40.95	40.9537	633	64370
41.89/41.98	41.9844	632	66867
43.49/43.54	43.5421	631	70751
45.69/45.78	45.7819	630	75171
47.19/47.24	47.2374	629	78064
48.29/48.36	48.3616	628	80288
48.89/48.95	48.9538	627	81340
49.40/49.48	49.4787	626	82257
49.99/50.01	50.0058	625	83199
51.49/51.54	51.5424	624	85953
51.89/51.93	51.9306	623	86570
52.70/52.73	52.7342	622	87987
52.80/52.83	52.8329	621	88070
53.69/53.70	53.6963	620	89604
54.59/54.65	54.646	619	91381
59.30/59.34	59.3361	618	100013
59.30/59.38	59.3796	617	100014
60.59/60.65	60.6446	616	102288
62.79/62.89	62.8852	615	106488
62.99/63.03	63.0323	614	106650
65.29/65.37	65.3725	613	110766
66.09/66.11	66.1049	612	112030
66.19/66.27	66.2738	611	112263
67.19/67.21	67.2081	610	113884
67.99/68.05	68.0477	609	115326
69.89/69.91	69.9137	608	118608
70.69/70.74	70.7428	607	120062
71.98/72.01	72.0128	606	122286
72.68/72.73	72.73	605	123551
72.78/72.86	72.8569	604	123700
73.08/73.18	73.1793	603	124229
74.89/74.93	74.9241	602	127387
74.99/75.08	75.0761	601	127581
77.49/77.50	77.5013	600	131598
78.00/78.04	78.0434	599	132474
78.69/78.78	78.7787	598	133712
80.20/80.24	80.2389	597	136166
80.69/80.75	80.7461	596	136931
83.49/83.56	83.5559	595	142075
85.18/85.20	85.1997	594	145139
85.18/85.26	85.2615	592	145174
86.08/86.14	86.135	591	146743
86.38/86.44	86.4378	590	147242
87.69/87.78	87.7733	589	149822
88.99/89.03	89.031	588	152333
89.99/90.05	90.0489	587	154257
91.78/91.87	91.8681	586	157455
94.68/94.79	94.7879	585	162625
94.78/94.87	94.8686	584	162710
95.69/95.76	95.7543	583	164196
97.08/97.11	97.1103	582	166545
97.58/97.64	97.6406	581	167414
98.58/98.68	98.6755	580	169214
102.98/103.08	103.075	579	177212
103.29/103.39	103.388	578	177671
107.08/107.11	107.11	577	184262
111.68/111.74	111.734	576	192403
122.18/122.23	122.229	575	210623
142.69/142.74	142.741	574	246469
144.69/144.75	144.746	573	249986
169.08/169.13	169.127	572	291917
170.08/170.14	170.139	571	293445
271.69/271.79	271.779	570	471548
