0.69/0.76	0.765538	760	0
0.79/0.82	0.821678	758	1
0.79/0.87	0.876226	757	2
0.89/0.93	0.932237	756	3
0.89/0.99	0.987792	755	5
1.00/1.04	1.04305	754	6
1.00/1.09	1.09724	753	7
1.10/1.15	1.15261	752	9
1.19/1.20	1.20727	751	10
1.19/1.26	1.26151	750	11
1.29/1.32	1.31792	749	14
1.29/1.37	1.37179	748	15
1.39/1.42	1.42611	747	16
1.39/1.48	1.48082	745	18
1.49/1.53	1.53513	744	19
1.49/1.59	1.58861	743	20
1.59/1.64	1.642	742	21
1.59/1.69	1.69726	741	26
1.69/1.75	1.75174	740	28
1.79/1.80	1.80578	739	29
1.79/1.86	1.85835	738	30
1.89/1.91	1.91136	737	31
1.89/1.96	1.96491	736	33
1.99/2.02	2.01984	735	36
1.99/2.07	2.07432	734	38
2.10/2.13	2.12811	733	39
2.10/2.18	2.18056	732	40
2.20/2.23	2.23359	731	42
2.20/2.28	2.28594	730	43
2.30/2.34	2.33958	729	44
2.30/2.39	2.39145	728	45
2.39/2.44	2.44432	727	48
2.39/2.49	2.49506	726	49
2.49/2.54	2.54632	725	50
2.49/2.59	2.5968	724	51
2.59/2.65	2.64835	723	53
2.69/2.70	2.69981	722	54
2.69/2.75	2.75102	721	55
2.79/2.80	2.80339	720	56
2.79/2.85	2.85504	719	58
2.89/2.90	2.90621	718	59
2.89/2.96	2.95885	717	62
2.99/3.01	3.00984	716	64
2.99/3.06	3.06075	715	65
3.09/3.11	3.11343	714	66
3.09/3.16	3.16352	713	67
3.20/3.21	3.21517	712	70
3.20/3.26	3.26519	711	71
3.30/3.31	3.31628	710	72
3.30/3.37	3.36872	709	77
3.39/3.42	3.41867	708	78
3.39/3.47	3.46826	707	79
3.49/3.52	3.51803	706	80
3.49/3.57	3.56748	705	81
3.59/3.62	3.61747	704	82
3.59/3.66	3.66678	703	83
3.69/3.72	3.71963	702	88
3.69/3.77	3.77083	701	91
3.79/3.82	3.82443	700	96
3.79/3.87	3.87392	699	98
3.89/3.92	3.92397	698	100
3.89/3.98	3.98122	697	113
3.99/4.03	4.03684	696	124
3.99/4.08	4.08657	695	125
4.09/4.13	4.13667	694	128
4.09/4.19	4.19026	693	132
4.19/4.24	4.24021	692	133
4.19/4.29	4.29065	691	137
4.30/4.34	4.34443	690	142
4.30/4.39	4.39365	689	144
4.40/4.45	4.44797	688	154
4.49/4.52	4.51791	687	191
4.49/4.58	4.57876	686	211
4.59/4.64	4.64062	685	237
4.59/4.69	4.68989	684	240
4.99/5.06	5.06547	683	867
5.09/5.18	5.17826	682	988
5.28/5.38	5.383	681	1296
5.39/5.43	5.4371	680	1309
5.78/5.84	5.8399	679	2013
6.28/6.34	6.33766	678	2900
7.89/7.98	7.97789	677	5850
8.39/8.46	8.46169	676	6633
9.09/9.11	9.11528	675	7681
9.09/9.16	9.16525	674	7682
9.39/9.43	9.43185	673	8066
9.49/9.58	9.57847	672	8241
9.69/9.78	9.78588	671	8542
9.80/9.87	9.86767	670	8605
10.79/10.81	10.8146	669	9957
12.79/12.80	12.8022	668	13297
13.39/13.40	13.3999	667	14271
14.49/14.57	14.5682	666	16312
14.59/14.61	14.615	665	16314
14.69/14.71	14.7096	664	16407
16.39/16.44	16.4429	663	19589
18.89/18.91	18.9152	662	24076
19.59/19.66	19.6655	661	25338
20.29/20.33	20.3354	660	26437
20.99/21.05	21.0505	659	27680
22.19/22.25	22.247	658	29525
23.89/23.91	23.9072	657	32382
24.10/24.15	24.1551	656	32737
24.20/24.25	24.2562	655	32833
24.49/24.54	24.5436	654	33259
25.99/26.09	26.0871	653	35784
28.19/28.23	28.2362	651	39644
30.69/30.78	30.7843	650	44163
32.58/32.66	32.6633	649	47735
34.09/34.12	34.1208	648	50328
34.18/34.23	34.2333	647	50480
34.18/34.28	34.279	646	50483
34.28/34.34	34.3438	645	50520
36.09/36.15	36.1547	644	53645
40.70/40.78	40.7802	643	62026
40.99/41.03	41.0336	642	62382
41.09/41.19	41.1948	641	62584
41.19/41.24	41.2387	640	62585
43.09/43.15	43.1488	639	66032
43.49/43.54	43.5385	638	66628
44.78/44.82	44.8246	637	68817
45.98/46.04	46.0418	636	70909
46.38/46.45	46.4506	635	71563
47.48/47.57	47.5712	634	73468
48.89/48.95	48.9467	633	75772
49.40/49.50	49.5013	632	76903
50.29/50.31	50.3135	631	78267
50.60/50.65	50.6534	630	78807
51.49/51.60	51.5959	629	80445
51.70/51.78	51.7786	628	80696
51.99/52.09	52.0878	627	81193
52.09/52.13	52.1321	626	81196
52.09/52.17	52.1748	625	81197
53.29/53.34	53.3369	624	83133
53.69/53.72	53.724	623	83748
54.09/54.10	54.1044	622	84306
54.29/54.39	54.3935	621	84730
55.39/55.43	55.4297	620	86477
56.00/56.04	56.0378	619	87483
57.10/57.14	57.1365	618	89401
57.49/57.57	57.5697	617	90086
59.59/59.62	59.6234	616	93660
59.69/59.76	59.7563	615	93807
60.19/60.23	60.2335	614	94579
61.29/61.35	61.3524	613	96515
61.38/61.49	61.4935	612	96674
62.08/62.14	62.1376	611	97740
62.08/62.19	62.1924	610	97755
62.38/62.45	62.4467	609	98125
62.98/63.04	63.0356	608	99092
63.18/63.28	63.2818	607	99451
64.48/64.53	64.5277	606	101500
64.98/65.05	65.0465	605	102168
65.28/65.38	65.3821	604	102637
65.78/65.88	65.8797	603	103434
66.08/66.12	66.1181	602	103771
66.48/66.58	66.5822	601	104534
68.09/68.19	68.1903	600	107326
68.98/69.00	69.003	599	108680
70.49/70.59	70.5876	598	111422
70.79/70.89	70.8907	597	111850
71.99/72.04	72.0411	596	114023
73.89/73.95	73.9465	595	117596
73.99/74.03	74.0278	594	117646
75.49/75.52	75.5208	593	120430
75.90/75.91	75.9061	592	120933
77.09/77.11	77.1065	591	123117
79.20/79.24	79.2411	590	126983
81.99/82.06	82.0629	589	131497
83.78/83.87	83.8741	588	134522
84.69/84.75	84.7479	587	135906
85.48/85.56	85.563	586	137210
88.58/88.62	88.6197	585	142618
89.78/89.86	89.8616	584	144883
90.79/90.83	90.8286	583	146614
90.89/90.94	90.9354	582	146717
101.20/101.29	101.292	581	164619
103.88/103.99	103.991	580	169570
104.49/104.52	104.519	579	170425
105.49/105.58	105.574	578	172142
108.28/108.38	108.384	577	176951
109.48/109.50	109.504	576	178852
114.08/114.12	114.119	575	186598
119.89/119.96	119.957	574	196743
120.39/120.44	120.442	573	197405
141.89/141.98	141.976	572	232368
162.59/162.69	162.687	571	264906
280.08/280.18	280.175	570	455189
