0.69/0.76	0.760047	770	0
0.79/0.81	0.815901	769	1
0.79/0.87	0.872024	768	2
0.90/0.93	0.928816	767	3
0.90/0.98	0.986712	766	4
1.00/1.04	1.04281	765	5
1.00/1.10	1.09908	764	7
1.10/1.15	1.15498	763	9
1.20/1.21	1.21137	762	10
1.20/1.27	1.2676	761	12
1.29/1.32	1.32287	760	13
1.29/1.38	1.37783	759	14
1.39/1.43	1.43329	758	15
1.39/1.49	1.48929	757	18
1.50/1.54	1.54459	756	19
1.59/1.60	1.5991	755	20
1.59/1.65	1.6534	754	21
1.69/1.71	1.71051	753	25
1.69/1.76	1.76479	752	26
1.79/1.82	1.81912	751	27
1.79/1.87	1.87235	750	28
1.89/1.92	1.92519	749	29
1.89/1.98	1.97782	748	30
2.00/2.03	2.03242	747	32
2.00/2.08	2.08561	746	33
2.10/2.14	2.13841	745	34
2.10/2.19	2.19328	744	38
2.20/2.24	2.2456	743	39
2.29/2.30	2.2991	742	40
2.29/2.35	2.3516	741	41
2.39/2.40	2.40396	740	42
2.39/2.45	2.45677	739	44
2.49/2.51	2.50956	738	46
2.49/2.56	2.56256	737	48
2.59/2.61	2.61499	736	52
2.59/2.67	2.66889	735	56
2.69/2.72	2.72118	734	57
2.69/2.77	2.77267	733	58
2.79/2.82	2.82423	732	59
2.79/2.87	2.87662	731	62
2.89/2.93	2.9283	730	64
2.89/2.98	2.97898	729	65
2.99/3.03	3.02998	728	66
2.99/3.08	3.08059	727	67
3.10/3.13	3.13274	726	69
3.10/3.18	3.18361	725	70
3.20/3.23	3.23608	724	72
3.20/3.28	3.28633	723	73
3.30/3.33	3.33647	722	74
3.30/3.38	3.38686	721	75
3.39/3.44	3.43841	720	78
3.39/3.49	3.49072	719	82
3.49/3.54	3.54269	718	83
3.49/3.59	3.59348	717	84
3.59/3.64	3.64483	716	86
3.59/3.69	3.69589	715	87
3.69/3.75	3.74802	714	89
3.79/3.80	3.79929	713	92
3.79/3.85	3.84945	712	93
3.89/3.90	3.90076	711	96
3.89/3.95	3.95126	710	97
3.99/4.00	4.00118	709	98
3.99/4.05	4.05147	708	99
4.09/4.10	4.10116	707	100
4.09/4.15	4.15203	706	102
4.09/4.20	4.20317	705	103
4.20/4.25	4.25337	704	104
4.30/4.30	4.30725	703	110
4.30/4.35	4.3567	702	111
4.40/4.40	4.4057	701	112
4.40/4.45	4.45502	700	113
4.49/4.50	4.50442	699	115
4.49/4.55	4.55502	698	117
4.59/4.60	4.60527	697	120
4.59/4.65	4.65574	696	123
4.69/4.70	4.7069	695	126
4.69/4.75	4.75727	694	128
4.79/4.80	4.80658	693	130
4.79/4.85	4.85561	692	132
4.89/4.90	4.90457	691	134
4.89/4.95	4.95326	690	136
4.99/5.00	5.00117	689	137
4.99/5.05	5.05054	688	139
5.09/5.10	5.09942	687	141
5.09/5.15	5.15052	686	147
5.19/5.20	5.1998	685	148
5.19/5.25	5.25166	684	154
5.19/5.30	5.3006	683	155
5.30/5.35	5.34962	682	157
5.30/5.40	5.3976	681	158
5.40/5.44	5.4452	680	159
5.40/5.49	5.4944	679	164
5.50/5.54	5.54183	678	166
5.50/5.59	5.58992	677	168
5.59/5.67	5.67117	676	223
5.69/5.72	5.7188	675	225
5.69/5.77	5.77514	674	241
5.79/5.83	5.82728	673	245
5.79/5.88	5.87755	672	247
5.89/5.93	5.92768	671	249
5.89/5.98	5.97777	670	251
5.99/6.03	6.03201	669	258
5.99/6.08	6.08123	668	260
6.09/6.13	6.13069	667	262
6.09/6.18	6.18146	666	265
6.19/6.23	6.23148	665	267
6.19/6.28	6.28136	664	269
6.29/6.33	6.33157	663	271
6.29/6.38	6.3809	662	273
6.40/6.44	6.44014	661	288
6.50/6.57	6.57502	660	430
6.60/6.69	6.68732	659	537
7.19/7.29	7.29054	658	1518
7.60/7.62	7.62091	657	2021
7.99/8.07	8.07106	656	2733
8.19/8.24	8.24234	655	2933
9.59/9.67	9.67023	654	5356
9.70/9.75	9.75397	653	5413
10.19/10.29	10.2939	652	6234
10.69/10.75	10.7523	651	6933
12.29/12.33	12.3293	650	9491
13.00/13.06	13.0622	649	10701
13.69/13.79	13.7921	648	11898
14.10/14.12	14.1221	647	12330
15.19/15.21	15.2123	646	13908
15.40/15.49	15.4911	645	14334
15.78/15.84	15.8378	644	14894
17.79/17.84	17.8386	643	18363
17.79/17.88	17.885	642	18364
18.09/18.10	18.1051	641	18655
19.80/19.88	19.8799	640	21807
19.99/20.00	19.9983	639	21942
20.69/20.74	20.7426	638	23275
20.69/20.79	20.7955	637	23288
21.19/21.21	21.2095	636	23972
22.59/22.67	22.6763	635	26730
23.19/23.27	23.2709	634	27719
23.69/23.70	23.7055	633	28419
24.49/24.57	24.5702	632	29954
24.79/24.81	24.8118	631	30311
26.40/26.41	26.4098	630	32685
26.59/26.65	26.6492	629	33019
26.89/26.93	26.9349	628	33459
27.40/27.50	27.5037	627	34415
27.69/27.72	27.7229	626	34719
28.79/28.84	28.8373	625	36388
28.89/28.96	28.965	624	36534
29.39/29.49	29.4874	623	37407
29.50/29.53	29.5313	622	37409
29.50/29.60	29.5985	621	37440
30.39/30.45	30.4501	620	38575
30.99/31.01	31.0088	618	39210
32.19/32.27	32.2747	617	41095
33.90/33.98	33.9796	616	44951
36.39/36.41	36.4153	615	48805
39.09/39.18	39.1819	614	54081
40.60/40.68	40.6789	613	56642
41.60/41.67	41.6664	612	58355
41.80/41.87	41.8739	611	58639
42.29/42.38	42.3831	610	59475
42.70/42.75	42.7463	609	60052
42.80/42.86	42.8581	608	60134
43.29/43.33	43.3326	607	60939
45.00/45.07	45.0704	606	63620
45.18/45.20	45.2012	605	63720
45.28/45.39	45.393	604	63966
45.48/45.55	45.5502	603	64156
45.68/45.71	45.71	602	64278
46.09/46.14	46.1393	601	64896
46.88/46.90	46.899	600	65835
47.09/47.11	47.1122	599	66062
55.09/55.19	55.1878	598	79679
57.89/57.96	57.9621	597	84335
62.28/62.34	62.3396	596	91505
62.59/62.62	62.6214	595	91883
63.28/63.35	63.345	594	93071
64.28/64.31	64.3081	593	94606
64.48/64.59	64.5936	592	95040
64.79/64.83	64.8332	591	95351
67.09/67.17	67.1731	590	99391
68.49/68.51	68.5089	589	101514
68.99/69.06	69.0594	588	102404
69.49/69.50	69.4985	587	103068
70.29/70.39	70.3906	586	104630
71.09/71.11	71.1059	585	105815
71.19/71.24	71.2378	584	105951
71.30/71.31	71.3044	583	105994
72.60/72.66	72.6555	582	108057
75.39/75.48	75.4815	581	112559
77.19/77.27	77.2698	580	115592
92.58/92.69	92.6914	579	142344
93.18/93.28	93.2813	578	143341
97.39/97.49	97.486	577	150005
100.78/100.80	100.799	576	155088
101.89/101.99	101.986	575	156911
108.29/108.36	108.358	574	167129
134.98/135.04	135.033	573	209779
146.19/146.24	146.238	572	226831
211.88/211.93	211.926	571	331214
252.58/252.62	252.609	570	395453
