0.79/0.81	0.817041	763	0
0.79/0.89	0.893837	762	1
0.89/0.97	0.971243	761	3
1.00/1.05	1.04824	760	4
1.10/1.12	1.12462	759	5
1.19/1.20	1.20157	758	6
1.19/1.28	1.27847	757	8
1.29/1.35	1.35526	756	10
1.39/1.43	1.42972	754	11
1.49/1.50	1.50405	753	12
1.49/1.58	1.57813	752	13
1.59/1.65	1.64909	751	14
1.69/1.70	1.70308	750	15
1.69/1.75	1.75682	749	16
1.79/1.81	1.81067	748	17
1.79/1.86	1.86433	747	18
1.89/1.92	1.91924	746	21
1.89/1.97	1.97281	745	22
1.99/2.03	2.02844	744	25
1.99/2.08	2.08184	743	26
2.10/2.14	2.13873	742	31
2.10/2.19	2.19459	741	34
2.20/2.25	2.24833	740	35
2.29/2.30	2.30259	739	36
2.29/2.36	2.35908	738	38
2.39/2.41	2.4165	737	39
2.39/2.47	2.47358	736	40
2.49/2.53	2.53139	735	41
2.49/2.59	2.58978	734	45
2.59/2.65	2.64745	733	46
2.69/2.70	2.70424	732	47
2.69/2.76	2.76296	731	52
2.79/2.82	2.81901	730	53
2.79/2.87	2.87555	729	55
2.89/2.93	2.93153	728	56
2.89/2.98	2.9873	727	57
2.99/3.04	3.04465	726	60
3.09/3.10	3.1007	725	61
3.09/3.16	3.15758	724	62
3.20/3.22	3.21839	722	69
3.20/3.27	3.27401	721	71
3.30/3.33	3.32996	720	72
3.30/3.39	3.38909	719	79
3.39/3.44	3.444	718	80
3.49/3.50	3.4989	717	81
3.49/3.55	3.55385	716	82
3.59/3.61	3.60858	715	83
3.59/3.66	3.66396	714	84
3.69/3.72	3.72024	713	86
3.69/3.77	3.77614	712	89
3.79/3.83	3.83225	711	91
3.79/3.89	3.88925	710	96
3.89/3.94	3.94428	709	98
3.99/4.00	4.00019	708	103
3.99/4.05	4.05507	707	105
4.09/4.11	4.11013	706	107
4.09/4.16	4.1637	705	109
4.19/4.21	4.21422	704	110
4.19/4.26	4.26716	703	116
4.31/4.32	4.31774	702	117
4.31/4.36	4.36713	701	118
4.41/4.42	4.41913	700	120
4.41/4.47	4.47129	699	125
4.49/4.52	4.52135	698	127
4.49/4.58	4.57753	697	138
4.59/4.63	4.6336	696	149
4.59/4.68	4.68473	695	151
4.69/4.75	4.74986	694	180
4.79/4.80	4.79994	693	183
4.79/4.86	4.8587	692	199
4.89/4.93	4.92774	691	238
4.89/4.99	4.99043	690	266
4.99/5.06	5.05738	689	301
5.09/5.12	5.11796	688	323
5.19/5.23	5.23312	687	444
5.29/5.36	5.36272	686	613
5.50/5.53	5.53584	685	852
5.69/5.76	5.75869	684	1184
5.89/5.92	5.9185	683	1383
6.19/6.27	6.27446	682	1925
8.49/8.50	8.50102	681	5775
9.09/9.13	9.13094	680	6829
9.39/9.45	9.44776	679	7315
10.90/10.91	10.911	678	9887
11.49/11.50	11.4984	677	10740
11.49/11.55	11.5491	676	10741
13.11/13.18	13.1841	675	13436
15.39/15.43	15.4332	674	16966
16.40/16.49	16.4954	673	18750
16.59/16.60	16.601	672	18845
18.49/18.60	18.5978	671	21795
19.80/19.86	19.8656	670	24015
20.69/20.72	20.7248	669	25342
20.69/20.77	20.7749	668	25343
20.79/20.88	20.8815	667	25442
22.09/22.12	22.1211	666	27589
22.29/22.30	22.3017	665	27814
22.69/22.72	22.723	664	28511
22.89/22.96	22.9578	663	28848
23.49/23.58	23.577	662	29763
23.69/23.72	23.7254	661	29935
24.19/24.29	24.2894	660	30853
25.39/25.44	25.4443	659	32818
27.09/27.17	27.1743	658	35597
27.50/27.51	27.5091	657	36104
27.50/27.56	27.5657	656	36114
31.18/31.29	31.2866	655	42569
31.38/31.48	31.4812	654	42844
31.98/32.02	32.0241	653	43795
32.28/32.36	32.3634	652	44341
32.38/32.41	32.41	651	44343
33.08/33.11	33.1127	650	45509
33.08/33.18	33.1793	649	45532
33.88/33.90	33.9012	648	46782
34.58/34.60	34.6026	647	47934
35.09/35.11	35.1149	646	48704
35.88/35.96	35.9627	645	50160
38.59/38.65	38.6544	644	54461
39.69/39.71	39.7146	643	56100
39.89/39.99	39.9899	642	56485
39.99/40.08	40.0763	641	56554
41.29/41.30	41.3001	640	58595
42.81/42.87	42.8656	639	61591
43.39/43.49	43.4853	638	62648
43.59/43.67	43.6735	637	62907
44.19/44.27	44.2682	636	63949
44.39/44.49	44.4884	635	64268
48.69/48.74	48.7448	634	71498
49.79/49.80	49.7986	633	73872
50.29/50.35	50.3547	632	75120
50.51/50.61	50.6079	631	75574
50.89/50.98	50.9811	630	76208
51.60/51.62	51.6201	629	77363
51.89/51.97	51.966	628	77947
51.99/52.08	52.0845	627	78092
52.19/52.22	52.2244	626	78236
52.80/52.87	52.8653	625	79306
53.99/54.03	54.0344	624	81329
55.19/55.24	55.2413	623	83413
55.49/55.58	55.5819	622	83883
56.99/57.01	57.0128	621	86264
58.89/58.90	58.8971	620	89638
59.59/59.64	59.642	619	90953
59.69/59.78	59.7824	618	91127
60.29/60.33	60.332	617	92040
61.09/61.12	61.119	616	93435
61.69/61.76	61.7589	615	94542
62.18/62.22	62.2183	614	95218
62.78/62.82	62.8164	613	96106
65.48/65.51	65.5043	612	100469
65.89/65.95	65.948	611	101176
66.68/66.74	66.7433	610	102450
71.50/71.55	71.5495	609	110821
71.89/71.91	71.911	608	111329
72.51/72.60	72.5986	607	112406
73.79/73.89	73.8923	606	114406
74.59/74.67	74.6665	605	115618
76.39/76.43	76.4317	604	118529
77.69/77.74	77.7346	603	120739
79.48/79.50	79.4979	602	123276
81.68/81.74	81.7406	601	126975
81.78/81.82	81.8218	600	127047
82.58/82.66	82.6572	599	128210
84.99/85.03	85.0263	598	131615
86.09/86.10	86.0957	597	133391
86.59/86.61	86.606	596	134101
87.19/87.26	87.2565	595	135162
87.79/87.84	87.8342	594	135946
88.58/88.66	88.6583	593	137512
88.68/88.77	88.7694	592	137642
89.18/89.27	89.2664	591	138438
91.08/91.10	91.0997	590	141447
91.48/91.54	91.5392	589	142031
93.40/93.44	93.434	588	144970
94.19/94.22	94.2162	587	145954
95.59/95.64	95.6364	586	148128
96.70/96.71	96.7119	585	149795
99.39/99.41	99.4053	584	154403
100.49/100.52	100.52	583	156558
101.19/101.25	101.243	582	157871
101.48/101.50	101.501	581	158293
104.39/104.44	104.442	580	162412
104.39/104.50	104.499	579	162419
105.98/106.06	106.061	578	165234
106.18/106.22	106.215	577	165444
110.79/110.88	110.878	576	174172
114.79/114.89	114.886	575	180810
120.08/120.10	120.093	574	189729
120.08/120.14	120.136	573	189732
121.58/121.69	121.685	572	192540
192.08/192.12	192.109	571	307310
287.68/287.76	287.746	570	463023
