4.68/4.75	4.74837	7589	0
4.98/5.04	5.03943	7588	1
5.28/5.33	5.33044	7587	2
5.58/5.62	5.62063	7586	3
5.88/5.91	5.91531	7585	6
6.18/6.20	6.20011	7584	9
6.38/6.49	6.49121	7582	12
6.68/6.78	6.78626	7581	17
6.98/7.07	7.07112	7580	18
7.28/7.35	7.34914	7579	19
7.61/7.63	7.63282	7578	24
7.88/7.90	7.90337	7577	25
8.08/8.17	8.17077	7576	26
8.38/8.44	8.44122	7575	27
8.58/8.71	8.70788	7574	28
8.88/8.99	8.98654	7573	36
9.18/9.26	9.26324	7571	45
9.48/9.55	9.55313	7570	46
9.81/9.84	9.83846	7569	47
10.08/10.13	10.1317	7567	52
10.38/10.42	10.4168	7565	54
10.58/10.69	10.6914	7564	56
10.91/10.98	10.9805	7559	75
11.18/11.25	11.2509	7558	76
11.48/11.53	11.5279	7557	77
11.78/11.81	11.811	7556	78
12.01/12.08	12.0832	7555	79
12.28/12.35	12.3531	7554	80
12.58/12.62	12.6188	7553	81
12.78/12.89	12.8902	7551	82
13.11/13.16	13.1651	7548	88
13.38/13.44	13.4426	7547	89
13.68/13.73	13.7289	7546	92
13.98/14.00	14.0015	7545	93
14.21/14.27	14.2734	7543	94
14.48/14.55	14.5563	7542	96
14.78/14.84	14.8454	7541	97
15.08/15.13	15.1269	7540	98
15.31/15.39	15.3946	7539	100
15.58/15.68	15.6796	7538	105
15.88/15.97	15.9674	7537	106
16.18/16.25	16.2503	7536	107
16.51/16.53	16.5353	7531	129
16.78/16.81	16.8139	7530	130
17.08/17.10	17.0985	7528	135
17.28/17.38	17.3804	7527	136
17.64/17.65	17.6538	7525	138
17.88/17.92	17.9207	7524	140
18.08/18.19	18.1875	7523	141
18.38/18.46	18.4597	7522	142
18.71/18.73	18.7303	7520	148
18.98/19.00	19.0013	7519	149
19.18/19.28	19.2825	7518	150
19.48/19.57	19.5702	7517	151
19.71/19.84	19.8413	7514	157
20.08/20.12	20.126	7513	162
20.38/20.40	20.3976	7511	165
20.58/20.67	20.6728	7510	169
20.92/20.94	20.9395	7509	172
21.18/21.22	21.2225	7508	179
21.38/21.49	21.4877	7507	180
21.68/21.76	21.7604	7506	184
22.01/22.03	22.0289	7505	185
22.28/22.31	22.3129	7504	189
22.48/22.59	22.5937	7503	190
22.78/22.86	22.8628	7502	195
23.01/23.13	23.1302	7501	199
23.38/23.40	23.3984	7497	202
23.58/23.68	23.68	7496	203
23.88/23.95	23.9555	7493	216
24.21/24.24	24.243	7491	218
24.48/24.54	24.546	7487	239
24.78/24.84	24.8378	7483	246
25.08/25.10	25.1023	7482	247
25.32/25.37	25.3668	7481	248
25.58/25.64	25.6387	7480	258
25.88/25.91	25.9134	7477	265
26.08/26.19	26.1921	7476	269
26.41/26.47	26.4681	7474	280
26.68/26.74	26.74	7472	291
26.98/27.00	27.0032	7471	292
27.18/27.27	27.2675	7468	293
27.51/27.54	27.5443	7466	310
27.78/27.83	27.8315	7462	328
28.08/28.11	28.1129	7461	330
28.38/28.45	28.4515	7458	333
28.78/28.80	28.8058	7454	338
28.98/29.08	29.0835	7453	339
29.28/29.36	29.3615	7451	349
29.61/29.64	29.6361	7450	351
29.88/29.90	29.9034	7449	352
30.08/30.19	30.1885	7448	353
30.38/30.48	30.48	7447	354
30.82/30.85	30.8485	7446	361
31.08/31.19	31.1869	7445	362
31.48/31.56	31.5654	7444	365
31.81/31.92	31.9162	7441	369
32.18/32.20	32.2012	7440	371
32.38/32.49	32.4927	7439	373
32.68/32.79	32.7892	7433	383
33.08/33.13	33.1259	7431	384
33.38/33.47	33.4753	7429	390
33.68/33.73	33.7354	7428	391
33.88/34.01	34.008	7427	393
34.18/34.28	34.2841	7425	395
34.48/34.55	34.5502	7424	399
34.78/34.81	34.8132	7423	400
34.98/35.09	35.0879	7422	414
35.28/35.35	35.3551	7421	420
35.58/35.63	35.634	7419	430
35.88/35.90	35.8999	7418	435
36.08/36.17	36.17	7417	437
36.38/36.45	36.4467	7414	445
36.68/36.71	36.7099	7413	447
36.88/36.97	36.9704	7412	448
37.18/37.23	37.2348	7410	450
37.41/37.51	37.5155	7409	451
37.68/37.80	37.7959	7407	452
37.98/38.07	38.0721	7405	453
38.28/38.36	38.359	7404	454
38.58/38.63	38.6347	7403	455
38.88/38.92	38.9202	7402	458
39.08/39.19	39.1897	7400	459
39.38/39.45	39.4528	7399	461
39.69/39.72	39.7255	7397	476
39.88/39.99	39.9895	7396	479
40.18/40.27	40.273	7395	481
40.48/40.55	40.5483	7394	482
40.78/40.82	40.8189	7393	483
40.98/41.08	41.0817	7392	487
41.28/41.35	41.3497	7390	488
41.58/41.62	41.6213	7389	496
41.82/41.89	41.8863	7388	497
42.08/42.16	42.1583	7386	507
42.38/42.43	42.4325	7380	519
42.69/42.70	42.6976	7379	529
42.93/42.96	42.9624	7377	531
43.19/43.23	43.2292	7376	534
43.39/43.49	43.4953	7375	535
43.69/43.77	43.7709	7374	536
44.01/44.05	44.0473	7373	538
44.29/44.32	44.3175	7371	543
44.49/44.59	44.5901	7370	544
44.79/44.86	44.865	7369	545
45.01/45.13	45.1278	7368	549
45.39/45.41	45.4143	7367	554
45.69/45.70	45.6979	7365	565
45.89/45.97	45.9714	7363	568
46.23/46.24	46.2418	7362	574
46.49/46.50	46.5028	7361	576
46.69/46.76	46.7631	7360	577
46.99/47.02	47.0237	7358	579
47.21/47.28	47.284	7357	580
47.49/47.54	47.544	7356	581
47.79/47.81	47.8106	7354	589
47.99/48.08	48.0759	7352	592
48.31/48.35	48.3508	7351	594
48.59/48.63	48.6317	7350	595
48.89/48.91	48.9138	7349	597
49.09/49.19	49.1897	7348	598
49.41/49.47	49.4661	7346	600
49.69/49.74	49.7418	7344	602
49.99/50.02	50.0232	7343	603
50.29/50.32	50.3186	7341	614
50.51/50.60	50.5959	7340	620
50.79/50.89	50.8863	7339	632
51.09/51.16	51.1572	7338	633
51.39/51.42	51.4156	7337	634
51.61/51.68	51.6803	7333	642
51.89/51.94	51.9397	7331	647
52.19/52.20	52.2013	7330	650
52.39/52.46	52.4586	7329	652
52.71/52.72	52.7196	7328	656
52.89/52.98	52.9843	7327	663
53.19/53.25	53.2495	7326	673
53.49/53.51	53.5099	7325	676
53.69/53.78	53.7834	7321	694
53.99/54.04	54.0421	7320	696
54.29/54.30	54.3029	7319	700
54.49/54.57	54.5723	7318	701
54.79/54.83	54.8308	7317	702
55.09/55.10	55.1015	7315	706
55.29/55.38	55.3769	7314	709
55.59/55.66	55.6575	7313	711
55.89/55.94	55.9378	7311	713
56.11/56.21	56.2112	7310	714
56.49/56.50	56.4963	7309	721
56.69/56.78	56.7764	7308	723
56.99/57.05	57.0528	7307	729
57.29/57.32	57.3205	7305	737
57.49/57.58	57.5827	7303	744
57.79/57.85	57.8529	7298	763
58.09/58.12	58.1206	7297	764
58.39/58.40	58.3997	7296	765
58.59/58.67	58.6732	7294	769
58.89/58.93	58.9303	7293	770
59.19/59.21	59.2102	7292	779
59.41/59.47	59.4738	7290	781
59.69/59.74	59.7359	7288	788
59.89/59.99	59.9937	7287	790
60.19/60.26	60.2639	7286	791
60.41/60.53	60.5339	7285	794
60.79/60.82	60.8212	7282	810
61.09/61.10	61.0968	7279	816
61.29/61.36	61.3578	7278	817
61.51/61.61	61.6135	7277	818
61.79/61.89	61.8909	7275	824
62.09/62.16	62.1593	7274	825
62.39/62.45	62.4487	7272	840
62.61/62.72	62.7179	7271	843
62.89/62.97	62.9739	7270	844
63.19/63.25	63.2457	7269	848
63.49/63.52	63.5196	7267	852
63.71/63.79	63.7898	7266	866
63.99/64.05	64.0511	7263	874
64.29/64.33	64.3343	7260	881
64.59/64.60	64.5952	7258	885
64.81/64.86	64.8636	7257	886
65.09/65.12	65.1207	7256	888
65.29/65.39	65.3879	7253	901
65.59/65.65	65.6508	7251	911
65.79/65.92	65.9196	7250	928
66.19/66.20	66.1954	7248	944
66.39/66.46	66.4648	7246	945
66.69/66.74	66.7367	7243	955
66.89/66.99	66.9919	7242	956
67.19/67.26	67.2623	7239	969
67.49/67.54	67.5401	7238	973
67.69/67.79	67.7925	7237	974
67.99/68.04	68.0442	7236	975
68.29/68.33	68.3347	7233	995
68.69/68.70	68.7007	7230	1002
68.89/68.97	68.9704	7229	1003
69.21/69.25	69.2497	7224	1023
69.49/69.52	69.5211	7223	1034
69.69/69.79	69.7926	7222	1038
69.99/70.05	70.0485	7221	1039
70.31/70.33	70.3327	7220	1050
70.59/70.60	70.6005	7219	1055
70.79/70.87	70.8687	7217	1057
71.09/71.14	71.1374	7215	1063
71.29/71.42	71.4192	7211	1091
71.59/71.69	71.6856	7210	1107
71.89/71.95	71.9467	7208	1113
72.19/72.21	72.2125	7207	1115
72.39/72.49	72.4904	7206	1119
72.69/72.76	72.7624	7205	1124
72.99/73.06	73.0555	7204	1145
73.29/73.34	73.3361	7203	1153
73.49/73.60	73.6025	7201	1162
73.79/73.87	73.8734	7198	1185
74.09/74.13	74.1332	7197	1187
74.29/74.39	74.3903	7196	1188
74.59/74.65	74.6485	7195	1191
74.89/74.91	74.9066	7194	1194
75.09/75.16	75.1606	7193	1197
75.39/75.42	75.4193	7192	1198
75.59/75.68	75.6754	7191	1199
75.93/75.97	75.9696	7190	1250
76.19/76.24	76.2398	7188	1256
76.49/76.52	76.5234	7186	1268
76.79/76.80	76.7981	7185	1270
77.03/77.07	77.0688	7182	1285
77.29/77.32	77.3195	7181	1286
77.59/77.62	77.6236	7179	1334
77.79/77.89	77.8942	7177	1339
78.11/78.17	78.1663	7176	1340
78.39/78.44	78.4409	7174	1350
78.69/78.72	78.7161	7173	1353
78.89/78.99	78.9927	7172	1358
79.23/79.26	79.2623	7171	1359
79.49/79.54	79.5359	7168	1380
79.69/79.79	79.7917	7166	1381
79.99/80.04	80.0438	7165	1385
80.21/80.30	80.2946	7164	1386
80.49/80.55	80.5499	7163	1387
80.79/80.81	80.8074	7162	1399
80.99/81.07	81.0672	7159	1408
81.32/81.35	81.3503	7157	1447
81.59/81.61	81.6091	7155	1454
81.79/81.86	81.8608	7154	1459
82.09/82.13	82.1308	7153	1480
82.29/82.39	82.388	7152	1490
82.59/82.64	82.6424	7151	1499
82.89/82.90	82.8955	7149	1504
83.09/83.17	83.1681	7148	1530
83.39/83.42	83.4188	7147	1534
83.61/83.68	83.6838	7146	1552
83.89/83.94	83.9441	7145	1555
84.19/84.24	84.2352	7143	1593
84.49/84.50	84.501	7142	1595
84.73/84.76	84.756	7141	1596
84.99/85.04	85.0376	7139	1613
85.29/85.35	85.3463	7137	1663
85.59/85.62	85.6193	7135	1666
85.81/85.89	85.8943	7132	1689
86.09/86.17	86.1686	7131	1717
86.39/86.42	86.4193	7130	1718
86.59/86.68	86.6752	7129	1722
86.81/86.93	86.9301	7128	1731
87.09/87.18	87.1834	7127	1733
87.39/87.45	87.4515	7126	1743
87.79/87.83	87.8323	7122	1914
88.03/88.09	88.0922	7120	1927
88.29/88.38	88.3838	7118	1983
88.59/88.64	88.6368	7117	1987
88.89/88.92	88.9221	7116	2034
89.13/89.18	89.1753	7115	2037
89.39/89.44	89.4413	7113	2061
89.59/89.69	89.6917	7112	2062
89.89/89.96	89.9623	7110	2091
90.11/90.22	90.2215	7109	2093
90.49/90.55	90.5515	7106	2171
90.79/90.80	90.8015	7105	2172
90.99/91.06	91.059	7104	2184
91.21/91.31	91.3091	7103	2185
91.49/91.56	91.5632	7102	2187
91.79/91.86	91.8581	7100	2240
92.09/92.11	92.1084	7099	2243
92.31/92.39	92.3926	7096	2280
92.59/92.64	92.644	7095	2282
92.79/92.89	92.8928	7094	2283
93.09/93.15	93.1446	7092	2287
93.41/93.43	93.4284	7090	2331
93.59/93.68	93.6806	7089	2335
93.89/93.93	93.9281	7088	2336
94.09/94.18	94.1811	7087	2343
94.39/94.44	94.4433	7086	2362
94.69/94.74	94.7425	7083	2408
94.99/95.01	95.0057	7082	2409
95.19/95.28	95.2793	7081	2434
95.49/95.53	95.5277	7080	2435
95.75/95.78	95.7767	7079	2436
95.99/96.03	96.025	7078	2437
96.19/96.28	96.2757	7077	2439
96.49/96.55	96.5458	7074	2461
96.72/96.81	96.8099	7071	2476
96.99/97.07	97.068	7069	2491
97.39/97.40	97.3962	7066	2585
97.59/97.69	97.6865	7061	2644
97.81/97.94	97.9383	7060	2646
98.19/98.22	98.2214	7058	2687
98.39/98.47	98.4664	7057	2688
98.69/98.72	98.7195	7056	2690
99.09/99.11	99.1098	7052	2873
99.29/99.36	99.3565	7051	2874
99.59/99.62	99.6145	7050	2891
99.79/99.89	99.8935	7047	2932
100.19/100.22	100.214	7045	3032
100.39/100.46	100.464	7044	3034
100.69/100.73	100.732	7043	3035
100.99/101.00	100.999	7042	3036
101.29/101.32	101.324	7039	3113
101.49/101.58	101.577	7038	3121
101.79/101.83	101.831	7037	3132
102.09/102.17	102.172	7035	3251
102.39/102.45	102.453	7031	3294
102.69/102.70	102.7	7030	3295
102.89/102.95	102.948	7029	3297
103.31/103.43	103.43	7021	3595
103.59/103.68	103.676	7020	3596
103.89/103.98	103.974	7019	3650
104.19/104.23	104.229	7018	3653
104.41/104.50	104.502	7016	3674
104.79/104.81	104.804	7014	3717
105.09/105.11	105.104	7013	3758
105.29/105.38	105.378	7010	3777
105.79/105.87	105.871	7004	4103
106.09/106.14	106.134	7003	4123
106.29/106.39	106.393	7001	4136
106.61/106.68	106.682	6998	4163
106.89/106.96	106.956	6997	4174
107.71/107.78	107.776	6989	4882
107.99/108.04	108.034	6988	4883
108.29/108.32	108.315	6987	4899
108.49/108.58	108.579	6986	4904
109.69/109.77	109.771	6979	5907
110.03/110.05	110.049	6977	5914
110.49/110.58	110.576	6968	6265
110.79/110.83	110.826	6967	6266
111.59/111.63	111.631	6956	6978
111.89/111.90	111.897	6955	7003
112.11/112.15	112.144	6954	7005
112.39/112.43	112.43	6950	7056
112.59/112.67	112.671	6949	7057
112.89/112.93	112.929	6947	7072
113.09/113.19	113.187	6946	7097
113.39/113.44	113.439	6945	7104
113.59/113.69	113.685	6944	7110
113.89/113.93	113.933	6943	7121
114.09/114.18	114.174	6942	7122
114.43/114.47	114.467	6940	7184
114.69/114.78	114.775	6937	7265
115.09/115.11	115.112	6933	7390
115.29/115.36	115.354	6932	7391
115.59/115.61	115.606	6931	7401
115.89/115.98	115.977	6928	7559
116.19/116.24	116.241	6927	7583
116.39/116.48	116.481	6926	7585
116.69/116.78	116.782	6924	7650
117.89/117.97	117.972	6917	8857
118.19/118.23	118.225	6914	8866
118.39/118.47	118.473	6912	8870
118.99/119.01	119.012	6906	9251
119.19/119.26	119.255	6905	9252
119.59/119.63	119.63	6901	9420
119.81/119.90	119.9	6898	9451
120.09/120.15	120.152	6897	9453
120.39/120.45	120.445	6896	9514
120.69/120.72	120.715	6895	9545
120.91/120.97	120.969	6894	9546
121.19/121.23	121.231	6893	9548
121.49/121.51	121.505	6891	9564
121.69/121.76	121.762	6890	9567
121.89/122.01	122.011	6889	9568
122.29/122.31	122.308	6886	9636
122.49/122.57	122.572	6885	9657
122.79/122.82	122.822	6884	9667
122.99/123.06	123.061	6883	9669
123.29/123.34	123.336	6882	9713
123.79/123.85	123.846	6873	10063
124.21/124.24	124.236	6870	10265
125.43/125.44	125.436	6862	11488
125.69/125.78	125.774	6859	11597
126.19/126.25	126.249	6856	11895
126.59/126.61	126.613	6851	12052
126.89/126.91	126.91	6850	12125
127.09/127.19	127.185	6848	12169
127.39/127.43	127.427	6847	12170
128.71/128.75	128.753	6842	13474
128.99/129.01	129.011	6841	13475
129.29/129.32	129.322	6836	13547
129.89/129.96	129.953	6833	14054
130.81/130.84	130.835	6827	14862
131.49/131.52	131.52	6819	15438
131.69/131.78	131.773	6817	15459
132.39/132.40	132.394	6813	15945
133.19/133.21	133.205	6807	16646
133.49/133.50	133.501	6806	16716
133.89/133.98	133.979	6801	17006
134.79/134.82	134.822	6798	17757
134.99/135.07	135.069	6797	17771
135.69/135.77	135.773	6793	18356
137.09/137.14	137.134	6786	19782
137.89/137.97	137.966	6779	20537
138.19/138.21	138.204	6778	20543
138.69/138.78	138.781	6774	20970
139.49/139.53	139.531	6770	21631
139.71/139.78	139.773	6769	21635
139.99/140.03	140.032	6767	21660
140.89/140.95	140.946	6763	22503
152.68/152.81	152.807	6745	36990
152.98/153.09	153.087	6743	37031
153.48/153.54	153.541	6740	37269
156.11/156.18	156.182	6729	40126
156.38/156.44	156.436	6728	40127
156.58/156.69	156.685	6727	40128
156.88/156.95	156.952	6726	40147
157.08/157.21	157.208	6725	40158
157.38/157.47	157.467	6724	40163
157.68/157.73	157.727	6723	40171
157.88/157.98	157.982	6722	40175
158.18/158.24	158.236	6721	40176
161.49/161.60	161.598	6711	44069
161.89/161.98	161.977	6709	44243
166.58/166.64	166.634	6700	49788
166.98/167.00	166.994	6697	49922
167.22/167.25	167.243	6696	49924
170.68/170.77	170.765	6686	53783
170.98/171.02	171.018	6685	53784
172.18/172.24	172.234	6680	54950
172.98/173.06	173.06	6678	55637
174.08/174.11	174.102	6677	56573
177.18/177.25	177.252	6672	60149
178.22/178.25	178.248	6667	61113
178.68/178.70	178.694	6666	61375
184.48/184.50	184.497	6654	68030
185.80/185.92	185.921	6653	69409
186.08/186.18	186.173	6652	69417
186.59/186.60	186.601	6650	69634
186.79/186.92	186.916	6646	69707
190.09/190.15	190.149	6641	73273
197.38/197.46	197.46	6635	81523
202.19/202.28	202.275	6629	86957
202.59/202.66	202.656	6626	87154
204.29/204.34	204.334	6623	88852
204.99/205.07	205.063	6622	89423
209.79/209.80	209.796	6616	94768
216.48/216.52	216.513	6605	102538
216.88/216.94	216.94	6604	102791
217.58/217.64	217.634	6602	103403
217.88/217.99	217.984	6600	103555
220.88/220.91	220.902	6594	106919
221.12/221.15	221.145	6593	106935
222.22/222.27	222.267	6590	108055
224.49/224.52	224.516	6587	110599
225.59/225.67	225.662	6584	111777
229.58/229.61	229.604	6582	116482
229.81/229.84	229.833	6581	116483
230.38/230.45	230.448	6579	116990
231.89/231.97	231.964	6578	118662
235.58/235.63	235.623	6572	123079
241.91/241.95	241.947	6569	130860
248.51/248.59	248.58	6568	138810
248.89/248.90	248.898	6567	138918
258.68/258.73	258.723	6563	151025
275.69/275.77	275.769	6553	172131
284.38/284.45	284.441	6552	182751
286.69/286.76	286.758	6548	185209
287.01/287.02	287.017	6547	185227
287.19/287.27	287.267	6546	185229
307.08/307.10	307.095	6544	209876
308.88/308.94	308.93	6542	211914
313.78/313.85	313.847	6541	217860
314.08/314.16	314.155	6539	217962
314.51/314.54	314.53	6538	218154
315.28/315.38	315.368	6537	218864
315.48/315.61	315.605	6536	218865
334.18/334.29	334.278	6533	242091
335.98/336.00	335.995	6531	243967
337.98/338.05	338.039	6528	246214
338.58/338.64	338.631	6526	246673
364.48/364.50	364.489	6521	278009
376.11/376.19	376.177	6517	292636
378.18/378.23	378.224	6515	294981
395.58/395.60	395.593	6509	318149
404.08/404.19	404.185	6504	328756
438.08/438.13	438.117	6503	370344
439.38/439.43	439.422	6502	371314
454.77/454.83	454.814	6501	387578
457.88/457.92	457.914	6499	391217
461.48/461.56	461.551	6498	395543
461.78/461.81	461.795	6497	395565
468.18/468.26	468.248	6494	403465
476.47/476.52	476.513	6493	413631
476.67/476.77	476.758	6492	413659
477.07/477.10	477.085	6491	413793
485.67/485.73	485.72	6488	424419
485.87/485.96	485.948	6487	424423
500.57/500.68	500.665	6484	443063
506.58/506.69	506.68	6482	450834
521.42/521.48	521.47	6480	468504
523.88/523.90	523.892	6479	471273
524.60/524.70	524.688	6478	472005
543.97/544.06	544.048	6476	495883
550.67/550.75	550.732	6475	503989
550.99/551.12	551.103	6474	504158
554.29/554.33	554.32	6472	508087
554.47/554.57	554.556	6471	508100
579.60/579.65	579.632	6469	539639
581.47/581.50	581.486	6466	541690
603.57/603.63	603.611	6459	570666
614.58/614.69	614.671	6455	585482
614.98/615.07	615.052	6454	585675
615.78/615.89	615.875	6453	586387
645.97/646.08	646.063	6451	628174
662.77/662.87	662.857	6446	650368
665.97/666.05	666.031	6445	653914
666.27/666.37	666.352	6444	654039
666.50/666.59	666.578	6443	654044
669.27/669.31	669.298	6441	657103
670.07/670.16	670.148	6440	657836
752.77/752.80	752.781	6438	768913
753.77/753.81	753.795	6437	769866
757.07/757.17	757.146	6436	773491
761.67/761.78	761.761	6435	778697
773.37/773.48	773.457	6433	792658
840.47/840.54	840.518	6432	878607
847.87/847.93	847.911	6430	887461
929.39/929.45	929.423	6428	992654
945.66/945.73	945.706	6427	1014647
946.06/946.14	946.115	6426	1014850
946.46/946.55	946.523	6425	1014918
