4.48/4.59	4.59609	7561	0
4.78/4.89	4.88725	7560	1
5.08/5.18	5.18455	7559	3
5.39/5.47	5.47665	7558	4
5.68/5.77	5.76717	7556	10
5.98/6.06	6.05718	7554	11
6.28/6.34	6.34299	7553	12
6.60/6.63	6.62978	7552	14
6.88/6.92	6.9173	7551	16
7.18/7.20	7.20431	7548	20
7.48/7.50	7.50684	7547	26
7.78/7.80	7.79856	7546	27
7.98/8.08	8.07981	7544	29
8.28/8.35	8.34895	7542	30
8.58/8.62	8.6181	7541	32
8.88/8.90	8.89767	7540	37
9.08/9.16	9.16664	7539	38
9.38/9.44	9.4468	7538	39
9.68/9.72	9.72116	7536	42
9.90/9.99	9.99145	7534	44
10.18/10.26	10.2639	7533	45
10.48/10.54	10.5411	7532	49
10.78/10.82	10.8182	7531	50
11.08/11.10	11.1027	7530	54
11.28/11.39	11.3926	7529	55
11.58/11.68	11.6802	7528	56
11.88/11.96	11.9646	7527	57
12.18/12.29	12.2873	7526	58
12.58/12.67	12.6693	7525	59
12.98/13.04	13.0445	7524	60
13.28/13.38	13.3812	7523	61
13.58/13.67	13.6719	7522	75
13.88/13.95	13.9508	7521	79
14.19/14.22	14.2217	7520	80
14.48/14.51	14.5112	7519	85
14.78/14.80	14.8019	7518	86
15.08/15.10	15.0983	7517	90
15.48/15.51	15.5103	7516	101
15.78/15.80	15.8046	7515	103
15.98/16.07	16.0761	7513	104
16.28/16.35	16.3547	7512	106
16.58/16.63	16.6349	7511	107
16.88/16.91	16.9136	7510	108
17.08/17.19	17.1961	7506	114
17.38/17.48	17.4773	7505	115
17.78/17.80	17.7991	7504	116
18.08/18.18	18.1783	7503	121
18.48/18.53	18.5268	7502	122
18.78/18.82	18.8237	7501	123
19.18/19.20	19.2001	7500	124
19.48/19.50	19.5062	7498	131
19.79/19.88	19.8826	7497	134
20.08/20.17	20.175	7495	135
20.38/20.45	20.4549	7494	136
20.68/20.73	20.7266	7492	137
20.98/21.00	21.0008	7491	139
21.18/21.27	21.2733	7490	140
21.48/21.54	21.5449	7489	141
21.78/21.82	21.8166	7488	142
22.08/22.11	22.1104	7484	148
22.38/22.41	22.4104	7482	151
22.58/22.69	22.696	7481	152
22.99/23.03	23.0311	7478	160
23.28/23.33	23.3281	7476	162
23.58/23.61	23.6126	7475	163
23.78/23.88	23.8844	7474	164
24.09/24.17	24.1707	7472	165
24.38/24.45	24.454	7470	181
24.70/24.75	24.7507	7469	184
24.98/25.03	25.0342	7466	195
25.30/25.31	25.3126	7465	196
25.48/25.59	25.5866	7463	197
25.80/25.86	25.8596	7462	198
26.08/26.13	26.1322	7460	202
26.40/26.41	26.4146	7458	209
26.58/26.70	26.6965	7455	216
26.88/26.98	26.9798	7454	219
27.18/27.26	27.2567	7452	220
27.50/27.53	27.5323	7449	222
27.78/27.83	27.829	7447	228
28.08/28.10	28.1035	7444	235
28.28/28.37	28.3731	7443	236
28.60/28.64	28.6437	7442	238
28.88/28.93	28.9295	7440	244
29.18/29.22	29.219	7439	248
29.38/29.49	29.4949	7438	251
29.70/29.77	29.7688	7437	252
29.98/30.04	30.0432	7436	257
30.28/30.31	30.3154	7435	259
30.48/30.59	30.5893	7433	266
30.80/30.87	30.8712	7431	271
31.08/31.14	31.1422	7430	273
31.38/31.41	31.4118	7429	274
31.58/31.68	31.6818	7428	276
31.90/31.95	31.9521	7427	277
32.18/32.22	32.2219	7426	278
32.48/32.51	32.5132	7424	280
32.78/32.80	32.8018	7423	281
33.00/33.09	33.093	7422	283
33.28/33.38	33.3859	7421	287
33.58/33.67	33.6748	7419	295
33.88/33.95	33.9481	7418	299
34.18/34.22	34.2218	7417	300
34.38/34.49	34.4924	7416	303
34.68/34.78	34.7841	7415	312
34.98/35.09	35.0923	7414	313
35.38/35.40	35.3997	7412	330
35.68/35.72	35.7231	7411	332
36.08/36.10	36.0991	7410	333
36.39/36.46	36.4573	7409	334
36.69/36.76	36.7567	7407	336
36.99/37.03	37.0355	7406	337
37.19/37.30	37.3055	7405	338
37.49/37.59	37.595	7404	339
37.79/37.88	37.8791	7403	340
38.09/38.17	38.1728	7400	342
38.40/38.45	38.4468	7399	349
38.69/38.73	38.7294	7397	351
38.99/39.00	39.001	7396	352
39.19/39.28	39.2802	7395	356
39.50/39.58	39.5851	7388	376
39.79/39.87	39.8702	7387	379
40.09/40.14	40.1391	7386	381
40.39/40.42	40.4171	7383	383
40.60/40.70	40.7011	7382	387
40.99/41.02	41.0225	7381	388
41.29/41.32	41.3175	7378	391
41.49/41.58	41.582	7377	392
41.80/41.86	41.8608	7375	393
42.09/42.14	42.1453	7374	394
42.39/42.42	42.417	7373	395
42.69/42.70	42.6985	7371	401
42.90/42.98	42.985	7370	403
43.19/43.27	43.2711	7367	405
43.49/43.55	43.5543	7366	409
43.79/43.84	43.8428	7365	410
44.09/44.13	44.1294	7363	413
44.29/44.39	44.3936	7362	414
44.59/44.66	44.6585	7361	415
44.89/44.93	44.9314	7360	416
45.19/45.24	45.2371	7356	432
45.49/45.50	45.5011	7355	433
45.69/45.77	45.7731	7354	434
45.99/46.06	46.0581	7353	438
46.29/46.39	46.3955	7352	439
46.69/46.70	46.6991	7350	449
46.89/46.97	46.9688	7348	450
47.20/47.24	47.2455	7347	452
47.49/47.52	47.5172	7346	453
47.69/47.79	47.7891	7345	455
47.99/48.07	48.0703	7344	456
48.40/48.47	48.4706	7341	461
48.69/48.76	48.7641	7340	467
48.99/49.05	49.0461	7339	469
49.29/49.33	49.3286	7338	472
49.59/49.61	49.6134	7337	473
49.89/49.90	49.9055	7334	487
50.09/50.17	50.1747	7333	488
50.39/50.46	50.4657	7331	500
50.69/50.75	50.7461	7330	504
51.09/51.10	51.1025	7328	510
51.39/51.41	51.4065	7327	523
51.60/51.69	51.6937	7325	531
51.89/51.97	51.973	7322	543
52.19/52.26	52.2575	7320	549
52.49/52.54	52.5394	7318	554
52.80/52.81	52.8103	7317	559
52.99/53.07	53.0741	7316	561
53.29/53.35	53.3494	7314	574
53.59/53.61	53.6135	7313	575
53.80/53.88	53.8847	7311	577
54.09/54.15	54.1465	7310	578
54.39/54.42	54.4236	7308	579
54.69/54.71	54.7087	7307	583
54.90/54.99	54.9894	7305	585
55.19/55.27	55.27	7302	588
55.49/55.55	55.5509	7301	593
55.89/55.94	55.9405	7300	594
56.19/56.25	56.2535	7297	633
56.49/56.52	56.5235	7296	634
56.79/56.81	56.8087	7294	637
56.99/57.08	57.0808	7293	638
57.29/57.35	57.3533	7292	644
57.59/57.62	57.6213	7290	649
57.89/57.90	57.8971	7289	654
58.09/58.18	58.1829	7288	656
58.39/58.47	58.468	7287	657
58.69/58.78	58.7828	7286	659
59.09/59.15	59.1541	7285	661
59.40/59.44	59.4401	7283	665
59.69/59.71	59.7102	7282	666
59.89/59.99	59.9914	7280	682
60.19/60.25	60.2528	7279	683
60.50/60.51	60.5128	7277	684
60.79/60.80	60.8045	7276	696
61.09/61.10	61.0958	7274	705
61.29/61.37	61.3731	7273	706
61.60/61.66	61.6565	7272	708
61.89/61.95	61.9487	7271	724
62.19/62.26	62.2641	7270	725
62.49/62.55	62.5492	7269	726
62.79/62.82	62.8172	7268	727
63.09/63.12	63.1168	7266	756
63.39/63.41	63.4068	7265	764
63.59/63.68	63.684	7264	779
63.89/63.98	63.9793	7259	796
64.19/64.24	64.2436	7258	797
64.49/64.52	64.522	7257	800
64.69/64.79	64.7878	7256	801
64.99/65.06	65.0569	7254	803
65.29/65.34	65.3371	7253	805
65.59/65.62	65.6205	7252	806
65.79/65.89	65.8937	7251	808
66.09/66.15	66.1534	7250	809
66.39/66.43	66.429	7249	811
66.69/66.71	66.7133	7248	812
66.89/67.00	67.0018	7247	813
67.19/67.27	67.2717	7246	814
67.49/67.53	67.5316	7244	816
67.79/67.80	67.8004	7242	821
67.99/68.07	68.0658	7241	828
68.29/68.33	68.3351	7239	836
68.59/68.61	68.6078	7238	838
68.79/68.89	68.8931	7237	847
69.09/69.17	69.1712	7236	849
69.39/69.44	69.4376	7235	850
69.69/69.71	69.7132	7234	856
69.89/69.99	69.9895	7233	859
70.19/70.27	70.27	7230	877
70.49/70.54	70.5384	7229	882
70.79/70.82	70.8203	7228	883
71.09/71.10	71.0981	7227	884
71.29/71.39	71.3899	7226	888
71.59/71.67	71.6751	7225	893
71.89/71.95	71.9533	7223	916
72.19/72.23	72.2314	7221	923
72.49/72.51	72.5133	7219	933
72.69/72.79	72.7927	7218	944
72.99/73.07	73.0749	7217	945
73.29/73.35	73.3497	7216	946
73.59/73.62	73.6249	7215	947
73.79/73.88	73.8842	7214	948
74.09/74.16	74.1632	7213	949
74.39/74.43	74.4269	7212	951
74.59/74.69	74.6946	7211	952
74.89/74.97	74.9737	7209	973
75.19/75.23	75.2346	7208	974
75.49/75.50	75.499	7207	976
75.69/75.78	75.7792	7204	990
75.99/76.05	76.0461	7203	995
76.29/76.31	76.3121	7202	997
76.49/76.57	76.5735	7200	999
76.79/76.84	76.8448	7199	1000
77.09/77.11	77.114	7198	1001
77.29/77.39	77.3906	7196	1006
77.59/77.68	77.6805	7195	1012
77.99/78.06	78.0568	7193	1025
78.39/78.43	78.4317	7192	1026
78.79/78.82	78.8238	7190	1054
79.09/79.18	79.1778	7189	1061
79.39/79.47	79.469	7188	1075
79.69/79.74	79.7431	7187	1076
79.99/80.01	80.0089	7185	1079
80.19/80.28	80.2762	7184	1081
80.49/80.54	80.5352	7183	1084
80.79/80.81	80.8146	7182	1089
80.99/81.08	81.0816	7181	1090
81.30/81.38	81.375	7178	1118
81.69/81.75	81.753	7177	1128
81.99/82.04	82.0356	7176	1137
82.29/82.31	82.3128	7175	1139
82.49/82.58	82.5828	7174	1143
82.79/82.86	82.8585	7171	1154
83.09/83.13	83.134	7170	1156
83.39/83.42	83.4247	7169	1170
83.59/83.69	83.694	7166	1191
83.89/83.99	83.9882	7164	1225
84.19/84.25	84.2451	7163	1226
84.49/84.53	84.528	7161	1228
84.79/84.80	84.7979	7159	1233
84.99/85.06	85.055	7158	1234
85.29/85.33	85.3256	7157	1257
85.59/85.60	85.5981	7156	1264
85.89/85.97	85.9737	7154	1272
86.19/86.25	86.2541	7153	1273
86.49/86.54	86.5379	7152	1291
86.79/86.82	86.8196	7151	1296
86.99/87.09	87.0905	7148	1301
87.29/87.37	87.3652	7147	1304
87.59/87.64	87.6407	7145	1309
87.89/87.91	87.9135	7143	1310
88.09/88.20	88.1948	7142	1322
88.39/88.47	88.4669	7141	1326
88.69/88.73	88.7297	7140	1327
88.99/89.01	89.0078	7139	1328
89.29/89.30	89.3012	7135	1354
89.49/89.57	89.5659	7134	1356
89.79/89.83	89.8252	7133	1357
89.99/90.10	90.1028	7131	1358
90.29/90.38	90.3838	7130	1362
90.59/90.66	90.6613	7129	1384
90.89/90.92	90.9192	7128	1385
91.09/91.20	91.2009	7126	1386
91.39/91.48	91.4787	7125	1394
91.69/91.73	91.7336	7124	1395
91.99/92.01	92.0072	7121	1413
92.19/92.27	92.2669	7120	1414
92.49/92.54	92.5371	7119	1415
92.79/92.81	92.8108	7118	1419
92.99/93.07	93.0737	7115	1427
93.29/93.37	93.3688	7108	1476
93.59/93.63	93.6257	7107	1478
93.79/93.89	93.8873	7105	1485
94.09/94.15	94.1509	7104	1494
94.39/94.42	94.4161	7103	1507
94.59/94.68	94.6779	7102	1513
94.89/94.97	94.9667	7099	1531
95.19/95.23	95.226	7098	1532
95.49/95.51	95.5045	7097	1546
95.69/95.76	95.7576	7096	1547
95.99/96.04	96.0415	7095	1563
96.29/96.35	96.3446	7094	1601
96.59/96.60	96.6019	7093	1602
96.79/96.88	96.8807	7091	1609
97.09/97.17	97.1689	7087	1626
97.39/97.47	97.4663	7082	1670
97.69/97.72	97.7218	7081	1671
97.99/98.04	98.0405	7077	1751
98.29/98.32	98.3171	7075	1778
98.49/98.59	98.5929	7074	1806
98.79/98.87	98.8717	7073	1814
99.09/99.16	99.1593	7070	1830
99.39/99.44	99.4362	7069	1841
99.69/99.70	99.6961	7068	1845
99.89/99.97	99.9709	7065	1867
100.19/100.27	100.27	7063	1921
100.49/100.52	100.523	7062	1922
100.69/100.79	100.785	7060	1933
100.99/101.07	101.074	7057	1971
101.29/101.34	101.342	7056	1972
101.59/101.61	101.608	7055	1974
101.79/101.87	101.871	7054	1977
102.09/102.16	102.156	7053	2015
102.39/102.43	102.427	7052	2032
102.59/102.68	102.683	7051	2034
102.89/102.95	102.951	7050	2035
103.19/103.23	103.225	7049	2036
103.39/103.49	103.493	7048	2038
103.79/103.85	103.853	7046	2046
104.19/104.20	104.196	7043	2067
104.49/104.54	104.543	7040	2101
104.89/104.93	104.934	7035	2145
105.19/105.24	105.24	7034	2151
105.59/105.61	105.605	7025	2282
105.79/105.87	105.872	7024	2283
106.19/106.23	106.228	7022	2370
106.49/106.53	106.532	7019	2418
106.79/106.80	106.799	7018	2419
106.99/107.07	107.067	7017	2420
107.29/107.32	107.32	7016	2421
107.49/107.59	107.589	7015	2423
107.79/107.86	107.858	7014	2424
108.19/108.24	108.235	7007	2586
108.49/108.52	108.514	7005	2600
108.69/108.78	108.776	7004	2602
108.99/109.09	109.086	6998	2673
109.29/109.36	109.363	6997	2705
109.59/109.62	109.615	6996	2706
109.79/109.88	109.875	6995	2708
110.09/110.13	110.128	6994	2709
110.39/110.43	110.433	6991	2759
110.69/110.70	110.701	6989	2774
110.89/110.98	110.976	6986	2789
111.29/111.30	111.298	6985	2846
111.59/111.62	111.622	6982	2909
111.89/111.92	111.924	6978	2966
112.09/112.18	112.183	6977	2968
112.49/112.53	112.527	6974	3082
112.89/112.98	112.979	6966	3339
113.19/113.24	113.237	6965	3340
113.69/113.75	113.751	6960	3679
113.99/114.07	114.065	6958	3761
114.29/114.32	114.324	6957	3771
114.49/114.57	114.574	6956	3772
114.79/114.83	114.831	6955	3783
114.99/115.08	115.081	6954	3786
115.29/115.33	115.332	6953	3787
115.49/115.58	115.583	6952	3793
116.59/116.63	116.628	6944	4775
116.79/116.88	116.88	6943	4776
117.29/117.33	117.332	6936	5024
117.49/117.60	117.595	6935	5044
117.99/118.08	118.076	6928	5351
118.29/118.33	118.325	6927	5352
118.59/118.61	118.61	6926	5384
118.79/118.86	118.86	6925	5385
119.09/119.15	119.146	6922	5413
119.49/119.50	119.495	6920	5533
119.69/119.80	119.799	6917	5586
120.29/120.31	120.309	6913	5897
120.49/120.57	120.566	6912	5899
120.99/121.01	121.005	6908	6123
121.19/121.27	121.273	6907	6124
121.49/121.52	121.524	6906	6126
121.69/121.79	121.787	6905	6142
122.29/122.34	122.338	6901	6513
122.79/122.83	122.829	6896	6799
122.99/123.10	123.095	6895	6823
123.29/123.36	123.361	6894	6828
123.59/123.61	123.611	6893	6829
123.99/124.06	124.058	6888	7035
124.29/124.34	124.338	6887	7075
124.59/124.64	124.641	6886	7131
126.89/126.99	126.984	6874	9686
127.29/127.30	127.299	6871	9754
127.60/127.63	127.629	6868	9843
127.99/128.06	128.061	6866	10035
128.29/128.32	128.317	6865	10037
128.79/128.89	128.886	6861	10427
129.59/129.62	129.616	6855	11023
129.80/129.87	129.874	6854	11035
130.09/130.14	130.143	6853	11055
130.90/130.94	130.934	6850	11691
131.19/131.20	131.195	6847	11701
131.39/131.45	131.448	6846	11705
131.90/131.91	131.911	6841	11953
132.09/132.16	132.157	6840	11954
132.39/132.41	132.405	6839	11955
132.59/132.65	132.647	6838	11956
132.89/132.92	132.917	6837	11970
133.10/133.19	133.184	6836	11974
133.39/133.44	133.442	6835	11975
133.89/133.94	133.942	6830	12290
134.39/134.41	134.404	6829	12532
134.59/134.66	134.662	6828	12533
134.99/135.05	135.05	6826	12666
135.69/135.71	135.706	6822	13132
135.89/135.96	135.962	6821	13133
136.99/137.04	137.034	6815	14164
139.19/139.22	139.217	6809	16488
140.49/140.56	140.559	6804	17766
140.80/140.82	140.823	6803	17768
141.80/141.83	141.828	6798	18633
142.09/142.14	142.138	6797	18699
142.39/142.45	142.445	6795	18749
142.69/142.71	142.708	6794	18755
145.28/145.36	145.358	6787	21214
145.58/145.66	145.66	6786	21270
146.78/146.83	146.826	6780	22330
146.98/147.09	147.09	6779	22334
147.39/147.45	147.45	6775	22482
148.08/148.10	148.094	6772	22954
148.28/148.35	148.345	6771	22957
148.58/148.62	148.619	6770	22983
149.38/149.41	149.411	6765	23626
149.98/150.03	150.028	6761	23980
150.59/150.66	150.661	6755	24470
150.99/151.08	151.082	6754	24712
152.58/152.62	152.617	6750	26352
152.79/152.87	152.867	6749	26353
154.29/154.31	154.309	6745	27850
155.99/156.05	156.047	6742	29666
156.29/156.39	156.392	6741	29813
156.59/156.68	156.677	6740	29853
157.39/157.42	157.422	6738	30482
157.69/157.73	157.732	6737	30573
157.89/157.98	157.982	6736	30574
158.19/158.25	158.247	6734	30599
158.99/159.07	159.072	6726	31348
162.09/162.14	162.132	6717	34828
162.59/162.69	162.692	6715	35212
163.08/163.11	163.107	6713	35406
163.48/163.55	163.55	6711	35669
170.50/170.53	170.525	6698	44217
172.48/172.52	172.515	6695	46355
174.48/174.50	174.498	6689	48473
178.88/178.95	178.95	6683	53677
179.19/179.22	179.213	6682	53690
181.19/181.20	181.196	6677	55935
181.39/181.46	181.459	6676	55967
194.88/194.92	194.912	6667	72683
195.08/195.15	195.149	6665	72693
200.10/200.13	200.129	6656	78515
201.09/201.14	201.134	6654	79486
201.39/201.49	201.487	6653	79609
201.69/201.73	201.727	6652	79613
201.99/202.04	202.035	6651	79707
206.08/206.17	206.163	6646	84076
206.48/206.58	206.578	6645	84197
210.18/210.23	210.226	6637	88100
210.48/210.53	210.523	6635	88164
211.98/212.01	212	6633	89631
212.38/212.49	212.482	6632	89947
212.68/212.74	212.736	6631	89952
215.98/216.04	216.033	6625	93597
216.38/216.49	216.483	6624	93854
217.28/217.34	217.333	6622	94593
220.88/220.92	220.911	6618	98662
222.28/222.31	222.307	6616	100042
222.68/222.75	222.745	6615	100293
224.68/224.73	224.725	6611	102426
235.08/235.11	235.102	6606	115112
236.68/236.72	236.711	6602	116806
236.98/237.09	237.079	6600	116960
237.49/237.54	237.529	6597	117209
246.18/246.22	246.209	6593	126532
248.28/248.34	248.337	6589	128870
248.50/248.60	248.592	6588	128898
249.38/249.45	249.447	6586	129669
249.69/249.72	249.713	6585	129707
249.98/250.05	250.046	6583	129833
252.18/252.28	252.276	6579	132199
252.48/252.53	252.522	6578	132202
254.18/254.25	254.24	6576	133967
255.28/255.32	255.311	6575	134962
262.18/262.28	262.27	6571	142497
284.68/284.72	284.709	6567	168786
285.18/285.21	285.206	6566	169121
294.58/294.63	294.619	6561	180825
304.59/304.65	304.636	6557	194226
304.88/304.92	304.909	6556	194271
306.68/306.70	306.695	6553	196227
307.68/307.78	307.773	6550	197278
313.38/313.42	313.413	6548	204271
315.58/315.64	315.635	6547	206871
315.78/315.89	315.879	6546	206886
316.79/316.85	316.841	6544	207808
317.58/317.65	317.641	6543	208521
318.08/318.13	318.116	6542	208823
318.68/318.72	318.712	6541	209292
344.87/344.98	344.967	6537	239706
352.67/352.78	352.767	6528	248903
359.78/359.82	359.805	6525	256659
367.88/367.99	367.983	6522	265733
383.97/384.04	384.025	6518	284552
385.07/385.16	385.145	6516	285664
385.47/385.52	385.507	6515	285827
385.98/386.08	386.07	6514	286246
423.58/423.68	423.671	6510	330282
439.57/439.64	439.625	6502	348957
439.88/439.97	439.961	6501	349062
454.87/454.97	454.955	6497	367638
455.17/455.20	455.182	6496	367639
455.47/455.50	455.482	6495	367718
456.17/456.26	456.249	6494	368377
457.07/457.11	457.099	6493	369169
457.37/457.46	457.444	6492	369313
457.97/458.01	457.998	6491	369710
458.17/458.29	458.273	6490	369748
463.38/463.40	463.389	6486	375612
472.37/472.47	472.46	6484	386578
499.07/499.10	499.081	6480	416258
504.78/504.81	504.791	6477	421679
504.97/505.09	505.075	6476	421729
505.47/505.52	505.506	6475	421808
527.17/527.28	527.26	6471	448682
527.47/527.57	527.549	6470	448751
529.67/529.74	529.722	6466	451248
536.16/536.21	536.194	6465	459224
551.77/551.80	551.779	6462	478454
551.97/552.10	552.081	6461	478539
552.67/552.72	552.698	6460	478981
553.97/554.03	554.007	6459	480256
622.36/622.43	622.406	6458	566122
628.87/628.91	628.889	6456	573273
629.18/629.25	629.227	6455	573300
693.56/693.66	693.631	6449	653375
710.06/710.19	710.165	6446	674089
712.16/712.29	712.26	6444	676505
712.56/712.61	712.583	6443	676624
746.77/746.84	746.806	6440	722193
775.16/775.21	775.177	6439	759040
800.15/800.25	800.22	6435	790259
822.36/822.49	822.457	6433	818992
835.06/835.18	835.142	6430	834643
913.86/913.90	913.861	6428	935899
