4.68/4.73	4.73324	7565	0
4.98/5.00	4.99883	7563	1
5.18/5.27	5.27146	7562	2
5.49/5.54	5.54409	7560	4
5.78/5.81	5.81568	7559	6
5.98/6.09	6.09218	7558	7
6.28/6.36	6.3654	7557	9
6.59/6.63	6.63072	7556	10
6.88/6.90	6.90388	7554	11
7.08/7.19	7.1897	7552	24
7.38/7.46	7.46258	7550	27
7.69/7.74	7.74689	7549	31
7.98/8.04	8.03703	7548	35
8.28/8.33	8.32748	7547	36
8.58/8.61	8.61619	7546	37
8.89/8.91	8.9102	7544	46
9.08/9.19	9.19339	7543	47
9.38/9.47	9.46734	7541	53
9.68/9.73	9.7366	7540	54
9.99/10.01	10.0093	7539	55
10.18/10.28	10.2832	7538	59
10.48/10.55	10.5489	7537	62
10.78/10.82	10.824	7536	67
10.99/11.09	11.0954	7534	69
11.28/11.37	11.3706	7533	74
11.58/11.64	11.6418	7532	75
11.88/11.91	11.9107	7531	76
12.09/12.18	12.1829	7529	81
12.38/12.45	12.4485	7528	82
12.68/12.71	12.7142	7527	83
12.88/12.99	12.9907	7525	84
13.19/13.26	13.2594	7524	86
13.48/13.54	13.5367	7519	96
13.78/13.81	13.8075	7518	97
13.98/14.08	14.0804	7517	98
14.29/14.37	14.3731	7510	110
14.58/14.66	14.6606	7508	119
14.88/14.94	14.9419	7507	120
15.18/15.23	15.2312	7506	122
15.49/15.51	15.5132	7504	124
15.78/15.80	15.8032	7503	128
15.98/16.09	16.096	7501	135
16.28/16.38	16.3787	7500	137
16.59/16.66	16.6617	7499	139
16.88/16.94	16.9463	7498	140
17.18/17.23	17.2348	7497	141
17.48/17.52	17.5225	7496	142
17.78/17.81	17.811	7495	143
18.08/18.10	18.0982	7493	144
18.28/18.38	18.3865	7492	145
18.58/18.67	18.6697	7490	148
18.88/18.96	18.9607	7489	152
19.18/19.25	19.2473	7486	160
19.49/19.54	19.5389	7482	166
19.79/19.83	19.8272	7481	168
20.08/20.11	20.1128	7480	169
20.38/20.40	20.402	7478	172
20.59/20.68	20.6862	7477	174
20.89/20.97	20.9678	7476	177
21.18/21.26	21.2566	7475	180
21.48/21.54	21.5438	7473	181
21.78/21.83	21.8306	7472	182
22.09/22.11	22.1132	7470	186
22.38/22.40	22.4034	7468	191
22.58/22.68	22.6836	7467	192
22.88/22.97	22.9701	7465	193
23.19/23.26	23.2572	7464	194
23.48/23.55	23.5478	7462	199
23.78/23.83	23.8363	7461	202
24.08/24.11	24.1131	7460	208
24.29/24.39	24.3922	7459	213
24.58/24.67	24.6724	7458	215
24.88/24.95	24.9525	7457	216
25.18/25.24	25.2401	7456	218
25.48/25.52	25.5198	7454	220
25.78/25.81	25.8099	7451	225
25.98/26.10	26.0966	7448	228
26.28/26.38	26.3834	7447	230
26.58/26.67	26.6728	7445	235
26.88/26.96	26.9625	7444	236
27.19/27.25	27.2519	7443	240
27.49/27.54	27.5371	7442	241
27.78/27.82	27.8195	7441	245
28.08/28.11	28.1099	7439	252
28.29/28.39	28.391	7437	256
28.59/28.67	28.6694	7436	257
28.88/28.96	28.9592	7433	270
29.18/29.25	29.2466	7432	273
29.48/29.53	29.5315	7430	274
29.79/29.82	29.8193	7429	277
30.08/30.11	30.1062	7428	280
30.38/30.40	30.4012	7421	292
30.58/30.69	30.6887	7419	300
30.89/30.97	30.9662	7417	301
31.18/31.24	31.2385	7416	302
31.48/31.50	31.5043	7414	304
31.68/31.79	31.7923	7413	309
31.99/32.05	32.0532	7412	311
32.28/32.31	32.3138	7411	312
32.48/32.59	32.5864	7409	319
32.78/32.86	32.8644	7405	339
33.09/33.14	33.1434	7404	340
33.38/33.43	33.4283	7402	342
33.58/33.69	33.6932	7401	343
33.88/33.95	33.9553	7399	347
34.19/34.23	34.2278	7398	348
34.38/34.49	34.4914	7397	349
34.68/34.76	34.7573	7396	350
34.98/35.04	35.0443	7395	359
35.29/35.33	35.3337	7393	366
35.58/35.61	35.61	7392	367
35.78/35.89	35.8951	7390	370
36.08/36.18	36.1775	7389	371
36.39/36.45	36.4538	7388	372
36.68/36.73	36.7305	7387	373
36.98/37.02	37.0222	7384	385
37.28/37.31	37.3097	7383	390
37.49/37.59	37.5949	7382	395
37.78/37.89	37.8912	7381	410
38.08/38.17	38.1677	7380	411
38.38/38.46	38.4622	7376	425
38.68/38.75	38.7475	7375	427
38.98/39.03	39.0295	7374	428
39.29/39.31	39.3079	7373	432
39.48/39.59	39.5903	7372	433
39.78/39.88	39.8793	7371	440
40.08/40.15	40.1467	7370	441
40.39/40.42	40.4194	7368	452
40.58/40.69	40.6937	7367	454
40.88/40.97	40.9715	7366	458
41.18/41.26	41.2643	7365	476
41.48/41.54	41.5452	7364	477
41.79/41.82	41.8208	7363	479
41.98/42.08	42.0853	7362	481
42.28/42.37	42.369	7361	493
42.58/42.65	42.6504	7359	497
42.89/42.94	42.9375	7357	511
43.18/43.20	43.2002	7354	514
43.38/43.47	43.4659	7353	515
43.68/43.73	43.7336	7352	516
43.99/44.01	44.0148	7351	517
44.18/44.29	44.29	7350	518
44.48/44.57	44.5727	7348	521
44.78/44.85	44.8556	7347	529
45.09/45.13	45.1351	7345	532
45.38/45.42	45.4196	7344	537
45.68/45.70	45.6973	7343	538
45.88/45.96	45.9624	7341	544
46.19/46.23	46.2346	7339	551
46.48/46.50	46.5032	7337	552
46.68/46.77	46.7694	7336	554
46.98/47.04	47.0403	7335	555
47.18/47.30	47.2976	7334	556
47.48/47.56	47.5565	7333	559
47.78/47.84	47.8376	7332	560
48.08/48.11	48.1119	7331	562
48.28/48.39	48.3919	7330	564
48.58/48.67	48.6657	7329	565
48.88/48.95	48.9486	7328	573
49.18/49.23	49.2344	7326	580
49.50/49.51	49.5085	7325	582
49.69/49.78	49.7822	7324	584
49.99/50.05	50.046	7323	587
50.29/50.32	50.3197	7322	610
50.49/50.59	50.5944	7321	611
50.79/50.87	50.874	7320	618
51.09/51.14	51.1429	7319	633
51.39/51.40	51.402	7318	636
51.59/51.66	51.6591	7317	638
51.89/51.94	51.9421	7315	643
52.19/52.21	52.212	7313	645
52.39/52.48	52.4808	7309	656
52.69/52.74	52.7379	7308	658
52.90/52.99	52.9938	7307	659
53.19/53.27	53.2726	7306	662
53.49/53.54	53.5415	7305	671
53.79/53.80	53.8022	7304	672
54.00/54.08	54.0811	7303	673
54.29/54.36	54.3565	7301	674
54.59/54.63	54.6318	7300	675
54.89/54.91	54.9126	7299	677
55.10/55.19	55.1947	7294	685
55.39/55.47	55.4737	7292	687
55.69/55.77	55.7731	7288	712
55.99/56.06	56.0563	7287	719
56.29/56.34	56.3361	7286	722
56.59/56.61	56.6153	7285	725
56.79/56.89	56.8885	7282	726
57.09/57.17	57.1671	7280	728
57.39/57.47	57.4699	7276	756
57.69/57.74	57.7445	7275	758
57.99/58.02	58.0228	7274	759
58.19/58.30	58.3032	7273	762
58.49/58.59	58.5894	7271	772
58.79/58.87	58.8692	7269	774
59.09/59.15	59.148	7266	781
59.40/59.43	59.426	7265	782
59.69/59.71	59.7058	7264	791
59.89/59.98	59.983	7263	792
60.19/60.26	60.2642	7260	796
60.50/60.54	60.5416	7259	797
60.79/60.82	60.8167	7258	799
61.09/61.10	61.1011	7257	809
61.29/61.37	61.3733	7256	812
61.60/61.64	61.6439	7255	813
61.89/61.92	61.9237	7254	816
62.19/62.20	62.1973	7253	818
62.39/62.46	62.4609	7251	825
62.70/62.72	62.7208	7250	826
62.89/62.99	62.993	7249	829
63.19/63.28	63.2831	7245	845
63.49/63.56	63.5553	7244	849
63.80/63.82	63.8218	7243	850
63.99/64.09	64.0949	7241	852
64.29/64.37	64.3748	7240	857
64.59/64.65	64.6513	7239	866
64.90/64.92	64.9229	7238	868
65.19/65.20	65.1963	7237	869
65.39/65.47	65.4658	7236	870
65.69/65.74	65.7442	7233	881
66.00/66.01	66.0134	7232	882
66.19/66.28	66.2837	7231	883
66.49/66.56	66.5556	7230	884
66.79/66.82	66.8197	7227	891
66.99/67.09	67.094	7225	893
67.29/67.36	67.3574	7224	894
67.59/67.62	67.6173	7223	897
67.79/67.88	67.8779	7221	900
68.09/68.15	68.148	7218	920
68.39/68.41	68.4057	7217	923
68.59/68.66	68.6589	7216	925
68.89/68.92	68.9178	7215	931
69.09/69.18	69.1756	7214	932
69.39/69.45	69.4456	7213	938
69.69/69.72	69.7224	7212	941
69.99/70.00	70.0048	7210	962
70.19/70.26	70.26	7209	963
70.49/70.53	70.5262	7208	964
70.79/70.80	70.8019	7207	965
70.99/71.06	71.0567	7205	968
71.29/71.32	71.3161	7204	970
71.49/71.58	71.5806	7202	987
71.79/71.85	71.8478	7201	1000
72.09/72.10	72.0998	7200	1002
72.29/72.38	72.3833	7198	1027
72.59/72.65	72.6501	7196	1033
72.89/72.90	72.9041	7195	1034
73.19/73.20	73.1978	7192	1086
73.39/73.46	73.4619	7191	1087
73.69/73.72	73.7191	7190	1088
73.89/73.99	73.993	7188	1106
74.19/74.26	74.2572	7185	1116
74.49/74.52	74.5201	7184	1119
74.69/74.78	74.7774	7183	1120
74.99/75.04	75.0381	7181	1127
75.29/75.30	75.296	7180	1129
75.49/75.56	75.5582	7179	1131
75.79/75.82	75.8237	7178	1133
75.99/76.09	76.0869	7176	1142
76.29/76.35	76.3464	7175	1145
76.59/76.60	76.5968	7174	1147
76.79/76.87	76.8696	7170	1171
77.09/77.14	77.1368	7169	1172
77.39/77.42	77.416	7167	1187
77.59/77.68	77.684	7166	1189
77.89/77.95	77.9547	7165	1195
78.19/78.21	78.2147	7164	1196
78.39/78.47	78.4667	7163	1197
78.69/78.72	78.7204	7162	1198
78.99/79.00	79.0023	7160	1209
79.19/79.28	79.2763	7159	1210
79.49/79.56	79.5646	7157	1230
79.79/79.84	79.8385	7156	1231
80.09/80.11	80.1105	7155	1232
80.29/80.38	80.3802	7154	1233
80.59/80.63	80.6299	7152	1234
80.89/80.90	80.9033	7151	1248
81.09/81.17	81.1672	7149	1259
81.39/81.43	81.433	7146	1260
81.69/81.70	81.7047	7145	1266
81.89/81.99	81.9913	7144	1282
82.19/82.25	82.2472	7143	1283
82.49/82.52	82.5223	7141	1294
82.79/82.80	82.8021	7139	1303
83.09/83.10	83.1013	7137	1336
83.29/83.38	83.3782	7136	1342
83.59/83.65	83.651	7134	1345
83.89/83.94	83.9368	7132	1362
84.19/84.21	84.2109	7130	1373
84.39/84.47	84.4691	7129	1386
84.69/84.73	84.7289	7127	1397
84.99/85.00	84.9952	7126	1399
85.19/85.26	85.261	7125	1409
85.49/85.53	85.5273	7124	1427
85.69/85.79	85.7879	7123	1430
85.99/86.04	86.0402	7122	1435
86.29/86.31	86.3064	7121	1437
86.49/86.57	86.5703	7120	1438
86.79/86.85	86.8532	7116	1476
87.09/87.11	87.1105	7114	1482
87.29/87.37	87.3719	7113	1490
87.59/87.65	87.6457	7112	1504
87.89/87.94	87.9406	7108	1541
88.19/88.20	88.2043	7104	1562
88.39/88.46	88.4615	7103	1568
88.69/88.71	88.7101	7102	1569
88.89/88.97	88.9687	7101	1580
89.19/89.22	89.2224	7100	1585
89.39/89.48	89.4774	7098	1588
89.69/89.74	89.7419	7097	1607
89.99/90.00	89.9976	7096	1618
90.19/90.25	90.2509	7095	1619
90.49/90.51	90.5054	7093	1622
90.69/90.78	90.7784	7091	1646
90.99/91.06	91.0551	7088	1678
91.29/91.32	91.316	7087	1690
91.49/91.59	91.589	7085	1695
91.79/91.88	91.8812	7082	1722
92.09/92.14	92.1443	7081	1723
92.39/92.42	92.4147	7080	1724
92.59/92.69	92.6881	7077	1735
92.89/92.96	92.9598	7076	1739
93.19/93.22	93.2229	7075	1740
93.39/93.49	93.4939	7074	1742
93.69/93.76	93.7628	7073	1750
93.99/94.04	94.0386	7072	1759
94.29/94.34	94.3401	7069	1798
94.59/94.61	94.6115	7068	1803
94.79/94.88	94.8757	7067	1805
95.09/95.13	95.1302	7066	1812
95.29/95.38	95.38	7065	1813
95.59/95.63	95.6286	7064	1814
95.89/95.91	95.9131	7060	1861
96.09/96.16	96.161	7059	1862
96.39/96.42	96.4178	7057	1874
96.59/96.68	96.6744	7056	1885
96.89/96.95	96.9494	7051	1909
97.19/97.22	97.2199	7050	1912
97.39/97.49	97.4889	7049	1914
97.69/97.75	97.7482	7047	1915
97.99/98.00	98.0034	7046	1925
98.19/98.25	98.2526	7045	1927
98.49/98.52	98.5208	7043	1934
98.69/98.79	98.7908	7042	1936
98.99/99.07	99.0646	7041	1943
99.29/99.37	99.3659	7036	1980
99.59/99.65	99.65	7033	2000
99.89/99.92	99.9221	7031	2006
100.19/100.23	100.23	7026	2072
100.49/100.50	100.5	7025	2089
100.69/100.78	100.775	7024	2104
100.99/101.08	101.078	7022	2144
101.29/101.33	101.328	7021	2147
101.49/101.58	101.584	7020	2148
101.79/101.85	101.854	7019	2151
102.09/102.15	102.151	7015	2195
102.39/102.42	102.418	7014	2196
102.69/102.73	102.732	7013	2251
102.89/102.99	102.991	7012	2264
103.19/103.24	103.237	7011	2265
103.49/103.53	103.527	7008	2303
103.79/103.80	103.797	7007	2307
103.99/104.06	104.056	7006	2308
104.29/104.31	104.306	7005	2309
104.49/104.56	104.56	7004	2311
104.79/104.83	104.829	7003	2322
105.09/105.15	105.149	6999	2395
105.39/105.42	105.419	6998	2400
105.69/105.77	105.766	6995	2497
105.99/106.05	106.045	6994	2514
106.29/106.36	106.361	6992	2574
106.59/106.62	106.619	6991	2575
106.79/106.88	106.878	6990	2593
107.19/107.20	107.195	6986	2678
107.39/107.44	107.437	6984	2679
107.69/107.75	107.751	6981	2770
107.99/108.01	108.008	6980	2772
108.19/108.27	108.272	6977	2798
108.49/108.53	108.525	6976	2805
108.69/108.77	108.77	6975	2806
108.99/109.03	109.031	6974	2820
109.19/109.28	109.28	6973	2821
109.49/109.53	109.528	6972	2824
109.69/109.79	109.79	6971	2836
109.99/110.04	110.041	6970	2838
110.29/110.37	110.366	6967	2918
110.59/110.65	110.654	6966	2954
110.89/110.92	110.915	6965	2972
111.19/111.29	111.287	6964	3115
111.59/111.63	111.632	6962	3235
112.09/112.14	112.137	6955	3544
112.39/112.41	112.405	6954	3572
112.79/112.80	112.797	6948	3758
112.99/113.08	113.079	6947	3806
113.29/113.34	113.336	6946	3809
113.49/113.59	113.585	6945	3810
113.79/113.84	113.843	6944	3824
113.99/114.09	114.089	6943	3825
114.39/114.41	114.413	6939	3906
114.59/114.66	114.659	6938	3907
114.89/114.92	114.922	6937	3908
115.19/115.24	115.243	6933	3978
115.49/115.51	115.506	6932	3979
115.79/115.81	115.809	6931	4029
116.09/116.14	116.138	6925	4137
116.29/116.38	116.38	6924	4138
116.59/116.70	116.697	6923	4234
116.99/117.00	117.003	6920	4292
117.29/117.30	117.299	6918	4332
117.49/117.57	117.566	6917	4338
117.79/117.84	117.835	6915	4344
118.09/118.11	118.109	6913	4357
118.29/118.37	118.373	6912	4359
118.59/118.66	118.656	6911	4391
118.89/118.98	118.979	6909	4462
119.19/119.24	119.236	6908	4463
119.49/119.57	119.57	6905	4548
119.79/119.84	119.842	6904	4561
120.09/120.12	120.115	6903	4574
120.39/120.40	120.401	6899	4601
120.59/120.66	120.657	6898	4602
120.89/120.98	120.976	6896	4674
121.19/121.24	121.238	6895	4675
121.49/121.56	121.555	6894	4744
121.89/121.90	121.9	6893	4836
122.09/122.17	122.174	6892	4852
122.39/122.44	122.435	6891	4853
122.59/122.69	122.686	6890	4862
122.89/122.93	122.932	6889	4864
123.19/123.28	123.282	6885	4999
123.49/123.56	123.557	6884	5040
123.89/123.91	123.913	6881	5174
124.09/124.17	124.172	6880	5177
124.49/124.56	124.559	6874	5350
124.79/124.82	124.822	6872	5381
125.09/125.15	125.151	6871	5480
125.39/125.44	125.435	6870	5510
125.59/125.69	125.69	6869	5511
125.99/126.02	126.022	6866	5594
126.29/126.36	126.358	6865	5677
126.59/126.62	126.618	6864	5678
126.89/126.95	126.946	6862	5755
127.39/127.49	127.491	6859	6101
127.79/127.80	127.795	6857	6164
128.09/128.12	128.12	6855	6242
128.29/128.38	128.38	6854	6243
128.59/128.66	128.659	6853	6275
128.89/128.94	128.938	6851	6303
129.59/129.66	129.659	6844	6860
130.19/130.29	130.286	6841	7297
130.59/130.63	130.629	6838	7403
130.90/130.95	130.951	6834	7472
131.19/131.22	131.219	6833	7483
131.49/131.50	131.502	6832	7514
131.69/131.76	131.763	6830	7516
132.00/132.06	132.059	6829	7561
132.29/132.39	132.389	6827	7648
133.79/133.81	133.809	6820	9026
133.99/134.07	134.069	6819	9030
136.39/136.44	136.442	6812	11565
136.68/136.70	136.698	6811	11568
137.28/137.36	137.362	6806	12061
137.59/137.63	137.63	6803	12095
137.78/137.89	137.884	6802	12096
138.08/138.14	138.14	6801	12105
138.78/138.88	138.874	6796	12677
139.08/139.18	139.178	6795	12754
139.58/139.65	139.649	6791	13014
139.88/139.93	139.925	6790	13039
141.58/141.62	141.614	6785	14787
141.89/141.92	141.918	6783	14858
142.08/142.16	142.153	6782	14859
142.38/142.43	142.432	6780	14903
142.68/142.70	142.701	6779	14945
142.99/143.04	143.04	6778	15058
144.19/144.29	144.288	6774	16326
144.48/144.53	144.533	6773	16327
145.08/145.10	145.099	6769	16698
145.29/145.38	145.379	6768	16728
146.08/146.15	146.153	6764	17361
146.48/146.53	146.528	6762	17540
146.78/146.83	146.827	6761	17616
146.98/147.06	147.061	6760	17617
149.19/149.24	149.239	6752	20082
150.79/150.84	150.839	6743	21815
151.09/151.17	151.17	6742	21932
151.59/151.63	151.623	6740	22206
152.99/153.04	153.038	6734	23675
154.19/154.28	154.279	6729	24878
154.59/154.66	154.661	6727	25043
154.89/154.95	154.949	6725	25095
157.48/157.56	157.555	6720	28097
160.70/160.75	160.747	6716	31718
163.29/163.35	163.35	6708	34671
163.59/163.61	163.605	6707	34673
163.90/163.92	163.922	6706	34752
165.59/165.68	165.681	6701	36544
165.99/166.04	166.034	6699	36683
167.48/167.56	167.554	6693	38210
169.18/169.26	169.258	6688	39947
169.78/169.90	169.892	6683	40403
173.28/173.36	173.361	6679	44254
176.09/176.18	176.175	6674	47424
177.09/177.20	177.195	6669	48432
178.08/178.18	178.172	6666	49327
178.58/178.64	178.639	6665	49611
179.08/179.19	179.187	6663	50023
180.39/180.46	180.452	6661	51313
181.69/181.73	181.729	6659	52603
181.99/182.09	182.084	6658	52733
182.29/182.32	182.321	6657	52736
183.98/184.01	184.004	6654	54504
184.68/184.78	184.781	6650	55141
184.98/185.03	185.031	6649	55142
185.59/185.61	185.61	6647	55530
185.78/185.86	185.855	6646	55531
189.08/189.12	189.116	6637	59163
192.78/192.81	192.81	6631	63532
193.18/193.21	193.208	6629	63741
193.48/193.55	193.545	6628	63873
197.69/197.79	197.786	6626	68869
198.69/198.76	198.752	6625	69733
199.69/199.72	199.72	6622	70582
201.18/201.23	201.225	6619	72062
201.48/201.59	201.586	6616	72229
213.69/213.74	213.731	6609	87590
214.19/214.27	214.264	6607	87931
214.50/214.52	214.514	6606	87933
217.90/217.92	217.918	6599	91679
220.39/220.45	220.443	6595	94369
220.69/220.71	220.707	6594	94392
223.69/223.77	223.765	6590	97764
223.99/224.03	224.03	6589	97796
224.29/224.34	224.337	6588	97890
225.09/225.14	225.138	6586	98559
226.49/226.56	226.558	6583	99992
234.88/234.98	234.971	6576	110045
242.09/242.14	242.132	6571	118831
249.09/249.15	249.141	6568	127266
252.09/252.18	252.174	6566	130735
253.88/253.93	253.922	6563	132683
258.08/258.11	258.104	6560	137706
258.28/258.35	258.343	6559	137723
258.68/258.70	258.698	6558	137871
259.69/259.71	259.709	6556	138785
259.98/260.01	260.002	6555	138843
260.18/260.25	260.242	6554	138844
279.28/279.35	279.34	6551	162825
279.58/279.61	279.607	6550	162847
283.89/283.94	283.935	6546	167761
284.18/284.24	284.231	6545	167821
284.58/284.62	284.617	6544	168016
288.38/288.40	288.39	6542	172428
301.49/301.58	301.577	6535	188606
301.78/301.86	301.857	6534	188642
310.58/310.66	310.657	6531	199195
310.88/310.94	310.93	6530	199231
328.59/328.61	328.606	6528	221119
328.89/328.98	328.975	6527	221261
334.28/334.40	334.389	6524	227790
337.88/337.96	337.951	6523	231943
351.78/351.88	351.874	6520	249061
357.98/358.02	358.008	6517	256328
358.18/358.25	358.246	6516	256340
373.48/373.53	373.522	6515	275260
373.68/373.77	373.764	6514	275278
408.98/409.02	409.011	6509	318581
417.98/418.06	418.047	6507	329366
418.38/418.48	418.473	6506	329593
418.98/419.04	419.03	6505	329989
426.48/426.54	426.526	6502	339067
428.37/428.45	428.437	6501	341278
428.77/428.87	428.864	6499	341516
435.08/435.14	435.126	6498	349135
458.18/458.22	458.207	6493	381604
458.69/458.77	458.763	6491	382031
460.28/460.39	460.381	6487	383813
486.18/486.23	486.219	6486	415840
488.38/488.50	488.49	6485	418464
504.58/504.67	504.656	6478	438782
510.28/510.32	510.313	6474	445544
510.68/510.75	510.735	6473	445762
510.98/511.02	511.011	6471	445828
519.48/519.51	519.502	6470	456479
521.08/521.17	521.159	6469	458134
529.27/529.35	529.339	6467	468593
529.57/529.69	529.681	6466	468721
544.48/544.52	544.503	6464	487452
544.67/544.74	544.726	6463	487453
546.07/546.16	546.149	6460	488915
550.18/550.28	550.269	6456	493609
551.19/551.29	551.281	6455	494504
564.68/564.76	564.742	6452	510919
591.38/591.48	591.466	6449	544106
592.28/592.35	592.338	6448	544938
623.07/623.14	623.124	6446	585870
623.68/623.78	623.763	6444	586381
658.47/658.59	658.572	6443	632391
680.77/680.83	680.817	6441	660806
681.47/681.56	681.546	6440	661447
685.28/685.36	685.34	6436	665931
847.17/847.24	847.215	6434	877606
857.37/857.47	857.446	6433	889777
874.07/874.18	874.16	6431	910704
886.46/886.50	886.48	6430	926012
971.57/971.66	971.632	6428	1034538
973.27/973.33	973.311	6427	1036375
982.46/982.59	982.569	6426	1047598
983.26/983.36	983.333	6425	1048206
