4.49/4.52	4.5232	7613	0
4.69/4.79	4.7951	7612	1
4.99/5.07	5.06679	7611	2
5.29/5.34	5.33773	7610	3
5.59/5.61	5.60839	7609	4
5.79/5.88	5.87972	7608	7
6.09/6.15	6.15451	7604	12
6.39/6.43	6.43235	7603	21
6.69/6.71	6.71349	7602	22
6.89/6.98	6.98354	7601	23
7.19/7.25	7.25434	7600	24
7.49/7.53	7.52676	7597	28
7.79/7.80	7.79779	7596	29
7.99/8.07	8.0705	7594	33
8.29/8.34	8.34408	7592	39
8.59/8.62	8.61727	7591	40
8.79/8.89	8.88953	7590	42
9.09/9.16	9.16013	7589	43
9.39/9.43	9.42978	7588	44
9.69/9.70	9.70299	7587	48
9.89/9.98	9.97958	7583	58
10.19/10.25	10.2505	7582	59
10.49/10.52	10.52	7581	60
10.69/10.79	10.7916	7580	61
10.99/11.06	11.0623	7579	62
11.29/11.33	11.3322	7578	63
11.59/11.62	11.6235	7575	70
11.89/11.91	11.908	7574	72
12.09/12.19	12.1928	7572	73
12.39/12.46	12.4623	7571	74
12.69/12.74	12.7457	7568	77
12.99/13.03	13.0303	7567	80
13.29/13.31	13.315	7566	81
13.59/13.60	13.5994	7565	82
13.79/13.89	13.8912	7564	83
14.09/14.18	14.1783	7563	87
14.39/14.46	14.4628	7562	89
14.69/14.75	14.7544	7561	90
14.99/15.04	15.0382	7560	91
15.29/15.31	15.3073	7559	92
15.49/15.58	15.5796	7558	97
15.79/15.85	15.8499	7557	99
16.09/16.12	16.1191	7555	100
16.29/16.39	16.3903	7554	104
16.59/16.67	16.6678	7552	106
16.89/16.96	16.9595	7551	107
17.19/17.24	17.2457	7550	108
17.49/17.54	17.5364	7549	109
17.79/17.82	17.8261	7547	110
18.09/18.11	18.1085	7545	111
18.29/18.38	18.383	7544	112
18.59/18.65	18.6527	7543	115
18.89/18.92	18.9207	7542	117
19.09/19.19	19.1882	7541	118
19.39/19.45	19.4555	7539	119
19.69/19.73	19.7316	7536	130
19.99/20.00	20.0027	7535	137
20.19/20.27	20.2742	7534	141
20.49/20.54	20.5428	7533	142
20.79/20.81	20.8113	7531	143
20.99/21.08	21.0798	7530	144
21.29/21.35	21.3468	7529	145
21.59/21.61	21.615	7528	146
21.79/21.88	21.8829	7527	148
22.09/22.15	22.1504	7526	149
22.39/22.42	22.4176	7525	150
22.59/22.68	22.6857	7524	152
22.89/22.95	22.9546	7523	156
23.19/23.22	23.2227	7521	158
23.39/23.49	23.4891	7520	159
23.69/23.76	23.7574	7519	160
23.99/24.02	24.0259	7518	162
24.19/24.29	24.2959	7517	164
24.49/24.56	24.5649	7516	167
24.79/24.84	24.845	7515	168
25.09/25.12	25.1171	7514	174
25.29/25.39	25.3865	7512	179
25.59/25.65	25.6552	7510	182
25.89/25.92	25.9237	7508	186
26.09/26.19	26.1925	7507	189
26.39/26.46	26.4615	7506	194
26.69/26.73	26.7313	7505	199
26.99/27.00	27.0002	7504	202
27.19/27.27	27.2682	7503	204
27.49/27.53	27.5358	7502	206
27.79/27.80	27.8026	7501	207
27.99/28.07	28.075	7499	214
28.29/28.34	28.3415	7498	215
28.59/28.61	28.6111	7497	216
28.79/28.89	28.8942	7496	217
29.09/29.18	29.1857	7494	230
29.39/29.45	29.4508	7493	231
29.69/29.72	29.7173	7492	232
29.89/29.98	29.9835	7491	234
30.19/30.25	30.2502	7489	236
30.49/30.52	30.5173	7488	240
30.70/30.78	30.7837	7487	241
30.99/31.05	31.0514	7486	242
31.29/31.32	31.3186	7485	243
31.59/31.60	31.6005	7484	244
31.80/31.89	31.8898	7482	246
32.09/32.18	32.1788	7480	251
32.39/32.45	32.4533	7479	253
32.69/32.72	32.7206	7477	255
32.90/32.99	32.9886	7476	260
33.19/33.26	33.2563	7475	263
33.49/33.52	33.524	7474	269
33.69/33.79	33.7915	7472	271
34.00/34.06	34.0575	7471	272
34.29/34.32	34.3221	7470	273
34.49/34.59	34.5882	7469	274
34.79/34.85	34.8527	7468	275
35.10/35.12	35.1194	7467	277
35.29/35.38	35.3843	7466	278
35.59/35.65	35.6498	7465	279
35.89/35.91	35.9143	7464	280
36.09/36.18	36.1817	7463	282
36.39/36.45	36.4486	7461	285
36.69/36.71	36.7138	7460	286
36.89/36.98	36.9772	7459	287
37.19/37.25	37.2471	7458	293
37.49/37.51	37.5103	7457	294
37.69/37.78	37.7762	7456	296
37.99/38.04	38.0413	7455	299
38.29/38.30	38.3045	7454	300
38.50/38.58	38.5812	7451	309
38.79/38.84	38.8451	7450	311
39.09/39.11	39.1112	7448	313
39.29/39.37	39.3755	7447	314
39.60/39.64	39.6408	7446	315
39.89/39.90	39.9047	7445	316
40.09/40.17	40.1689	7444	317
40.39/40.43	40.4327	7443	318
40.60/40.70	40.7015	7442	323
40.89/40.98	40.9766	7441	328
41.19/41.25	41.2539	7440	331
41.49/41.52	41.5159	7439	332
41.70/41.78	41.7798	7438	333
41.99/42.05	42.0503	7437	342
42.29/42.31	42.3125	7436	343
42.49/42.57	42.5756	7435	344
42.80/42.84	42.8398	7434	346
43.09/43.11	43.1064	7432	349
43.29/43.37	43.3701	7431	351
43.59/43.64	43.6367	7430	355
43.79/43.90	43.9009	7429	357
44.09/44.17	44.1723	7428	368
44.39/44.44	44.4396	7427	373
44.69/44.72	44.7201	7424	383
44.89/44.98	44.983	7423	385
45.19/45.26	45.2601	7421	404
45.49/45.52	45.5239	7419	406
45.69/45.79	45.7882	7418	408
45.99/46.07	46.0666	7414	430
46.29/46.33	46.3329	7413	436
46.59/46.60	46.5995	7412	440
46.79/46.86	46.8619	7411	441
47.09/47.12	47.1255	7410	442
47.30/47.39	47.3909	7408	446
47.59/47.66	47.6568	7407	451
47.89/47.92	47.9194	7406	452
48.09/48.18	48.1825	7405	454
48.40/48.45	48.4457	7402	457
48.69/48.71	48.7088	7400	458
48.89/48.98	48.984	7397	476
49.19/49.25	49.252	7396	482
49.50/49.52	49.5201	7395	490
49.69/49.78	49.7829	7394	491
49.99/50.05	50.0463	7393	492
50.29/50.31	50.3088	7392	494
50.50/50.57	50.5732	7391	498
50.79/50.83	50.8348	7390	499
51.09/51.10	51.0966	7389	500
51.29/51.36	51.3586	7388	501
51.60/51.63	51.6291	7387	513
51.79/51.89	51.8903	7386	514
52.09/52.16	52.1599	7384	522
52.39/52.42	52.4209	7383	523
52.59/52.69	52.6887	7382	530
52.89/52.96	52.9562	7381	538
53.19/53.24	53.2411	7379	541
53.49/53.52	53.5247	7378	543
53.80/53.81	53.8085	7377	544
53.99/54.09	54.0897	7376	551
54.29/54.37	54.3653	7375	553
54.59/54.66	54.6563	7373	562
54.90/54.94	54.9392	7372	563
55.19/55.22	55.2243	7370	565
55.49/55.51	55.5079	7368	577
55.69/55.78	55.784	7367	578
56.00/56.06	56.0633	7366	580
56.29/56.34	56.3432	7365	584
56.59/56.62	56.6203	7364	586
56.89/56.90	56.9019	7360	594
57.10/57.19	57.1887	7359	599
57.39/57.46	57.4634	7358	601
57.69/57.74	57.743	7356	602
57.99/58.02	58.0224	7355	603
58.30/58.30	58.3052	7354	604
58.49/58.58	58.5835	7352	605
58.79/58.87	58.8687	7350	609
59.09/59.14	59.1432	7349	610
59.40/59.42	59.4182	7348	611
59.69/59.70	59.7013	7347	613
59.89/59.98	59.9785	7344	617
60.19/60.25	60.2541	7343	618
60.50/60.52	60.5164	7342	619
60.69/60.78	60.7779	7341	622
60.99/61.04	61.0432	7340	629
61.29/61.31	61.3076	7338	636
61.50/61.57	61.5725	7336	641
61.79/61.83	61.8345	7335	645
62.09/62.10	62.0961	7334	648
62.29/62.36	62.3569	7333	651
62.60/62.62	62.6175	7332	653
62.79/62.88	62.88	7328	658
63.09/63.14	63.1399	7327	659
63.39/63.40	63.4034	7326	665
63.59/63.67	63.6727	7324	675
63.89/63.93	63.9311	7323	676
64.09/64.19	64.1922	7322	678
64.39/64.47	64.4678	7319	702
64.69/64.73	64.7348	7317	709
64.90/64.99	64.9947	7316	711
65.19/65.26	65.2559	7314	713
65.49/65.52	65.5235	7313	719
65.69/65.79	65.7858	7311	724
66.00/66.05	66.0457	7310	726
66.29/66.30	66.3044	7309	727
66.49/66.56	66.564	7308	728
66.79/66.82	66.8236	7307	731
67.00/67.08	67.0832	7306	733
67.29/67.34	67.3424	7305	734
67.59/67.60	67.6039	7303	738
67.79/67.87	67.8705	7302	750
68.10/68.13	68.1293	7300	751
68.29/68.39	68.3872	7299	752
68.59/68.65	68.6513	7298	757
68.89/68.94	68.9386	7297	767
69.20/69.24	69.2419	7295	796
69.49/69.53	69.527	7292	805
69.79/69.80	69.7955	7291	806
69.99/70.05	70.0536	7290	807
70.30/70.32	70.3153	7288	812
70.49/70.57	70.574	7287	814
70.79/70.83	70.833	7286	815
71.09/71.10	71.1022	7283	828
71.29/71.36	71.3624	7282	832
71.59/71.62	71.6215	7281	834
71.79/71.88	71.8814	7280	837
72.09/72.14	72.1404	7278	840
72.39/72.41	72.4077	7273	853
72.60/72.67	72.6679	7272	854
72.89/72.93	72.9252	7271	855
73.19/73.20	73.1958	7268	872
73.39/73.46	73.4565	7267	878
73.70/73.72	73.715	7266	879
73.89/73.97	73.9724	7263	881
74.19/74.23	74.2304	7262	883
74.39/74.49	74.4914	7261	889
74.70/74.75	74.7493	7260	890
74.99/75.01	75.0127	7259	899
75.19/75.27	75.2702	7258	900
75.49/75.53	75.5265	7257	901
75.69/75.79	75.7855	7256	904
75.99/76.04	76.0446	7255	905
76.29/76.30	76.3029	7253	910
76.49/76.56	76.5638	7252	915
76.79/76.82	76.8241	7250	922
77.09/77.10	77.1042	7249	931
77.29/77.39	77.3863	7243	961
77.59/77.65	77.6522	7241	973
77.89/77.92	77.9149	7237	984
78.10/78.18	78.1804	7232	996
78.39/78.44	78.4363	7230	997
78.69/78.70	78.7023	7228	1006
78.89/78.96	78.9624	7227	1012
79.20/79.22	79.22	7226	1014
79.39/79.48	79.4755	7225	1015
79.69/79.75	79.7453	7224	1034
79.99/80.01	80.0109	7223	1048
80.20/80.28	80.282	7221	1069
80.49/80.54	80.5386	7220	1071
80.79/80.81	80.809	7219	1072
80.99/81.09	81.0879	7218	1077
81.30/81.38	81.3806	7216	1099
81.69/81.70	81.6987	7210	1154
81.89/81.97	81.9731	7209	1155
82.19/82.28	82.2836	7207	1195
82.50/82.54	82.5429	7206	1198
82.79/82.80	82.8037	7205	1208
82.99/83.06	83.0628	7202	1215
83.29/83.32	83.3177	7201	1218
83.50/83.57	83.5732	7200	1221
83.79/83.85	83.8534	7198	1253
84.09/84.11	84.1079	7197	1254
84.29/84.36	84.3608	7196	1255
84.60/84.62	84.6151	7195	1256
84.79/84.89	84.8889	7192	1266
85.09/85.15	85.1497	7190	1276
85.39/85.42	85.4152	7186	1293
85.59/85.67	85.6716	7185	1298
85.89/85.93	85.9249	7184	1299
86.09/86.18	86.1828	7182	1305
86.39/86.44	86.4362	7180	1306
86.69/86.70	86.7019	7179	1322
86.90/86.96	86.9562	7178	1325
87.19/87.22	87.2228	7177	1345
87.39/87.48	87.4784	7176	1348
87.69/87.74	87.7408	7174	1355
88.00/88.04	88.0361	7171	1402
88.19/88.29	88.2887	7170	1403
88.49/88.56	88.5624	7169	1432
88.79/88.82	88.8173	7168	1435
89.00/89.10	89.0967	7164	1461
89.29/89.35	89.3498	7163	1462
89.59/89.67	89.6654	7157	1542
89.89/89.93	89.9257	7156	1554
90.10/90.18	90.1794	7155	1556
90.39/90.43	90.4332	7154	1560
90.59/90.69	90.688	7153	1562
90.89/90.95	90.9471	7152	1573
91.09/91.20	91.1993	7151	1574
91.39/91.46	91.4576	7150	1583
91.69/91.72	91.7177	7147	1593
91.89/91.98	91.9747	7146	1599
92.19/92.24	92.2385	7144	1613
92.49/92.51	92.5054	7142	1634
92.79/92.83	92.8311	7140	1726
93.09/93.10	93.1008	7138	1748
93.29/93.35	93.3519	7137	1749
93.59/93.60	93.6041	7136	1750
93.79/93.89	93.8907	7132	1796
94.08/94.14	94.1432	7131	1797
94.38/94.40	94.395	7129	1799
94.59/94.65	94.6509	7127	1805
94.88/94.90	94.9031	7126	1807
95.08/95.16	95.1592	7123	1812
95.38/95.42	95.4231	7121	1829
95.59/95.68	95.6762	7120	1831
95.88/95.93	95.9291	7119	1834
96.08/96.19	96.1865	7118	1841
96.38/96.45	96.4446	7117	1852
96.69/96.70	96.7022	7116	1854
96.88/96.96	96.9546	7115	1856
97.18/97.21	97.2084	7114	1861
97.38/97.46	97.4591	7112	1862
97.68/97.71	97.7103	7111	1863
97.89/97.99	97.9852	7108	1895
98.18/98.24	98.2368	7107	1897
98.48/98.51	98.5106	7104	1925
98.68/98.76	98.7628	7103	1927
98.99/99.03	99.0265	7102	1946
99.18/99.29	99.2895	7101	1963
99.48/99.57	99.5676	7097	2001
99.78/99.82	99.8199	7096	2005
99.99/100.07	100.07	7095	2006
100.28/100.33	100.326	7094	2016
100.58/100.61	100.605	7090	2054
100.78/100.86	100.855	7089	2055
101.09/101.13	101.13	7087	2063
101.38/101.42	101.422	7086	2098
101.68/101.70	101.699	7083	2108
101.88/101.96	101.964	7082	2112
102.19/102.27	102.266	7080	2149
102.48/102.55	102.553	7079	2173
102.78/102.83	102.825	7078	2177
102.98/103.09	103.09	7077	2178
103.29/103.35	103.353	7076	2179
103.58/103.62	103.618	7075	2182
103.78/103.89	103.888	7074	2183
104.08/104.15	104.152	7073	2184
104.39/104.42	104.424	7072	2187
104.68/104.70	104.7	7068	2221
104.88/104.96	104.955	7067	2231
105.18/105.22	105.223	7064	2255
105.38/105.47	105.471	7062	2256
105.68/105.72	105.722	7060	2258
105.88/105.98	105.979	7059	2272
106.18/106.29	106.292	7052	2352
106.48/106.55	106.545	7051	2358
106.78/106.80	106.796	7050	2364
106.98/107.05	107.05	7048	2372
107.28/107.30	107.301	7046	2375
107.48/107.55	107.549	7045	2376
107.79/107.85	107.852	7043	2447
108.08/108.10	108.1	7042	2449
108.28/108.36	108.358	7040	2463
108.58/108.61	108.614	7038	2473
108.79/108.88	108.874	7037	2490
109.08/109.13	109.13	7036	2497
109.38/109.44	109.44	7033	2583
109.68/109.71	109.707	7032	2584
109.89/109.98	109.974	7031	2586
110.18/110.24	110.242	7030	2587
110.48/110.51	110.505	7029	2590
110.68/110.79	110.789	7028	2614
110.99/111.05	111.052	7027	2616
111.28/111.35	111.353	7025	2657
111.58/111.66	111.662	7024	2705
111.88/111.94	111.941	7022	2720
112.19/112.21	112.209	7021	2721
112.38/112.47	112.471	7020	2723
112.68/112.75	112.746	7017	2760
112.88/112.99	112.993	7016	2761
113.19/113.26	113.262	7014	2791
113.48/113.57	113.572	7011	2872
113.78/113.82	113.82	7010	2874
113.98/114.09	114.084	7006	2895
114.29/114.33	114.33	7005	2896
114.58/114.61	114.608	7002	2940
114.78/114.89	114.886	6998	2981
115.08/115.14	115.141	6996	2992
115.28/115.40	115.401	6994	3008
115.58/115.70	115.694	6993	3046
115.88/115.96	115.957	6992	3051
116.18/116.23	116.225	6990	3055
116.49/116.51	116.508	6988	3087
116.78/116.80	116.796	6983	3138
117.18/117.27	117.265	6981	3411
117.48/117.51	117.511	6980	3414
117.69/117.76	117.757	6979	3415
117.98/118.01	118.005	6978	3417
118.18/118.28	118.279	6976	3455
118.48/118.53	118.526	6975	3457
118.79/118.81	118.807	6973	3501
118.98/119.06	119.054	6972	3503
119.28/119.32	119.318	6971	3526
119.48/119.58	119.578	6970	3544
119.79/119.86	119.857	6969	3591
120.08/120.12	120.117	6967	3611
120.38/120.45	120.454	6966	3729
120.68/120.73	120.724	6965	3750
120.99/121.01	121.008	6961	3796
121.18/121.26	121.257	6960	3802
121.48/121.52	121.52	6958	3828
121.78/121.81	121.81	6954	3890
121.99/122.06	122.055	6953	3892
122.28/122.30	122.301	6952	3894
122.48/122.55	122.547	6951	3896
122.88/122.92	122.923	6943	4067
123.09/123.19	123.188	6942	4093
123.38/123.43	123.433	6941	4096
123.68/123.75	123.752	6938	4196
123.98/124.00	124	6936	4204
124.19/124.27	124.272	6935	4241
124.48/124.52	124.515	6934	4242
124.78/124.80	124.796	6933	4286
124.98/125.05	125.047	6932	4287
125.18/125.29	125.29	6931	4289
125.48/125.56	125.558	6930	4321
125.78/125.80	125.801	6929	4322
126.08/126.12	126.118	6926	4415
126.39/126.41	126.406	6924	4473
126.68/126.70	126.702	6923	4541
126.88/126.96	126.96	6921	4563
127.28/127.30	127.301	6917	4692
127.59/127.64	127.634	6914	4810
127.78/127.89	127.886	6913	4824
128.18/128.23	128.23	6909	4948
128.48/128.56	128.561	6905	5046
128.78/128.81	128.812	6904	5056
128.98/129.08	129.079	6902	5088
129.28/129.32	129.322	6901	5089
129.48/129.58	129.582	6900	5112
129.79/129.85	129.852	6898	5147
130.08/130.10	130.095	6896	5148
130.28/130.34	130.337	6895	5150
130.58/130.60	130.599	6892	5175
130.79/130.85	130.848	6891	5184
131.08/131.12	131.12	6888	5222
131.28/131.36	131.362	6887	5223
131.58/131.63	131.63	6885	5258
131.78/131.87	131.871	6884	5259
132.58/132.60	132.594	6877	5877
132.88/132.93	132.932	6876	5997
133.28/133.31	133.306	6875	6162
133.48/133.57	133.57	6874	6190
133.78/133.85	133.85	6873	6242
134.28/134.30	134.298	6870	6512
134.48/134.55	134.55	6869	6527
134.78/134.85	134.852	6868	6606
135.19/135.20	135.202	6866	6753
135.58/135.62	135.615	6862	6968
135.78/135.86	135.863	6861	6978
136.08/136.11	136.112	6860	6989
136.29/136.37	136.369	6859	7009
136.58/136.62	136.617	6858	7010
136.98/137.01	137.013	6857	7211
137.18/137.26	137.259	6856	7218
137.68/137.77	137.765	6853	7561
137.98/138.02	138.017	6852	7573
138.18/138.26	138.258	6851	7575
139.08/139.13	139.13	6845	8376
139.28/139.38	139.379	6844	8388
139.59/139.63	139.633	6843	8406
139.88/139.90	139.897	6840	8439
140.48/140.59	140.589	6834	9018
140.79/140.85	140.843	6833	9038
140.98/141.09	141.089	6832	9039
141.28/141.38	141.378	6830	9105
141.68/141.76	141.756	6828	9284
142.18/142.26	142.254	6821	9607
142.38/142.50	142.493	6820	9608
142.68/142.75	142.749	6819	9629
148.08/148.12	148.116	6807	16218
148.39/148.50	148.494	6804	16400
148.98/149.06	149.057	6801	16810
149.98/150.09	150.089	6793	17830
151.58/151.66	151.654	6789	19574
151.79/151.89	151.892	6788	19576
152.28/152.35	152.346	6784	19859
152.58/152.61	152.609	6783	19885
154.28/154.36	154.362	6776	21690
154.58/154.65	154.643	6775	21731
154.78/154.89	154.89	6774	21745
155.09/155.13	155.13	6773	21748
155.59/155.68	155.677	6770	22157
156.38/156.41	156.406	6767	22802
156.58/156.67	156.67	6766	22831
157.78/157.85	157.843	6760	24019
159.98/160.09	160.091	6751	26626
163.18/163.29	163.283	6742	30374
163.58/163.66	163.66	6740	30562
163.89/163.92	163.92	6739	30592
164.38/164.44	164.435	6736	30952
165.08/165.13	165.131	6733	31536
165.38/165.41	165.403	6732	31583
165.78/165.86	165.859	6730	31869
166.98/167.09	167.084	6723	33138
168.48/168.58	168.576	6716	34749
168.88/168.93	168.926	6714	34896
172.28/172.30	172.295	6710	38846
172.78/172.84	172.84	6707	39195
173.48/173.53	173.523	6705	39719
173.79/173.83	173.829	6704	39778
175.48/175.52	175.52	6699	41537
180.39/180.42	180.418	6692	47493
180.78/180.86	180.859	6689	47760
181.08/181.17	181.167	6688	47836
181.39/181.40	181.401	6687	47837
182.59/182.62	182.619	6682	49067
183.88/183.96	183.956	6676	50475
184.48/184.55	184.547	6673	50944
188.09/188.16	188.158	6667	55258
201.29/201.39	201.383	6655	72215
207.98/208.00	207.997	6646	80476
208.18/208.24	208.237	6645	80487
208.38/208.47	208.471	6644	80490
208.78/208.86	208.86	6643	80705
209.08/209.16	209.16	6642	80798
212.08/212.10	212.096	6637	84335
212.29/212.36	212.355	6636	84373
215.88/215.96	215.96	6635	88437
216.28/216.39	216.388	6634	88654
216.59/216.64	216.633	6633	88655
216.88/216.90	216.899	6632	88676
221.59/221.61	221.604	6629	93967
222.19/222.27	222.266	6625	94460
238.88/238.90	238.9	6619	115422
239.18/239.21	239.202	6618	115491
240.48/240.51	240.501	6615	116775
243.48/243.57	243.561	6603	120480
243.88/243.92	243.912	6602	120644
244.79/244.84	244.836	6599	121536
245.09/245.11	245.107	6598	121587
245.29/245.37	245.367	6597	121629
249.79/249.81	249.809	6593	127150
253.28/253.31	253.302	6588	131333
253.68/253.79	253.783	6585	131656
253.99/254.03	254.028	6584	131677
267.99/268.06	268.056	6579	149396
280.19/280.22	280.211	6573	164869
287.98/288.08	288.071	6570	174813
289.38/289.40	289.394	6566	176210
291.19/291.29	291.284	6564	178363
294.38/294.46	294.453	6561	182176
297.48/297.56	297.555	6560	185917
299.48/299.59	299.587	6559	188259
299.78/299.83	299.819	6558	188265
303.88/303.92	303.911	6554	193209
304.08/304.16	304.15	6553	193224
304.38/304.46	304.455	6552	193327
306.58/306.62	306.616	6548	195687
307.18/307.25	307.241	6547	196209
307.58/307.61	307.601	6546	196372
317.98/318.03	318.027	6542	209451
318.58/318.61	318.598	6539	209886
318.89/318.93	318.923	6538	210014
325.18/325.22	325.209	6534	218816
328.48/328.56	328.549	6530	222781
329.18/329.22	329.209	6527	223336
330.68/330.77	330.759	6523	225065
333.98/334.04	334.037	6520	228952
357.78/357.85	357.838	6514	259761
358.28/358.37	358.364	6513	260155
363.99/364.04	364.031	6509	267165
365.38/365.43	365.427	6508	268605
365.58/365.68	365.673	6507	268609
371.18/371.26	371.251	6503	277118
376.68/376.77	376.761	6501	283943
378.29/378.36	378.355	6499	285715
379.68/379.74	379.733	6497	287224
381.88/381.96	381.953	6496	289771
382.28/382.30	382.294	6494	289920
386.68/386.79	386.786	6492	295266
388.08/388.14	388.127	6491	296561
396.88/396.92	396.908	6489	307518
397.09/397.17	397.161	6488	307555
399.19/399.29	399.279	6486	310013
399.48/399.52	399.515	6485	310027
402.88/402.94	402.934	6482	313923
408.58/408.66	408.651	6478	320800
411.18/411.28	411.275	6476	323887
428.48/428.50	428.488	6474	345720
441.97/442.06	442.047	6471	362799
442.27/442.35	442.34	6470	362887
442.47/442.58	442.573	6469	362898
442.77/442.81	442.799	6468	362900
483.99/484.07	484.063	6465	417603
485.48/485.59	485.576	6464	419248
485.78/485.86	485.85	6463	419309
499.18/499.22	499.204	6462	436406
499.39/499.44	499.428	6461	436408
507.08/507.17	507.155	6460	446029
514.37/514.48	514.463	6458	455395
518.28/518.30	518.29	6456	460249
540.68/540.73	540.721	6455	489631
540.88/540.96	540.952	6454	489632
543.28/543.34	543.324	6452	492359
543.57/543.60	543.584	6451	492405
561.98/562.05	562.038	6450	516088
562.28/562.35	562.335	6449	516186
562.48/562.57	562.559	6448	516187
569.48/569.55	569.533	6447	524817
569.69/569.79	569.777	6446	524844
570.57/570.64	570.63	6444	525574
584.37/584.40	584.39	6441	543234
624.48/624.55	624.536	6439	595639
638.98/639.04	639.026	6437	614655
639.37/639.49	639.478	6436	614946
640.57/640.69	640.678	6435	616217
644.37/644.49	644.47	6434	620752
644.67/644.72	644.7	6433	620761
737.16/737.27	737.254	6430	742292
752.77/752.80	752.785	6429	762132
753.17/753.27	753.256	6428	762437
833.57/833.63	833.605	6426	871773
833.97/834.02	834	6425	871991
843.06/843.16	843.142	6422	884183
846.16/846.22	846.2	6421	887751
846.36/846.47	846.448	6420	887790
