4.59/4.67	4.67605	7578	0
4.89/4.95	4.94929	7577	4
5.19/5.21	5.21626	7576	5
5.40/5.49	5.49157	7574	7
5.69/5.76	5.76398	7573	8
5.99/6.03	6.03197	7571	9
6.29/6.31	6.3114	7569	11
6.50/6.60	6.60186	7568	13
6.79/6.88	6.88593	7567	14
7.09/7.16	7.15742	7565	18
7.39/7.44	7.43871	7564	19
7.70/7.74	7.73943	7563	25
7.99/8.03	8.02963	7562	28
8.29/8.31	8.31502	7561	29
8.59/8.60	8.6023	7560	30
8.80/8.89	8.88754	7559	31
9.09/9.16	9.16585	7556	32
9.39/9.44	9.44092	7555	42
9.69/9.71	9.71006	7554	44
9.90/9.98	9.97845	7552	45
10.19/10.25	10.248	7551	46
10.49/10.53	10.5304	7550	48
10.90/10.92	10.9244	7549	49
11.19/11.21	11.214	7547	52
11.39/11.49	11.4959	7544	56
11.69/11.78	11.7846	7543	57
12.00/12.07	12.074	7542	58
12.29/12.37	12.3679	7541	61
12.59/12.65	12.6507	7540	62
12.89/12.93	12.9334	7538	63
13.20/13.22	13.2214	7534	67
13.49/13.51	13.5115	7530	71
13.69/13.78	13.7828	7529	75
13.99/14.07	14.0667	7524	94
14.30/14.33	14.3349	7523	96
14.59/14.60	14.6064	7522	100
14.79/14.87	14.874	7521	101
15.09/15.14	15.1449	7520	105
15.40/15.42	15.4209	7519	108
15.69/15.71	15.7085	7517	116
15.99/16.00	15.9984	7515	118
16.19/16.27	16.2688	7514	119
16.50/16.54	16.5421	7513	121
16.79/16.83	16.8307	7511	122
17.09/17.11	17.111	7510	123
17.38/17.40	17.3982	7509	126
17.59/17.69	17.6875	7508	128
17.98/18.02	18.0192	7507	130
18.28/18.31	18.3099	7504	134
18.48/18.60	18.5976	7503	135
18.78/18.88	18.8855	7502	145
19.08/19.16	19.1648	7500	152
19.38/19.43	19.4305	7499	153
19.58/19.70	19.6974	7498	154
19.88/19.98	19.9767	7495	164
20.18/20.24	20.2458	7494	167
20.48/20.51	20.5128	7493	169
20.68/20.78	20.7855	7492	170
21.08/21.16	21.1597	7491	172
21.38/21.45	21.4506	7490	173
21.68/21.74	21.746	7487	175
22.00/22.03	22.0325	7485	178
22.28/22.32	22.3207	7481	190
22.48/22.59	22.5918	7478	198
22.78/22.86	22.8605	7476	203
23.09/23.14	23.1463	7474	205
23.38/23.43	23.4286	7473	208
23.58/23.69	23.6957	7472	211
23.88/23.96	23.9628	7469	214
24.19/24.23	24.2305	7467	217
24.48/24.50	24.5016	7465	223
24.68/24.78	24.7763	7464	225
24.98/25.05	25.0522	7463	226
25.29/25.32	25.3259	7461	229
25.58/25.67	25.6729	7460	234
25.88/25.96	25.9657	7459	235
26.29/26.38	26.3817	7458	236
26.58/26.68	26.6764	7457	237
26.88/26.95	26.9478	7456	238
27.18/27.23	27.2358	7455	240
27.49/27.51	27.5064	7454	241
27.78/27.81	27.8103	7453	244
28.08/28.19	28.1865	7452	245
28.38/28.46	28.4611	7451	249
28.68/28.75	28.7475	7450	253
28.98/29.03	29.0341	7447	260
29.28/29.31	29.3105	7446	267
29.48/29.58	29.5823	7444	268
29.78/29.85	29.8469	7443	269
30.08/30.11	30.1137	7442	271
30.28/30.38	30.3795	7441	272
30.58/30.64	30.6453	7439	273
30.88/30.93	30.9278	7438	277
31.18/31.20	31.2045	7437	284
31.38/31.47	31.4708	7436	286
31.68/31.74	31.7441	7435	298
31.98/32.02	32.0192	7431	313
32.18/32.29	32.2935	7430	326
32.48/32.56	32.5603	7429	328
32.78/32.83	32.8346	7428	341
33.08/33.10	33.1056	7426	347
33.28/33.37	33.3707	7424	349
33.58/33.63	33.6359	7423	351
33.88/33.92	33.9186	7422	352
34.09/34.19	34.1921	7421	354
34.38/34.47	34.4694	7419	358
34.68/34.73	34.7329	7418	359
34.98/35.01	35.011	7416	360
35.28/35.37	35.3668	7415	366
35.58/35.65	35.6496	7414	367
35.88/35.93	35.9267	7412	374
36.08/36.20	36.2002	7411	379
36.38/36.46	36.463	7409	380
36.68/36.73	36.7295	7407	382
36.98/37.01	37.0076	7406	385
37.18/37.29	37.2925	7405	387
37.48/37.56	37.5608	7404	388
37.78/37.83	37.833	7402	393
38.08/38.11	38.1103	7401	394
38.28/38.37	38.3756	7400	395
38.58/38.64	38.6405	7397	399
38.88/38.91	38.9143	7396	400
39.18/39.27	39.2735	7391	423
39.49/39.55	39.5548	7390	426
39.78/39.84	39.8389	7389	428
40.08/40.10	40.1053	7388	431
40.28/40.37	40.3741	7387	433
40.59/40.64	40.6363	7386	434
40.88/40.92	40.9184	7381	459
41.08/41.19	41.1954	7380	461
41.38/41.48	41.4777	7379	467
41.69/41.75	41.7488	7378	474
41.98/42.05	42.046	7375	489
42.38/42.41	42.4059	7373	498
42.68/42.80	42.7987	7372	500
42.98/43.09	43.0868	7370	503
43.28/43.35	43.3554	7369	506
43.59/43.62	43.6193	7368	509
43.79/43.88	43.8805	7367	510
44.09/44.15	44.1486	7363	519
44.39/44.42	44.4186	7361	521
44.59/44.68	44.6832	7360	525
44.89/44.96	44.9622	7359	531
45.19/45.24	45.2373	7358	532
45.49/45.52	45.5237	7355	538
45.79/45.81	45.8103	7351	549
45.99/46.09	46.0863	7350	550
46.29/46.35	46.3545	7349	554
46.59/46.64	46.6445	7345	574
46.89/46.91	46.9112	7344	576
47.09/47.18	47.1757	7342	583
47.39/47.44	47.4361	7341	585
47.69/47.70	47.7008	7340	592
47.89/47.98	47.9843	7338	618
48.19/48.25	48.246	7336	621
48.49/48.52	48.5157	7334	636
48.69/48.79	48.7941	7333	640
48.99/49.05	49.0527	7332	641
49.29/49.33	49.3269	7331	642
49.50/49.59	49.5918	7330	643
49.79/49.85	49.8508	7329	644
50.09/50.13	50.1341	7324	673
50.39/50.40	50.3956	7322	678
50.60/50.66	50.6561	7321	679
50.89/50.92	50.9154	7320	680
51.09/51.19	51.1902	7316	693
51.39/51.47	51.4671	7315	694
51.70/51.73	51.73	7313	695
51.89/51.99	51.9921	7311	701
52.19/52.26	52.2589	7310	703
52.49/52.54	52.5427	7309	709
52.80/52.80	52.8043	7307	710
52.99/53.07	53.0657	7305	714
53.29/53.36	53.3603	7303	725
53.69/53.75	53.7541	7302	728
53.99/54.04	54.0443	7300	739
54.29/54.31	54.307	7299	741
54.49/54.58	54.5776	7298	756
54.79/54.84	54.8434	7297	767
55.09/55.12	55.1217	7296	769
55.39/55.41	55.4073	7295	779
55.59/55.69	55.6864	7294	780
55.89/55.96	55.9586	7293	781
56.29/56.30	56.2955	7291	786
56.49/56.57	56.5737	7290	798
56.79/56.84	56.8433	7288	801
57.10/57.11	57.1117	7287	812
57.29/57.39	57.3919	7286	814
57.59/57.67	57.6737	7285	824
57.89/57.95	57.9456	7284	825
58.20/58.22	58.2208	7283	826
58.49/58.51	58.5117	7282	832
58.69/58.78	58.7831	7281	833
58.99/59.07	59.073	7279	847
59.30/59.35	59.3492	7278	851
59.59/59.63	59.6262	7277	852
59.89/59.96	59.957	7276	862
60.19/60.22	60.2156	7275	863
60.40/60.49	60.4928	7274	867
60.69/60.77	60.7733	7273	871
60.99/61.06	61.0578	7271	888
61.29/61.34	61.3431	7269	890
61.60/61.62	61.6209	7267	897
61.89/61.90	61.8974	7266	900
62.09/62.17	62.1725	7264	905
62.39/62.49	62.4878	7261	920
62.79/62.81	62.8146	7260	921
63.09/63.10	63.1042	7259	931
63.29/63.39	63.3917	7256	952
63.59/63.67	63.6724	7255	960
63.89/63.93	63.9326	7254	961
64.09/64.19	64.1924	7253	966
64.39/64.45	64.4498	7252	967
64.69/64.71	64.7081	7251	970
64.90/64.96	64.9642	7249	971
65.19/65.25	65.2476	7247	992
65.49/65.51	65.5081	7246	999
65.69/65.76	65.7645	7245	1000
66.00/66.05	66.0523	7243	1045
66.29/66.33	66.3335	7242	1075
66.59/66.60	66.5995	7241	1076
66.79/66.86	66.8609	7240	1077
67.10/67.13	67.1333	7236	1100
67.39/67.42	67.4182	7233	1112
67.59/67.69	67.6892	7232	1114
67.89/67.96	67.9638	7231	1117
68.20/68.24	68.2414	7230	1118
68.49/68.52	68.5201	7228	1128
68.69/68.78	68.7831	7227	1130
68.99/69.04	69.0375	7226	1131
69.30/69.30	69.3046	7225	1148
69.49/69.56	69.5598	7223	1150
69.79/69.82	69.8215	7220	1160
69.99/70.09	70.0868	7219	1162
70.30/70.34	70.343	7217	1164
70.59/70.60	70.5991	7216	1165
70.79/70.86	70.8576	7215	1170
71.09/71.12	71.1168	7214	1171
71.29/71.38	71.3833	7213	1172
71.59/71.65	71.648	7212	1173
71.89/71.91	71.9089	7211	1174
72.09/72.17	72.166	7210	1176
72.39/72.43	72.431	7205	1189
72.60/72.69	72.6887	7204	1195
72.89/72.97	72.9663	7203	1219
73.19/73.24	73.243	7202	1238
73.49/73.52	73.5224	7201	1251
73.70/73.78	73.7784	7200	1252
73.99/74.06	74.0583	7198	1285
74.29/74.32	74.315	7196	1289
74.49/74.57	74.5714	7195	1293
74.80/74.84	74.8422	7192	1305
75.09/75.11	75.1093	7189	1322
75.29/75.39	75.3865	7186	1337
75.59/75.68	75.6827	7185	1383
75.89/75.94	75.9416	7183	1386
76.19/76.20	76.1958	7181	1387
76.39/76.46	76.4622	7180	1400
76.69/76.73	76.7248	7179	1412
76.89/76.99	76.9909	7178	1429
77.19/77.25	77.248	7177	1430
77.49/77.51	77.5131	7176	1432
77.69/77.80	77.7945	7174	1457
77.99/78.05	78.048	7173	1458
78.29/78.31	78.311	7170	1472
78.49/78.57	78.5681	7168	1476
78.79/78.85	78.8507	7163	1515
79.09/79.10	79.104	7162	1516
79.29/79.38	79.3781	7161	1523
79.59/79.64	79.6407	7160	1524
79.89/79.90	79.8986	7159	1531
80.09/80.15	80.1525	7158	1534
80.39/80.41	80.4123	7157	1544
80.59/80.68	80.6802	7156	1546
80.99/81.00	81.0037	7151	1607
81.19/81.29	81.2877	7150	1623
81.59/81.68	81.6828	7146	1636
81.99/82.06	82.064	7145	1650
82.39/82.43	82.4341	7144	1651
82.69/82.78	82.7774	7143	1656
83.09/83.12	83.1158	7142	1658
83.39/83.47	83.4642	7141	1659
83.69/83.74	83.7439	7140	1660
83.99/84.04	84.0413	7139	1672
84.39/84.44	84.436	7135	1724
84.69/84.71	84.7102	7134	1726
84.89/84.99	84.9912	7133	1735
85.19/85.25	85.2483	7132	1741
85.49/85.52	85.5227	7127	1774
85.69/85.80	85.7985	7125	1805
85.99/86.06	86.0622	7124	1824
86.29/86.32	86.3182	7120	1828
86.49/86.57	86.5708	7119	1829
86.79/86.83	86.827	7118	1832
86.99/87.09	87.0912	7115	1850
87.29/87.34	87.3412	7114	1851
87.49/87.60	87.5941	7113	1854
87.79/87.86	87.8616	7112	1868
88.09/88.13	88.1251	7110	1874
88.39/88.43	88.4322	7107	1922
88.69/88.71	88.7043	7106	1924
88.89/88.99	88.9847	7102	1942
89.19/89.25	89.2496	7099	1955
89.49/89.54	89.537	7095	1985
89.79/89.80	89.802	7094	1986
89.99/90.08	90.0758	7090	1993
90.29/90.35	90.347	7087	1995
90.69/90.70	90.6999	7086	1996
90.89/90.97	90.9708	7085	1997
91.19/91.24	91.2347	7083	2008
91.49/91.50	91.4971	7080	2022
91.69/91.76	91.7597	7079	2024
91.99/92.04	92.0375	7078	2025
92.29/92.31	92.3079	7077	2033
92.49/92.57	92.5645	7076	2035
92.79/92.84	92.8431	7071	2062
93.09/93.12	93.1162	7068	2080
93.29/93.38	93.3828	7067	2084
93.59/93.65	93.6452	7065	2098
93.89/93.90	93.9005	7064	2100
94.09/94.17	94.1725	7061	2122
94.39/94.42	94.4233	7060	2123
94.59/94.69	94.686	7058	2126
94.89/94.95	94.9537	7057	2152
95.19/95.22	95.2166	7056	2153
95.39/95.47	95.4702	7055	2156
95.69/95.73	95.7288	7053	2166
95.99/96.02	96.0145	7051	2212
96.19/96.27	96.2717	7050	2213
96.49/96.59	96.5921	7049	2214
96.79/96.86	96.8553	7048	2215
97.19/97.21	97.2089	7044	2256
97.49/97.51	97.5052	7043	2284
97.79/97.86	97.8599	7042	2286
98.19/98.23	98.2301	7041	2316
98.49/98.53	98.5299	7040	2317
98.89/98.91	98.9038	7039	2319
99.19/99.25	99.2498	7038	2320
99.49/99.57	99.5694	7037	2331
99.89/99.95	99.946	7032	2483
100.19/100.24	100.242	7030	2514
100.49/100.50	100.504	7027	2523
100.69/100.78	100.775	7025	2544
100.99/101.06	101.055	7024	2550
101.39/101.40	101.402	7022	2558
101.59/101.70	101.694	7020	2574
101.99/102.04	102.04	7019	2575
102.19/102.29	102.29	7017	2577
102.49/102.54	102.536	7016	2578
102.69/102.79	102.788	7014	2582
102.99/103.04	103.038	7013	2586
103.19/103.29	103.292	7011	2595
103.49/103.54	103.539	7010	2596
103.69/103.79	103.793	7009	2597
103.99/104.08	104.08	7007	2647
104.29/104.35	104.346	7006	2672
104.69/104.75	104.747	6997	2870
105.09/105.18	105.177	6992	3115
105.39/105.45	105.451	6989	3151
105.69/105.71	105.705	6988	3161
105.89/105.96	105.962	6987	3176
106.19/106.22	106.217	6986	3190
106.39/106.46	106.463	6985	3191
106.70/106.78	106.777	6981	3276
106.99/107.03	107.032	6980	3283
107.29/107.30	107.295	6978	3304
107.49/107.54	107.542	6977	3305
107.70/107.80	107.794	6976	3313
107.99/108.05	108.044	6974	3321
108.29/108.33	108.325	6972	3366
108.49/108.58	108.579	6971	3367
108.80/108.83	108.828	6970	3373
108.99/109.07	109.073	6969	3374
109.29/109.32	109.317	6968	3375
109.49/109.58	109.582	6966	3401
109.79/109.84	109.842	6963	3422
110.09/110.10	110.102	6962	3424
110.29/110.37	110.368	6961	3425
110.69/110.77	110.771	6958	3598
111.00/111.03	111.03	6957	3600
111.19/111.29	111.289	6956	3601
111.49/111.58	111.574	6955	3622
111.79/111.85	111.848	6953	3642
111.99/112.10	112.096	6952	3646
112.29/112.34	112.341	6951	3648
112.49/112.59	112.587	6950	3650
112.99/113.05	113.044	6947	3928
113.30/113.32	113.322	6946	3945
113.59/113.69	113.689	6943	4073
113.89/113.96	113.96	6941	4102
114.19/114.23	114.227	6940	4127
114.40/114.48	114.474	6939	4133
114.69/114.77	114.77	6938	4198
114.99/115.02	115.015	6937	4201
115.19/115.26	115.261	6936	4203
115.50/115.54	115.536	6935	4209
115.69/115.79	115.785	6934	4210
115.99/116.05	116.048	6932	4236
116.29/116.33	116.332	6930	4287
116.50/116.59	116.587	6929	4301
117.09/117.11	117.112	6927	4665
117.39/117.40	117.397	6924	4708
117.70/117.74	117.741	6923	4709
118.09/118.19	118.189	6919	4885
118.39/118.45	118.443	6917	4893
118.89/118.96	118.963	6905	5219
119.19/119.22	119.214	6904	5220
119.39/119.49	119.489	6902	5237
119.69/119.76	119.756	6900	5242
119.99/120.03	120.024	6899	5247
120.29/120.33	120.328	6898	5253
120.59/120.69	120.689	6897	5258
121.00/121.05	121.047	6895	5291
121.29/121.33	121.324	6894	5298
121.49/121.58	121.574	6893	5300
121.79/121.83	121.823	6892	5301
122.10/122.12	122.113	6889	5353
122.29/122.39	122.385	6887	5383
122.59/122.63	122.63	6886	5384
122.89/122.99	122.988	6882	5503
123.20/123.26	123.258	6880	5529
123.49/123.54	123.538	6879	5554
123.89/123.97	123.965	6875	5693
124.20/124.24	124.239	6874	5696
124.49/124.57	124.57	6873	5697
124.88/124.90	124.9	6872	5700
125.18/125.25	125.25	6868	5750
125.68/125.76	125.755	6865	5874
126.08/126.13	126.132	6863	5925
126.28/126.37	126.372	6862	5926
126.58/126.62	126.619	6861	5927
126.88/126.93	126.932	6859	6012
127.08/127.18	127.181	6858	6014
127.38/127.42	127.422	6857	6018
127.59/127.67	127.663	6856	6019
129.18/129.24	129.237	6846	7744
129.48/129.50	129.497	6844	7760
129.69/129.74	129.737	6843	7761
129.98/130.01	130.009	6841	7803
130.18/130.26	130.257	6840	7804
130.59/130.63	130.629	6839	7968
130.89/130.95	130.948	6838	8072
131.19/131.24	131.238	6837	8138
131.59/131.60	131.602	6836	8306
131.79/131.86	131.857	6835	8327
132.09/132.11	132.11	6834	8345
132.29/132.35	132.351	6833	8347
132.59/132.67	132.667	6832	8446
132.89/132.93	132.932	6830	8469
135.09/135.15	135.15	6821	11019
135.89/135.92	135.921	6814	11708
137.29/137.39	137.389	6806	13248
138.49/138.59	138.588	6796	14466
138.99/139.07	139.071	6790	14786
139.39/139.41	139.406	6788	14897
139.69/139.75	139.745	6786	15021
140.29/140.39	140.388	6778	15522
140.59/140.63	140.627	6777	15524
141.89/141.99	141.991	6769	16958
143.09/143.11	143.11	6763	18074
143.39/143.40	143.401	6762	18140
143.69/143.75	143.751	6761	18282
143.89/143.99	143.987	6760	18283
144.19/144.23	144.23	6759	18284
145.69/145.78	145.782	6752	19958
145.99/146.03	146.028	6750	19972
146.19/146.27	146.265	6749	19973
146.49/146.52	146.514	6748	19990
146.69/146.75	146.75	6747	19991
146.99/147.04	147.039	6745	20063
147.29/147.39	147.383	6744	20206
147.59/147.65	147.648	6742	20243
147.79/147.89	147.885	6741	20245
149.69/149.78	149.778	6736	22367
150.88/150.98	150.979	6731	23604
151.18/151.25	151.251	6730	23650
151.98/152.04	152.032	6728	24272
152.38/152.40	152.401	6725	24435
152.58/152.65	152.643	6724	24445
152.89/152.91	152.902	6723	24478
153.28/153.39	153.391	6722	24791
153.68/153.71	153.71	6720	24879
154.28/154.39	154.386	6716	25440
155.78/155.83	155.827	6709	26948
162.48/162.50	162.497	6694	35197
168.29/168.37	168.363	6688	42415
168.58/168.60	168.599	6687	42418
170.08/170.16	170.157	6679	44158
170.39/170.47	170.469	6677	44248
170.78/170.81	170.81	6675	44391
174.58/174.64	174.64	6668	48927
174.79/174.89	174.886	6667	48938
175.08/175.18	175.172	6666	48976
178.78/178.85	178.846	6663	53428
183.19/183.23	183.221	6653	58675
183.49/183.52	183.514	6652	58752
183.79/183.87	183.865	6651	58902
184.09/184.16	184.153	6650	58971
188.10/188.11	188.107	6644	63750
189.49/189.51	189.505	6640	65215
189.89/189.97	189.965	6638	65522
190.59/190.69	190.683	6635	66147
192.18/192.20	192.2	6633	67770
192.39/192.49	192.485	6632	67830
192.68/192.73	192.725	6630	67843
195.08/195.18	195.174	6623	70613
196.08/196.10	196.1	6621	71462
212.68/212.73	212.726	6612	91102
220.19/220.24	220.236	6602	99824
222.98/223.01	223.007	6599	103048
224.29/224.40	224.396	6592	104472
224.58/224.64	224.633	6591	104484
232.49/232.54	232.53	6584	114117
233.29/233.35	233.343	6580	114867
247.58/247.64	247.633	6575	132549
248.88/248.95	248.943	6572	133911
255.68/255.73	255.727	6570	141547
258.39/258.47	258.465	6567	144568
275.28/275.38	275.377	6562	164926
289.58/289.68	289.672	6556	181923
291.08/291.10	291.095	6553	183404
293.28/293.31	293.304	6552	186045
293.98/294.01	293.998	6551	186574
295.28/295.35	295.342	6549	187653
295.48/295.59	295.581	6548	187667
295.89/295.96	295.953	6546	187826
296.38/296.46	296.455	6545	187985
296.99/297.03	297.021	6544	188299
297.38/297.44	297.429	6543	188530
297.68/297.79	297.781	6542	188677
323.29/323.30	323.296	6537	218583
323.48/323.55	323.543	6536	218595
328.28/328.30	328.295	6531	224154
328.68/328.76	328.749	6530	224403
328.98/329.04	329.029	6529	224465
329.78/329.81	329.799	6527	225132
336.28/336.39	336.383	6522	232282
342.18/342.25	342.237	6517	239212
349.38/349.49	349.48	6512	248091
349.88/349.90	349.888	6511	248318
365.28/365.38	365.367	6507	267141
368.68/368.74	368.735	6504	271093
368.88/368.99	368.982	6503	271113
371.48/371.56	371.55	6502	273964
371.79/371.81	371.803	6501	273990
386.28/386.39	386.378	6498	291141
389.77/389.84	389.827	6495	295582
390.07/390.12	390.109	6494	295637
394.37/394.48	394.468	6492	299960
408.98/409.09	409.078	6490	316907
409.28/409.32	409.313	6489	316909
426.18/426.22	426.207	6487	338129
430.38/430.41	430.396	6485	342899
435.58/435.61	435.598	6481	349133
436.47/436.54	436.526	6480	349899
437.87/437.96	437.947	6478	351225
474.17/474.23	474.216	6471	396856
489.48/489.52	489.504	6468	414226
489.77/489.80	489.782	6467	414257
546.98/547.04	547.02	6463	487569
590.07/590.18	590.167	6459	546527
591.07/591.17	591.153	6458	547478
632.57/632.69	632.667	6455	602548
649.87/649.92	649.906	6452	625206
687.27/687.38	687.357	6448	675426
689.67/689.79	689.775	6446	678226
703.77/703.90	703.878	6444	698291
710.48/710.57	710.546	6443	706882
710.77/710.88	710.864	6442	707003
724.78/724.86	724.839	6440	724477
725.88/725.93	725.912	6439	725431
726.17/726.27	726.253	6438	725550
829.76/829.80	829.78	6434	861469
830.06/830.15	830.125	6433	861626
842.96/843.02	842.995	6431	878502
843.26/843.33	843.307	6430	878618
898.36/898.40	898.37	6429	955611
913.36/913.42	913.396	6425	975787
949.76/949.82	949.789	6423	1024431
950.06/950.10	950.072	6422	1024510
950.37/950.48	950.453	6421	1024721
961.16/961.28	961.255	6420	1038240
961.76/961.83	961.803	6419	1038653
