4.88/4.97	4.95928	7566	0
5.18/5.25	5.23986	7565	1
5.48/5.53	5.52222	7563	2
5.78/5.81	5.80704	7560	6
5.98/6.10	6.08927	7558	10
6.28/6.38	6.37229	7557	11
6.59/6.68	6.67795	7555	18
6.88/6.97	6.96371	7554	22
7.18/7.26	7.25	7553	24
7.48/7.54	7.5341	7552	25
7.78/7.83	7.82402	7551	33
8.08/8.12	8.10965	7550	34
8.28/8.39	8.38745	7548	37
8.58/8.67	8.66741	7547	40
8.88/8.96	8.95641	7546	46
9.18/9.25	9.24149	7543	55
9.48/9.53	9.52162	7542	60
9.79/9.81	9.80609	7541	62
10.08/10.10	10.0906	7540	65
10.28/10.38	10.3768	7539	66
10.58/10.68	10.6692	7538	74
10.89/10.96	10.9556	7537	76
11.18/11.25	11.242	7535	81
11.48/11.53	11.5256	7533	85
11.78/11.82	11.8176	7528	92
12.08/12.17	12.1624	7527	95
12.38/12.45	12.4472	7526	96
12.68/12.73	12.7285	7525	98
12.98/13.01	13.0084	7524	103
13.18/13.28	13.277	7523	106
13.48/13.57	13.5607	7522	107
13.78/13.85	13.8423	7520	111
14.08/14.19	14.1796	7519	112
14.48/14.56	14.5549	7518	113
14.88/14.98	14.9766	7515	124
15.29/15.40	15.3909	7513	142
15.68/15.79	15.7873	7512	149
16.08/16.18	16.1748	7511	150
16.48/16.55	16.5414	7509	152
16.88/16.96	16.9513	7508	153
17.28/17.34	17.3326	7506	157
17.68/17.70	17.6887	7505	161
18.08/18.11	18.0987	7504	164
18.38/18.48	18.4715	7503	165
18.78/18.88	18.8684	7502	166
19.18/19.22	19.2112	7501	171
19.48/19.55	19.5418	7500	174
19.88/19.91	19.9081	7499	176
20.18/20.29	20.2843	7497	178
20.58/20.66	20.6505	7496	179
20.98/21.00	20.9974	7492	190
21.28/21.30	21.2967	7491	191
21.48/21.59	21.5869	7490	192
21.78/21.88	21.8751	7489	193
22.18/22.29	22.2873	7487	194
22.48/22.59	22.5836	7483	198
22.88/22.98	22.9737	7481	200
23.18/23.28	23.274	7480	201
23.58/23.67	23.6581	7476	215
23.89/23.98	23.974	7474	216
24.28/24.33	24.3236	7468	229
24.58/24.65	24.6439	7466	230
24.99/25.04	25.0348	7465	231
25.29/25.37	25.367	7463	238
25.68/25.72	25.7171	7461	240
26.09/26.13	26.1222	7460	241
26.48/26.51	26.502	7459	242
26.88/26.90	26.8915	7457	245
27.28/27.30	27.2951	7456	246
27.68/27.72	27.7091	7455	253
27.98/28.09	28.0782	7454	254
28.38/28.47	28.4608	7453	256
28.68/28.74	28.7363	7451	261
28.98/29.01	29.006	7450	262
29.18/29.29	29.2778	7449	265
29.48/29.57	29.5629	7448	267
29.78/29.86	29.8526	7446	289
30.08/30.14	30.1304	7445	291
30.38/30.41	30.4047	7444	293
30.58/30.70	30.6894	7443	294
30.88/30.99	30.9806	7437	297
31.18/31.28	31.2699	7436	298
31.48/31.56	31.55	7434	299
31.80/31.84	31.8376	7433	303
32.08/32.13	32.1207	7432	304
32.38/32.40	32.393	7430	306
32.58/32.69	32.6795	7429	309
32.90/32.97	32.9643	7428	311
33.18/33.26	33.2541	7427	317
33.48/33.55	33.5473	7425	327
33.79/33.84	33.8281	7424	328
34.09/34.14	34.1291	7420	338
34.38/34.43	34.4201	7419	340
34.78/34.82	34.8079	7416	349
35.10/35.13	35.1221	7415	351
35.48/35.53	35.5255	7414	357
35.78/35.89	35.887	7413	358
36.20/36.24	36.2314	7410	364
36.48/36.53	36.5188	7409	365
36.78/36.82	36.8092	7408	369
37.09/37.10	37.0933	7407	370
37.30/37.38	37.3765	7406	371
37.58/37.67	37.6651	7405	372
37.88/37.95	37.9408	7404	377
38.19/38.23	38.2183	7402	378
38.49/38.52	38.5082	7400	380
38.78/38.80	38.7954	7399	381
38.98/39.08	39.0753	7398	383
39.29/39.37	39.36	7397	385
39.59/39.65	39.6444	7395	387
39.88/39.94	39.9349	7394	392
40.18/40.23	40.2272	7392	396
40.48/40.52	40.5096	7391	398
40.78/40.80	40.7955	7389	399
40.98/41.09	41.0786	7388	400
41.28/41.38	41.3674	7385	409
41.58/41.66	41.651	7384	410
41.88/41.94	41.9321	7383	416
42.18/42.23	42.2252	7382	421
42.48/42.52	42.5132	7380	426
42.68/42.81	42.7976	7378	427
42.98/43.09	43.0813	7377	433
43.28/43.36	43.3558	7375	435
43.58/43.65	43.6377	7373	440
43.90/43.93	43.9243	7372	441
44.18/44.21	44.2067	7371	442
44.48/44.50	44.4945	7369	452
44.79/44.89	44.8835	7368	454
45.18/45.28	45.2764	7367	460
45.58/45.65	45.6423	7365	464
45.89/45.96	45.9561	7364	465
46.19/46.24	46.2293	7363	466
46.48/46.51	46.5005	7362	468
46.68/46.77	46.7641	7361	469
46.99/47.05	47.0403	7357	478
47.29/47.33	47.3218	7356	480
47.58/47.62	47.6148	7354	489
47.88/47.91	47.8975	7353	493
48.09/48.19	48.1771	7352	495
48.39/48.47	48.4632	7351	499
48.68/48.76	48.7478	7348	503
48.98/49.04	49.029	7347	505
49.28/49.34	49.3354	7344	530
49.58/49.63	49.6209	7342	531
49.88/49.96	49.9479	7340	540
50.18/50.24	50.2295	7339	542
50.49/50.56	50.555	7338	546
50.78/50.84	50.8361	7336	551
51.08/51.13	51.1237	7335	560
51.39/51.42	51.4107	7332	574
51.69/51.72	51.7151	7331	578
51.98/52.05	52.0432	7330	580
52.28/52.34	52.3278	7329	581
52.58/52.63	52.6189	7327	597
52.88/52.91	52.9002	7326	600
53.08/53.19	53.1857	7325	601
53.38/53.48	53.4681	7324	602
53.68/53.76	53.7556	7321	610
53.98/54.03	54.0228	7319	614
54.28/54.31	54.3049	7318	615
54.58/54.60	54.5903	7317	616
54.78/54.89	54.8806	7315	621
55.18/55.27	55.2577	7314	622
55.48/55.55	55.5459	7312	623
55.79/55.84	55.8345	7307	635
56.09/56.11	56.1056	7305	640
56.28/56.38	56.3741	7303	641
56.58/56.66	56.6528	7302	642
56.98/57.03	57.0179	7301	655
57.28/57.32	57.3084	7300	661
57.48/57.59	57.5865	7299	664
57.78/57.86	57.8564	7298	665
58.08/58.15	58.1397	7297	672
58.38/58.43	58.417	7296	673
58.68/58.71	58.7009	7295	674
58.88/58.99	58.9779	7292	680
59.18/59.27	59.2646	7291	682
59.48/59.55	59.5414	7290	685
59.78/59.82	59.8148	7289	686
60.08/60.11	60.106	7282	706
60.28/60.40	60.3878	7281	707
60.58/60.69	60.6824	7277	727
60.88/60.97	60.9602	7276	729
61.18/61.24	61.2357	7274	731
61.50/61.53	61.5224	7272	744
61.78/61.81	61.803	7271	745
62.08/62.14	62.1289	7268	759
62.48/62.51	62.5048	7267	763
62.78/62.81	62.8012	7265	773
62.98/63.09	63.0854	7262	779
63.28/63.37	63.3629	7261	780
63.58/63.65	63.6389	7259	794
63.88/63.94	63.9268	7258	807
64.18/64.22	64.211	7256	814
64.38/64.49	64.4856	7255	816
64.68/64.77	64.7631	7254	818
64.98/65.06	65.0474	7253	829
65.28/65.33	65.3242	7252	830
65.58/65.61	65.6052	7250	841
65.78/65.89	65.8784	7249	846
66.08/66.16	66.1551	7248	847
66.38/66.44	66.4313	7247	849
66.68/66.72	66.7149	7245	851
66.99/67.01	67.0037	7242	865
67.28/67.31	67.2973	7238	883
67.58/67.60	67.5927	7237	900
67.78/67.88	67.8719	7235	919
68.09/68.16	68.1482	7234	920
68.38/68.43	68.4203	7233	925
68.68/68.72	68.7082	7232	934
68.88/69.00	68.988	7231	937
69.19/69.28	69.2699	7230	942
69.48/69.56	69.548	7227	946
69.78/69.83	69.8207	7226	947
70.08/70.10	70.0937	7225	948
70.29/70.38	70.3704	7224	951
70.58/70.66	70.6472	7223	952
70.88/70.92	70.9158	7222	954
71.18/71.21	71.2005	7217	975
71.39/71.49	71.4809	7215	983
71.68/71.76	71.7538	7214	984
71.98/72.04	72.0301	7213	985
72.28/72.34	72.3355	7210	1012
72.59/72.62	72.6159	7209	1013
72.88/72.91	72.8968	7208	1022
73.18/73.20	73.1938	7204	1048
73.39/73.47	73.4642	7203	1049
73.69/73.75	73.7436	7202	1050
73.98/74.02	74.0133	7201	1052
74.28/74.31	74.2969	7199	1059
74.49/74.59	74.5808	7194	1067
74.79/74.87	74.8616	7193	1068
75.08/75.16	75.1525	7189	1090
75.38/75.44	75.4295	7188	1095
75.68/75.71	75.7028	7186	1096
75.89/75.99	75.9797	7185	1097
76.18/76.27	76.26	7184	1101
76.48/76.54	76.5282	7182	1103
76.78/76.82	76.8128	7181	1112
77.08/77.10	77.0927	7179	1118
77.28/77.38	77.3715	7176	1124
77.58/77.65	77.6428	7175	1127
77.88/77.93	77.9196	7173	1133
78.18/78.20	78.1952	7172	1135
78.48/78.55	78.541	7171	1136
78.78/78.90	78.8915	7170	1140
79.10/79.19	79.1791	7169	1141
79.38/79.49	79.4856	7168	1143
79.78/79.85	79.8399	7166	1151
80.08/80.18	80.1745	7165	1154
80.38/80.48	80.4696	7158	1191
80.68/80.75	80.7436	7157	1192
80.98/81.03	81.0232	7155	1195
81.18/81.30	81.2917	7154	1196
81.58/81.62	81.6101	7150	1246
81.88/81.90	81.8957	7149	1263
82.08/82.20	82.1905	7148	1269
82.49/82.57	82.5632	7147	1270
82.78/82.86	82.8476	7146	1271
83.08/83.13	83.1226	7145	1274
83.38/83.40	83.3876	7144	1278
83.59/83.67	83.6613	7143	1287
83.88/83.95	83.9367	7142	1288
84.18/84.21	84.1957	7141	1289
84.39/84.47	84.4651	7140	1290
84.69/84.74	84.7285	7139	1292
84.98/85.00	84.9868	7138	1295
85.18/85.27	85.2564	7136	1302
85.49/85.54	85.5292	7135	1303
85.79/85.83	85.8204	7133	1327
86.08/86.10	86.0931	7132	1333
86.28/86.39	86.3806	7130	1345
86.59/86.65	86.637	7129	1348
86.89/86.91	86.9041	7128	1351
87.18/87.23	87.2187	7124	1404
87.38/87.49	87.4823	7123	1407
87.69/87.76	87.7511	7122	1408
87.99/88.03	88.0242	7120	1410
88.28/88.31	88.3012	7118	1412
88.58/88.61	88.6051	7113	1452
88.88/88.90	88.8857	7112	1457
89.09/89.18	89.1697	7111	1475
89.38/89.45	89.4449	7108	1489
89.68/89.77	89.757	7107	1490
90.10/90.17	90.1609	7105	1519
90.48/90.51	90.5002	7102	1578
90.68/90.79	90.7845	7100	1590
90.99/91.07	91.0601	7099	1595
91.29/91.33	91.3201	7098	1596
91.58/91.61	91.6047	7097	1607
91.78/91.88	91.8691	7096	1613
92.09/92.14	92.1298	7095	1624
92.39/92.47	92.4613	7092	1699
92.68/92.74	92.7315	7090	1705
92.98/93.03	93.0187	7089	1722
93.28/93.31	93.2977	7088	1733
93.58/93.62	93.6102	7083	1778
93.78/93.89	93.8839	7081	1787
94.08/94.17	94.1588	7079	1798
94.38/94.44	94.433	7077	1799
94.68/94.71	94.7048	7075	1800
94.88/94.98	94.9684	7074	1801
95.18/95.26	95.2464	7072	1807
95.48/95.53	95.523	7071	1816
95.78/95.83	95.8181	7069	1842
96.08/96.11	96.0996	7067	1852
96.38/96.40	96.3931	7065	1875
96.58/96.68	96.6713	7063	1887
96.88/96.97	96.9574	7060	1911
97.18/97.23	97.2246	7059	1914
97.48/97.52	97.5076	7057	1927
97.68/97.79	97.7826	7055	1937
97.98/98.08	98.0702	7053	1958
98.28/98.37	98.3572	7050	1980
98.58/98.65	98.6373	7049	1997
98.90/98.97	98.9579	7046	2072
99.18/99.24	99.2301	7045	2077
99.48/99.52	99.5051	7043	2083
99.68/99.78	99.7681	7042	2085
100.00/100.05	100.039	7041	2087
100.28/100.32	100.313	7040	2088
100.48/100.58	100.566	7039	2090
100.78/100.85	100.843	7038	2094
101.10/101.12	101.114	7036	2103
101.38/101.48	101.473	7031	2210
101.68/101.76	101.752	7030	2229
101.99/102.03	102.022	7029	2231
102.29/102.31	102.301	7028	2238
102.58/102.63	102.616	7026	2288
102.88/102.91	102.9	7024	2317
103.09/103.18	103.173	7023	2326
103.39/103.48	103.468	7022	2358
103.78/103.84	103.831	7021	2360
104.08/104.19	104.179	7020	2365
104.49/104.55	104.535	7018	2387
104.78/104.85	104.84	7016	2427
105.08/105.17	105.156	7013	2488
105.38/105.46	105.454	7009	2526
105.68/105.73	105.717	7008	2527
106.08/106.12	106.115	6999	2678
106.39/106.42	106.413	6996	2711
106.69/106.75	106.739	6992	2781
107.18/107.23	107.216	6987	3036
107.49/107.58	107.569	6983	3135
107.79/107.86	107.851	6981	3150
108.08/108.13	108.124	6979	3156
108.48/108.53	108.524	6974	3311
108.68/108.81	108.795	6973	3312
108.98/109.08	109.069	6972	3317
109.28/109.36	109.352	6970	3342
109.58/109.63	109.619	6969	3343
109.78/109.90	109.892	6968	3356
110.08/110.19	110.18	6965	3377
110.48/110.50	110.486	6964	3427
110.68/110.77	110.758	6963	3437
111.00/111.08	111.071	6962	3492
111.38/111.48	111.474	6960	3659
111.78/111.82	111.808	6956	3736
112.10/112.13	112.118	6954	3786
112.38/112.42	112.405	6953	3809
112.68/112.70	112.688	6952	3825
112.99/113.08	113.067	6951	3863
113.29/113.35	113.342	6950	3878
113.58/113.62	113.607	6949	3880
113.98/114.01	114.003	6945	4069
114.18/114.28	114.271	6944	4070
114.58/114.64	114.634	6937	4185
114.88/114.90	114.886	6936	4186
115.08/115.18	115.17	6935	4207
115.49/115.51	115.502	6931	4309
115.68/115.79	115.78	6930	4324
115.98/116.05	116.042	6929	4325
116.28/116.33	116.321	6927	4347
116.58/116.63	116.621	6925	4390
116.88/116.93	116.919	6923	4426
117.18/117.20	117.191	6921	4430
117.48/117.60	117.59	6918	4584
117.88/117.91	117.899	6912	4650
118.08/118.18	118.172	6910	4680
118.48/118.50	118.49	6909	4755
118.69/118.76	118.749	6908	4756
118.98/119.06	119.045	6906	4802
119.28/119.36	119.352	6903	4882
119.79/119.83	119.819	6899	5113
120.08/120.10	120.086	6898	5115
120.89/120.95	120.943	6888	5855
121.17/121.23	121.217	6886	5863
121.67/121.71	121.702	6883	6130
121.87/121.98	121.965	6882	6136
122.17/122.29	122.282	6881	6193
122.47/122.55	122.543	6880	6194
122.77/122.81	122.799	6879	6195
122.97/123.07	123.063	6878	6196
123.27/123.34	123.326	6877	6199
123.67/123.73	123.722	6872	6370
124.19/124.21	124.2	6867	6635
124.57/124.67	124.661	6863	6876
125.08/125.12	125.109	6859	7092
125.29/125.39	125.376	6858	7106
125.57/125.65	125.641	6856	7114
125.87/125.91	125.898	6855	7115
126.07/126.19	126.179	6854	7135
126.77/126.84	126.83	6851	7587
127.07/127.13	127.122	6849	7627
127.37/127.42	127.409	6847	7656
127.58/127.68	127.673	6845	7663
127.97/128.00	127.99	6844	7727
128.17/128.26	128.25	6843	7728
128.47/128.58	128.567	6841	7793
128.97/129.00	128.992	6836	7984
129.17/129.29	129.278	6835	8017
129.57/129.65	129.637	6833	8135
129.98/130.02	130.007	6830	8265
130.48/130.55	130.544	6825	8598
130.79/130.89	130.88	6822	8692
131.48/131.55	131.535	6820	9162
131.98/132.09	132.078	6818	9484
132.27/132.35	132.339	6817	9485
132.67/132.75	132.739	6816	9655
133.08/133.12	133.104	6810	9782
134.09/134.12	134.104	6805	10466
134.37/134.41	134.403	6804	10467
135.07/135.16	135.15	6802	10901
135.47/135.52	135.514	6801	10999
136.97/137.06	137.047	6789	12510
137.88/137.99	137.975	6780	13163
139.18/139.21	139.199	6776	14347
139.78/139.82	139.811	6772	14668
141.18/141.24	141.23	6763	16028
141.38/141.49	141.479	6762	16029
141.89/141.91	141.896	6759	16186
142.08/142.16	142.152	6758	16187
143.88/143.91	143.902	6749	17876
144.18/144.25	144.242	6748	17932
146.68/146.78	146.769	6742	20376
148.28/148.36	148.346	6731	21684
148.78/148.87	148.857	6729	21880
149.18/149.30	149.285	6727	21964
149.49/149.57	149.556	6726	21986
150.47/150.56	150.546	6720	22746
150.97/151.00	150.986	6717	22842
151.97/152.08	152.072	6712	23579
152.58/152.62	152.603	6711	23834
152.98/153.01	152.997	6710	23994
156.37/156.46	156.446	6702	27372
165.18/165.29	165.281	6693	37208
165.99/166.06	166.047	6691	37824
166.28/166.31	166.302	6690	37827
169.68/169.79	169.774	6686	41433
172.38/172.46	172.447	6678	44291
172.69/172.75	172.739	6677	44340
173.28/173.36	173.349	6673	44767
178.18/178.25	178.237	6666	50144
179.87/179.98	179.964	6665	51860
180.87/180.93	180.913	6662	52669
184.97/185.03	185.016	6654	57127
185.17/185.29	185.277	6653	57133
191.08/191.16	191.144	6649	63619
191.87/191.97	191.955	6646	64239
193.17/193.24	193.229	6641	65438
193.58/193.68	193.666	6639	65657
193.97/194.01	193.994	6638	65760
194.47/194.55	194.534	6636	66101
198.48/198.56	198.545	6629	70817
198.78/198.81	198.794	6628	70818
198.99/199.09	199.072	6627	70853
201.38/201.43	201.416	6624	73353
203.08/203.12	203.102	6623	75087
209.99/210.02	210.003	6614	82949
210.47/210.50	210.485	6612	83222
214.87/214.98	214.968	6606	88212
215.17/215.25	215.235	6605	88236
215.49/215.51	215.497	6604	88248
216.38/216.43	216.419	6601	89072
234.47/234.56	234.546	6593	109874
242.68/242.73	242.72	6588	119273
243.08/243.19	243.174	6587	119520
254.97/255.05	255.039	6578	133336
257.57/257.65	257.633	6575	136159
260.68/260.73	260.711	6573	139542
265.67/265.72	265.701	6571	144788
266.77/266.86	266.848	6568	145873
267.07/267.14	267.125	6567	145914
267.57/267.62	267.602	6566	146187
271.17/271.21	271.192	6565	150181
271.58/271.65	271.632	6563	150414
275.78/275.86	275.841	6561	155121
287.67/287.71	287.691	6557	168827
287.97/288.07	288.055	6556	168963
289.87/289.95	289.935	6554	170858
293.27/293.30	293.286	6550	174499
293.97/294.01	293.995	6548	175046
299.09/299.16	299.148	6545	180831
301.08/301.19	301.172	6544	182911
324.48/324.55	324.531	6541	209905
327.38/327.49	327.469	6537	213077
346.27/346.39	346.369	6532	235000
346.77/346.82	346.802	6531	235233
347.37/347.47	347.448	6528	235729
347.87/347.92	347.902	6527	235984
348.27/348.39	348.368	6526	236257
362.98/363.01	362.987	6521	253656
363.17/363.29	363.272	6520	253707
363.47/363.56	363.537	6519	253734
365.18/365.26	365.236	6516	255458
366.18/366.24	366.219	6514	256350
366.36/366.48	366.463	6513	256351
366.66/366.73	366.707	6512	256352
366.86/366.99	366.969	6511	256377
380.97/381.02	381.003	6510	273136
386.47/386.50	386.485	6504	279170
388.57/388.65	388.626	6503	281120
388.87/388.90	388.884	6502	281137
390.57/390.63	390.608	6500	282808
392.87/392.98	392.956	6499	285050
412.77/412.86	412.835	6495	307992
415.56/415.62	415.595	6493	310801
416.66/416.80	416.781	6490	312093
421.06/421.16	421.136	6488	316688
421.36/421.49	421.464	6487	316736
439.88/439.94	439.919	6482	337598
448.86/448.91	448.892	6480	347888
449.36/449.49	449.468	6478	348290
449.66/449.79	449.767	6477	348356
454.46/454.54	454.52	6472	353690
455.07/455.15	455.123	6471	354114
455.66/455.74	455.721	6470	354529
458.26/458.39	458.364	6469	357360
459.86/459.94	459.92	6468	358910
464.77/464.85	464.829	6465	364407
469.76/469.86	469.836	6464	370081
491.16/491.27	491.246	6463	397298
491.86/491.94	491.917	6462	397812
508.97/509.08	509.055	6460	418458
522.17/522.29	522.266	6458	433829
524.97/525.06	525.033	6455	436797
530.96/531.06	531.038	6453	443709
533.77/533.85	533.828	6450	446749
553.18/553.23	553.201	6449	470802
564.07/564.10	564.075	6447	483740
572.46/572.59	572.565	6444	493505
618.96/619.05	619.025	6439	550599
629.56/629.60	629.574	6437	562763
629.86/629.98	629.949	6436	562856
643.06/643.12	643.092	6434	577958
645.86/645.97	645.941	6433	580991
646.16/646.22	646.189	6432	581004
649.06/649.15	649.125	6431	584203
719.07/719.19	719.159	6430	671000
720.46/720.58	720.55	6429	672342
740.36/740.43	740.398	6428	695515
783.66/783.75	783.717	6427	748540
802.56/802.68	802.647	6425	771870
802.87/802.93	802.895	6424	771874
