4.78/4.85	4.85498	7573	0
5.08/5.13	5.13334	7572	1
5.39/5.42	5.41849	7571	2
5.68/5.70	5.70064	7569	3
5.88/5.99	5.98857	7567	6
6.18/6.29	6.28808	7565	7
6.49/6.58	6.58354	7561	14
6.78/6.87	6.86757	7560	18
7.08/7.14	7.14639	7558	20
7.38/7.43	7.43276	7557	21
7.69/7.72	7.72602	7556	22
7.98/8.01	8.01163	7555	23
8.28/8.30	8.30187	7554	24
8.58/8.61	8.60789	7550	30
8.88/8.90	8.90613	7548	32
9.08/9.19	9.1934	7547	34
9.38/9.47	9.47417	7543	38
9.68/9.75	9.75638	7542	39
9.98/10.04	10.0381	7541	40
10.28/10.32	10.3179	7540	41
10.58/10.62	10.6234	7539	42
10.90/10.92	10.9259	7537	44
11.18/11.24	11.2378	7534	49
11.48/11.53	11.5343	7533	50
11.78/11.84	11.8377	7532	51
12.09/12.14	12.1403	7531	52
12.38/12.44	12.4378	7530	53
12.68/12.73	12.7284	7527	60
12.98/13.02	13.021	7525	63
13.28/13.30	13.3033	7524	64
13.48/13.58	13.5815	7523	65
13.78/13.88	13.8811	7522	66
14.08/14.17	14.1758	7520	76
14.38/14.45	14.4556	7518	77
14.69/14.74	14.7424	7515	80
14.98/15.04	15.0445	7514	82
15.29/15.35	15.355	7511	88
15.58/15.64	15.6373	7510	89
15.88/15.93	15.9327	7508	93
16.18/16.21	16.2132	7507	94
16.39/16.49	16.4939	7506	97
16.68/16.77	16.7749	7505	98
16.98/17.06	17.0575	7503	99
17.28/17.34	17.3381	7502	100
17.59/17.63	17.6278	7501	102
17.88/17.93	17.9304	7498	112
18.18/18.22	18.2251	7497	113
18.48/18.52	18.521	7496	116
18.78/18.82	18.8241	7495	117
19.08/19.12	19.1187	7494	119
19.38/19.42	19.4213	7493	120
19.69/19.72	19.7219	7492	121
19.98/20.02	20.0175	7491	123
20.28/20.31	20.3087	7490	140
20.58/20.60	20.6053	7489	148
20.79/20.89	20.8891	7487	151
21.08/21.18	21.1773	7486	152
21.38/21.45	21.4533	7485	154
21.68/21.73	21.7313	7482	155
21.99/22.01	22.007	7479	157
22.18/22.28	22.2855	7478	158
22.48/22.57	22.5695	7476	163
22.78/22.86	22.8642	7475	164
23.10/23.16	23.1645	7474	165
23.38/23.46	23.4638	7473	166
23.68/23.75	23.7476	7472	167
23.98/24.03	24.0295	7471	170
24.28/24.32	24.3259	7470	173
24.58/24.62	24.6252	7469	174
24.88/24.93	24.931	7468	188
25.19/25.24	25.236	7464	194
25.48/25.53	25.5318	7463	195
25.78/25.83	25.8315	7462	196
26.08/26.13	26.1282	7461	199
26.39/26.42	26.4217	7460	201
26.68/26.72	26.7178	7459	202
26.98/27.02	27.0192	7456	216
27.28/27.30	27.3012	7455	217
27.49/27.58	27.581	7453	218
27.78/27.86	27.8627	7451	221
28.08/28.14	28.1441	7448	224
28.38/28.43	28.4264	7444	237
28.68/28.71	28.7099	7441	248
28.88/28.99	28.9951	7439	256
29.28/29.31	29.3063	7437	273
29.59/29.60	29.6053	7435	280
29.88/29.91	29.9061	7432	284
30.08/30.19	30.1893	7431	285
30.38/30.46	30.4618	7430	286
30.69/30.74	30.7434	7429	287
30.98/31.04	31.0399	7428	288
31.28/31.33	31.3261	7426	292
31.58/31.60	31.6042	7424	293
31.79/31.89	31.8889	7423	298
32.08/32.17	32.1692	7422	302
32.38/32.45	32.4487	7421	307
32.68/32.72	32.7238	7420	308
32.99/33.02	33.0175	7419	314
33.28/33.32	33.3173	7418	318
33.58/33.61	33.6107	7417	321
33.78/33.89	33.8889	7416	322
34.09/34.17	34.1685	7415	323
34.38/34.45	34.4468	7413	325
34.68/34.73	34.7291	7411	329
34.98/35.01	35.0093	7410	333
35.19/35.29	35.2915	7409	340
35.48/35.57	35.567	7408	342
35.78/35.84	35.843	7407	343
36.08/36.12	36.1202	7405	347
36.38/36.42	36.4162	7402	375
36.68/36.70	36.6997	7401	382
36.88/36.97	36.9747	7400	384
37.18/37.25	37.2546	7399	388
37.48/37.53	37.5306	7398	390
37.78/37.81	37.8078	7397	391
37.98/38.08	38.0838	7396	392
38.28/38.36	38.3589	7395	393
38.58/38.63	38.6353	7394	396
38.88/38.91	38.9134	7393	401
39.08/39.19	39.188	7392	402
39.38/39.46	39.4654	7390	407
39.68/39.75	39.7474	7389	414
39.98/40.02	40.0249	7388	419
40.28/40.30	40.301	7387	420
40.48/40.57	40.5754	7386	421
40.78/40.85	40.8522	7385	422
41.08/41.13	41.1264	7384	423
41.38/41.40	41.4021	7382	425
41.58/41.68	41.6771	7380	426
41.88/41.95	41.9527	7379	427
42.18/42.23	42.2273	7378	428
42.48/42.50	42.5051	7376	432
42.68/42.79	42.7855	7374	441
42.98/43.06	43.0588	7373	442
43.28/43.33	43.3342	7371	444
43.58/43.61	43.6077	7370	445
43.78/43.89	43.8913	7369	452
44.08/44.18	44.1788	7368	454
44.38/44.48	44.476	7366	455
44.68/44.77	44.7712	7365	456
44.99/45.07	45.0655	7364	457
45.28/45.34	45.3446	7363	465
45.58/45.63	45.6267	7361	470
45.88/45.92	45.9234	7357	486
46.09/46.20	46.2003	7354	492
46.38/46.49	46.4872	7352	509
46.68/46.77	46.7683	7350	517
46.98/47.05	47.0494	7349	518
47.29/47.35	47.3497	7348	526
47.58/47.65	47.6488	7346	533
47.88/47.94	47.9404	7345	535
48.18/48.21	48.2107	7344	537
48.39/48.49	48.4879	7343	538
48.68/48.76	48.7637	7342	539
48.98/49.04	49.0447	7340	542
49.28/49.34	49.3356	7339	543
49.58/49.62	49.6228	7338	544
49.88/49.92	49.919	7336	545
50.18/50.21	50.211	7335	551
50.39/50.50	50.4975	7334	552
50.69/50.78	50.7849	7333	553
50.99/51.08	51.0839	7331	561
51.29/51.37	51.375	7329	566
51.60/51.67	51.6721	7327	570
51.89/51.96	51.9581	7326	571
52.19/52.25	52.2539	7325	572
52.49/52.55	52.5498	7323	578
52.80/52.84	52.8436	7322	579
53.09/53.14	53.1402	7319	591
53.39/53.41	53.4109	7318	592
53.59/53.68	53.6804	7316	593
53.90/53.96	53.9561	7315	598
54.19/54.23	54.2347	7314	603
54.49/54.51	54.5104	7313	604
54.69/54.78	54.7844	7312	605
55.00/55.06	55.0626	7311	614
55.29/55.34	55.3354	7310	615
55.59/55.63	55.6315	7309	629
55.89/55.92	55.9199	7307	636
56.19/56.20	56.1976	7306	648
56.39/56.49	56.4871	7302	670
56.69/56.78	56.7785	7301	671
56.99/57.06	57.0644	7300	673
57.29/57.36	57.3611	7299	679
57.59/57.65	57.6509	7297	681
57.89/57.95	57.9453	7295	692
58.20/58.24	58.24	7294	696
58.49/58.53	58.5317	7293	697
58.79/58.83	58.8289	7291	698
59.09/59.12	59.1189	7289	707
59.30/59.39	59.3864	7288	708
59.59/59.66	59.6625	7286	717
59.89/59.95	59.9475	7285	718
60.19/60.23	60.2275	7284	719
60.50/60.51	60.5111	7283	727
60.79/60.80	60.7996	7279	738
60.99/61.09	61.0858	7278	746
61.29/61.37	61.3702	7276	747
61.60/61.65	61.6542	7275	748
61.89/61.93	61.9307	7274	750
62.19/62.20	62.2026	7273	756
62.39/62.48	62.4762	7272	764
62.70/62.75	62.7461	7271	765
62.99/63.02	63.0165	7270	767
63.19/63.29	63.2868	7269	769
63.49/63.56	63.5581	7267	770
63.80/63.83	63.8289	7266	772
64.09/64.11	64.1085	7264	779
64.29/64.38	64.3782	7263	780
64.59/64.65	64.6479	7262	782
64.90/64.93	64.9251	7261	790
65.19/65.20	65.1984	7259	796
65.39/65.47	65.4735	7258	805
65.69/65.74	65.7431	7257	806
66.00/66.03	66.0257	7255	822
66.29/66.30	66.2971	7254	823
66.49/66.57	66.5688	7253	824
66.79/66.85	66.8539	7251	836
67.10/67.12	67.124	7250	842
67.29/67.39	67.3902	7249	843
67.59/67.67	67.6689	7247	852
67.89/67.95	67.9519	7245	861
68.20/68.25	68.2467	7244	874
68.49/68.53	68.5252	7241	885
68.79/68.80	68.7963	7240	886
68.99/69.07	69.0687	7239	890
69.30/69.34	69.3365	7238	893
69.59/69.62	69.6215	7237	896
69.89/69.91	69.9071	7236	905
70.09/70.19	70.1874	7235	922
70.40/70.46	70.462	7234	929
70.69/70.75	70.7522	7233	931
70.99/71.04	71.0408	7232	932
71.29/71.33	71.3337	7231	937
71.59/71.63	71.6321	7230	949
71.89/71.92	71.9155	7227	960
72.09/72.19	72.1905	7226	972
72.39/72.47	72.4715	7225	978
72.69/72.76	72.7606	7224	979
72.99/73.06	73.0643	7222	998
73.29/73.37	73.369	7220	1024
73.60/73.70	73.6965	7218	1068
73.99/74.00	73.9962	7217	1081
74.19/74.29	74.2894	7216	1088
74.49/74.58	74.5772	7215	1089
74.80/74.88	74.8762	7213	1102
75.09/75.16	75.1636	7212	1103
75.39/75.45	75.4516	7211	1104
75.69/75.75	75.7461	7210	1105
75.99/76.04	76.0354	7207	1106
76.29/76.33	76.3271	7206	1108
76.59/76.62	76.6151	7205	1114
76.90/76.91	76.9064	7204	1123
77.09/77.19	77.1906	7203	1140
77.39/77.48	77.4811	7200	1154
77.69/77.77	77.7696	7199	1156
78.00/78.05	78.0524	7196	1177
78.29/78.33	78.3311	7194	1194
78.59/78.60	78.6029	7193	1203
78.79/78.87	78.8732	7192	1209
79.10/79.14	79.1395	7191	1211
79.39/79.41	79.4124	7190	1219
79.59/79.69	79.686	7188	1230
79.89/79.95	79.9507	7187	1231
80.20/80.22	80.2238	7186	1241
80.49/80.51	80.5099	7185	1267
80.69/80.78	80.7755	7184	1268
80.99/81.05	81.0516	7181	1283
81.30/81.33	81.3276	7179	1294
81.59/81.60	81.6024	7178	1307
81.79/81.88	81.8752	7177	1308
82.09/82.15	82.1496	7176	1321
82.40/82.42	82.4217	7175	1330
82.59/82.69	82.6894	7174	1335
82.89/82.96	82.9568	7173	1336
83.19/83.26	83.2543	7170	1357
83.50/83.54	83.541	7169	1360
83.79/83.83	83.8315	7168	1374
84.09/84.10	84.1012	7165	1381
84.29/84.38	84.382	7163	1391
84.60/84.64	84.6433	7161	1392
84.89/84.93	84.9322	7158	1424
85.19/85.20	85.1966	7157	1425
85.49/85.52	85.5158	7153	1476
85.70/85.80	85.7988	7152	1478
85.99/86.06	86.0617	7151	1479
86.29/86.34	86.3436	7148	1491
86.59/86.65	86.6469	7145	1513
86.90/86.93	86.9317	7144	1516
87.19/87.25	87.2487	7143	1553
87.49/87.54	87.537	7141	1557
87.79/87.83	87.8314	7139	1565
88.09/88.12	88.1152	7138	1566
88.39/88.40	88.4011	7137	1568
88.69/88.70	88.7005	7135	1592
88.89/88.98	88.9758	7133	1612
89.19/89.25	89.248	7131	1620
89.49/89.53	89.5298	7129	1642
89.79/89.81	89.8042	7125	1659
89.99/90.07	90.07	7123	1660
90.29/90.33	90.3303	7122	1661
90.49/90.59	90.5904	7121	1663
90.79/90.89	90.8879	7118	1706
91.09/91.18	91.1745	7114	1736
91.39/91.45	91.4458	7113	1745
91.69/91.73	91.7295	7112	1746
91.99/92.01	92.0113	7111	1750
92.19/92.28	92.2787	7109	1754
92.49/92.54	92.5377	7108	1755
92.79/92.80	92.8027	7107	1760
92.99/93.08	93.0771	7106	1771
93.29/93.34	93.339	7105	1772
93.59/93.61	93.6113	7103	1779
93.79/93.88	93.8791	7101	1784
94.09/94.15	94.1441	7100	1786
94.39/94.42	94.4191	7098	1800
94.60/94.68	94.6812	7096	1801
94.89/94.95	94.9495	7095	1802
95.19/95.21	95.213	7094	1804
95.49/95.52	95.5236	7091	1865
95.79/95.81	95.8099	7088	1893
95.99/96.07	96.0732	7087	1896
96.29/96.35	96.3477	7086	1911
96.59/96.62	96.6197	7083	1928
96.89/96.90	96.8971	7082	1946
97.09/97.19	97.185	7081	1984
97.39/97.46	97.4539	7079	1997
97.69/97.73	97.7248	7078	1998
97.99/98.00	98.0009	7077	2019
98.19/98.27	98.265	7076	2025
98.49/98.55	98.5449	7073	2051
98.79/98.81	98.8081	7072	2054
99.09/99.11	99.1058	7071	2100
99.29/99.37	99.3661	7069	2102
99.59/99.63	99.6298	7068	2103
99.89/99.90	99.9023	7066	2117
100.10/100.17	100.169	7065	2118
100.39/100.44	100.438	7064	2123
100.69/100.72	100.722	7063	2126
100.99/101.00	101.001	7062	2131
101.29/101.30	101.298	7061	2151
101.49/101.58	101.578	7060	2152
101.79/101.85	101.853	7059	2153
102.09/102.19	102.184	7057	2213
102.39/102.49	102.491	7053	2247
102.79/102.82	102.82	7051	2308
103.09/103.12	103.123	7049	2341
103.40/103.41	103.404	7048	2342
103.59/103.68	103.679	7047	2344
103.99/104.02	104.021	7044	2416
104.29/104.31	104.303	7043	2418
104.50/104.58	104.579	7042	2420
104.79/104.86	104.857	7041	2422
105.09/105.16	105.157	7037	2444
105.39/105.45	105.444	7036	2457
105.69/105.73	105.728	7035	2465
105.99/106.01	106.005	7034	2466
106.19/106.29	106.286	7033	2467
106.49/106.57	106.571	7031	2473
106.79/106.85	106.85	7030	2474
107.19/107.20	107.195	7026	2552
107.39/107.46	107.458	7024	2554
107.69/107.75	107.743	7022	2574
107.99/108.01	108.011	7021	2586
108.19/108.29	108.292	7020	2612
108.59/108.62	108.615	7015	2690
108.79/108.88	108.88	7014	2700
109.09/109.15	109.144	7012	2709
109.39/109.41	109.403	7011	2712
109.59/109.68	109.676	7010	2718
109.89/109.95	109.946	7009	2719
110.19/110.22	110.222	7008	2738
110.39/110.49	110.485	7007	2747
110.69/110.75	110.745	7006	2751
110.99/111.03	111.024	7004	2771
111.29/111.30	111.294	7003	2785
111.49/111.56	111.562	7001	2801
111.79/111.82	111.82	7000	2802
111.99/112.08	112.078	6999	2804
112.29/112.37	112.366	6995	2843
112.59/112.66	112.654	6992	2884
112.89/112.99	112.993	6986	2987
113.19/113.27	113.264	6984	3006
113.49/113.52	113.521	6983	3007
113.79/113.87	113.87	6980	3129
114.09/114.14	114.134	6979	3130
114.29/114.40	114.396	6977	3138
114.69/114.71	114.709	6974	3210
114.89/114.98	114.975	6972	3221
115.19/115.23	115.232	6971	3222
115.39/115.49	115.49	6970	3225
115.69/115.77	115.772	6967	3257
115.99/116.09	116.091	6962	3335
116.39/116.45	116.444	6958	3463
116.69/116.71	116.705	6957	3469
116.89/116.97	116.968	6956	3479
117.39/117.45	117.451	6950	3771
117.70/117.72	117.714	6949	3781
117.99/118.01	118.008	6946	3831
118.19/118.27	118.264	6945	3832
118.49/118.56	118.557	6944	3871
118.79/118.82	118.815	6942	3877
118.99/119.07	119.07	6941	3878
119.29/119.34	119.333	6940	3882
119.49/119.59	119.588	6939	3883
119.79/119.85	119.844	6938	3884
120.09/120.11	120.11	6937	3889
120.29/120.37	120.372	6936	3899
120.59/120.64	120.64	6934	3915
120.79/120.90	120.896	6933	3916
121.19/121.20	121.198	6931	3976
121.39/121.46	121.458	6930	3983
121.69/121.73	121.731	6929	4006
121.89/122.00	121.998	6928	4022
122.19/122.26	122.253	6927	4023
122.49/122.51	122.508	6926	4024
122.79/122.81	122.809	6923	4085
123.09/123.12	123.115	6921	4154
123.39/123.41	123.407	6918	4202
123.69/123.71	123.712	6917	4263
123.89/123.97	123.966	6916	4264
124.19/124.22	124.221	6915	4265
124.59/124.62	124.617	6910	4437
124.89/124.93	124.926	6909	4507
125.19/125.21	125.209	6908	4542
125.49/125.56	125.553	6904	4662
125.79/125.89	125.884	6902	4760
126.09/126.14	126.139	6901	4762
126.39/126.43	126.427	6898	4806
126.59/126.68	126.682	6897	4807
126.89/126.99	126.984	6894	4870
127.29/127.35	127.349	6892	5016
127.59/127.62	127.618	6891	5038
127.79/127.89	127.884	6889	5056
128.19/128.24	128.234	6888	5179
128.39/128.49	128.492	6887	5180
128.69/128.75	128.746	6886	5181
128.99/129.00	129.002	6885	5187
129.29/129.36	129.358	6884	5313
129.59/129.66	129.654	6882	5370
129.99/130.00	129.995	6880	5489
130.19/130.27	130.27	6877	5516
130.49/130.55	130.544	6876	5546
130.79/130.81	130.804	6875	5556
130.99/131.06	131.058	6874	5560
131.29/131.31	131.311	6873	5561
131.49/131.57	131.565	6872	5565
131.99/132.02	132.018	6870	5824
132.29/132.39	132.388	6868	5979
133.49/133.56	133.559	6860	7161
134.69/134.78	134.778	6857	8424
135.29/135.31	135.309	6849	8769
135.49/135.57	135.568	6848	8778
135.79/135.83	135.831	6846	8783
136.19/136.20	136.2	6845	8903
138.09/138.14	138.14	6837	10912
138.39/138.42	138.418	6835	10926
138.69/138.76	138.761	6834	11013
141.79/141.82	141.816	6818	14613
142.19/142.25	142.248	6813	14850
142.49/142.50	142.499	6812	14852
143.69/143.71	143.704	6800	16077
144.49/144.55	144.545	6794	16857
145.19/145.28	145.281	6792	17480
145.49/145.55	145.544	6791	17499
145.79/145.85	145.844	6789	17563
146.09/146.10	146.097	6788	17570
147.29/147.35	147.345	6782	18838
147.69/147.72	147.719	6781	18990
148.19/148.24	148.236	6776	19351
148.49/148.56	148.562	6773	19449
148.79/148.82	148.815	6772	19450
148.99/149.09	149.091	6771	19481
149.29/149.34	149.341	6770	19483
149.69/149.72	149.717	6764	19642
149.89/149.97	149.968	6763	19644
150.19/150.22	150.218	6762	19645
150.49/150.51	150.505	6760	19686
150.79/150.82	150.813	6759	19762
153.18/153.21	153.204	6748	22511
153.38/153.48	153.479	6747	22548
154.99/155.08	155.073	6745	24253
155.28/155.38	155.378	6744	24327
155.58/155.63	155.625	6743	24328
158.09/158.10	158.101	6739	27203
158.30/158.38	158.378	6738	27239
158.69/158.78	158.777	6736	27432
162.69/162.76	162.757	6724	32117
162.98/163.03	163.022	6723	32118
167.28/167.31	167.305	6715	36933
167.78/167.81	167.804	6709	37210
167.98/168.08	168.078	6708	37222
169.18/169.21	169.203	6703	38298
173.18/173.28	173.279	6696	42919
173.98/174.04	174.032	6695	43542
174.18/174.29	174.282	6694	43543
174.48/174.54	174.535	6693	43549
176.38/176.48	176.475	6688	45740
178.69/178.72	178.713	6681	48252
179.49/179.52	179.513	6678	48940
179.99/180.01	180.002	6676	49268
181.98/182.03	182.021	6673	51571
186.78/186.81	186.805	6665	56944
188.48/188.54	188.537	6658	58693
192.59/192.66	192.655	6654	63256
196.99/197.03	197.024	6650	68180
197.39/197.48	197.476	6649	68405
197.69/197.74	197.733	6648	68406
201.99/202.06	202.059	6643	73222
202.30/202.39	202.388	6641	73305
203.09/203.11	203.11	6640	73852
205.09/205.15	205.141	6635	76116
206.39/206.43	206.43	6633	77374
209.09/209.19	209.188	6629	80373
209.49/209.54	209.532	6626	80472
211.59/211.64	211.638	6621	82625
211.89/211.90	211.894	6620	82627
212.89/212.95	212.944	6618	83540
214.19/214.26	214.253	6616	84836
215.39/215.45	215.442	6611	85994
216.79/216.81	216.806	6609	87296
220.19/220.26	220.253	6606	91225
220.49/220.50	220.496	6605	91226
223.69/223.71	223.707	6601	94767
225.08/225.11	225.105	6599	96095
225.49/225.55	225.545	6598	96319
225.78/225.87	225.866	6597	96391
227.18/227.30	227.289	6596	97767
227.59/227.60	227.597	6595	97821
227.88/227.96	227.959	6594	97939
237.19/237.29	237.287	6586	108576
238.39/238.47	238.466	6584	109644
238.70/238.76	238.752	6583	109676
258.39/258.47	258.463	6577	132609
262.48/262.59	262.581	6574	137181
264.18/264.24	264.236	6572	138820
265.48/265.54	265.532	6571	140024
265.88/265.90	265.893	6569	140141
268.39/268.41	268.402	6565	142822
268.68/268.75	268.743	6564	142922
269.08/269.13	269.124	6562	143062
272.68/272.78	272.77	6559	147090
272.98/273.05	273.046	6558	147110
287.18/287.26	287.249	6556	163625
287.48/287.52	287.514	6555	163628
288.28/288.32	288.317	6554	164275
289.98/290.09	290.083	6551	166066
290.48/290.56	290.549	6550	166309
293.28/293.36	293.352	6547	169368
294.08/294.19	294.185	6546	170051
294.98/295.00	294.991	6545	170724
300.38/300.45	300.441	6544	176892
309.18/309.29	309.28	6543	187232
309.48/309.55	309.542	6542	187261
311.38/311.44	311.437	6540	189351
329.78/329.80	329.79	6534	211611
335.49/335.56	335.551	6530	218307
340.99/341.06	341.056	6528	224563
348.98/349.01	349.005	6525	233903
352.78/352.83	352.824	6523	238265
355.88/355.90	355.895	6520	241590
364.18/364.21	364.204	6518	251278
364.38/364.49	364.476	6517	251297
377.28/377.38	377.369	6512	266383
379.38/379.46	379.448	6511	268559
379.67/379.73	379.718	6510	268595
380.07/380.18	380.173	6509	268876
380.67/380.78	380.772	6507	269334
383.18/383.26	383.254	6506	272145
392.17/392.20	392.192	6504	283251
392.77/392.89	392.884	6503	283770
401.87/401.90	401.889	6500	294096
425.08/425.10	425.085	6497	322892
425.28/425.39	425.377	6496	322967
425.78/425.81	425.797	6495	323194
429.48/429.59	429.574	6493	327709
429.77/429.85	429.835	6492	327738
437.17/437.27	437.255	6491	336815
437.47/437.52	437.511	6490	336840
437.78/437.83	437.815	6489	336895
440.27/440.33	440.316	6487	339686
440.87/440.97	440.96	6486	340177
456.07/456.12	456.109	6485	358568
457.07/457.12	457.107	6483	359439
457.58/457.64	457.631	6482	359774
458.17/458.27	458.255	6481	360205
458.58/458.69	458.681	6480	360410
490.38/490.43	490.418	6472	399893
491.28/491.34	491.33	6470	400719
491.69/491.79	491.78	6469	400965
505.18/505.25	505.233	6466	417814
505.78/505.85	505.832	6465	418218
510.87/510.99	510.979	6463	424236
515.37/515.40	515.385	6462	429469
536.97/537.00	536.989	6458	456257
537.97/538.05	538.031	6457	457185
590.58/590.63	590.617	6455	526451
590.87/590.90	590.882	6454	526464
592.57/592.60	592.583	6453	528170
597.47/597.51	597.495	6451	533821
601.47/601.58	601.558	6449	538474
602.17/602.20	602.186	6448	538894
670.97/671.01	670.995	6444	622241
681.57/681.60	681.583	6441	635897
683.27/683.37	683.356	6439	637768
686.87/686.98	686.96	6437	641923
687.17/687.25	687.228	6436	641943
687.48/687.54	687.525	6435	641996
700.67/700.78	700.759	6434	660002
701.27/701.34	701.32	6432	660395
783.66/783.74	783.719	6429	764434
788.57/788.66	788.637	6427	770181
807.07/807.15	807.132	6426	793917
827.96/828.05	828.03	6425	821913
829.76/829.88	829.858	6424	823950
848.56/848.61	848.585	6423	849010
849.26/849.39	849.362	6422	849696
955.96/956.01	955.982	6420	987932
974.26/974.34	974.31	6419	1012711
975.67/975.71	975.686	6418	1014041
