4.40/4.48	4.48634	7568	0
4.69/4.76	4.75719	7567	5
4.99/5.02	5.02557	7566	6
5.19/5.29	5.29401	7565	8
5.50/5.56	5.5664	7564	9
5.79/5.84	5.84001	7562	11
6.09/6.11	6.11144	7561	14
6.29/6.38	6.38134	7559	16
6.60/6.65	6.65472	7558	17
6.89/6.92	6.92261	7557	18
7.09/7.19	7.19211	7556	20
7.39/7.46	7.46	7555	21
7.70/7.73	7.72721	7554	22
7.99/8.00	8.00254	7551	31
8.19/8.27	8.27015	7550	32
8.49/8.54	8.53948	7549	33
8.80/8.81	8.80713	7547	34
8.99/9.07	9.07557	7546	35
9.29/9.34	9.34571	7545	36
9.59/9.61	9.6137	7542	37
9.80/9.88	9.88037	7541	38
10.09/10.15	10.1495	7540	39
10.39/10.42	10.4181	7539	40
10.59/10.68	10.6855	7538	41
10.90/10.95	10.9562	7537	44
11.19/11.23	11.2275	7536	50
11.39/11.49	11.4951	7535	51
11.69/11.76	11.7613	7534	52
12.00/12.03	12.0304	7533	54
12.29/12.31	12.3082	7532	55
12.59/12.60	12.5974	7531	56
12.79/12.86	12.8661	7529	58
13.10/13.13	13.133	7528	59
13.39/13.40	13.4056	7526	63
13.59/13.67	13.6721	7524	64
13.89/13.94	13.9397	7523	66
14.20/14.20	14.2058	7522	67
14.39/14.47	14.4741	7520	68
14.69/14.74	14.7401	7519	69
14.99/15.02	15.0236	7517	78
15.19/15.29	15.2935	7516	79
15.49/15.58	15.5783	7515	85
15.79/15.86	15.8568	7513	86
16.09/16.12	16.1236	7512	87
16.29/16.39	16.3899	7510	90
16.59/16.66	16.6568	7509	93
16.89/16.92	16.9254	7507	96
17.09/17.19	17.1962	7506	97
17.39/17.48	17.479	7505	99
17.69/17.76	17.7644	7503	100
17.99/18.05	18.0544	7502	104
18.29/18.33	18.3358	7501	105
18.60/18.62	18.6241	7500	107
18.89/18.91	18.9098	7498	108
19.09/19.19	19.1932	7495	112
19.39/19.47	19.4759	7492	115
19.70/19.76	19.7632	7491	116
19.99/20.06	20.0579	7487	127
20.29/20.34	20.3386	7486	128
20.59/20.61	20.6086	7485	129
20.80/20.87	20.876	7483	134
21.09/21.14	21.1439	7481	139
21.39/21.41	21.4096	7479	140
21.59/21.67	21.6753	7477	143
21.90/21.94	21.9408	7476	144
22.19/22.20	22.2049	7474	145
22.39/22.49	22.4881	7473	146
22.69/22.75	22.7521	7472	147
23.00/23.02	23.0171	7471	148
23.19/23.28	23.2832	7470	151
23.49/23.56	23.5603	7469	153
23.79/23.82	23.8242	7468	155
23.99/24.09	24.0943	7462	164
24.29/24.36	24.3587	7461	165
24.59/24.63	24.6313	7459	176
24.89/24.90	24.8965	7457	178
25.09/25.16	25.1624	7456	179
25.39/25.43	25.4293	7454	183
25.59/25.69	25.6941	7453	184
25.89/25.96	25.9588	7452	185
26.19/26.22	26.2228	7451	187
26.40/26.49	26.4871	7450	188
26.69/26.78	26.7852	7446	203
26.99/27.07	27.071	7445	204
27.29/27.34	27.3413	7444	210
27.59/27.61	27.6095	7441	215
27.78/27.88	27.8786	7440	223
28.08/28.14	28.1441	7439	226
28.38/28.41	28.4111	7437	232
28.59/28.68	28.6789	7435	238
28.88/28.94	28.9433	7434	239
29.18/29.21	29.2078	7433	242
29.38/29.47	29.4733	7432	245
29.69/29.74	29.7383	7430	247
29.98/30.00	30.0026	7428	249
30.18/30.27	30.267	7427	252
30.48/30.53	30.5296	7426	253
30.69/30.79	30.7926	7425	255
30.98/31.06	31.0586	7424	259
31.28/31.33	31.3266	7423	260
31.48/31.59	31.5914	7422	261
31.79/31.86	31.8617	7421	273
32.08/32.13	32.1283	7420	279
32.28/32.39	32.3916	7418	282
32.58/32.66	32.6594	7417	290
32.89/32.92	32.9233	7416	291
33.08/33.19	33.1872	7415	292
33.38/33.45	33.4553	7414	293
33.68/33.72	33.7175	7413	294
33.88/33.98	33.9806	7412	295
34.18/34.24	34.2427	7411	296
34.48/34.51	34.5083	7409	299
34.68/34.78	34.7807	7406	313
34.98/35.04	35.0429	7404	314
35.28/35.31	35.3072	7403	319
35.48/35.58	35.5773	7402	330
35.78/35.84	35.8407	7401	334
36.08/36.11	36.1065	7399	339
36.29/36.37	36.3698	7396	342
36.58/36.63	36.635	7395	343
36.88/36.90	36.8983	7394	346
37.08/37.16	37.1631	7392	349
37.39/37.44	37.4419	7391	353
37.68/37.70	37.7028	7390	354
37.88/37.97	37.971	7389	363
38.18/38.23	38.232	7388	364
38.39/38.49	38.4936	7386	365
38.68/38.75	38.7548	7385	366
38.98/39.02	39.016	7384	367
39.18/39.28	39.2786	7383	371
39.49/39.54	39.5399	7382	372
39.78/39.80	39.8007	7381	373
39.98/40.06	40.0618	7379	374
40.28/40.34	40.3381	7377	379
40.59/40.61	40.6113	7374	397
40.78/40.87	40.8704	7373	398
41.08/41.13	41.1321	7372	399
41.38/41.41	41.4124	7371	402
41.58/41.69	41.6908	7370	408
41.88/41.96	41.9592	7367	418
42.18/42.22	42.2195	7366	420
42.38/42.48	42.481	7365	421
42.68/42.74	42.7416	7364	424
42.98/43.01	43.0073	7361	431
43.18/43.27	43.267	7359	432
43.48/43.53	43.5279	7358	433
43.68/43.79	43.7877	7357	434
43.99/44.05	44.0511	7355	437
44.28/44.31	44.3107	7353	438
44.48/44.57	44.5743	7351	443
44.78/44.83	44.8346	7350	446
44.99/45.10	45.0978	7349	451
45.28/45.37	45.3712	7348	458
45.58/45.63	45.6314	7347	459
45.78/45.89	45.8913	7346	461
46.09/46.15	46.1511	7345	462
46.38/46.41	46.4135	7344	465
46.58/46.67	46.674	7343	467
46.88/46.94	46.9361	7342	470
47.08/47.19	47.195	7340	471
47.38/47.47	47.4659	7337	487
47.68/47.73	47.7298	7333	494
47.88/47.99	47.9899	7331	495
48.18/48.25	48.2504	7330	498
48.48/48.52	48.5215	7328	513
48.68/48.78	48.7819	7327	515
48.98/49.04	49.0447	7325	521
49.28/49.32	49.3213	7323	529
49.49/49.58	49.584	7322	536
49.78/49.84	49.8442	7321	538
50.08/50.10	50.1027	7320	539
50.28/50.36	50.3618	7319	541
50.59/50.62	50.6206	7317	542
50.78/50.88	50.8786	7316	543
51.08/51.14	51.1382	7315	544
51.38/51.41	51.4146	7312	566
51.59/51.67	51.6751	7311	570
51.88/51.93	51.9341	7310	571
52.08/52.19	52.1925	7309	573
52.38/52.45	52.4523	7308	575
52.69/52.72	52.718	7306	587
52.88/52.98	52.9767	7305	588
53.18/53.23	53.2345	7304	589
53.48/53.51	53.515	7303	590
53.68/53.78	53.7792	7302	591
53.98/54.06	54.0629	7299	612
54.28/54.34	54.3403	7298	613
54.58/54.62	54.6194	7297	614
54.78/54.89	54.8859	7296	620
55.08/55.15	55.1508	7295	630
55.38/55.41	55.4112	7293	635
55.58/55.67	55.6707	7291	640
55.88/55.94	55.9377	7290	653
56.18/56.20	56.1955	7289	655
56.38/56.45	56.4546	7288	657
56.68/56.71	56.7121	7287	658
56.88/56.97	56.97	7286	660
57.19/57.23	57.232	7284	666
57.38/57.49	57.4907	7282	668
57.68/57.75	57.7472	7281	669
57.98/58.02	58.0169	7279	684
58.19/58.28	58.2779	7277	691
58.48/58.54	58.5368	7274	694
58.68/58.79	58.7935	7273	696
58.98/59.05	59.0512	7272	697
59.29/59.31	59.3116	7270	701
59.48/59.57	59.5722	7269	705
59.78/59.83	59.8301	7268	709
59.98/60.09	60.0871	7267	710
60.28/60.34	60.3435	7265	711
60.58/60.60	60.6028	7264	715
60.79/60.87	60.8679	7263	725
61.09/61.14	61.1357	7261	737
61.39/61.42	61.4229	7260	757
61.60/61.68	61.6789	7258	758
61.89/61.94	61.9357	7257	760
62.09/62.19	62.191	7256	761
62.39/62.47	62.4694	7253	789
62.70/62.73	62.728	7251	793
62.89/62.98	62.9848	7250	794
63.19/63.24	63.2442	7249	800
63.49/63.50	63.501	7248	801
63.70/63.76	63.758	7247	803
63.99/64.02	64.0187	7244	811
64.19/64.28	64.2768	7243	816
64.49/64.54	64.5386	7241	825
64.80/64.81	64.809	7239	847
64.99/65.07	65.0664	7238	849
65.29/65.32	65.3247	7236	853
65.49/65.58	65.5837	7235	858
65.79/65.84	65.8382	7234	859
66.00/66.09	66.0939	7233	860
66.29/66.35	66.3499	7231	861
66.59/66.61	66.6143	7230	863
66.79/66.87	66.8681	7229	864
67.10/67.13	67.1249	7228	866
67.29/67.39	67.3856	7226	876
67.59/67.64	67.6406	7225	877
67.89/67.90	67.8987	7223	880
68.10/68.16	68.1597	7222	885
68.39/68.42	68.4213	7219	893
68.59/68.68	68.676	7218	894
68.89/68.94	68.9409	7215	909
69.09/69.20	69.2005	7213	911
69.39/69.48	69.4835	7212	922
69.69/69.75	69.752	7211	924
69.99/70.04	70.0389	7208	947
70.30/70.31	70.3135	7206	957
70.49/70.59	70.587	7204	962
70.79/70.86	70.8566	7203	966
71.09/71.11	71.112	7202	969
71.29/71.37	71.3667	7201	970
71.59/71.62	71.6211	7200	972
71.79/71.88	71.8747	7199	973
72.09/72.14	72.138	7198	985
72.39/72.41	72.4073	7195	1003
72.59/72.66	72.6644	7193	1009
72.89/72.92	72.9185	7192	1010
73.09/73.18	73.1826	7190	1025
73.39/73.45	73.4471	7189	1031
73.69/73.71	73.7057	7187	1039
73.89/73.96	73.9592	7186	1040
74.19/74.22	74.2226	7185	1055
74.39/74.49	74.4937	7182	1079
74.69/74.75	74.7523	7180	1085
74.99/75.01	75.0065	7179	1087
75.19/75.26	75.2598	7178	1089
75.49/75.52	75.5182	7177	1096
75.69/75.78	75.7787	7175	1108
75.99/76.03	76.0318	7174	1109
76.29/76.32	76.3243	7172	1158
76.59/76.60	76.6039	7170	1194
76.79/76.86	76.856	7168	1195
77.09/77.11	77.111	7167	1198
77.29/77.36	77.3638	7166	1199
77.59/77.64	77.6425	7159	1228
77.89/77.90	77.899	7158	1234
78.09/78.15	78.1513	7157	1235
78.39/78.41	78.4052	7156	1237
78.59/78.66	78.6625	7155	1244
78.89/78.92	78.9187	7154	1250
79.09/79.18	79.1774	7153	1262
79.39/79.43	79.4297	7152	1263
79.59/79.69	79.6862	7151	1269
79.89/79.94	79.9392	7150	1271
80.09/80.20	80.1991	7149	1284
80.39/80.45	80.4512	7147	1285
80.69/80.71	80.7131	7146	1300
80.89/80.97	80.9652	7145	1301
81.19/81.22	81.2241	7144	1303
81.49/81.50	81.4962	7143	1304
81.69/81.76	81.7615	7142	1306
81.99/82.05	82.0458	7141	1321
82.29/82.31	82.3123	7140	1322
82.49/82.57	82.5645	7139	1325
82.79/82.82	82.8218	7138	1336
82.99/83.08	83.0746	7137	1339
83.29/83.33	83.3299	7136	1346
83.49/83.60	83.5946	7134	1362
83.79/83.85	83.8488	7133	1366
84.09/84.10	84.1005	7132	1367
84.29/84.35	84.3531	7131	1370
84.59/84.61	84.6044	7130	1371
84.79/84.86	84.8609	7129	1380
85.09/85.11	85.1135	7128	1381
85.29/85.37	85.3733	7126	1390
85.59/85.64	85.6384	7124	1408
85.79/85.89	85.8886	7123	1409
86.09/86.15	86.1508	7121	1424
86.39/86.40	86.4017	7120	1425
86.59/86.66	86.6557	7119	1432
86.89/86.91	86.9137	7117	1440
87.09/87.17	87.1709	7115	1449
87.39/87.42	87.4225	7114	1450
87.59/87.67	87.6722	7112	1451
87.89/87.93	87.9249	7111	1452
88.09/88.18	88.1792	7110	1458
88.39/88.43	88.4311	7109	1459
88.59/88.69	88.6883	7108	1471
88.89/88.97	88.9688	7107	1512
89.19/89.22	89.2215	7106	1513
89.39/89.48	89.4835	7105	1524
89.69/89.74	89.7422	7102	1537
89.89/89.99	89.9932	7101	1539
90.19/90.26	90.2601	7099	1561
90.49/90.51	90.5122	7098	1564
90.79/90.80	90.7977	7095	1611
90.99/91.05	91.0484	7094	1614
91.29/91.31	91.3077	7092	1630
91.49/91.57	91.5662	7091	1643
91.79/91.82	91.8158	7090	1645
92.09/92.10	92.1024	7088	1694
92.29/92.35	92.3534	7086	1697
92.59/92.61	92.6044	7085	1700
92.79/92.85	92.853	7084	1701
93.09/93.10	93.1023	7083	1702
93.29/93.35	93.3519	7082	1704
93.59/93.62	93.614	7081	1721
93.79/93.86	93.8625	7079	1722
94.09/94.11	94.1124	7078	1723
94.29/94.38	94.3746	7075	1740
94.59/94.62	94.6232	7074	1741
94.89/94.92	94.921	7071	1804
95.09/95.17	95.1706	7070	1806
95.39/95.43	95.4316	7069	1823
95.59/95.68	95.6799	7068	1825
95.89/95.93	95.9287	7067	1826
96.09/96.19	96.1858	7066	1838
96.39/96.44	96.4359	7064	1840
96.59/96.68	96.6825	7063	1841
96.89/96.94	96.9348	7062	1848
97.09/97.18	97.1826	7061	1849
97.39/97.43	97.4318	7060	1850
97.59/97.68	97.681	7059	1853
97.89/97.93	97.932	7058	1858
98.09/98.18	98.1792	7057	1859
98.39/98.44	98.4368	7056	1872
98.69/98.70	98.6954	7054	1886
98.89/98.97	98.9713	7052	1920
99.19/99.22	99.2208	7051	1924
99.39/99.47	99.4712	7050	1927
99.69/99.72	99.7211	7049	1932
99.89/99.97	99.9702	7048	1934
100.19/100.22	100.222	7047	1940
100.39/100.48	100.48	7046	1949
100.69/100.76	100.756	7042	1987
100.99/101.02	101.015	7041	2002
101.19/101.26	101.262	7040	2003
101.49/101.51	101.512	7039	2006
101.69/101.76	101.758	7038	2007
101.99/102.01	102.006	7037	2008
102.19/102.26	102.256	7036	2011
102.49/102.51	102.504	7035	2012
102.69/102.78	102.778	7034	2051
102.99/103.03	103.026	7033	2053
103.19/103.27	103.273	7032	2054
103.49/103.53	103.528	7030	2065
103.79/103.80	103.802	7029	2101
103.99/104.06	104.055	7028	2109
104.29/104.35	104.349	7024	2169
104.59/104.60	104.596	7023	2170
104.79/104.85	104.846	7022	2176
104.99/105.09	105.093	7021	2178
105.29/105.34	105.339	7020	2179
105.49/105.60	105.6	7019	2197
105.79/105.85	105.847	7018	2198
106.09/106.11	106.104	7017	2201
106.29/106.35	106.349	7016	2202
106.69/106.72	106.721	7010	2358
106.89/106.97	106.967	7009	2359
107.19/107.21	107.213	7008	2361
107.39/107.47	107.468	7006	2374
107.69/107.73	107.724	7005	2387
107.89/107.97	107.97	7003	2388
108.19/108.22	108.22	7002	2396
108.39/108.47	108.47	7001	2401
108.69/108.72	108.717	7000	2406
108.99/109.01	109.006	6995	2461
109.19/109.26	109.259	6993	2472
109.49/109.52	109.517	6992	2477
109.69/109.78	109.777	6991	2479
109.99/110.04	110.041	6990	2484
110.29/110.32	110.317	6989	2504
110.59/110.62	110.623	6988	2560
110.79/110.88	110.883	6987	2566
111.09/111.13	111.132	6986	2573
111.29/111.38	111.377	6985	2574
111.59/111.63	111.63	6983	2585
111.79/111.88	111.876	6982	2587
112.09/112.12	112.121	6981	2588
112.29/112.37	112.369	6979	2594
112.59/112.62	112.615	6978	2595
112.79/112.89	112.887	6976	2631
113.09/113.14	113.133	6973	2634
113.29/113.39	113.391	6972	2637
113.59/113.64	113.641	6971	2638
113.89/113.90	113.901	6970	2659
114.19/114.23	114.23	6966	2770
114.49/114.50	114.501	6965	2806
114.69/114.75	114.744	6964	2807
114.99/115.00	115.002	6962	2822
115.19/115.29	115.292	6961	2883
115.49/115.54	115.536	6960	2884
115.79/115.80	115.795	6959	2905
116.09/116.11	116.11	6953	3000
116.39/116.44	116.434	6951	3108
116.59/116.69	116.684	6950	3117
116.89/116.93	116.931	6949	3122
117.09/117.18	117.178	6948	3129
117.39/117.44	117.438	6946	3149
117.69/117.71	117.712	6945	3157
117.99/118.02	118.019	6943	3241
118.19/118.26	118.263	6942	3243
118.49/118.51	118.507	6941	3244
118.69/118.79	118.783	6940	3288
118.99/119.03	119.03	6939	3292
119.28/119.30	119.294	6938	3319
119.48/119.54	119.54	6937	3322
119.68/119.80	119.796	6936	3341
120.08/120.13	120.124	6935	3452
120.38/120.40	120.399	6934	3495
120.58/120.66	120.658	6933	3515
120.89/120.91	120.904	6932	3520
121.08/121.18	121.18	6931	3565
121.39/121.48	121.475	6930	3634
121.68/121.72	121.718	6929	3635
121.88/121.97	121.968	6927	3644
122.19/122.23	122.229	6926	3670
122.48/122.51	122.503	6925	3709
122.68/122.75	122.746	6924	3710
122.98/123.07	123.071	6923	3815
123.28/123.32	123.315	6922	3817
123.48/123.57	123.567	6921	3831
123.78/123.85	123.849	6919	3883
124.08/124.15	124.143	6917	3951
124.38/124.41	124.404	6916	3977
124.58/124.69	124.688	6915	4031
124.89/124.94	124.943	6914	4047
125.09/125.19	125.191	6913	4057
125.40/125.44	125.434	6912	4058
125.69/125.73	125.733	6910	4135
125.89/125.98	125.98	6909	4141
126.19/126.22	126.221	6908	4142
126.50/126.54	126.539	6905	4238
126.69/126.78	126.781	6904	4239
126.99/127.05	127.048	6903	4273
127.29/127.30	127.299	6901	4287
127.50/127.55	127.547	6900	4294
127.69/127.79	127.789	6899	4295
127.99/128.04	128.041	6898	4309
128.29/128.38	128.381	6897	4434
128.60/128.70	128.693	6895	4522
128.89/128.97	128.969	6894	4569
129.49/129.56	129.555	6889	5007
130.19/130.28	130.278	6880	5616
130.49/130.54	130.538	6878	5643
131.29/131.33	131.326	6868	6344
131.59/131.60	131.594	6866	6381
131.79/131.86	131.855	6865	6410
132.38/132.40	132.401	6860	6802
133.18/133.20	133.194	6849	7488
133.48/133.58	133.579	6846	7671
133.78/133.82	133.818	6845	7672
134.09/134.12	134.117	6841	7742
134.38/134.40	134.402	6837	7798
134.98/135.08	135.081	6831	8364
135.38/135.44	135.435	6828	8511
136.39/136.42	136.413	6822	9448
136.68/136.72	136.713	6820	9528
136.88/136.96	136.953	6819	9530
137.18/137.23	137.227	6817	9575
137.39/137.50	137.496	6816	9607
137.68/137.77	137.769	6815	9630
137.98/138.07	138.07	6812	9709
138.28/138.31	138.307	6811	9710
138.49/138.55	138.551	6810	9716
138.88/138.90	138.901	6808	9854
139.08/139.16	139.159	6807	9878
139.38/139.41	139.411	6805	9897
139.59/139.66	139.653	6804	9904
139.78/139.89	139.892	6803	9907
140.08/140.15	140.148	6801	9931
140.58/140.62	140.617	6796	10223
141.18/141.27	141.263	6793	10730
141.58/141.62	141.615	6791	10873
141.89/141.94	141.941	6790	10984
142.28/142.32	142.321	6786	11160
142.78/142.85	142.845	6783	11523
142.99/143.08	143.082	6782	11525
143.28/143.34	143.334	6780	11544
144.48/144.50	144.494	6770	12712
144.78/144.85	144.843	6769	12860
145.38/145.47	145.463	6759	13347
145.68/145.71	145.708	6758	13360
146.98/147.00	146.998	6752	14724
147.98/148.01	148.008	6745	15743
148.18/148.27	148.271	6744	15777
148.50/148.51	148.507	6743	15778
150.98/151.09	151.086	6734	18839
153.38/153.45	153.444	6728	21588
153.68/153.73	153.723	6727	21647
154.48/154.51	154.506	6725	22354
158.29/158.39	158.385	6720	26999
158.68/158.78	158.781	6718	27181
159.18/159.23	159.229	6714	27419
159.58/159.60	159.594	6712	27564
162.18/162.21	162.208	6705	30588
162.38/162.49	162.49	6703	30647
163.79/163.90	163.898	6696	32158
165.19/165.23	165.227	6692	33592
165.39/165.48	165.475	6691	33593
167.69/167.74	167.734	6688	36238
178.88/178.95	178.944	6672	50165
179.29/179.32	179.312	6670	50334
184.38/184.43	184.424	6663	56348
186.38/186.48	186.477	6655	58554
186.68/186.79	186.791	6653	58652
187.28/187.30	187.296	6648	59004
188.88/188.91	188.906	6643	60773
189.09/189.14	189.139	6642	60776
189.88/189.96	189.956	6641	61464
192.88/192.92	192.915	6637	64973
193.38/193.45	193.449	6636	65341
193.98/194.04	194.037	6633	65788
194.28/194.36	194.36	6632	65907
194.69/194.77	194.762	6631	66128
199.48/199.56	199.551	6625	71961
199.98/200.03	200.026	6624	72277
204.78/204.87	204.861	6619	78259
214.88/214.91	214.905	6617	90755
216.69/216.78	216.778	6614	92877
219.09/219.19	219.182	6611	95642
224.69/224.70	224.693	6609	102327
233.19/233.25	233.243	6604	112942
233.58/233.65	233.647	6602	113159
234.78/234.83	234.822	6599	114370
235.08/235.13	235.126	6598	114464
235.48/235.59	235.586	6597	114763
236.59/236.65	236.642	6595	115798
247.78/247.84	247.834	6587	130039
254.08/254.13	254.121	6579	137761
254.48/254.50	254.495	6577	137953
254.68/254.73	254.727	6576	137959
263.68/263.79	263.788	6569	149321
264.48/264.58	264.568	6567	149990
276.38/276.49	276.482	6560	164965
276.68/276.73	276.723	6559	164983
282.38/282.40	282.395	6556	171853
298.58/298.66	298.653	6553	192471
298.88/298.96	298.954	6552	192569
307.68/307.74	307.731	6545	203565
308.18/308.24	308.234	6544	203929
309.68/309.79	309.786	6541	205647
311.58/311.69	311.685	6540	207840
312.08/312.11	312.098	6539	208080
312.38/312.42	312.41	6538	208192
313.18/313.26	313.25	6537	208975
321.58/321.63	321.622	6532	219438
323.18/323.26	323.256	6529	221233
323.48/323.56	323.548	6528	221319
323.68/323.78	323.775	6527	221321
325.38/325.46	325.451	6526	223164
350.68/350.72	350.713	6519	255253
357.78/357.81	357.801	6516	263973
358.48/358.53	358.522	6515	264529
359.28/359.32	359.308	6514	265171
359.78/359.87	359.86	6513	265541
360.58/360.66	360.653	6512	266201
373.18/373.28	373.265	6505	281744
386.18/386.22	386.206	6496	297818
391.48/391.55	391.54	6494	304311
391.98/392.04	392.026	6492	304647
396.68/396.78	396.77	6490	310391
397.09/397.11	397.095	6489	310523
397.78/397.81	397.798	6488	311102
414.58/414.65	414.638	6484	332903
414.88/414.91	414.894	6483	332943
429.48/429.53	429.522	6479	351435
448.37/448.45	448.44	6477	376471
448.78/448.81	448.8	6476	376644
451.28/451.38	451.367	6473	379640
461.58/461.60	461.589	6469	392411
461.78/461.83	461.814	6468	392413
461.98/462.07	462.056	6467	392433
470.38/470.42	470.409	6466	402868
471.88/471.99	471.972	6465	404599
473.18/473.24	473.227	6464	405853
485.27/485.35	485.332	6462	421924
489.68/489.75	489.733	6460	427379
490.27/490.37	490.36	6459	427908
527.08/527.16	527.141	6457	475722
529.58/529.67	529.658	6456	478523
531.38/531.47	531.459	6455	480549
531.78/531.81	531.8	6454	480697
533.78/533.85	533.834	6452	483007
551.87/551.99	551.978	6449	506331
552.37/552.47	552.451	6448	506651
572.28/572.39	572.372	6445	532127
582.57/582.60	582.585	6440	544861
606.08/606.18	606.159	6436	576620
606.37/606.40	606.382	6435	576621
614.57/614.69	614.669	6434	588028
615.07/615.15	615.13	6433	588333
630.37/630.41	630.39	6432	608386
632.27/632.39	632.373	6430	610647
697.16/697.28	697.265	6428	695414
697.56/697.63	697.608	6427	695541
724.77/724.89	724.865	6425	731261
725.47/725.52	725.495	6424	731784
726.57/726.64	726.619	6422	732944
784.06/784.18	784.159	6420	809446
991.66/991.75	991.726	6419	1094279
