4.88/4.90	4.90374	7559	0
5.08/5.18	5.18574	7554	10
5.39/5.47	5.46799	7551	16
5.68/5.74	5.74378	7550	18
5.98/6.04	6.03681	7548	20
6.28/6.33	6.32926	7547	21
6.59/6.62	6.62471	7544	25
6.88/6.92	6.92063	7543	26
7.18/7.21	7.21408	7542	29
7.48/7.51	7.50729	7540	30
7.78/7.81	7.81007	7538	43
8.08/8.10	8.09903	7537	44
8.28/8.37	8.3713	7535	45
8.58/8.64	8.64485	7533	46
8.88/8.92	8.91817	7532	48
9.08/9.19	9.19559	7531	51
9.38/9.49	9.48664	7530	52
9.68/9.79	9.78822	7528	61
9.98/10.07	10.0727	7527	62
10.28/10.34	10.3447	7526	63
10.58/10.63	10.6344	7525	64
10.89/10.91	10.9105	7524	68
11.18/11.20	11.1998	7521	74
11.38/11.49	11.4934	7520	78
11.68/11.79	11.7871	7519	84
11.99/12.08	12.0773	7518	86
12.28/12.37	12.3685	7516	90
12.58/12.67	12.6694	7515	92
12.88/12.98	12.9771	7513	112
13.20/13.26	13.2658	7511	113
13.48/13.56	13.5588	7510	115
13.78/13.86	13.8582	7509	116
14.08/14.15	14.1472	7507	117
14.38/14.44	14.4375	7506	118
14.68/14.73	14.7278	7505	119
14.98/15.03	15.0288	7504	121
15.29/15.32	15.3195	7503	123
15.58/15.61	15.6089	7502	125
15.88/15.90	15.9003	7500	126
16.18/16.20	16.1971	7499	127
16.39/16.50	16.497	7497	139
16.68/16.78	16.7841	7496	140
16.98/17.08	17.0788	7494	145
17.28/17.37	17.3742	7493	146
17.59/17.67	17.6668	7492	147
17.88/17.95	17.9495	7491	151
18.18/18.22	18.2216	7489	153
18.38/18.49	18.4957	7488	155
18.69/18.78	18.7825	7487	156
18.98/19.07	19.0755	7486	160
19.28/19.35	19.3504	7485	161
19.58/19.63	19.6354	7484	163
19.88/19.92	19.9224	7483	165
20.18/20.22	20.223	7481	169
20.48/20.52	20.5221	7478	176
20.79/20.81	20.8158	7477	184
21.08/21.10	21.1055	7474	187
21.28/21.37	21.376	7473	188
21.58/21.65	21.6508	7471	189
21.89/21.92	21.9256	7469	194
22.18/22.20	22.2017	7465	204
22.38/22.47	22.474	7464	206
22.68/22.74	22.7428	7463	208
22.99/23.02	23.0223	7462	211
23.28/23.30	23.2991	7461	215
23.48/23.57	23.5724	7459	222
23.78/23.86	23.8562	7458	223
24.09/24.14	24.1422	7457	225
24.38/24.42	24.4184	7456	226
24.58/24.69	24.6935	7453	232
24.88/24.98	24.9797	7452	233
25.19/25.28	25.2765	7451	241
25.48/25.56	25.5621	7450	242
25.78/25.87	25.8662	7448	252
26.08/26.14	26.1368	7447	255
26.39/26.43	26.4292	7445	261
26.68/26.72	26.7178	7444	266
26.98/27.01	27.0128	7443	269
27.28/27.31	27.307	7442	270
27.58/27.60	27.6045	7440	285
27.78/27.89	27.8873	7438	286
28.08/28.16	28.1588	7437	291
28.38/28.44	28.4446	7436	292
28.68/28.73	28.7282	7435	293
28.98/29.00	29.0024	7434	297
29.18/29.29	29.289	7433	300
29.48/29.58	29.5821	7432	303
29.78/29.88	29.8769	7430	316
30.08/30.16	30.1628	7429	317
30.38/30.45	30.4515	7428	319
30.69/30.75	30.7495	7426	325
30.98/31.04	31.0395	7424	333
31.28/31.33	31.3265	7423	337
31.58/31.61	31.6115	7422	339
31.89/31.91	31.9075	7419	344
32.18/32.20	32.1974	7418	346
32.38/32.48	32.4837	7417	347
32.68/32.77	32.7737	7415	357
32.99/33.04	33.0421	7414	358
33.28/33.32	33.3199	7413	359
33.58/33.60	33.6049	7412	365
33.78/33.89	33.8857	7411	366
34.09/34.18	34.1765	7410	367
34.38/34.46	34.4599	7409	369
34.69/34.74	34.739	7408	370
34.99/35.03	35.0306	7406	372
35.29/35.32	35.3179	7405	374
35.59/35.60	35.6028	7404	377
35.79/35.89	35.8875	7402	381
36.09/36.15	36.155	7400	383
36.39/36.42	36.423	7399	385
36.69/36.70	36.6983	7398	386
36.89/36.96	36.9652	7397	387
37.19/37.24	37.2367	7396	388
37.49/37.51	37.5138	7394	389
37.69/37.79	37.7888	7392	392
37.99/38.07	38.0731	7391	394
38.29/38.36	38.3584	7390	399
38.59/38.63	38.6339	7389	400
38.89/38.91	38.9113	7388	401
39.09/39.19	39.1922	7387	403
39.39/39.46	39.4593	7386	404
39.69/39.75	39.7496	7382	416
39.99/40.03	40.0297	7381	420
40.29/40.31	40.3068	7379	423
40.49/40.59	40.5931	7377	429
40.79/40.88	40.8827	7375	435
41.09/41.18	41.1822	7374	441
41.39/41.47	41.4669	7373	442
41.70/41.74	41.738	7372	443
41.99/42.01	42.0125	7371	444
42.19/42.28	42.2825	7370	445
42.49/42.55	42.551	7369	446
42.80/42.84	42.8433	7367	449
43.09/43.13	43.1268	7366	456
43.39/43.40	43.3974	7364	458
43.59/43.66	43.6648	7363	459
43.90/43.95	43.9525	7362	472
44.19/44.24	44.2367	7361	473
44.49/44.52	44.5244	7360	474
44.79/44.81	44.8107	7359	479
45.00/45.10	45.1015	7357	483
45.39/45.40	45.397	7356	494
45.59/45.68	45.6809	7355	495
45.89/45.96	45.9622	7354	496
46.20/46.25	46.2459	7353	497
46.49/46.53	46.5307	7352	499
46.79/46.81	46.8116	7351	500
47.09/47.10	47.1041	7350	506
47.30/47.39	47.3898	7347	512
47.59/47.68	47.677	7345	526
47.89/47.95	47.946	7344	530
48.19/48.23	48.2324	7340	557
48.49/48.51	48.5065	7339	560
48.69/48.78	48.7757	7338	562
48.99/49.04	49.0404	7337	563
49.29/49.33	49.3281	7335	566
49.50/49.59	49.5931	7333	569
49.79/49.87	49.8748	7332	570
50.09/50.16	50.1632	7331	571
50.39/50.44	50.4379	7329	581
50.69/50.72	50.7189	7327	584
50.99/51.01	51.0071	7326	586
51.29/51.30	51.2985	7325	594
51.49/51.60	51.5953	7324	607
51.79/51.88	51.8815	7323	608
52.09/52.18	52.18	7320	614
52.39/52.46	52.4642	7319	615
52.69/52.75	52.7456	7318	619
52.99/53.04	53.0372	7315	629
53.29/53.33	53.3314	7314	648
53.59/53.62	53.6214	7313	654
53.89/53.91	53.9114	7310	660
54.09/54.19	54.1911	7309	661
54.39/54.47	54.474	7308	662
54.69/54.75	54.7521	7307	663
54.99/55.04	55.0377	7306	665
55.29/55.32	55.3209	7305	666
55.59/55.63	55.63	7301	695
55.89/55.91	55.9145	7300	696
56.19/56.21	56.2058	7299	703
56.39/56.49	56.4862	7298	704
56.69/56.76	56.7645	7296	705
56.99/57.05	57.0477	7295	706
57.29/57.34	57.3404	7293	723
57.59/57.65	57.6532	7292	755
57.89/57.94	57.9395	7291	757
58.19/58.22	58.2225	7289	758
58.39/58.49	58.4924	7287	765
58.69/58.77	58.7664	7285	781
58.99/59.06	59.0589	7283	792
59.29/59.34	59.3377	7282	793
59.59/59.62	59.6205	7279	798
59.89/59.91	59.9113	7278	799
60.19/60.21	60.2061	7276	817
60.39/60.49	60.492	7274	826
60.69/60.77	60.7694	7273	827
60.99/61.06	61.0621	7272	832
61.29/61.34	61.3395	7271	833
61.59/61.63	61.6264	7270	838
61.89/61.91	61.9096	7269	839
62.19/62.20	62.2029	7268	845
62.39/62.48	62.4817	7266	848
62.69/62.76	62.7589	7265	849
62.99/63.05	63.0461	7264	854
63.29/63.33	63.3331	7263	855
63.59/63.62	63.6224	7262	861
63.89/63.91	63.9081	7261	865
64.09/64.19	64.1944	7259	877
64.39/64.48	64.4823	7257	879
64.69/64.77	64.7671	7256	880
64.99/65.07	65.0649	7253	910
65.29/65.35	65.3462	7252	937
65.59/65.64	65.6356	7251	946
65.89/65.92	65.919	7250	949
66.19/66.20	66.2	7249	950
66.39/66.49	66.4865	7247	955
66.69/66.75	66.7542	7245	956
66.99/67.03	67.0256	7244	965
67.19/67.29	67.2913	7243	967
67.49/67.56	67.5551	7241	971
67.79/67.84	67.8421	7240	983
68.09/68.12	68.1247	7239	985
68.39/68.40	68.3953	7237	993
68.59/68.67	68.6667	7236	994
68.89/68.93	68.9343	7234	1001
69.09/69.20	69.1993	7233	1002
69.39/69.48	69.4752	7232	1003
69.69/69.75	69.751	7230	1006
69.99/70.01	70.0103	7229	1007
70.19/70.29	70.29	7228	1010
70.49/70.58	70.5827	7227	1014
70.79/70.86	70.8585	7223	1016
71.09/71.14	71.1381	7222	1018
71.40/71.42	71.4235	7221	1028
71.69/71.73	71.7263	7220	1044
71.99/72.01	72.0067	7219	1047
72.19/72.29	72.2905	7217	1051
72.50/72.58	72.5774	7216	1053
72.79/72.86	72.8632	7215	1067
73.09/73.15	73.1468	7214	1068
73.39/73.43	73.4271	7213	1069
73.70/73.72	73.7163	7211	1087
73.89/73.99	73.9934	7209	1090
74.19/74.29	74.2931	7206	1114
74.49/74.59	74.5859	7203	1128
74.80/74.87	74.8676	7202	1129
75.09/75.15	75.1505	7201	1136
75.39/75.44	75.4369	7199	1145
75.69/75.72	75.7223	7197	1152
75.99/76.00	75.9973	7196	1154
76.19/76.27	76.2742	7195	1158
76.49/76.55	76.5534	7192	1163
76.79/76.83	76.8304	7191	1164
77.09/77.12	77.1222	7190	1178
77.39/77.40	77.4015	7189	1180
77.59/77.69	77.6848	7188	1184
77.89/77.97	77.9694	7185	1192
78.19/78.24	78.2433	7184	1193
78.49/78.52	78.5206	7183	1196
78.79/78.80	78.7995	7182	1197
79.10/79.10	79.1038	7179	1216
79.29/79.39	79.3845	7178	1218
79.59/79.66	79.6591	7177	1221
79.89/79.94	79.9355	7176	1222
80.20/80.22	80.2213	7175	1223
80.49/80.51	80.5125	7172	1240
80.79/80.80	80.8002	7171	1255
80.99/81.07	81.0738	7170	1256
81.30/81.36	81.3602	7169	1274
81.59/81.64	81.641	7168	1277
81.89/81.92	81.9231	7165	1296
82.09/82.19	82.1922	7164	1297
82.40/82.45	82.4531	7163	1298
82.69/82.72	82.7196	7161	1305
82.99/83.00	83.0013	7160	1310
83.19/83.28	83.2797	7158	1314
83.50/83.56	83.5628	7156	1328
83.79/83.84	83.8407	7155	1329
84.09/84.12	84.1204	7154	1331
84.39/84.41	84.4078	7151	1343
84.60/84.68	84.6835	7150	1347
84.89/84.96	84.9617	7149	1349
85.19/85.24	85.2417	7148	1352
85.49/85.52	85.5238	7146	1360
85.70/85.80	85.8012	7143	1367
85.99/86.09	86.0909	7141	1371
86.29/86.38	86.3799	7140	1384
86.59/86.65	86.651	7139	1385
86.90/86.96	86.9567	7137	1421
87.19/87.23	87.2342	7136	1422
87.49/87.53	87.5305	7135	1442
87.79/87.83	87.828	7133	1462
88.09/88.11	88.1093	7132	1466
88.29/88.39	88.387	7131	1467
88.59/88.66	88.6589	7130	1468
88.89/88.94	88.9409	7129	1469
89.19/89.23	89.23	7128	1477
89.49/89.51	89.5109	7126	1484
89.69/89.79	89.7908	7124	1496
89.99/90.08	90.0783	7122	1502
90.29/90.38	90.3762	7120	1515
90.59/90.66	90.6573	7119	1516
90.89/90.94	90.9403	7118	1528
91.20/91.23	91.2242	7116	1538
91.49/91.51	91.5076	7115	1539
91.69/91.79	91.7849	7114	1542
91.99/92.08	92.075	7111	1557
92.30/92.39	92.3893	7108	1608
92.59/92.67	92.6688	7106	1614
92.89/92.95	92.9518	7103	1647
93.19/93.21	93.2105	7102	1648
93.40/93.47	93.4687	7101	1650
93.69/93.75	93.747	7099	1669
93.99/94.03	94.0284	7098	1671
94.29/94.31	94.3103	7097	1672
94.50/94.59	94.5853	7095	1679
94.79/94.86	94.8596	7094	1684
95.09/95.13	95.1312	7093	1687
95.39/95.43	95.4288	7092	1714
95.70/95.72	95.7169	7091	1720
95.99/96.01	96.0072	7090	1727
96.29/96.30	96.2956	7087	1741
96.49/96.57	96.5701	7086	1743
96.80/96.84	96.8407	7085	1744
97.09/97.12	97.1177	7083	1745
97.39/97.40	97.4033	7082	1749
97.69/97.71	97.7078	7079	1784
97.90/97.98	97.9794	7077	1785
98.19/98.24	98.2427	7076	1786
98.49/98.55	98.5453	7074	1841
98.79/98.84	98.8421	7070	1875
99.09/99.10	99.101	7069	1876
99.29/99.37	99.3733	7068	1878
99.59/99.68	99.6775	7064	1914
99.89/99.96	99.9547	7063	1916
100.19/100.23	100.227	7062	1917
100.49/100.56	100.56	7056	1993
100.79/100.83	100.83	7055	1994
101.10/101.11	101.106	7054	1999
101.39/101.41	101.41	7051	2029
101.59/101.69	101.685	7050	2037
101.89/101.95	101.953	7049	2038
102.20/102.23	102.224	7048	2039
102.49/102.52	102.515	7046	2050
102.69/102.79	102.79	7045	2051
102.99/103.06	103.06	7044	2053
103.30/103.33	103.328	7043	2055
103.59/103.61	103.608	7040	2060
103.89/103.94	103.934	7037	2120
104.19/104.23	104.23	7036	2152
104.50/104.52	104.518	7035	2169
104.79/104.84	104.837	7034	2226
105.09/105.12	105.121	7033	2230
105.39/105.41	105.405	7031	2245
105.60/105.68	105.681	7030	2248
105.89/105.96	105.954	7029	2251
106.19/106.24	106.239	7028	2264
106.49/106.58	106.576	7024	2342
106.89/106.91	106.909	7020	2412
107.19/107.22	107.22	7019	2454
107.49/107.54	107.536	7015	2501
107.80/107.83	107.827	7012	2532
108.09/108.10	108.098	7010	2552
108.29/108.36	108.358	7009	2559
108.59/108.65	108.649	7008	2595
108.90/108.94	108.939	7007	2637
109.19/109.20	109.198	7006	2638
109.49/109.51	109.509	7005	2696
109.69/109.77	109.77	7004	2697
110.00/110.04	110.041	7002	2714
110.29/110.31	110.307	7000	2736
110.49/110.59	110.59	6998	2761
110.89/110.91	110.909	6996	2827
111.10/111.18	111.176	6995	2828
111.39/111.44	111.437	6994	2829
111.69/111.74	111.738	6992	2886
111.99/112.01	112.004	6991	2890
112.20/112.25	112.253	6990	2891
112.49/112.53	112.528	6988	2921
112.69/112.78	112.779	6987	2922
112.99/113.06	113.057	6986	2957
113.30/113.33	113.33	6984	2980
113.59/113.61	113.609	6983	3000
113.79/113.87	113.864	6982	3003
114.09/114.16	114.16	6980	3056
114.40/114.47	114.466	6976	3094
114.79/114.81	114.804	6973	3172
114.99/115.08	115.082	6972	3182
115.29/115.35	115.349	6971	3184
115.59/115.63	115.628	6970	3193
115.89/115.97	115.965	6966	3272
116.19/116.24	116.237	6965	3280
116.50/116.52	116.516	6963	3297
116.69/116.78	116.781	6961	3298
116.99/117.05	117.052	6960	3301
117.29/117.39	117.39	6957	3406
117.60/117.65	117.645	6956	3407
117.89/117.98	117.98	6953	3515
118.19/118.29	118.284	6950	3590
118.49/118.56	118.562	6948	3627
118.80/118.82	118.817	6946	3636
118.99/119.08	119.078	6944	3637
119.29/119.33	119.333	6943	3638
119.49/119.58	119.579	6942	3639
119.80/119.84	119.835	6941	3644
120.09/120.11	120.11	6939	3663
120.39/120.41	120.411	6938	3708
120.79/120.88	120.874	6929	3956
121.09/121.16	121.154	6928	3978
121.39/121.49	121.487	6927	4081
121.69/121.74	121.739	6926	4082
122.00/122.02	122.017	6925	4088
122.29/122.31	122.305	6924	4140
122.49/122.59	122.587	6923	4182
122.79/122.88	122.878	6922	4217
123.10/123.18	123.177	6920	4255
123.39/123.49	123.488	6919	4311
123.69/123.78	123.78	6915	4346
123.99/124.06	124.055	6914	4354
124.30/124.35	124.344	6911	4383
124.59/124.65	124.646	6908	4439
124.89/124.94	124.937	6906	4481
125.40/125.46	125.462	6896	4812
125.69/125.75	125.753	6895	4867
125.99/126.03	126.028	6894	4898
126.19/126.29	126.288	6893	4904
126.59/126.61	126.607	6889	4991
126.79/126.87	126.866	6888	4994
127.19/127.24	127.236	6887	5128
127.49/127.54	127.537	6883	5194
127.79/127.80	127.794	6882	5195
127.99/128.07	128.068	6881	5220
128.29/128.39	128.393	6880	5312
128.89/128.90	128.9	6875	5637
129.09/129.15	129.149	6874	5643
130.09/130.19	130.192	6863	6571
130.39/130.47	130.469	6862	6589
130.99/131.01	131.011	6857	6937
132.89/132.98	132.977	6845	9096
133.19/133.24	133.241	6842	9118
133.48/133.50	133.498	6841	9124
136.68/136.73	136.733	6830	12789
136.98/137.06	137.056	6827	12868
138.38/138.49	138.49	6821	14295
138.68/138.79	138.792	6818	14360
139.08/139.15	139.148	6817	14497
139.38/139.46	139.462	6816	14574
139.69/139.77	139.77	6813	14628
139.98/140.04	140.042	6811	14640
140.28/140.31	140.31	6809	14664
146.59/146.66	146.653	6798	21998
146.89/146.98	146.975	6796	22108
148.19/148.28	148.279	6789	23409
148.59/148.67	148.667	6787	23591
149.19/149.27	149.266	6783	23984
150.49/150.58	150.575	6779	25244
150.79/150.87	150.871	6778	25287
152.19/152.22	152.22	6774	26573
153.68/153.71	153.709	6770	28059
153.89/153.98	153.972	6769	28085
154.28/154.30	154.296	6767	28156
154.58/154.60	154.599	6764	28199
157.88/157.90	157.9	6756	31901
162.79/162.82	162.818	6749	37644
163.38/163.47	163.467	6747	38114
164.68/164.76	164.761	6741	39367
165.08/165.14	165.137	6737	39527
165.78/165.85	165.848	6735	40092
166.09/166.11	166.108	6734	40098
166.38/166.43	166.422	6732	40163
166.58/166.68	166.675	6731	40164
166.88/166.95	166.948	6730	40187
167.19/167.26	167.257	6729	40263
167.58/167.67	167.666	6728	40436
167.88/167.98	167.976	6727	40503
171.18/171.20	171.199	6722	44011
171.49/171.59	171.587	6719	44160
172.18/172.29	172.292	6714	44688
173.18/173.24	173.235	6710	45488
173.48/173.51	173.503	6709	45500
174.29/174.39	174.384	6706	46238
174.69/174.71	174.711	6705	46312
175.39/175.43	175.429	6703	46848
176.99/177.05	177.048	6698	48486
177.28/177.30	177.295	6697	48493
177.48/177.56	177.552	6694	48516
184.58/184.64	184.641	6687	57108
184.88/184.91	184.91	6685	57136
185.68/185.79	185.784	6682	57903
187.89/187.98	187.977	6675	60300
188.49/188.50	188.493	6671	60621
188.89/188.94	188.933	6670	60853
195.89/195.95	195.946	6663	68797
198.00/198.02	198.014	6658	71028
198.49/198.58	198.578	6655	71413
200.79/200.81	200.805	6652	73847
202.99/203.04	203.032	6644	76330
203.19/203.29	203.289	6643	76332
205.29/205.33	205.323	6640	78482
212.38/212.44	212.44	6635	86866
212.68/212.72	212.714	6634	86888
217.79/217.81	217.805	6631	92697
218.08/218.11	218.107	6630	92754
220.79/220.88	220.873	6627	95770
222.29/222.30	222.299	6625	97280
222.59/222.62	222.614	6624	97382
225.78/225.80	225.793	6620	101103
226.50/226.60	226.598	6618	101816
227.19/227.20	227.199	6617	102235
232.79/232.81	232.803	6611	108592
238.38/238.40	238.395	6606	114952
241.78/241.89	241.882	6601	118745
242.08/242.14	242.138	6600	118752
247.39/247.42	247.412	6598	124754
248.08/248.15	248.149	6596	125366
248.68/248.72	248.715	6594	125738
250.69/250.78	250.77	6593	127916
251.69/251.70	251.694	6591	128769
258.18/258.24	258.234	6589	136235
258.49/258.54	258.534	6588	136295
291.88/291.90	291.894	6578	176025
297.68/297.71	297.705	6570	182599
300.78/300.83	300.82	6569	186133
301.48/301.59	301.582	6568	186775
303.68/303.73	303.725	6566	189167
312.38/312.48	312.47	6564	199575
319.08/319.13	319.121	6559	207310
319.48/319.54	319.53	6557	207530
319.78/319.88	319.869	6556	207658
324.98/325.06	325.048	6554	213799
325.28/325.31	325.302	6553	213817
325.49/325.55	325.543	6552	213829
326.48/326.51	326.502	6549	214684
327.28/327.30	327.289	6547	215301
332.68/332.78	332.774	6541	221633
348.58/348.68	348.677	6531	240650
348.88/348.94	348.927	6530	240676
349.28/349.31	349.301	6528	240843
384.28/384.31	384.3	6525	282349
385.98/386.04	386.036	6524	284115
386.28/386.31	386.298	6523	284130
387.98/388.05	388.036	6521	285896
388.58/388.69	388.682	6519	286364
389.98/390.07	390.057	6518	287691
391.08/391.15	391.143	6517	288688
391.38/391.44	391.428	6516	288732
410.88/410.95	410.939	6512	311820
412.49/412.54	412.529	6509	313386
416.47/416.52	416.507	6507	318023
426.58/426.63	426.62	6505	329723
431.98/432.04	432.031	6503	335786
436.69/436.75	436.741	6502	340975
439.27/439.38	439.372	6501	343794
461.68/461.75	461.738	6499	369834
462.68/462.79	462.774	6498	370848
462.98/463.05	463.038	6497	370856
469.17/469.25	469.236	6494	378069
474.47/474.59	474.575	6492	384124
482.79/482.84	482.827	6491	393908
484.68/484.79	484.777	6488	395944
490.49/490.57	490.561	6485	402940
490.78/490.82	490.804	6484	402941
499.68/499.78	499.771	6480	413729
503.68/503.80	503.784	6478	418385
503.98/504.04	504.032	6477	418403
514.18/514.29	514.282	6473	431490
541.68/541.78	541.767	6470	464778
557.27/557.38	557.363	6465	482939
558.68/558.71	558.695	6462	484229
560.37/560.42	560.41	6461	485955
567.97/568.03	568.018	6459	494592
589.58/589.65	589.638	6457	521243
592.78/592.86	592.845	6456	524751
612.88/612.98	612.965	6455	548436
617.17/617.28	617.269	6452	553529
634.58/634.67	634.658	6451	575438
639.67/639.76	639.74	6450	581386
641.77/641.85	641.832	6449	583686
642.07/642.15	642.133	6448	583775
648.77/648.88	648.862	6445	592158
683.17/683.28	683.267	6443	635597
686.97/687.02	687.005	6441	639731
687.27/687.32	687.301	6440	639791
743.57/743.67	743.649	6438	707631
743.86/743.92	743.898	6437	707653
760.87/760.96	760.94	6436	728544
795.66/795.70	795.683	6433	771481
809.37/809.45	809.431	6431	789215
856.46/856.50	856.476	6428	850027
871.27/871.37	871.351	6426	867919
885.96/886.09	886.065	6425	885313
893.17/893.26	893.233	6424	893614
928.56/928.65	928.629	6423	938622
930.76/930.83	930.801	6422	940988
931.06/931.11	931.086	6421	941034
