4.79/4.85	4.8511	7565	0
5.09/5.13	5.12985	7563	2
5.29/5.40	5.40626	7562	3
5.58/5.69	5.68899	7559	13
5.88/5.97	5.96977	7558	15
6.18/6.25	6.24687	7557	16
6.49/6.52	6.52447	7556	20
6.78/6.81	6.8119	7555	21
6.98/7.08	7.08412	7554	22
7.28/7.36	7.35717	7553	23
7.59/7.64	7.63952	7550	30
7.88/7.91	7.91394	7548	31
8.08/8.19	8.19279	7547	32
8.38/8.47	8.47391	7545	37
8.70/8.76	8.75675	7544	38
8.98/9.03	9.036	7541	42
9.28/9.31	9.31479	7540	43
9.48/9.59	9.58797	7539	45
9.80/9.88	9.87838	7538	50
10.08/10.16	10.1569	7536	52
10.38/10.43	10.4347	7534	55
10.68/10.72	10.7246	7533	56
10.99/11.01	11.014	7532	57
11.28/11.30	11.2977	7530	65
11.48/11.57	11.5704	7529	67
11.78/11.85	11.8495	7528	69
12.10/12.13	12.1282	7527	70
12.38/12.40	12.4062	7525	71
12.58/12.68	12.6769	7524	72
12.88/12.95	12.9562	7523	74
13.20/13.23	13.2317	7521	75
13.49/13.50	13.5053	7520	77
13.69/13.78	13.7766	7519	78
13.99/14.05	14.0559	7518	83
14.31/14.33	14.3329	7517	84
14.59/14.61	14.6093	7516	85
14.89/14.90	14.9047	7514	86
15.19/15.20	15.2032	7511	92
15.40/15.48	15.4813	7510	94
15.69/15.75	15.7558	7508	97
15.99/16.03	16.0358	7507	99
16.29/16.32	16.3238	7506	100
16.59/16.61	16.6127	7505	103
16.89/16.92	16.9175	7503	104
17.19/17.21	17.2094	7502	105
17.39/17.50	17.5053	7501	108
17.79/17.81	17.8147	7498	119
18.09/18.11	18.1112	7496	123
18.39/18.40	18.3966	7495	127
18.60/18.67	18.671	7494	128
18.89/18.97	18.9674	7493	129
19.19/19.26	19.2638	7492	131
19.49/19.55	19.5509	7491	132
19.80/19.84	19.8448	7490	133
20.09/20.14	20.1373	7489	134
20.39/20.43	20.4287	7484	140
20.69/20.72	20.7166	7482	141
20.99/21.02	21.0186	7481	142
21.29/21.32	21.318	7480	150
21.59/21.61	21.6107	7479	158
21.79/21.90	21.8979	7477	160
22.19/22.20	22.1976	7476	162
22.39/22.49	22.4914	7475	163
22.69/22.79	22.7905	7472	171
23.00/23.08	23.0827	7471	172
23.29/23.37	23.3758	7469	173
23.59/23.67	23.6734	7467	180
23.89/23.97	23.9681	7465	183
24.20/24.26	24.2576	7461	188
24.49/24.55	24.5483	7460	190
24.79/24.84	24.8417	7459	195
25.09/25.13	25.1271	7458	196
25.39/25.41	25.4126	7457	197
25.69/25.70	25.7059	7455	201
25.89/25.99	25.9931	7452	203
26.19/26.27	26.2714	7450	206
26.49/26.54	26.5423	7449	207
26.79/26.82	26.8212	7448	208
27.09/27.11	27.1081	7447	209
27.29/27.39	27.3942	7446	210
27.59/27.68	27.6792	7445	212
27.89/27.95	27.9515	7444	213
28.19/28.24	28.2428	7442	221
28.50/28.55	28.5508	7439	232
28.79/28.83	28.8351	7438	240
29.09/29.10	29.1049	7437	244
29.29/29.38	29.3829	7436	245
29.60/29.67	29.671	7431	259
29.89/29.94	29.9458	7428	261
30.19/30.21	30.213	7427	262
30.39/30.49	30.4927	7426	263
30.71/30.76	30.7628	7424	267
30.99/31.04	31.044	7422	279
31.29/31.32	31.3177	7421	280
31.49/31.59	31.5899	7420	281
31.80/31.86	31.8653	7419	284
32.09/32.14	32.1374	7417	285
32.39/32.41	32.4067	7416	289
32.59/32.67	32.6758	7414	292
32.90/32.95	32.9529	7412	298
33.19/33.23	33.2274	7408	306
33.49/33.50	33.4997	7407	308
33.69/33.77	33.7754	7406	312
34.00/34.05	34.0477	7405	313
34.29/34.32	34.3199	7404	314
34.49/34.59	34.5876	7402	317
34.79/34.86	34.8615	7401	319
35.10/35.16	35.1596	7400	322
35.39/35.45	35.4518	7399	324
35.69/35.74	35.745	7398	325
35.99/36.03	36.0348	7396	334
36.31/36.32	36.3181	7395	335
36.59/36.61	36.6104	7394	336
36.89/36.90	36.8976	7392	341
37.09/37.19	37.1881	7390	344
37.40/37.47	37.4717	7388	346
37.69/37.74	37.7437	7387	355
37.99/38.03	38.0277	7386	358
38.29/38.30	38.3032	7385	359
38.50/38.57	38.5746	7383	364
38.79/38.84	38.8407	7382	366
39.09/39.11	39.1083	7381	371
39.29/39.37	39.3732	7380	372
39.59/39.64	39.6421	7377	377
39.89/39.91	39.9092	7375	380
40.09/40.18	40.1791	7374	381
40.39/40.45	40.4506	7373	382
40.69/40.73	40.7283	7372	386
40.99/41.01	41.0099	7371	387
41.29/41.30	41.2991	7370	388
41.49/41.58	41.5837	7367	393
41.80/41.88	41.8854	7366	407
42.09/42.17	42.1732	7365	408
42.39/42.46	42.4557	7364	409
42.69/42.73	42.7356	7362	411
42.99/43.01	43.0088	7361	412
43.19/43.28	43.2852	7357	424
43.49/43.58	43.5793	7355	425
43.79/43.87	43.8691	7354	435
44.09/44.15	44.1498	7353	436
44.39/44.45	44.4516	7352	439
44.69/44.74	44.7406	7351	443
45.00/45.01	45.0106	7350	445
45.19/45.29	45.295	7348	448
45.49/45.58	45.5774	7347	449
45.79/45.87	45.8688	7345	456
46.10/46.16	46.1592	7344	457
46.39/46.45	46.4536	7342	470
46.69/46.73	46.7348	7341	471
46.99/47.02	47.0169	7340	472
47.20/47.29	47.2884	7339	473
47.49/47.56	47.5571	7338	476
47.79/47.85	47.8539	7337	477
48.09/48.15	48.1488	7334	487
48.40/48.43	48.4294	7333	488
48.69/48.71	48.7099	7332	493
48.89/48.99	48.9886	7331	495
49.19/49.28	49.2766	7329	505
49.50/49.57	49.5716	7327	513
49.79/49.86	49.8588	7326	515
50.09/50.15	50.1458	7325	516
50.39/50.45	50.4489	7324	524
50.69/50.74	50.7386	7320	534
50.99/51.02	51.0187	7319	536
51.29/51.31	51.3114	7318	538
51.49/51.59	51.5913	7317	539
51.79/51.88	51.8789	7316	540
52.09/52.17	52.1697	7314	543
52.39/52.46	52.4564	7311	553
52.70/52.74	52.7385	7310	555
52.99/53.03	53.028	7309	556
53.29/53.33	53.3269	7307	570
53.59/53.61	53.6086	7305	572
53.80/53.89	53.8933	7304	574
54.09/54.17	54.1746	7303	575
54.39/54.46	54.4622	7302	576
54.69/54.74	54.7437	7301	578
55.00/55.01	55.0139	7300	580
55.29/55.30	55.2979	7299	584
55.49/55.58	55.5776	7298	585
55.79/55.86	55.8647	7296	588
56.10/56.15	56.1498	7293	593
56.39/56.42	56.4214	7292	594
56.59/56.69	56.6932	7291	595
56.89/56.96	56.9569	7290	596
57.20/57.22	57.2222	7289	599
57.49/57.50	57.4985	7288	600
57.69/57.79	57.7863	7287	602
57.99/58.07	58.0664	7285	606
58.30/58.35	58.3457	7284	609
58.59/58.62	58.619	7283	626
58.79/58.89	58.8877	7282	627
59.09/59.17	59.1702	7281	633
59.40/59.45	59.4508	7280	635
59.69/59.74	59.7366	7279	642
59.99/60.02	60.0203	7278	647
60.29/60.31	60.3107	7276	660
60.49/60.59	60.5859	7272	668
60.79/60.85	60.8528	7271	675
61.09/61.12	61.1201	7270	684
61.29/61.39	61.3921	7269	689
61.59/61.67	61.6731	7267	698
61.89/61.96	61.9627	7266	701
62.19/62.24	62.2409	7265	703
62.49/62.51	62.5054	7263	706
62.70/62.77	62.7725	7262	709
62.99/63.05	63.0464	7261	721
63.29/63.33	63.3256	7258	735
63.49/63.59	63.5861	7257	736
63.80/63.86	63.8564	7254	740
64.09/64.13	64.1314	7253	741
64.29/64.39	64.3947	7251	743
64.59/64.67	64.6712	7250	747
64.90/64.94	64.9404	7249	753
65.19/65.21	65.2054	7248	754
65.39/65.47	65.4743	7247	766
65.69/65.75	65.7492	7245	778
66.00/66.01	66.0139	7244	779
66.19/66.28	66.28	7243	780
66.49/66.54	66.5433	7242	784
66.79/66.83	66.827	7240	790
67.10/67.12	67.1234	7237	813
67.39/67.40	67.4008	7235	815
67.59/67.68	67.6849	7234	818
67.89/67.96	67.9628	7232	821
68.19/68.24	68.2385	7231	822
68.49/68.52	68.5222	7229	824
68.79/68.80	68.7998	7228	827
68.99/69.07	69.0724	7225	836
69.30/69.33	69.3345	7224	837
69.59/69.60	69.599	7223	841
69.79/69.86	69.8594	7222	842
70.09/70.15	70.1481	7219	873
70.40/70.41	70.4142	7218	874
70.59/70.69	70.6899	7216	878
70.89/70.98	70.9833	7214	891
71.19/71.27	71.2675	7212	895
71.50/71.55	71.5457	7211	896
71.79/71.84	71.837	7209	908
72.09/72.11	72.114	7207	912
72.29/72.39	72.3849	7206	913
72.60/72.65	72.6457	7205	915
72.89/72.92	72.922	7203	916
73.19/73.21	73.2077	7202	928
73.39/73.48	73.4823	7200	929
73.69/73.77	73.7666	7198	939
73.99/74.05	74.0483	7197	941
74.29/74.33	74.3331	7196	947
74.59/74.62	74.6184	7195	954
74.80/74.89	74.8935	7194	956
75.09/75.18	75.1829	7192	968
75.39/75.46	75.4592	7191	973
75.69/75.73	75.7254	7188	985
75.99/76.00	76.0047	7186	993
76.19/76.29	76.2853	7184	998
76.49/76.57	76.5649	7181	1006
76.79/76.85	76.845	7179	1009
77.09/77.12	77.118	7177	1013
77.39/77.40	77.3981	7174	1036
77.59/77.66	77.6567	7173	1038
77.89/77.94	77.9383	7172	1050
78.19/78.22	78.2166	7170	1058
78.39/78.48	78.4765	7169	1059
78.69/78.75	78.7533	7166	1065
78.99/79.04	79.035	7164	1071
79.29/79.31	79.3121	7163	1072
79.59/79.61	79.6107	7160	1094
79.89/79.93	79.9296	7156	1138
80.09/80.21	80.2088	7155	1141
80.39/80.47	80.4735	7154	1144
80.69/80.73	80.7305	7153	1145
80.99/81.00	81.0026	7152	1152
81.19/81.26	81.258	7151	1153
81.49/81.53	81.5284	7150	1156
81.69/81.79	81.7883	7149	1157
81.99/82.06	82.0629	7147	1169
82.29/82.34	82.3372	7145	1182
82.59/82.62	82.6224	7142	1198
82.79/82.89	82.8928	7141	1199
83.19/83.20	83.1972	7135	1257
83.39/83.46	83.4619	7134	1264
83.69/83.76	83.7641	7130	1306
83.99/84.04	84.0414	7128	1307
84.29/84.32	84.3165	7127	1313
84.49/84.59	84.5936	7126	1320
84.79/84.87	84.8675	7125	1323
85.09/85.15	85.1487	7124	1329
85.39/85.48	85.4839	7119	1402
85.70/85.76	85.7601	7117	1413
85.99/86.02	86.0147	7116	1414
86.19/86.29	86.2923	7115	1426
86.49/86.58	86.5761	7113	1436
86.80/86.86	86.8631	7111	1449
87.09/87.13	87.1335	7110	1451
87.39/87.43	87.4321	7108	1485
87.69/87.71	87.7054	7107	1509
87.89/87.99	87.9864	7106	1523
88.19/88.25	88.253	7105	1524
88.49/88.54	88.5379	7102	1553
88.79/88.83	88.8266	7101	1572
88.99/89.10	89.1032	7100	1577
89.29/89.37	89.374	7099	1578
89.59/89.68	89.675	7096	1626
89.89/89.94	89.9422	7095	1627
90.20/90.22	90.2162	7094	1630
90.39/90.49	90.4859	7093	1637
90.69/90.76	90.7549	7092	1651
90.99/91.03	91.0302	7091	1652
91.30/91.32	91.3166	7090	1664
91.59/91.61	91.61	7086	1686
91.79/91.89	91.8902	7085	1692
92.09/92.17	92.1667	7083	1700
92.40/92.45	92.4484	7082	1708
92.69/92.71	92.7087	7081	1709
92.89/92.97	92.9654	7080	1710
93.19/93.24	93.235	7079	1711
93.39/93.50	93.4976	7078	1720
93.69/93.77	93.7668	7076	1739
93.99/94.02	94.0214	7075	1740
94.19/94.28	94.2816	7074	1743
94.49/94.55	94.5451	7073	1745
94.79/94.82	94.8198	7070	1753
95.09/95.10	95.095	7069	1755
95.39/95.41	95.4107	7065	1808
95.59/95.69	95.6856	7064	1820
95.89/95.95	95.9451	7063	1831
96.19/96.22	96.2177	7062	1833
96.39/96.49	96.4923	7061	1834
96.70/96.78	96.779	7060	1853
96.99/97.05	97.0496	7059	1854
97.29/97.31	97.3058	7058	1855
97.49/97.56	97.5627	7057	1863
97.80/97.83	97.8262	7056	1872
98.09/98.11	98.1088	7054	1899
98.29/98.38	98.3827	7053	1905
98.59/98.65	98.6471	7052	1912
98.79/98.91	98.9054	7051	1913
99.09/99.17	99.1642	7049	1916
99.39/99.44	99.4372	7047	1935
99.69/99.71	99.7099	7043	1957
99.89/99.97	99.9714	7042	1964
100.19/100.24	100.235	7041	1979
100.49/100.53	100.527	7040	2001
100.79/100.83	100.824	7037	2035
100.99/101.09	101.093	7036	2042
101.29/101.35	101.353	7035	2043
101.59/101.63	101.627	7034	2045
101.89/101.92	101.923	7032	2071
102.09/102.20	102.198	7031	2081
102.39/102.48	102.476	7027	2111
102.69/102.76	102.755	7026	2135
102.99/103.03	103.028	7025	2157
103.19/103.29	103.284	7024	2158
103.49/103.57	103.571	7022	2181
103.99/104.00	103.998	7017	2362
104.19/104.28	104.281	7015	2384
104.50/104.54	104.541	7014	2397
104.79/104.81	104.808	7010	2416
104.99/105.09	105.085	7009	2433
105.50/105.51	105.509	7002	2620
105.99/106.02	106.024	6995	2894
106.29/106.32	106.323	6993	2925
106.60/106.63	106.626	6991	2966
106.89/106.90	106.898	6989	2970
107.19/107.25	107.248	6985	3059
107.49/107.51	107.513	6984	3060
107.70/107.80	107.802	6980	3086
107.99/108.07	108.073	6979	3087
108.29/108.36	108.361	6977	3106
108.59/108.66	108.661	6975	3146
108.90/108.93	108.927	6974	3148
109.09/109.19	109.192	6973	3150
109.39/109.47	109.465	6972	3152
109.69/109.76	109.755	6970	3182
110.19/110.20	110.202	6968	3413
110.49/110.58	110.583	6966	3551
110.79/110.85	110.854	6965	3552
111.10/111.13	111.13	6964	3561
111.49/111.56	111.561	6960	3752
111.99/112.06	112.061	6957	4015
112.99/113.08	113.081	6949	4908
113.30/113.39	113.386	6947	4951
113.59/113.67	113.669	6946	4968
113.89/113.97	113.965	6945	4997
114.19/114.29	114.289	6943	5062
114.59/114.60	114.602	6941	5114
114.79/114.87	114.872	6940	5126
115.09/115.12	115.123	6939	5129
115.40/115.47	115.469	6935	5217
115.69/115.73	115.733	6934	5219
115.99/116.00	116.001	6933	5220
116.29/116.30	116.295	6931	5249
116.60/116.61	116.606	6926	5302
116.79/116.87	116.869	6924	5303
117.09/117.17	117.164	6921	5339
117.39/117.43	117.432	6920	5340
117.60/117.70	117.697	6919	5344
117.89/117.97	117.965	6918	5345
118.39/118.45	118.45	6914	5601
118.71/118.73	118.731	6912	5644
118.99/119.03	119.032	6911	5689
119.29/119.30	119.299	6908	5695
119.59/119.64	119.642	6907	5788
119.90/119.94	119.939	6906	5827
120.19/120.21	120.206	6905	5833
120.49/120.55	120.553	6904	5932
120.79/120.87	120.872	6902	6007
121.09/121.13	121.132	6901	6019
121.39/121.40	121.402	6899	6030
122.10/122.13	122.127	6896	6563
122.39/122.44	122.441	6893	6614
122.99/123.00	123.002	6890	6998
123.59/123.64	123.639	6885	7497
123.99/124.03	124.025	6884	7669
124.21/124.28	124.281	6883	7685
124.49/124.57	124.565	6881	7734
125.59/125.61	125.61	6876	8722
126.09/126.19	126.193	6872	9103
126.40/126.46	126.46	6871	9104
126.69/126.72	126.72	6870	9105
126.89/126.99	126.991	6869	9110
127.29/127.34	127.335	6866	9205
127.60/127.69	127.688	6865	9304
127.89/127.99	127.986	6863	9343
128.19/128.25	128.249	6862	9344
128.49/128.52	128.515	6861	9345
128.79/128.84	128.837	6858	9416
129.09/129.10	129.102	6857	9437
130.28/130.31	130.312	6851	10578
130.48/130.58	130.574	6850	10580
135.19/135.22	135.22	6830	15866
136.09/136.15	136.149	6824	16729
136.40/136.41	136.408	6823	16730
136.79/136.88	136.873	6819	16974
137.19/137.25	137.253	6817	17107
137.59/137.61	137.605	6815	17231
137.89/137.93	137.925	6813	17327
138.19/138.22	138.216	6811	17388
138.39/138.50	138.5	6808	17441
139.09/139.12	139.119	6802	17917
139.89/139.94	139.936	6800	18649
140.29/140.39	140.392	6797	18926
140.70/140.71	140.709	6795	19016
140.89/140.96	140.957	6794	19017
141.49/141.58	141.577	6788	19476
143.00/143.06	143.06	6782	20939
143.29/143.38	143.381	6781	21008
143.89/143.99	143.989	6775	21408
144.79/144.85	144.843	6771	22150
144.99/145.11	145.107	6770	22170
145.39/145.49	145.493	6769	22346
145.79/145.83	145.826	6765	22455
147.49/147.55	147.552	6758	24348
148.79/148.85	148.847	6751	25668
149.19/149.21	149.203	6749	25814
151.98/152.02	152.021	6735	28931
152.28/152.34	152.342	6733	29012
152.80/152.90	152.899	6731	29367
154.38/154.48	154.474	6726	30941
154.69/154.73	154.728	6725	30942
155.28/155.37	155.367	6722	31395
155.78/155.85	155.851	6720	31662
156.09/156.16	156.163	6718	31723
157.20/157.25	157.245	6716	32746
157.48/157.51	157.503	6715	32747
159.19/159.26	159.255	6710	34500
159.69/159.76	159.76	6708	34793
159.98/160.02	160.013	6707	34794
160.19/160.28	160.282	6706	34806
161.08/161.14	161.137	6702	35550
161.38/161.47	161.47	6701	35642
163.38/163.43	163.429	6696	37683
164.28/164.38	164.381	6693	38572
164.68/164.70	164.7	6692	38676
165.38/165.48	165.482	6689	39359
165.78/165.83	165.824	6687	39484
168.08/168.20	168.2	6683	42003
169.68/169.76	169.755	6681	43633
170.78/170.81	170.804	6676	44658
171.68/171.77	171.765	6672	45559
172.28/172.36	172.352	6669	45994
180.09/180.14	180.141	6660	55135
181.29/181.34	181.333	6656	56217
181.59/181.62	181.616	6655	56245
184.80/184.82	184.812	6648	59702
186.19/186.22	186.217	6646	61057
187.19/187.20	187.202	6643	61923
190.09/190.16	190.154	6639	65112
190.39/190.48	190.477	6638	65190
192.09/192.18	192.182	6636	66998
197.90/197.99	197.982	6631	73705
198.18/198.24	198.238	6630	73706
198.78/198.86	198.861	6628	74155
199.98/200.04	200.04	6626	75255
200.68/200.79	200.786	6624	75843
201.38/201.48	201.476	6623	76348
202.68/202.70	202.695	6622	77487
208.08/208.10	208.096	6615	83487
215.59/215.65	215.649	6604	92134
215.98/216.03	216.022	6602	92300
216.28/216.40	216.391	6600	92468
216.88/216.99	216.986	6599	92917
219.89/219.94	219.935	6589	96312
220.28/220.39	220.383	6587	96574
228.08/228.19	228.182	6582	105921
233.19/233.29	233.282	6575	112051
233.48/233.56	233.559	6574	112084
235.48/235.51	235.503	6572	114109
243.69/243.76	243.756	6566	123612
258.18/258.22	258.215	6558	141253
258.39/258.47	258.469	6557	141255
265.09/265.17	265.17	6552	149085
265.99/266.00	265.999	6550	149812
275.49/275.54	275.538	6548	160969
276.18/276.25	276.243	6547	161507
276.48/276.55	276.542	6545	161578
276.78/276.84	276.838	6544	161651
278.08/278.11	278.103	6543	162871
286.08/286.17	286.166	6540	172419
286.58/286.68	286.67	6539	172752
295.90/295.91	295.904	6533	183694
296.89/296.94	296.932	6531	184619
298.38/298.41	298.408	6529	186020
305.38/305.49	305.488	6528	194120
306.29/306.32	306.317	6526	194814
306.48/306.57	306.567	6525	194815
311.98/312.01	312.003	6521	200860
313.28/313.39	313.379	6519	202223
334.48/334.53	334.523	6511	227765
334.78/334.80	334.797	6510	227815
335.49/335.55	335.546	6508	228466
349.38/349.40	349.394	6505	244538
349.79/349.88	349.877	6504	244815
357.98/358.00	357.99	6501	254458
358.38/358.43	358.426	6499	254676
363.58/363.67	363.664	6495	260849
364.38/364.41	364.397	6493	261417
367.29/367.37	367.365	6492	264679
388.78/388.84	388.832	6490	290832
389.08/389.13	389.12	6489	290885
392.38/392.47	392.46	6487	294661
393.28/393.30	393.293	6486	295388
398.28/398.35	398.341	6485	301161
406.08/406.15	406.14	6484	310140
407.48/407.51	407.502	6483	311540
409.58/409.67	409.664	6481	313880
413.08/413.10	413.087	6479	317699
419.98/420.07	420.066	6476	325653
426.08/426.10	426.089	6473	332531
431.98/432.03	432.016	6471	339381
436.98/437.03	437.016	6469	346720
448.28/448.31	448.3	6466	360216
451.48/451.56	451.547	6464	364002
490.87/490.91	490.9	6461	412952
492.87/492.98	492.966	6460	415205
498.07/498.12	498.113	6459	421083
498.28/498.39	498.375	6458	421101
516.68/516.77	516.761	6456	444107
549.48/549.57	549.558	6453	485456
557.88/557.91	557.895	6451	495612
580.27/580.34	580.322	6449	523348
580.97/581.08	581.067	6448	523991
581.57/581.68	581.664	6447	524449
583.37/583.40	583.384	6445	526310
583.67/583.71	583.694	6444	526414
602.08/602.10	602.09	6443	548256
602.48/602.59	602.573	6442	548573
658.88/658.97	658.957	6438	620735
660.07/660.15	660.138	6436	621821
661.47/661.52	661.508	6435	623145
711.68/711.74	711.725	6433	685672
755.98/756.09	756.071	6432	740251
769.57/769.61	769.589	6430	756799
770.17/770.29	770.267	6429	757362
860.57/860.65	860.629	6428	870741
866.87/866.99	866.966	6426	878638
915.97/916.09	916.071	6425	939010
930.37/930.48	930.457	6423	957595
