0.00/0.24	0.24464	237	0
0.00/0.24	0.245183	236	2
0.00/0.24	0.24583	235	5
0.00/0.24	0.246312	234	7
0.00/0.25	0.247545	233	12
0.00/0.25	0.251303	232	32
0.00/0.25	0.253529	231	42
0.00/0.27	0.254523	230	44
0.00/0.27	0.256199	229	49
0.00/0.27	0.257981	228	56
0.00/0.27	0.260898	227	69
0.00/0.27	0.262139	226	73
0.00/0.29	0.275467	225	147
0.00/0.30	0.283238	224	188
0.00/0.30	0.284889	223	197
0.28/0.31	0.300445	222	277
0.28/0.32	0.306688	221	308
0.28/0.32	0.309225	220	322
0.28/0.32	0.312053	219	338
0.28/0.34	0.33205	218	437
0.28/0.37	0.354735	217	562
0.47/0.54	0.528813	216	1379
0.47/0.58	0.571813	215	1615
999.45/1000.04	4626324
