0.00/0.27	0.268061	241	0
0.00/0.27	0.268606	240	2
0.00/0.27	0.269397	239	6
0.00/0.27	0.269663	238	7
0.00/0.27	0.26988	237	8
0.00/0.27	0.270273	236	10
0.00/0.27	0.27062	235	12
0.00/0.27	0.27214	234	21
0.00/0.27	0.274609	233	31
0.00/0.27	0.274875	232	32
0.00/0.27	0.275861	231	35
0.00/0.28	0.278374	230	49
0.28/0.28	0.280083	229	59
0.28/0.28	0.28637	228	96
0.28/0.29	0.294121	227	123
0.28/0.29	0.295959	226	130
0.29/0.30	0.302054	225	160
0.29/0.31	0.307818	224	191
0.29/0.31	0.312114	223	218
0.29/0.31	0.31436	222	227
0.29/0.33	0.327211	221	293
0.29/0.33	0.329405	220	302
0.29/0.33	0.335626	219	335
0.39/0.49	0.493866	218	1133
0.69/0.70	0.704123	217	2112
0.79/0.84	0.841251	216	2746
1.09/1.24	1.24528	215	4721
999.96/1000.03	4630665
