0.00/0.35	0.259688	237	0
0.00/0.35	0.260004	236	1
0.00/0.35	0.260281	235	2
0.00/0.36	0.260486	234	3
0.00/0.36	0.260734	233	4
0.00/0.36	0.261427	232	7
0.00/0.36	0.26524	231	24
0.00/0.36	0.268941	230	38
0.00/0.37	0.270538	229	46
0.00/0.37	0.273801	228	60
0.00/0.37	0.278203	227	82
0.00/0.39	0.295242	226	174
0.29/0.39	0.297649	225	184
0.29/0.39	0.298888	224	189
0.29/0.39	0.299461	223	191
0.29/0.41	0.31226	222	249
0.29/0.43	0.338905	221	354
0.29/0.45	0.359717	220	442
0.29/0.46	0.364228	219	462
0.39/0.51	0.417569	218	706
0.39/0.57	0.478227	217	965
0.59/0.71	0.618598	216	1629
0.59/0.75	0.657607	215	1822
999.97/1000.12	4592226
