0.20/0.24	0.24136	236	0
0.20/0.24	0.245416	235	18
0.20/0.24	0.246288	234	20
0.20/0.24	0.247553	233	27
0.20/0.25	0.252556	232	53
0.20/0.25	0.254635	231	59
0.20/0.25	0.255312	230	62
0.20/0.25	0.255563	229	63
0.20/0.26	0.25928	228	79
0.20/0.26	0.261994	227	94
0.20/0.26	0.264734	226	109
0.20/0.26	0.266784	225	120
0.20/0.27	0.274701	224	160
0.29/0.34	0.340097	223	482
0.29/0.34	0.345766	222	505
0.29/0.34	0.346728	221	509
0.39/0.45	0.452237	220	1028
0.39/0.45	0.456456	219	1049
0.39/0.48	0.484734	218	1183
0.49/0.52	0.519711	217	1346
0.49/0.53	0.535017	216	1411
0.59/0.66	0.666957	215	2031
999.96/1000.03	4577048
