0.20/0.24	0.244798	239	0
0.20/0.24	0.245746	238	4
0.20/0.24	0.245983	237	5
0.20/0.24	0.246828	236	7
0.20/0.24	0.247395	235	8
0.20/0.25	0.248376	234	13
0.20/0.25	0.24899	233	16
0.20/0.25	0.249238	232	17
0.20/0.25	0.250182	231	19
0.20/0.25	0.251972	230	24
0.20/0.25	0.254941	229	37
0.20/0.25	0.25599	228	41
0.20/0.26	0.260518	227	63
0.20/0.26	0.263137	226	74
0.20/0.27	0.27255	225	115
0.20/0.27	0.276821	224	137
0.20/0.28	0.278857	223	146
0.20/0.29	0.291168	222	198
0.20/0.29	0.294824	221	213
0.30/0.34	0.339447	220	427
0.30/0.35	0.353879	219	503
0.30/0.35	0.356792	218	513
0.30/0.38	0.382773	217	653
0.60/0.60	0.601467	216	1673
0.90/0.91	0.915876	215	3168
999.96/1000.03	4599199
