0.19/0.24	0.246101	241	0
0.19/0.24	0.246471	240	1
0.19/0.24	0.247211	239	2
0.19/0.25	0.25018	238	20
0.19/0.25	0.251327	237	23
0.19/0.25	0.253989	236	39
0.19/0.26	0.259584	235	66
0.19/0.26	0.26051	234	69
0.19/0.26	0.260816	233	70
0.19/0.26	0.26144	232	73
0.19/0.26	0.262401	231	75
0.19/0.26	0.263151	230	76
0.19/0.26	0.264078	229	78
0.19/0.26	0.265109	228	82
0.19/0.27	0.271226	227	113
0.19/0.28	0.280434	226	165
0.19/0.28	0.28162	225	169
0.19/0.30	0.301744	224	287
0.30/0.31	0.312721	223	345
0.30/0.31	0.314399	222	351
0.30/0.34	0.340918	221	470
0.30/0.34	0.341705	220	474
0.30/0.35	0.356739	219	562
0.30/0.39	0.392803	218	738
0.39/0.45	0.451393	217	1021
0.39/0.48	0.480786	216	1169
0.58/0.63	0.630601	215	1914
999.96/1000.02	4599220
