0.00/0.24	0.238196	238	0
0.00/0.24	0.240078	237	10
0.00/0.24	0.241093	236	16
0.00/0.24	0.241447	235	18
0.00/0.24	0.243924	234	31
0.00/0.24	0.246497	233	43
0.00/0.24	0.246977	232	45
0.00/0.24	0.247247	231	46
0.00/0.25	0.248176	230	51
0.00/0.25	0.249107	229	56
0.00/0.25	0.249545	228	58
0.00/0.25	0.251175	227	64
0.00/0.25	0.252428	226	68
0.00/0.25	0.256645	225	83
0.00/0.27	0.267274	224	143
0.00/0.27	0.269072	223	152
0.00/0.27	0.270046	222	156
0.00/0.27	0.270944	221	159
0.00/0.27	0.272287	220	167
0.00/0.32	0.325104	219	415
0.00/0.41	0.416979	218	821
0.00/0.50	0.498503	217	1192
0.69/0.78	0.786634	216	2534
1.19/1.25	1.25441	215	4811
999.96/1000.03	4616263
