0.20/0.27	0.271367	234	0
0.20/0.27	0.271989	233	1
0.20/0.27	0.276671	232	20
0.20/0.28	0.277989	231	25
0.20/0.28	0.278282	230	26
0.20/0.28	0.280177	229	33
0.20/0.28	0.280902	228	36
0.20/0.29	0.290752	227	74
0.20/0.29	0.29372	226	86
0.20/0.30	0.303241	225	121
0.20/0.32	0.317895	224	184
0.20/0.32	0.320582	223	197
0.20/0.33	0.332316	222	248
0.20/0.34	0.340845	221	298
0.20/0.35	0.353714	220	359
0.20/0.37	0.369221	219	438
0.20/0.40	0.406415	218	622
0.50/0.64	0.645689	217	1674
0.50/0.71	0.716499	216	2019
0.50/0.74	0.741373	215	2138
999.96/1000.03	4682418
