0.00/0.27	0.27427	236	0
0.00/0.27	0.275889	235	5
0.00/0.28	0.278483	234	16
0.00/0.28	0.279681	233	22
0.00/0.28	0.280184	232	24
0.00/0.28	0.28368	231	43
0.00/0.28	0.283899	230	44
0.00/0.28	0.284862	229	49
0.00/0.29	0.293596	228	96
0.29/0.30	0.304653	227	145
0.29/0.31	0.310116	226	175
0.29/0.32	0.318106	225	214
0.29/0.32	0.319427	224	219
0.29/0.33	0.331456	223	272
0.29/0.34	0.345157	222	332
0.29/0.35	0.3555	221	375
0.29/0.35	0.357036	220	378
0.29/0.36	0.358429	219	384
0.29/0.37	0.375502	218	452
0.29/0.38	0.385727	217	498
0.49/0.50	0.506172	216	986
0.59/0.60	0.601039	215	1413
999.97/1000.02	4643974
