0.00/0.27	0.264246	238	0
0.00/0.27	0.265029	237	3
0.00/0.27	0.265559	236	6
0.00/0.28	0.266366	235	10
0.00/0.28	0.26732	234	12
0.00/0.28	0.26785	233	13
0.00/0.28	0.271213	232	33
0.00/0.28	0.273756	231	43
0.00/0.29	0.281823	230	81
0.00/0.29	0.282552	229	85
0.00/0.30	0.287828	228	117
0.00/0.30	0.293355	227	144
0.00/0.30	0.294709	226	150
0.00/0.31	0.304716	225	195
0.00/0.32	0.305776	224	200
0.00/0.32	0.306387	223	203
0.00/0.34	0.325343	222	295
0.00/0.35	0.339538	221	368
0.38/0.45	0.438953	220	863
0.48/0.52	0.511377	219	1210
0.58/0.60	0.585783	218	1596
0.58/0.68	0.666898	217	1979
0.78/0.80	0.786539	216	2654
1.18/1.44	1.42949	215	5804
999.94/1000.04	4626777
