0.00/0.08	0.084138	420	0
0.00/0.08	0.08455	419	3
0.00/0.08	0.084658	418	4
0.00/0.08	0.084919	417	7
0.00/0.08	0.0852	416	10
0.00/0.08	0.085375	415	12
0.00/0.08	0.085548	414	14
0.00/0.08	0.086243	413	23
0.00/0.08	0.086449	412	25
0.00/0.08	0.086541	411	26
0.00/0.08	0.086846	410	30
0.00/0.08	0.087484	409	38
0.00/0.08	0.087828	408	42
0.00/0.08	0.088124	407	45
0.00/0.09	0.088535	406	50
0.00/0.09	0.089711	405	66
0.00/0.09	0.090171	404	72
0.00/0.09	0.093934	403	124
0.00/0.09	0.09424	402	127
0.00/0.09	0.096777	401	162
0.00/0.09	0.096897	400	163
999.64/1000.04	13099807
