0.00/0.07	0.076656	417	0
0.00/0.07	0.076895	416	2
0.00/0.07	0.077094	415	4
0.00/0.07	0.077545	414	10
0.00/0.07	0.077852	413	13
0.00/0.07	0.077983	412	14
0.00/0.08	0.079291	411	31
0.00/0.08	0.079404	410	32
0.00/0.08	0.080049	409	40
0.00/0.08	0.080185	408	41
0.00/0.08	0.080472	407	44
0.00/0.08	0.080595	406	45
0.00/0.08	0.081554	405	58
0.00/0.08	0.081679	404	59
0.00/0.08	0.083412	403	83
0.00/0.08	0.083857	402	88
0.00/0.09	0.088171	401	148
0.00/0.09	0.088528	400	152
999.97/1000.03	14396680
