0.00/0.08	0.080201	423	0
0.00/0.08	0.080424	421	1
0.00/0.08	0.08067	420	3
0.00/0.08	0.080859	419	4
0.00/0.08	0.081053	418	6
0.00/0.08	0.081601	417	13
0.00/0.08	0.081744	416	14
0.00/0.08	0.081976	415	16
0.00/0.08	0.082265	414	19
0.00/0.08	0.082674	413	24
0.00/0.08	0.083163	412	30
0.00/0.08	0.083268	411	31
0.00/0.08	0.083369	410	32
0.00/0.08	0.083622	409	35
0.00/0.08	0.084035	408	40
0.00/0.08	0.084758	407	50
0.00/0.08	0.084883	406	51
0.00/0.08	0.086874	405	77
0.00/0.08	0.087592	404	86
0.00/0.09	0.088974	403	105
0.00/0.09	0.092647	402	153
0.00/0.09	0.092754	401	154
0.00/0.10	0.099697	400	248
999.96/1000.03	12900295
