0.00/0.10	0.102357	418	0
0.00/0.10	0.102838	417	4
0.00/0.10	0.102947	416	5
0.00/0.10	0.103422	415	10
0.00/0.10	0.103821	414	15
0.00/0.10	0.103927	413	16
0.00/0.10	0.104241	412	19
0.00/0.10	0.104829	411	26
0.00/0.10	0.104947	410	27
0.00/0.10	0.105397	409	32
0.00/0.10	0.105936	408	38
0.00/0.10	0.106045	407	39
0.00/0.10	0.10694	406	50
0.00/0.11	0.108515	405	70
0.00/0.11	0.110094	404	89
0.00/0.11	0.110937	403	100
0.00/0.11	0.111282	401	103
0.00/0.11	0.116186	400	167
999.93/1000.02	13059151
