0.00/0.08	0.080045	423	0
0.00/0.08	0.080685	422	7
0.00/0.08	0.081102	421	12
0.00/0.08	0.081406	420	16
0.00/0.08	0.08171	419	20
0.00/0.08	0.08182	418	21
0.00/0.08	0.081921	417	22
0.00/0.08	0.082186	416	25
0.00/0.08	0.082927	415	35
0.00/0.08	0.083329	414	40
0.00/0.08	0.085163	413	66
0.00/0.08	0.08528	412	67
0.00/0.08	0.08566	411	72
0.00/0.09	0.086068	410	77
0.00/0.09	0.086314	409	80
0.00/0.09	0.087101	408	90
0.00/0.09	0.088171	407	104
0.00/0.09	0.088295	406	105
0.00/0.09	0.090157	405	129
0.00/0.09	0.091921	404	153
0.00/0.09	0.093481	403	174
0.00/0.09	0.094701	402	190
0.00/0.10	0.09732	401	224
0.00/0.10	0.100812	400	270
999.95/1000.03	13040445
