0.04/0.07	0.077883	418	0
0.04/0.07	0.078117	417	2
0.04/0.07	0.078222	416	3
0.04/0.07	0.078472	415	6
0.04/0.08	0.07862	414	7
0.04/0.08	0.078744	413	8
0.04/0.08	0.079304	412	15
0.04/0.08	0.079563	411	18
0.04/0.08	0.080163	410	26
0.04/0.08	0.080271	409	27
0.04/0.08	0.081144	408	39
0.04/0.08	0.081695	407	46
0.04/0.08	0.082755	406	60
0.04/0.08	0.082938	405	62
0.04/0.08	0.083044	404	63
0.04/0.08	0.083315	403	66
0.04/0.08	0.085787	402	100
0.04/0.08	0.08697	401	116
0.04/0.09	0.091743	400	183
999.96/1000.02	13162641
