0.00/0.10	0.100431	418	0
0.00/0.10	0.100655	417	1
0.00/0.10	0.100782	416	2
0.00/0.10	0.1009	415	3
0.00/0.10	0.101009	414	4
0.00/0.10	0.101124	413	5
0.00/0.10	0.101232	412	6
0.00/0.10	0.101826	411	13
0.00/0.10	0.102301	410	18
0.00/0.11	0.10269	409	22
0.00/0.11	0.102843	408	23
0.00/0.11	0.103032	407	25
0.00/0.11	0.103559	406	31
0.00/0.11	0.104472	405	42
0.00/0.11	0.105301	404	52
0.00/0.11	0.105591	403	55
0.00/0.11	0.107995	402	85
0.00/0.11	0.108108	401	86
0.00/0.11	0.109287	400	101
999.97/1000.02	12954787
