0.20/0.23	0.228392	1128	0
0.20/0.23	0.234659	1127	2
0.20/0.24	0.241495	1126	7
0.20/0.24	0.247485	1125	8
0.20/0.25	0.253683	1124	10
0.20/0.26	0.259929	1123	11
0.20/0.26	0.266763	1122	16
0.20/0.27	0.274103	1121	24
0.20/0.28	0.282831	1120	38
0.20/0.29	0.290242	1119	46
0.29/0.30	0.300385	1118	65
0.29/0.31	0.309527	1117	80
0.29/0.32	0.319578	1116	101
0.29/0.32	0.326774	1115	108
0.29/0.33	0.334082	1114	116
0.29/0.34	0.340189	1113	118
0.29/0.35	0.347951	1112	128
0.29/0.35	0.355658	1111	138
0.29/0.36	0.364008	1110	151
0.29/0.39	0.392066	1109	259
0.38/0.40	0.39914	1108	266
0.38/0.41	0.409076	1107	286
0.38/0.41	0.415923	1106	291
0.38/0.42	0.427188	1105	318
0.38/0.45	0.4483	1104	392
0.38/0.49	0.487769	1103	545
0.49/0.57	0.573364	1102	931
0.49/0.58	0.584827	1101	959
0.59/0.65	0.656979	1100	1280
999.96/1000.09	448.05	122989332	5124648
