0.08/0.22	0.100785	246	0
0.08/0.23	0.106952	245	3
0.08/0.24	0.112889	244	6
0.08/0.26	0.118784	243	7
0.08/0.26	0.125351	242	12
0.08/0.28	0.13179	241	17
0.08/0.28	0.138033	240	22
0.14/0.33	0.167628	239	204
0.14/0.34	0.173178	238	205
0.23/0.41	0.250107	237	748
0.53/0.79	0.629013	236	3556
0.63/0.84	0.674253	235	3860
0.73/0.94	0.779528	234	4622
0.82/1.21	1.04916	233	6661
0.82/1.22	1.05478	232	6664
1.52/1.74	1.57418	231	10559
2.62/2.88	2.72201	230	18984
2.72/2.94	2.78066	229	19390
3.02/3.20	3.03507	228	21292
3.02/3.22	3.06086	227	21434
3.42/3.99	3.83195	226	27222
4.82/5.10	4.93572	225	35302
4.82/5.27	5.11196	224	36592
4.82/5.39	5.22999	223	37379
7.63/7.99	7.83084	222	56587
