0.10/0.11	0.110438	244	0
0.10/0.12	0.120754	243	27
0.30/0.38	0.380099	242	1790
0.30/0.39	0.391404	241	1824
0.30/0.39	0.397865	240	1826
0.40/0.46	0.464023	239	2243
0.50/0.53	0.531905	238	2666
0.50/0.58	0.578386	237	2941
0.69/0.72	0.722063	236	3893
0.92/1.24	1.24341	235	7786
1.43/1.45	1.45719	234	9352
1.79/1.86	1.86471	233	12330
1.89/1.90	1.90208	232	12579
1.99/2.03	2.03231	231	13518
2.09/2.18	2.18677	230	14657
2.71/2.73	2.73111	229	18757
3.08/3.19	3.19387	228	22139
4.89/5.11	5.1123	227	36324
5.79/5.80	5.8018	226	41455
5.89/5.91	5.90991	225	42230
5.99/6.08	6.08564	224	43534
6.09/6.13	6.13443	223	43837
6.89/6.90	6.90371	222	49411
