0.00/0.10	0.102778	244	0
0.00/0.11	0.108914	243	1
0.00/0.12	0.118809	242	27
0.00/0.12	0.124692	241	29
0.00/0.13	0.130688	240	32
0.00/0.38	0.386229	239	1886
0.79/0.83	0.83078	238	4993
1.29/1.36	1.35772	237	8629
1.69/1.73	1.73344	236	11382
1.80/1.87	1.87063	235	12369
4.53/4.57	4.56932	234	31750
4.53/4.57	4.57505	233	31753
4.53/4.63	4.62881	232	32110
4.53/4.63	4.63412	231	32111
4.99/5.08	5.0788	230	35331
5.08/5.17	5.17262	229	35966
5.48/5.83	5.827	228	40615
6.38/6.43	6.4311	227	45012
6.98/7.21	7.20833	226	50726
8.29/8.30	8.30455	225	58659
8.39/8.50	8.49621	224	59980
8.39/8.63	8.63332	223	60890
9.19/9.25	9.25078	222	65255
