0.00/0.11	0.108169	248	0
0.00/0.11	0.114946	247	7
0.00/0.12	0.121065	245	10
0.00/0.13	0.127664	243	18
0.00/0.13	0.133346	242	19
0.00/0.17	0.176209	241	299
0.00/0.18	0.182091	240	301
0.00/0.19	0.187692	239	302
0.00/0.19	0.193222	238	303
0.00/0.24	0.245724	237	652
0.00/0.28	0.280847	236	866
0.00/0.28	0.28631	235	867
0.00/0.31	0.315863	233	1046
0.41/0.45	0.449521	232	2001
0.78/0.88	0.877216	231	5180
1.28/1.47	1.46617	230	9591
2.28/2.33	2.32805	229	15778
2.48/2.57	2.5734	228	17576
3.98/4.01	4.0098	227	27881
5.08/5.10	5.09755	226	35571
6.69/6.77	6.76448	225	47544
9.29/9.30	9.30424	224	66332
10.48/10.59	10.5925	223	75785
10.69/10.73	10.7272	222	76688
