0.00/0.09	0.098308	243	0
0.00/0.10	0.106733	242	20
0.00/0.11	0.115993	241	39
0.28/0.34	0.344674	240	1743
0.38/0.41	0.412129	239	2220
0.38/0.42	0.417562	238	2221
0.38/0.42	0.424104	237	2231
0.38/0.43	0.429517	236	2232
0.69/0.70	0.701864	235	4147
0.99/1.05	1.04997	234	6689
1.63/1.67	1.67127	233	11288
2.99/3.08	3.08054	232	21316
3.49/3.50	3.50511	231	24385
3.59/3.80	3.79949	230	26574
3.86/3.93	3.93221	229	27544
3.99/4.04	4.03769	228	28318
4.39/4.49	4.49126	227	31730
5.16/5.18	5.18469	226	36794
5.38/5.48	5.48007	225	39025
5.98/6.05	6.05119	224	43259
6.62/6.64	6.63829	223	47659
8.49/8.51	8.51348	222	61265
