0.10/0.10	0.100548	244	0
0.79/0.87	0.877651	243	5580
0.79/0.98	0.98306	242	6349
0.79/1.18	1.18417	241	7852
1.20/1.36	1.36043	240	9083
1.20/1.36	1.36606	239	9086
1.36/1.37	1.37181	238	9089
1.59/1.60	1.59906	237	10724
1.59/1.61	1.61523	236	10794
1.59/1.62	1.62295	235	10809
1.69/1.72	1.72354	234	11491
2.09/2.14	2.14048	233	14584
2.19/2.20	2.20039	232	15004
2.30/2.72	2.72582	231	18895
2.89/2.90	2.90756	230	20239
2.99/3.06	3.06565	229	21387
3.69/4.02	4.0212	228	28382
4.79/4.83	4.8307	227	34273
5.09/5.51	5.50996	226	39194
5.09/5.53	5.53478	225	39340
5.09/5.60	5.60331	224	39809
6.59/6.60	6.5986	223	47176
6.59/6.84	6.83998	222	48983
