0.09/0.13	0.12804	248	0
0.09/0.13	0.134162	247	1
0.09/0.14	0.140091	246	2
0.09/0.18	0.176725	245	238
0.19/0.22	0.220687	244	526
0.59/0.65	0.651898	243	3761
0.89/0.94	0.945852	241	5955
1.15/1.19	1.19159	240	7760
1.40/1.42	1.42273	239	9469
1.40/1.43	1.42833	238	9470
1.40/1.45	1.44813	237	9577
1.49/1.57	1.56689	236	10431
1.59/1.64	1.64541	235	10969
1.69/1.74	1.74036	234	11560
1.79/1.82	1.82087	233	12088
3.48/3.69	3.69332	232	26344
3.80/3.88	3.88403	231	27733
4.62/4.80	4.80085	230	34633
4.99/5.02	5.01918	229	36258
5.39/5.48	5.47975	228	39557
5.79/6.01	6.006	227	43257
7.08/7.14	7.14052	226	51772
7.99/8.00	8.00157	225	58103
8.19/8.20	8.20315	224	59593
8.49/8.83	8.82754	223	64229
8.90/8.97	8.96584	222	65211
