0.10/0.12	0.122412	246	0
0.10/0.13	0.128863	245	1
0.10/0.13	0.135214	244	2
0.10/0.14	0.142769	243	11
0.10/0.17	0.173178	242	184
0.10/0.18	0.179348	241	185
0.49/0.59	0.589297	240	2990
0.49/0.59	0.59554	239	2995
0.59/0.60	0.601659	238	2999
0.59/0.62	0.621948	237	3107
0.59/0.63	0.628303	236	3114
0.70/0.79	0.796189	235	4352
1.20/1.22	1.21842	234	7532
1.20/1.29	1.29261	233	8045
1.39/1.49	1.49408	232	9526
1.49/1.59	1.59537	231	10239
1.79/1.87	1.87726	230	12339
2.89/2.94	2.94019	229	20005
2.99/3.02	3.02483	228	20600
3.09/3.16	3.16533	227	21604
3.79/3.84	3.8467	226	26628
4.59/4.65	4.65543	225	32415
4.59/4.68	4.68643	224	32597
4.98/5.03	5.03622	223	35029
5.08/5.16	5.16581	222	35869
