0.10/0.10	0.102516	244	0
0.10/0.18	0.179258	243	520
0.10/0.18	0.184832	242	521
0.19/0.26	0.259087	241	1012
1.21/1.23	1.22926	239	8122
1.29/1.31	1.3175	238	8730
1.29/1.32	1.32336	237	8734
1.29/1.33	1.32901	236	8737
1.39/1.40	1.40767	235	9274
1.49/1.58	1.58525	234	10512
1.59/1.62	1.62776	233	10784
1.59/1.63	1.63303	232	10785
1.99/2.03	2.03438	231	13663
1.99/2.04	2.0444	230	13694
3.29/3.50	3.50558	229	23973
3.99/4.03	4.03161	228	27669
4.29/4.34	4.34107	227	29868
4.39/4.43	4.43129	226	30455
4.79/4.94	4.94795	225	34064
5.00/5.09	5.09045	224	35069
5.99/6.24	6.24311	223	43288
6.60/6.69	6.69664	222	46409
