0.00/0.10	0.101331	242	0
0.00/0.10	0.107085	241	1
0.00/0.11	0.114361	240	15
0.00/0.12	0.120152	239	17
0.00/0.12	0.126008	238	20
0.12/0.13	0.13593	237	51
0.12/0.14	0.141443	236	52
0.12/0.15	0.14926	235	72
0.49/0.53	0.533749	234	3237
1.00/1.19	1.19192	233	7838
2.19/2.22	2.21937	232	15339
2.39/2.59	2.59199	231	18118
2.39/2.69	2.69564	230	18841
3.19/3.24	3.24224	229	22795
4.24/4.29	4.28885	228	30533
5.19/5.41	5.41185	227	38928
5.89/5.98	5.98048	226	43163
6.09/6.13	6.13468	225	44208
6.09/6.18	6.18318	224	44504
6.69/6.75	6.75624	223	48631
6.69/7.13	7.13603	222	51409
