3.78/3.93	3.93068	2033	0
3.78/4.15	4.15654	2032	1
4.29/4.38	4.38352	2031	5
4.59/4.61	4.60844	2030	7
4.79/4.83	4.8327	2029	8
4.99/5.05	5.05743	2028	10
5.09/5.28	5.28141	2027	11
5.09/5.50	5.50537	2026	12
5.68/5.73	5.73313	2025	21
5.88/5.95	5.95652	2024	22
6.08/6.18	6.18187	2023	24
6.39/6.40	6.4055	2022	25
6.49/6.63	6.63077	2021	28
6.80/6.86	6.8595	2019	34
6.99/7.09	7.09384	2018	45
7.29/7.31	7.31654	2017	46
7.49/7.54	7.54617	2016	58
7.69/7.77	7.76922	2015	59
7.79/8.01	8.01558	2014	94
8.20/8.24	8.23906	2013	96
8.39/8.46	8.46057	2012	97
8.59/8.69	8.6899	2011	104
8.89/8.91	8.91335	2010	105
9.09/9.14	9.13957	2009	110
9.09/9.36	9.36107	2008	111
9.54/9.58	9.58214	2007	112
9.78/9.81	9.81077	2006	118
9.98/10.03	10.0323	2005	120
10.18/10.25	10.2563	2004	124
10.39/10.48	10.481	2003	130
10.39/10.72	10.7272	2002	154
10.89/10.95	10.9495	2001	159
11.09/11.18	11.1812	2000	169
11.39/11.40	11.4019	1999	171
11.59/11.62	11.6248	1998	173
11.69/11.84	11.8452	1997	174
12.04/12.08	12.0868	1996	198
12.29/12.30	12.3068	1995	199
12.49/12.52	12.5262	1994	200
12.69/12.74	12.747	1993	201
12.89/12.97	12.9709	1992	206
12.99/13.19	13.1919	1991	209
12.99/13.41	13.4127	1990	211
13.59/13.63	13.6357	1989	214
13.79/13.85	13.8561	1988	216
13.99/14.07	14.075	1987	217
14.19/14.29	14.2944	1986	218
14.39/14.52	14.5193	1985	223
14.70/14.74	14.7379	1984	224
14.88/14.96	14.9577	1983	228
15.08/15.18	15.1779	1982	230
15.38/15.40	15.4052	1981	241
15.58/15.62	15.6234	1980	242
15.69/15.84	15.8424	1979	244
16.04/16.06	16.061	1978	246
16.19/16.29	16.2915	1977	259
16.49/16.51	16.5084	1976	260
16.69/16.74	16.7398	1975	276
16.89/16.96	16.9613	1974	281
16.99/17.18	17.1795	1973	283
16.99/17.40	17.3994	1972	288
17.59/17.62	17.6178	1971	291
17.79/17.83	17.8357	1970	293
17.99/18.05	18.0527	1969	296
18.19/18.27	18.2725	1967	299
18.29/18.49	18.4886	1966	300
18.68/18.71	18.7076	1965	307
18.89/18.92	18.9264	1963	311
19.09/19.16	19.1606	1962	331
19.29/19.38	19.3784	1961	335
19.49/19.59	19.5957	1960	337
19.59/19.81	19.8169	1959	344
20.03/20.04	20.0408	1958	354
20.19/20.28	20.2827	1957	377
20.49/20.50	20.5065	1956	387
20.69/20.72	20.7228	1955	391
20.89/20.94	20.9416	1954	396
20.89/21.16	21.166	1953	404
21.34/21.38	21.3829	1952	408
21.59/21.60	21.6016	1951	414
21.79/21.82	21.8181	1950	418
21.98/22.03	22.0317	1949	419
22.18/22.25	22.2567	1948	434
22.18/22.48	22.4784	1947	441
22.67/22.69	22.6964	1946	446
22.89/22.91	22.9165	1945	451
23.09/23.13	23.1322	1944	452
23.29/23.35	23.351	1943	457
23.49/23.56	23.5639	1942	458
23.49/23.78	23.7837	1941	464
23.85/24.00	24.0014	1940	471
24.19/24.21	24.2149	1939	473
24.39/24.45	24.4519	1938	499
24.59/24.67	24.6702	1937	511
24.79/24.88	24.8859	1936	515
24.89/25.10	25.0981	1935	516
25.25/25.31	25.3118	1934	518
25.49/25.52	25.5252	1933	521
25.69/25.74	25.7384	1932	523
25.89/25.95	25.9555	1931	528
26.09/26.17	26.1684	1930	530
26.19/26.38	26.3792	1929	531
26.48/26.59	26.5912	1928	533
26.79/26.81	26.8086	1927	541
26.99/27.02	27.0224	1926	549
27.19/27.24	27.2373	1925	553
27.39/27.45	27.4535	1924	559
27.49/27.66	27.6659	1923	562
27.83/27.89	27.8923	1922	580
28.09/28.12	28.1203	1921	600
28.29/28.33	28.3348	1920	604
28.49/28.54	28.5448	1919	605
28.69/28.75	28.7558	1918	606
28.79/28.98	28.9784	1916	618
29.16/29.19	29.1899	1915	623
29.39/29.40	29.4018	1914	626
29.59/29.65	29.6534	1913	673
29.79/29.88	29.8798	1912	692
29.99/30.09	30.0933	1911	695
30.09/30.31	30.3119	1910	705
30.44/30.52	30.5265	1909	712
30.68/30.74	30.7439	1908	723
30.99/31.00	31.0027	1907	769
31.19/31.21	31.2119	1906	770
31.39/31.42	31.42	1905	771
31.39/31.64	31.6391	1903	780
31.79/31.85	31.8511	1902	787
31.99/32.06	32.0621	1901	790
32.19/32.27	32.2702	1900	791
32.39/32.48	32.4791	1899	793
32.59/32.69	32.6882	1898	795
32.59/32.90	32.8998	1897	805
32.73/33.12	33.1227	1896	821
33.29/33.33	33.3303	1895	823
33.48/33.55	33.5485	1894	834
33.68/33.75	33.7558	1893	835
33.88/33.97	33.9734	1892	846
33.98/34.21	34.2142	1891	878
34.41/34.42	34.4222	1890	881
34.59/34.64	34.6422	1889	899
34.79/34.85	34.853	1888	906
34.99/35.06	35.0624	1887	913
35.19/35.27	35.2727	1886	917
35.29/35.48	35.4856	1885	929
35.65/35.69	35.6943	1884	934
35.89/35.91	35.9161	1883	951
36.09/36.12	36.1267	1882	955
36.29/36.33	36.3355	1881	961
36.49/36.56	36.5649	1880	985
36.59/36.77	36.7717	1879	987
36.94/36.98	36.9771	1878	989
37.09/37.18	37.1823	1877	990
37.29/37.39	37.3918	1876	995
37.49/37.59	37.5969	1875	996
37.78/37.81	37.812	1874	1005
37.88/38.02	38.0257	1873	1014
37.88/38.24	38.24	1872	1024
38.38/38.45	38.4493	1871	1031
38.58/38.69	38.6953	1870	1064
38.88/38.91	38.908	1869	1072
39.08/39.16	39.1667	1868	1124
39.18/39.38	39.3786	1867	1132
39.18/39.60	39.6031	1866	1152
39.79/39.80	39.8063	1865	1153
39.99/40.01	40.0093	1864	1155
40.19/40.22	40.2187	1863	1163
40.39/40.42	40.4229	1862	1166
40.59/40.64	40.6455	1861	1190
40.59/40.85	40.8523	1860	1195
41.01/41.05	41.0542	1859	1196
41.28/41.33	41.329	1858	1271
41.48/41.53	41.5335	1857	1274
41.68/41.74	41.7405	1856	1279
41.88/41.96	41.9617	1855	1308
41.88/42.17	42.1738	1854	1318
42.38/42.41	42.408	1853	1356
42.58/42.68	42.6863	1852	1435
42.89/42.90	42.8997	1851	1448
43.09/43.14	43.1453	1850	1484
43.19/43.35	43.3503	1849	1488
43.19/43.58	43.5797	1848	1514
43.70/43.78	43.7811	1847	1515
43.89/43.98	43.984	1846	1518
44.09/44.19	44.1936	1845	1528
44.39/44.40	44.4043	1844	1542
44.59/44.62	44.6197	1843	1557
44.59/44.82	44.8234	1842	1562
45.09/45.17	45.1735	1841	1714
45.39/45.42	45.4218	1840	1761
45.59/45.66	45.6568	1839	1794
45.79/45.94	45.9371	1838	1865
45.79/46.15	46.1562	1837	1883
46.32/46.36	46.3571	1836	1885
46.49/46.55	46.5561	1835	1886
46.69/46.76	46.7623	1834	1894
46.88/46.96	46.9653	1833	1902
47.19/47.22	47.2194	1832	1957
47.19/47.46	47.465	1831	2003
47.69/47.70	47.6992	1830	2035
47.89/47.93	47.9312	1829	2066
48.09/48.13	48.1347	1828	2070
48.39/48.40	48.3999	1827	2145
48.49/48.61	48.6126	1826	2156
48.84/48.93	48.928	1825	2260
49.28/49.38	49.3825	1824	2491
49.59/49.64	49.6424	1823	2542
49.79/50.05	50.0492	1822	2716
50.16/50.25	50.2476	1821	2717
50.59/50.66	50.6606	1820	2907
50.79/50.89	50.8961	1819	2940
51.09/51.43	51.4272	1817	3237
51.79/51.85	51.855	1816	3442
52.09/52.12	52.1179	1815	3500
52.29/52.33	52.3301	1814	3519
52.39/52.53	52.536	1813	3528
52.39/52.73	52.7342	1812	3530
52.90/52.93	52.9309	1811	3532
53.09/53.15	53.1482	1810	3553
53.28/53.39	53.3887	1809	3595
53.48/53.59	53.5943	1808	3605
53.79/53.87	53.871	1807	3677
54.49/54.59	54.5954	1806	4160
54.79/54.87	54.8672	1805	4224
55.09/55.34	55.3388	1804	4462
55.59/55.61	55.6158	1803	4530
56.09/56.11	56.1134	1802	4816
57.39/57.48	57.4836	1801	5810
57.69/57.99	57.9915	1800	6081
58.49/58.59	58.5951	1799	6464
58.99/59.01	59.0095	1798	6665
59.49/59.55	59.5551	1797	6979
59.69/59.77	59.7741	1796	7004
59.99/60.08	60.0833	1795	7113
60.29/60.46	60.4604	1794	7277
60.99/61.09	61.0867	1793	7667
61.59/61.83	61.8318	1792	8157
62.29/62.34	62.3411	1791	8447
62.69/62.71	62.7093	1790	8606
62.89/63.25	63.2499	1789	8895
63.69/63.79	63.7962	1787	9204
64.08/64.13	64.1343	1786	9342
64.18/64.33	64.3359	1785	9355
64.89/64.95	64.9557	1784	9749
65.28/65.36	65.3639	1783	9953
65.48/65.56	65.5621	1782	9960
65.48/65.76	65.7633	1781	9969
66.59/66.68	66.6825	1780	10650
67.49/67.52	67.5243	1779	11218
67.89/67.97	67.9705	1778	11451
69.09/69.12	69.1188	1777	12265
69.99/70.00	70.0018	1776	12893
71.39/71.47	71.4729	1775	14025
72.79/72.89	72.8864	1774	15136
73.09/73.17	73.1679	1773	15221
73.49/73.83	73.8352	1772	15634
75.38/75.41	75.4077	1771	16912
75.78/75.84	75.8365	1770	17123
77.89/77.96	77.9624	1769	18876
79.99/80.00	79.9984	1768	20532
80.69/80.77	80.7757	1767	21086
80.99/81.00	80.9984	1766	21120
81.41/81.44	81.4453	1765	21362
81.41/81.65	81.652	1764	21380
83.79/83.84	83.8401	1763	23163
85.18/85.28	85.2793	1762	24266
86.59/86.60	86.5979	1761	25301
87.29/87.30	87.2995	1760	25775
90.39/90.45	90.4472	1759	28410
90.49/90.69	90.6927	1758	28462
91.69/91.95	91.9528	1757	29485
92.49/92.59	92.5932	1756	29885
94.75/94.81	94.8142	1755	31764
98.28/98.31	98.3079	1754	34787
99.49/99.58	99.578	1753	35769
99.82/99.84	99.8446	1752	35836
106.29/106.50	106.496	1751	41568
107.59/107.61	107.611	1750	42373
108.89/109.16	109.162	1749	43575
109.58/109.60	109.601	1748	43791
111.49/111.53	111.528	1747	45304
111.98/112.05	112.055	1746	45608
117.69/117.78	117.779	1745	50465
118.79/118.84	118.84	1744	51241
121.22/121.29	121.287	1743	53303
121.79/121.83	121.827	1742	53621
122.79/122.88	122.883	1741	54388
126.46/126.49	126.494	1740	57489
131.19/131.47	131.469	1739	61910
134.59/134.66	134.657	1738	64772
145.29/145.32	145.318	1737	74441
145.69/145.86	145.864	1736	74803
169.28/169.49	169.493	1735	96296
171.48/171.53	171.529	1734	98059
171.68/171.77	171.773	1733	98110
177.09/177.43	177.431	1732	103139
177.98/178.00	177.998	1731	103497
180.49/180.54	180.534	1730	105691
183.58/183.65	183.653	1729	108401
184.29/184.30	184.302	1728	108832
197.58/197.66	197.654	1727	120744
200.39/200.48	200.476	1726	123143
200.68/200.77	200.772	1725	123232
205.78/205.89	205.89	1724	127689
214.98/215.07	215.063	1723	135919
215.89/215.92	215.915	1722	136535
373.88/373.94	373.936	1721	278452
375.38/375.58	375.571	1720	279710
376.68/376.84	376.839	1719	280738
391.98/392.00	391.994	1718	294405
405.59/405.85	405.845	1717	306762
408.18/408.56	408.556	1716	309021
415.48/415.50	415.5	1715	315295
685.48/685.57	685.56	1714	558728
776.48/776.60	776.597	1713	641504
794.38/794.41	794.404	1712	657726
1001.58/1001.61	646.601	24515055	844123
