0.06/0.17	0.103895	246	0
0.06/0.17	0.10427	245	3
0.06/0.17	0.1045	244	6
0.06/0.17	0.104627	243	7
0.06/0.17	0.104983	242	12
0.06/0.17	0.105324	241	17
0.06/0.17	0.105812	240	22
0.06/0.18	0.115659	239	204
0.06/0.18	0.115819	238	205
0.12/0.21	0.14572	237	748
0.22/0.36	0.301265	236	3556
0.22/0.38	0.318237	235	3860
0.32/0.42	0.3602	234	4622
0.42/0.55	0.483112	233	6661
0.42/0.55	0.483403	232	6664
0.62/0.78	0.717182	231	10559
0.92/1.32	1.26048	230	18984
0.92/1.35	1.28539	229	19390
1.32/1.47	1.4039	228	21292
1.32/1.48	1.41469	227	21434
1.73/1.83	1.76767	226	27222
2.22/2.38	2.31755	225	35302
2.22/2.46	2.39566	224	36592
2.22/2.51	2.44922	223	37379
3.53/3.81	3.74287	222	56587
