0.09/0.14	0.13987	244	0
0.09/0.14	0.141637	243	27
0.19/0.25	0.253919	242	1790
0.19/0.25	0.256691	241	1824
0.19/0.25	0.256983	240	1826
0.19/0.28	0.284937	239	2243
0.19/0.31	0.313855	238	2666
0.31/0.33	0.333422	237	2941
0.31/0.39	0.395287	236	3893
0.59/0.65	0.65059	235	7786
0.69/0.75	0.750686	234	9352
0.89/0.92	0.922902	233	12330
0.89/0.94	0.938585	232	12579
0.89/0.99	0.991712	231	13518
1.00/1.06	1.06	230	14657
1.28/1.31	1.30747	229	18757
1.48/1.52	1.52124	228	22139
2.39/2.40	2.40313	227	36324
2.69/2.71	2.70891	226	41455
2.69/2.75	2.75656	225	42230
2.79/2.83	2.8346	224	43534
2.79/2.86	2.85833	223	43837
3.09/3.21	3.21265	222	49411
