0.00/0.13	0.10279	244	0
0.00/0.13	0.103061	243	1
0.00/0.13	0.104473	242	27
0.00/0.13	0.104668	241	29
0.00/0.13	0.104938	240	32
0.00/0.24	0.207315	239	1886
0.00/0.42	0.394484	238	4993
0.58/0.64	0.610401	237	8629
0.76/0.80	0.772158	236	11382
0.76/0.86	0.830163	235	12369
1.96/2.07	2.04199	234	31750
1.96/2.07	2.04237	233	31753
1.96/2.09	2.06307	232	32110
1.96/2.09	2.06325	231	32111
2.26/2.32	2.28654	230	35331
2.26/2.35	2.32479	229	35966
2.56/2.67	2.63762	228	40615
2.76/2.95	2.9221	227	45012
3.19/3.31	3.28003	226	50726
3.76/3.83	3.80323	225	58659
3.86/3.93	3.89886	224	59980
3.86/3.99	3.9651	223	60890
4.15/4.28	4.24992	222	65255
