0.10/0.13	0.132306	248	0
0.10/0.13	0.132867	247	7
0.10/0.13	0.13313	245	10
0.10/0.13	0.133703	243	18
0.10/0.13	0.133835	242	19
0.10/0.15	0.149531	241	299
0.10/0.15	0.149812	240	301
0.10/0.15	0.149955	239	302
0.10/0.15	0.150126	238	303
0.10/0.17	0.16922	237	652
0.10/0.18	0.180635	236	866
0.10/0.18	0.180806	235	867
0.10/0.19	0.190306	233	1046
0.20/0.24	0.24565	232	2001
0.40/0.43	0.431494	231	5180
0.59/0.68	0.684493	230	9591
1.00/1.07	1.07435	229	15778
1.10/1.18	1.17913	228	17576
1.79/1.88	1.88683	227	27881
2.39/2.42	2.42132	226	35571
3.19/3.23	3.23438	225	47544
4.39/4.40	4.40172	224	66332
4.99/5.00	5.00169	223	75785
4.99/5.06	5.06376	222	76688
