0.00/0.13	0.133224	243	0
0.00/0.13	0.134607	242	20
0.00/0.13	0.135907	241	39
0.00/0.24	0.238177	240	1743
0.00/0.26	0.267098	239	2220
0.00/0.26	0.267225	238	2221
0.00/0.27	0.267934	237	2231
0.00/0.27	0.268068	236	2232
0.00/0.38	0.383856	235	4147
0.48/0.55	0.550508	234	6689
0.79/0.84	0.840371	233	11288
1.29/1.52	1.52255	232	21316
1.64/1.71	1.71507	231	24385
1.79/1.84	1.8385	230	26574
1.79/1.89	1.89358	229	27544
1.88/1.93	1.93496	228	28318
2.08/2.12	2.12537	227	31730
2.38/2.44	2.4394	226	36794
2.48/2.56	2.56483	225	39025
2.58/2.80	2.80323	224	43259
3.05/3.05	3.05361	223	47659
3.79/3.86	3.86736	222	61265
