0.09/0.12	0.117934	244	0
0.39/0.47	0.470242	243	5580
0.49/0.51	0.517123	242	6349
0.59/0.61	0.608058	241	7852
0.59/0.68	0.678651	240	9083
0.59/0.68	0.678883	239	9086
0.59/0.68	0.67923	238	9089
0.69/0.77	0.77519	237	10724
0.69/0.78	0.779931	236	10794
0.69/0.78	0.781248	235	10809
0.80/0.82	0.825003	234	11491
0.99/1.01	1.01326	233	14584
0.99/1.04	1.03782	232	15004
1.18/1.26	1.26736	231	18895
1.30/1.35	1.34935	230	20239
1.39/1.41	1.4173	229	21387
1.79/1.87	1.87758	228	28382
2.09/2.26	2.26396	227	34273
2.09/2.59	2.58827	226	39194
2.09/2.59	2.59676	225	39340
2.09/2.63	2.63315	224	39809
2.99/3.08	3.0846	223	47176
3.09/3.19	3.19125	222	48983
