0.09/0.13	0.134553	248	0
0.09/0.13	0.134788	247	1
0.09/0.13	0.134907	246	2
0.09/0.15	0.149457	245	238
0.09/0.17	0.16775	244	526
0.30/0.38	0.38299	243	3761
0.48/0.53	0.530663	241	5955
0.59/0.65	0.651813	240	7760
0.69/0.76	0.763496	239	9469
0.69/0.76	0.76368	238	9470
0.69/0.77	0.770369	237	9577
0.79/0.82	0.824001	236	10431
0.79/0.86	0.858559	235	10969
0.79/0.89	0.895659	234	11560
0.90/0.93	0.927715	233	12088
1.69/1.78	1.78556	232	26344
1.79/1.87	1.87125	231	27733
2.21/2.28	2.28035	230	34633
2.29/2.38	2.38167	229	36258
2.59/2.60	2.60366	228	39557
2.79/2.88	2.88265	227	43257
3.40/3.41	3.41069	226	51772
3.79/3.80	3.79921	225	58103
3.79/3.89	3.88769	224	59593
4.10/4.17	4.17293	223	64229
4.20/4.24	4.23963	222	65211
