0.10/0.10	0.102002	246	0
0.10/0.10	0.102175	245	1
0.10/0.10	0.102328	244	2
0.10/0.10	0.103005	243	11
0.10/0.11	0.113141	242	184
0.10/0.11	0.113266	241	185
0.20/0.28	0.281484	240	2990
0.20/0.28	0.281902	239	2995
0.20/0.28	0.282283	238	2999
0.20/0.29	0.289284	237	3107
0.20/0.29	0.289896	236	3114
0.29/0.36	0.366525	235	4352
0.49/0.55	0.556823	234	7532
0.49/0.59	0.589289	233	8045
0.59/0.68	0.682395	232	9526
0.69/0.72	0.727556	231	10239
0.79/0.85	0.854535	230	12339
1.29/1.38	1.38181	229	20005
1.39/1.42	1.42366	228	20600
1.39/1.48	1.48106	227	21604
1.69/1.79	1.78892	226	26628
2.10/2.18	2.18041	225	32415
2.10/2.19	2.1952	224	32597
2.10/2.35	2.35526	223	35029
2.10/2.42	2.42338	222	35869
