0.10/0.13	0.136253	244	0
0.10/0.17	0.17137	243	520
0.10/0.17	0.171499	242	521
0.10/0.22	0.220282	241	1012
0.58/0.69	0.691016	239	8122
0.68/0.73	0.730197	238	8730
0.68/0.73	0.730621	237	8734
0.68/0.73	0.730946	236	8737
0.68/0.76	0.765487	235	9274
0.78/0.85	0.848443	234	10512
0.78/0.86	0.866158	233	10784
0.78/0.86	0.866309	232	10785
0.98/1.06	1.0621	231	13663
0.98/1.06	1.06465	230	13694
1.69/1.75	1.75747	229	23973
1.89/1.98	1.9805	228	27669
2.09/2.13	2.13404	227	29868
2.09/2.17	2.17526	226	30455
2.39/2.41	2.4166	225	34064
2.39/2.47	2.47346	224	35069
2.99/3.00	3.00386	223	43288
3.19/3.23	3.22886	222	46409
