0.09/0.11	0.113012	242	0
0.09/0.11	0.113282	241	1
0.09/0.11	0.114227	240	15
0.09/0.11	0.114451	239	17
0.09/0.11	0.11475	238	20
0.09/0.11	0.117272	237	51
0.09/0.11	0.117456	236	52
0.09/0.12	0.118769	235	72
0.29/0.30	0.304877	234	3237
0.48/0.58	0.585192	233	7838
1.01/1.08	1.08215	232	15339
1.20/1.25	1.2531	231	18118
1.20/1.29	1.2975	230	18841
1.50/1.57	1.57548	229	22795
1.99/2.07	2.0707	228	30533
2.49/2.59	2.59188	227	38928
2.79/2.84	2.84612	226	43163
2.89/2.92	2.92056	225	44208
2.89/2.94	2.94102	224	44504
3.13/3.22	3.22333	223	48631
3.13/3.40	3.40654	222	51409
