0.56/0.61	0.587152	198	0
0.56/0.61	0.5876	197	1
0.56/0.61	0.588007	196	2
0.56/0.61	0.588401	195	3
0.56/0.61	0.588778	194	4
0.56/0.61	0.589116	193	5
0.56/0.61	0.589669	192	7
0.56/0.61	0.590179	190	8
0.56/0.61	0.590534	189	9
0.56/0.61	0.590985	188	10
0.56/0.61	0.591355	187	11
0.56/0.61	0.591858	186	13
0.56/0.61	0.592382	185	15
0.56/0.61	0.59309	184	17
0.56/0.62	0.594642	183	24
0.56/0.62	0.595071	182	25
0.56/0.62	0.595599	181	27
0.56/0.62	0.596155	180	29
0.56/0.62	0.596869	179	32
0.56/0.62	0.598268	178	38
0.56/0.62	0.598673	177	39
0.56/0.62	0.599982	176	44
0.56/0.62	0.60082	175	47
0.56/0.62	0.60165	174	50
0.56/0.62	0.603596	173	59
0.56/0.63	0.606891	172	74
0.56/0.63	0.609338	171	85
0.56/0.63	0.610528	170	90
0.56/0.63	0.611616	169	94
0.56/0.63	0.61218	168	96
0.56/0.64	0.614875	167	108
0.56/0.64	0.616448	166	114
0.56/0.64	0.618545	165	123
0.56/0.64	0.619608	164	127
0.56/0.64	0.62072	163	131
0.56/0.64	0.621315	162	133
0.56/0.65	0.626384	161	156
0.56/0.65	0.62825	160	163
0.56/0.65	0.630012	159	171
0.56/0.66	0.638131	158	210
0.56/0.66	0.639032	157	213
0.56/0.66	0.64117	156	222
0.56/0.67	0.652485	155	278
0.56/0.69	0.664629	154	337
0.56/0.69	0.668285	153	353
0.66/0.70	0.683543	152	427
0.66/0.72	0.695199	151	485
0.66/0.73	0.711261	150	561
0.66/0.73	0.712833	149	567
0.66/0.74	0.722144	148	610
0.66/0.75	0.724017	147	617
0.66/0.76	0.735685	146	669
0.66/0.79	0.768008	145	825
0.76/0.84	0.816108	144	1059
0.76/0.85	0.831478	143	1134
0.86/0.97	0.94464	142	1701
0.86/0.98	0.962266	141	1785
0.86/0.98	0.963296	140	1789
1.07/1.18	1.15481	139	2720
1.07/1.20	1.1789	138	2832
1.07/1.32	1.30186	137	3416
1.39/1.45	1.43022	136	4018
1.39/1.51	1.49207	135	4299
1.66/1.75	1.72936	134	5422
2.38/2.58	2.55604	133	9393
3.26/3.36	3.3378	132	13132
3.36/3.46	3.43874	131	13605
3.67/4.06	4.0338	130	16386
3.67/4.10	4.07336	129	16586
152.46/152.56	152.537	128	626442
153.66/153.72	153.695	127	631888
154.46/154.68	154.657	126	636259
