0.49/0.59	0.593064	192	0
0.49/0.59	0.59383	191	2
0.49/0.59	0.594485	189	4
0.49/0.59	0.594865	188	5
0.49/0.59	0.595228	187	6
0.49/0.59	0.59559	186	7
0.49/0.59	0.59615	185	9
0.49/0.59	0.5967	184	11
0.58/0.60	0.59775	183	15
0.58/0.60	0.598233	182	16
0.58/0.60	0.598601	181	17
0.58/0.60	0.599136	180	19
0.58/0.60	0.599697	179	21
0.58/0.60	0.600803	178	25
0.58/0.60	0.601237	177	26
0.58/0.60	0.601905	176	28
0.58/0.60	0.602529	175	30
0.58/0.60	0.603769	174	34
0.58/0.60	0.60502	173	39
0.58/0.60	0.605698	172	41
0.58/0.60	0.606762	171	45
0.58/0.61	0.607836	170	50
0.58/0.61	0.608553	169	52
0.58/0.61	0.609653	168	56
0.58/0.61	0.61008	167	57
0.58/0.61	0.612713	166	68
0.58/0.61	0.613365	165	70
0.58/0.61	0.614611	164	75
0.58/0.61	0.616374	163	81
0.58/0.62	0.619064	162	92
0.58/0.62	0.619952	161	95
0.58/0.62	0.620523	160	97
0.58/0.62	0.622028	159	103
0.58/0.62	0.623128	158	107
0.58/0.62	0.624518	157	112
0.58/0.62	0.626881	156	121
0.58/0.63	0.628183	155	125
0.58/0.63	0.632	154	141
0.58/0.63	0.636528	153	160
0.58/0.65	0.649065	152	221
0.58/0.65	0.649639	151	223
0.58/0.66	0.660304	150	273
0.58/0.66	0.663798	149	287
0.58/0.67	0.6744	148	337
0.58/0.69	0.689714	147	411
0.68/0.70	0.700247	146	459
0.68/0.71	0.711559	145	516
0.68/0.73	0.727843	144	594
0.68/0.73	0.728442	143	596
0.68/0.78	0.780251	142	828
0.68/0.78	0.785181	141	850
0.68/0.79	0.788329	140	864
0.79/0.84	0.837736	139	1103
0.79/0.86	0.865834	138	1230
0.79/0.88	0.883326	137	1311
0.88/0.96	0.962603	136	1698
0.88/1.02	1.02335	135	1979
1.17/1.31	1.31116	134	3323
1.17/1.43	1.4283	133	3879
1.69/1.70	1.70727	132	5218
1.88/1.94	1.94635	131	6361
1.98/2.03	2.03209	130	6778
17.08/17.20	17.1975	129	74387
17.08/17.28	17.286	128	74803
257.48/257.52	257.514	127	1004112
