0.00/0.50	0.502129	187	0
0.00/0.50	0.502511	186	1
0.00/0.50	0.503067	185	3
0.00/0.50	0.503393	184	4
0.00/0.50	0.503732	183	5
0.00/0.50	0.504229	182	7
0.00/0.50	0.504558	181	8
0.00/0.50	0.504928	180	9
0.00/0.50	0.505303	179	10
0.00/0.50	0.506384	178	14
0.00/0.50	0.506866	177	16
0.00/0.50	0.507436	176	18
0.00/0.51	0.508624	175	23
0.00/0.51	0.509754	174	28
0.00/0.51	0.510336	173	30
0.00/0.51	0.511591	172	36
0.00/0.51	0.512184	171	38
0.00/0.51	0.512879	170	41
0.00/0.51	0.513943	169	45
0.00/0.51	0.514816	168	48
0.00/0.51	0.515588	167	51
0.00/0.51	0.516167	166	53
0.00/0.51	0.516862	165	56
0.00/0.52	0.518676	164	65
0.00/0.52	0.520698	163	74
0.00/0.52	0.521914	162	79
0.00/0.52	0.522725	161	82
0.00/0.52	0.525175	160	93
0.00/0.52	0.52641	159	97
0.00/0.53	0.530123	158	114
0.00/0.53	0.531692	157	121
0.00/0.53	0.534863	156	135
0.00/0.53	0.536401	155	141
0.00/0.54	0.539861	154	156
0.00/0.55	0.555263	153	232
0.00/0.55	0.55635	152	236
0.00/0.56	0.559917	151	253
0.00/0.56	0.562393	150	264
0.00/0.56	0.56371	149	269
0.00/0.57	0.573086	148	311
0.00/0.57	0.577427	147	330
0.00/0.58	0.580639	146	343
0.00/0.58	0.582551	145	351
0.00/0.60	0.605942	144	460
0.00/0.61	0.612361	143	488
0.69/0.70	0.705461	142	925
0.69/0.71	0.717963	141	987
0.69/0.72	0.727343	140	1031
0.69/0.76	0.763185	139	1205
0.79/0.85	0.858345	138	1665
0.79/0.87	0.875996	137	1751
0.99/1.01	1.01337	136	2430
1.09/1.10	1.10438	135	2882
1.29/1.33	1.33608	134	4007
1.29/1.34	1.34713	133	4058
1.49/1.53	1.53422	132	4914
1.59/1.83	1.83396	131	6362
1.59/1.86	1.86551	130	6510
11.50/11.70	11.7046	129	51920
11.50/11.80	11.8045	128	52390
84.29/84.45	84.4451	127	340084
