0.50/0.51	0.508955	192	0
0.50/0.51	0.509557	191	2
0.50/0.51	0.509887	190	3
0.50/0.51	0.510266	189	4
0.50/0.51	0.510675	188	5
0.50/0.51	0.511012	187	6
0.50/0.51	0.511318	186	7
0.50/0.51	0.511657	185	8
0.50/0.51	0.511937	184	9
0.50/0.51	0.512315	183	10
0.50/0.51	0.512943	182	12
0.50/0.51	0.513443	181	14
0.50/0.51	0.513812	180	15
0.50/0.51	0.514223	179	16
0.50/0.51	0.514763	178	18
0.50/0.51	0.515313	177	20
0.50/0.51	0.515808	176	22
0.50/0.51	0.516761	175	26
0.50/0.51	0.517214	174	27
0.50/0.52	0.51826	173	31
0.50/0.52	0.519031	172	34
0.50/0.52	0.51994	171	37
0.50/0.52	0.522017	170	45
0.50/0.52	0.522944	169	49
0.50/0.52	0.52379	168	52
0.50/0.52	0.52566	167	61
0.50/0.52	0.526939	166	67
0.50/0.53	0.528293	165	73
0.50/0.53	0.529123	164	76
0.50/0.53	0.53085	163	84
0.50/0.53	0.533154	162	94
0.50/0.53	0.535195	161	103
0.50/0.54	0.538753	160	119
0.50/0.54	0.540811	159	128
0.50/0.55	0.55071	158	177
0.50/0.55	0.555626	157	200
0.50/0.55	0.556739	156	205
0.50/0.55	0.557652	155	208
0.50/0.56	0.559071	154	214
0.50/0.56	0.566483	153	246
0.50/0.58	0.579396	152	308
0.50/0.58	0.582272	151	320
0.50/0.58	0.584567	150	330
0.50/0.58	0.586357	149	338
0.50/0.59	0.588384	148	347
0.50/0.59	0.591531	147	360
0.59/0.60	0.6001	146	401
0.59/0.61	0.610514	145	451
0.59/0.61	0.616741	144	481
0.59/0.64	0.646614	143	622
0.59/0.66	0.659221	142	680
0.59/0.67	0.675622	141	755
0.70/0.70	0.699974	140	870
0.70/0.71	0.714791	139	938
0.70/0.72	0.718216	138	952
0.70/0.74	0.747251	137	1086
0.90/0.94	0.944763	136	2040
0.90/0.96	0.96164	135	2121
1.49/1.53	1.53334	134	4771
2.08/2.11	2.11603	133	7563
2.08/2.16	2.16621	132	7808
2.18/2.45	2.44796	131	9113
2.89/2.93	2.93332	130	11437
20.19/20.23	20.2305	129	87980
20.39/20.50	20.501	128	89229
20.39/20.77	20.7703	127	90477
694.07/694.18	694.167	126	2523181
