0.49/0.58	0.580221	190	0
0.49/0.58	0.580719	189	1
0.49/0.58	0.58133	188	3
0.49/0.58	0.581763	187	4
0.49/0.58	0.58217	186	5
0.49/0.58	0.58248	185	6
0.49/0.58	0.582859	184	7
0.49/0.58	0.58321	183	8
0.49/0.58	0.584224	182	11
0.49/0.58	0.585611	181	17
0.49/0.58	0.585994	180	18
0.49/0.58	0.587371	179	24
0.49/0.59	0.58797	178	26
0.49/0.59	0.588699	177	29
0.49/0.59	0.589629	176	32
0.49/0.59	0.590668	175	36
0.49/0.59	0.591867	174	41
0.49/0.59	0.592693	173	44
0.49/0.59	0.593488	172	47
0.49/0.59	0.594072	171	49
0.49/0.59	0.595447	170	54
0.49/0.59	0.596356	169	58
0.49/0.59	0.596994	168	60
0.49/0.59	0.597701	167	63
0.59/0.60	0.598939	166	68
0.59/0.60	0.599653	165	71
0.59/0.60	0.599941	164	72
0.59/0.60	0.603171	163	89
0.59/0.60	0.605226	162	98
0.59/0.60	0.606622	161	104
0.59/0.61	0.610621	160	122
0.59/0.61	0.611897	159	128
0.59/0.61	0.616239	158	150
0.59/0.61	0.617515	157	155
0.59/0.62	0.627176	156	202
0.59/0.64	0.638527	155	259
0.59/0.64	0.642951	154	280
0.59/0.64	0.647411	153	300
0.59/0.65	0.649527	152	309
0.59/0.65	0.650749	151	314
0.59/0.66	0.665258	150	381
0.59/0.67	0.668434	149	396
0.59/0.67	0.675999	148	430
0.59/0.68	0.682772	147	463
0.69/0.71	0.710055	146	591
0.69/0.71	0.711822	145	599
0.69/0.72	0.71843	144	629
0.69/0.72	0.723372	143	652
0.69/0.73	0.728966	142	678
0.69/0.75	0.756537	141	809
0.69/0.77	0.774445	140	893
0.79/0.80	0.799412	139	1006
0.79/0.83	0.83502	138	1177
0.89/0.99	0.995361	137	1957
0.89/0.99	0.997774	136	1968
1.20/1.29	1.29214	135	3386
2.30/2.35	2.35529	134	8388
2.48/2.55	2.54974	133	9290
3.29/3.30	3.30101	132	12713
10.29/10.45	10.4513	131	45434
11.89/12.21	12.2102	130	53558
12.28/12.30	12.3061	129	54008
86.29/86.37	86.3693	128	363169
303.15/303.17	303.16	127	1211188
