0.49/0.52	0.524203	189	0
0.49/0.52	0.524623	188	1
0.49/0.52	0.524957	187	2
0.49/0.52	0.525268	186	3
0.49/0.52	0.525621	185	4
0.49/0.52	0.525907	184	5
0.49/0.52	0.526436	183	7
0.49/0.52	0.526929	182	9
0.49/0.52	0.527992	181	14
0.49/0.53	0.528967	180	15
0.49/0.53	0.529332	179	16
0.49/0.53	0.529826	178	18
0.49/0.53	0.530224	177	19
0.49/0.53	0.530778	176	21
0.49/0.53	0.531691	175	25
0.49/0.53	0.532591	174	28
0.49/0.53	0.533357	173	31
0.49/0.53	0.533831	172	33
0.49/0.53	0.534577	171	36
0.49/0.53	0.535658	170	40
0.49/0.53	0.537084	169	46
0.49/0.54	0.538621	168	53
0.49/0.54	0.540462	167	62
0.49/0.54	0.541852	166	68
0.49/0.54	0.542301	165	69
0.49/0.54	0.543826	164	75
0.49/0.54	0.545533	163	81
0.49/0.54	0.546758	162	86
0.49/0.54	0.548322	161	92
0.49/0.55	0.550912	160	104
0.49/0.55	0.552977	159	113
0.49/0.55	0.553931	158	117
0.49/0.55	0.556361	157	127
0.49/0.55	0.558141	156	135
0.49/0.56	0.559809	155	142
0.49/0.56	0.56263	154	154
0.49/0.56	0.565203	153	165
0.49/0.57	0.569263	152	183
0.49/0.57	0.573242	151	200
0.49/0.57	0.575343	150	209
0.49/0.58	0.581309	149	238
0.49/0.58	0.584944	148	255
0.59/0.61	0.612279	147	386
0.59/0.61	0.614258	146	394
0.59/0.64	0.648024	145	552
0.59/0.67	0.669751	144	652
0.59/0.69	0.68876	143	744
0.69/0.76	0.759601	142	1081
0.69/0.78	0.786314	141	1211
0.79/0.85	0.852849	140	1531
0.89/0.92	0.922424	139	1857
0.89/0.96	0.964267	138	2061
1.09/1.13	1.13479	137	2873
1.19/1.21	1.20851	136	3235
1.19/1.26	1.26413	135	3499
1.32/1.49	1.49632	134	4553
1.32/1.50	1.49867	133	4562
2.58/2.73	2.73297	132	10362
3.09/3.10	3.10078	131	12072
40.19/40.35	40.3525	130	175167
41.58/41.72	41.7239	129	181666
148.30/148.59	148.589	128	618095
330.88/330.95	330.943	127	1329229
414.97/415.47	415.459	126	1639519
