0.49/0.58	0.583809	198	0
0.49/0.58	0.584267	197	1
0.49/0.58	0.584611	196	2
0.49/0.58	0.584945	195	3
0.49/0.58	0.585322	194	4
0.49/0.58	0.585627	193	5
0.49/0.58	0.585965	192	6
0.49/0.58	0.586319	191	7
0.49/0.58	0.586622	190	8
0.49/0.58	0.586944	189	9
0.49/0.58	0.587296	188	10
0.49/0.59	0.587735	187	11
0.49/0.59	0.588462	186	14
0.49/0.59	0.589185	185	17
0.49/0.59	0.589747	184	19
0.49/0.59	0.590441	183	22
0.49/0.59	0.590798	182	23
0.49/0.59	0.591241	181	24
0.49/0.59	0.591742	180	26
0.49/0.59	0.592671	179	30
0.49/0.59	0.593198	178	32
0.49/0.59	0.593911	177	35
0.49/0.59	0.59486	176	39
0.49/0.59	0.595873	175	44
0.49/0.59	0.596972	174	49
0.49/0.60	0.597603	173	52
0.59/0.60	0.599423	172	61
0.59/0.60	0.60081	171	68
0.59/0.60	0.605126	170	91
0.59/0.60	0.605745	169	94
0.59/0.61	0.607452	168	103
0.59/0.61	0.608877	167	109
0.59/0.61	0.609949	166	113
0.59/0.61	0.611696	165	121
0.59/0.61	0.61297	164	126
0.59/0.61	0.614944	163	134
0.59/0.61	0.615992	162	138
0.59/0.62	0.617701	161	145
0.59/0.62	0.618865	160	149
0.59/0.62	0.620556	159	156
0.59/0.62	0.621369	158	159
0.59/0.62	0.623113	157	166
0.59/0.62	0.626155	156	180
0.59/0.63	0.62968	155	196
0.59/0.63	0.634121	154	217
0.59/0.64	0.646723	153	275
0.59/0.65	0.656525	152	317
0.59/0.66	0.66363	151	352
0.59/0.66	0.664988	150	357
0.59/0.68	0.682681	149	443
0.59/0.68	0.684862	148	452
0.59/0.69	0.69122	147	482
0.59/0.69	0.692816	146	489
0.69/0.72	0.719223	145	615
0.69/0.72	0.723473	144	633
0.69/0.72	0.726423	143	646
0.79/0.81	0.808931	142	1050
0.79/0.81	0.813945	141	1074
0.79/0.89	0.888124	140	1438
0.89/0.94	0.942754	139	1698
0.99/1.05	1.04906	138	2223
0.99/1.06	1.06015	137	2277
0.99/1.07	1.07176	136	2335
1.30/1.32	1.31803	135	3487
1.59/1.66	1.6642	134	5096
2.09/2.14	2.13789	133	7362
2.09/2.15	2.15374	132	7438
3.40/3.50	3.49887	131	13807
3.40/3.73	3.73482	130	14937
4.19/4.22	4.22179	129	17255
70.71/71.07	71.0721	128	284965
195.28/195.38	195.374	127	761347
