0.48/0.59	0.590872	192	0
0.48/0.59	0.591293	191	1
0.48/0.59	0.591816	190	3
0.48/0.59	0.592126	189	4
0.48/0.59	0.592445	188	5
0.48/0.59	0.592754	187	6
0.48/0.59	0.593202	185	7
0.48/0.59	0.59359	184	8
0.48/0.59	0.593948	183	9
0.48/0.59	0.59437	182	10
0.48/0.59	0.594717	181	11
0.48/0.59	0.595381	180	14
0.48/0.59	0.595915	179	16
0.48/0.59	0.596262	178	17
0.48/0.59	0.597422	177	22
0.48/0.60	0.59864	176	26
0.48/0.60	0.599446	175	29
0.48/0.60	0.599949	174	31
0.48/0.60	0.60091	173	35
0.59/0.60	0.602499	172	42
0.59/0.60	0.604266	171	50
0.59/0.60	0.604649	170	51
0.59/0.60	0.605653	169	55
0.59/0.60	0.60617	168	57
0.59/0.61	0.608726	167	69
0.59/0.61	0.609053	166	70
0.59/0.61	0.613651	165	93
0.59/0.61	0.614958	164	99
0.59/0.61	0.616355	163	105
0.59/0.62	0.61839	162	115
0.59/0.62	0.620893	161	125
0.59/0.62	0.622485	160	131
0.59/0.62	0.624238	159	138
0.59/0.62	0.625149	158	141
0.59/0.63	0.627929	157	153
0.59/0.63	0.630183	156	162
0.59/0.63	0.632405	155	171
0.59/0.63	0.634477	154	180
0.59/0.64	0.63861	153	198
0.59/0.65	0.655589	152	275
0.59/0.66	0.661731	151	303
0.59/0.69	0.689749	150	433
0.59/0.69	0.692008	149	442
0.59/0.69	0.693084	148	446
0.69/0.70	0.701236	147	483
0.69/0.71	0.71322	146	539
0.69/0.73	0.735869	145	643
0.89/0.96	0.962269	144	1715
0.89/0.96	0.966571	143	1734
0.89/0.97	0.968852	142	1744
0.99/1.01	1.00801	141	1926
0.99/1.01	1.01553	140	1960
0.99/1.02	1.0194	139	1978
1.09/1.14	1.14336	138	2568
1.09/1.14	1.14508	137	2575
1.09/1.15	1.15706	136	2630
1.89/1.93	1.92895	135	6071
1.99/2.03	2.03382	134	6573
1.99/2.03	2.03625	133	6583
2.09/2.17	2.17268	132	7263
5.30/5.53	5.53522	131	22522
8.99/9.04	9.04728	130	38219
14.50/14.53	14.5309	129	63073
69.39/69.53	69.5323	128	291622
377.98/378.09	378.081	127	1490408
