0.48/0.50	0.507552	188	0
0.48/0.50	0.507988	187	1
0.48/0.51	0.508343	186	2
0.48/0.51	0.508689	185	3
0.48/0.51	0.508996	184	4
0.48/0.51	0.509281	183	5
0.48/0.51	0.509741	182	7
0.48/0.51	0.510442	180	9
0.48/0.51	0.510761	179	10
0.48/0.51	0.511136	178	11
0.48/0.51	0.511523	177	12
0.48/0.51	0.512289	176	15
0.48/0.51	0.512826	175	17
0.48/0.51	0.513334	174	19
0.48/0.51	0.514418	173	24
0.48/0.51	0.515649	172	29
0.48/0.51	0.516535	171	32
0.48/0.52	0.519655	170	47
0.48/0.52	0.520483	169	50
0.48/0.52	0.522199	168	58
0.48/0.52	0.522944	167	61
0.48/0.52	0.524192	166	66
0.48/0.52	0.525726	165	73
0.48/0.52	0.526574	164	76
0.48/0.53	0.528808	163	86
0.48/0.53	0.530183	162	92
0.48/0.53	0.531914	161	100
0.48/0.53	0.534489	160	111
0.48/0.53	0.537036	159	122
0.48/0.53	0.537792	158	125
0.48/0.54	0.539634	157	133
0.48/0.54	0.542648	156	147
0.48/0.54	0.544873	155	157
0.48/0.55	0.549267	154	177
0.48/0.56	0.558952	153	224
0.48/0.57	0.569898	152	279
0.48/0.58	0.579044	151	323
0.48/0.58	0.584488	150	348
0.48/0.58	0.586668	149	358
0.48/0.59	0.592487	148	386
0.58/0.60	0.603787	147	438
0.58/0.64	0.639814	146	615
0.58/0.64	0.647775	145	656
0.58/0.65	0.656723	144	699
0.58/0.68	0.683987	143	833
0.58/0.69	0.689959	142	861
0.78/0.80	0.806682	141	1427
0.78/0.81	0.817692	140	1481
0.78/0.84	0.84267	139	1595
0.89/0.93	0.931521	138	2019
0.89/0.96	0.961875	137	2159
1.11/1.28	1.27886	136	3691
1.39/1.47	1.47636	135	4623
1.49/1.51	1.51598	134	4818
1.79/1.81	1.81687	133	6246
1.89/1.92	1.91947	132	6722
2.51/2.57	2.57355	131	9818
4.79/4.92	4.91821	130	20720
4.79/5.06	5.06776	129	21425
5.08/5.27	5.27039	128	22373
5.88/5.92	5.91804	127	25350
246.18/246.24	246.23	126	886161
