0.49/0.52	0.518865	197	0
0.49/0.52	0.51932	196	1
0.49/0.52	0.519653	195	2
0.49/0.52	0.520003	194	3
0.49/0.52	0.520775	192	6
0.49/0.52	0.521106	191	7
0.49/0.52	0.521457	190	8
0.49/0.52	0.521804	189	9
0.49/0.52	0.522181	188	10
0.49/0.52	0.522511	187	11
0.49/0.52	0.522804	186	12
0.49/0.52	0.523192	185	13
0.49/0.52	0.523535	184	14
0.49/0.52	0.523995	183	15
0.49/0.52	0.524334	182	16
0.49/0.52	0.524952	181	18
0.49/0.52	0.525385	180	19
0.49/0.52	0.525788	179	20
0.49/0.52	0.526527	178	23
0.49/0.52	0.527809	177	28
0.49/0.53	0.528388	176	30
0.49/0.53	0.52896	175	32
0.49/0.53	0.530183	174	37
0.49/0.53	0.531204	173	41
0.49/0.53	0.532039	172	44
0.49/0.53	0.532986	171	47
0.49/0.53	0.535917	170	60
0.49/0.53	0.536697	169	63
0.49/0.53	0.537513	168	66
0.49/0.53	0.537871	167	67
0.49/0.54	0.539858	166	75
0.49/0.54	0.54194	165	85
0.49/0.54	0.542873	164	89
0.49/0.55	0.552521	163	135
0.49/0.55	0.553342	162	138
0.49/0.55	0.554897	161	144
0.49/0.56	0.56044	160	170
0.49/0.56	0.562266	159	177
0.49/0.56	0.56328	158	181
0.49/0.56	0.567983	157	202
0.49/0.57	0.575314	156	236
0.49/0.57	0.576316	155	240
0.49/0.59	0.592697	154	314
0.49/0.59	0.594495	153	322
0.49/0.59	0.59727	152	334
0.59/0.60	0.599341	151	343
0.59/0.61	0.613254	150	410
0.59/0.62	0.622234	149	453
0.59/0.62	0.625343	148	467
0.59/0.64	0.644201	147	560
0.59/0.68	0.681424	146	736
0.69/0.74	0.740646	145	1011
0.69/0.75	0.756972	144	1089
0.69/0.76	0.767087	143	1136
0.69/0.77	0.770224	142	1150
0.69/0.78	0.781589	141	1203
0.69/0.79	0.7902	140	1244
0.79/0.81	0.808904	139	1330
0.89/0.91	0.917091	138	1842
1.20/1.21	1.20862	137	3207
1.20/1.23	1.22831	136	3301
1.29/1.32	1.31996	135	3737
1.29/1.38	1.37851	134	4006
1.29/1.45	1.45534	133	4359
1.29/1.58	1.58482	132	4982
1.29/1.61	1.6137	131	5118
17.09/17.16	17.1582	130	71461
19.79/19.88	19.8832	129	82811
94.58/94.69	94.6861	128	380475
96.08/96.38	96.3751	127	388060
126.79/126.89	126.887	126	510095
