3.56/3.79	3.78836	2033	0
3.56/3.79	3.79014	2032	10
3.56/3.79	3.79057	2031	12
3.56/3.79	3.7932	2029	26
3.56/3.79	3.79411	2028	30
3.56/3.79	3.79489	2027	33
3.56/3.79	3.79605	2025	39
3.56/3.79	3.79635	2024	40
3.56/3.80	3.79743	2023	44
3.56/3.80	3.7981	2022	47
3.56/3.80	3.79894	2021	53
3.56/3.80	3.7996	2020	55
3.56/3.80	3.80025	2019	58
3.56/3.80	3.80059	2018	59
3.56/3.80	3.80096	2017	61
3.56/3.80	3.80161	2016	65
3.56/3.80	3.8026	2014	70
3.56/3.80	3.8034	2013	73
3.56/3.80	3.80396	2012	75
3.56/3.80	3.80424	2011	76
3.56/3.80	3.80475	2010	78
3.56/3.80	3.80518	2009	80
3.56/3.80	3.80699	2008	88
3.56/3.81	3.80869	2007	96
3.56/3.81	3.80899	2006	97
3.56/3.81	3.80926	2005	98
3.56/3.81	3.80975	2004	100
3.56/3.81	3.81072	2003	104
3.56/3.81	3.81109	2002	105
3.56/3.81	3.81172	2001	108
3.56/3.81	3.81369	1998	115
3.56/3.81	3.81525	1997	121
3.56/3.82	3.81736	1996	131
3.56/3.82	3.81843	1995	135
3.56/3.82	3.82013	1994	142
3.56/3.82	3.82216	1993	148
3.56/3.82	3.82276	1992	150
3.56/3.82	3.82507	1991	165
3.56/3.82	3.82559	1990	167
3.56/3.82	3.82647	1989	174
3.56/3.83	3.82918	1988	185
3.56/3.83	3.82945	1987	186
3.56/3.83	3.83039	1986	189
3.56/3.83	3.83158	1985	193
3.56/3.83	3.83289	1984	197
3.56/3.83	3.83429	1983	208
3.56/3.83	3.83521	1982	213
3.56/3.83	3.83638	1981	222
3.56/3.83	3.83682	1980	224
3.56/3.84	3.83712	1979	225
3.56/3.84	3.83882	1978	234
3.56/3.84	3.84011	1977	239
3.56/3.84	3.84066	1976	242
3.56/3.84	3.84143	1975	246
3.56/3.84	3.84187	1974	248
3.56/3.84	3.84257	1973	252
3.56/3.84	3.84417	1972	260
3.56/3.84	3.84653	1971	270
3.56/3.85	3.84863	1970	283
3.56/3.85	3.85011	1969	291
3.56/3.85	3.85163	1967	300
3.56/3.85	3.85397	1966	308
3.56/3.85	3.85424	1965	309
3.56/3.85	3.85563	1964	315
3.56/3.85	3.85642	1963	321
3.56/3.86	3.85743	1962	325
3.56/3.86	3.85796	1961	328
3.56/3.86	3.86063	1960	344
3.56/3.86	3.86412	1959	359
3.56/3.87	3.86717	1958	377
3.56/3.87	3.869	1957	386
3.56/3.87	3.86966	1956	389
3.56/3.87	3.87024	1955	393
3.56/3.87	3.87078	1954	395
3.56/3.87	3.87661	1953	422
3.56/3.88	3.87764	1952	426
3.56/3.88	3.8781	1951	429
3.56/3.88	3.87902	1950	434
3.56/3.88	3.87999	1949	439
3.56/3.88	3.88198	1948	454
3.56/3.88	3.88271	1947	458
3.56/3.88	3.88338	1946	461
3.56/3.88	3.88391	1945	463
3.56/3.89	3.89042	1944	502
3.56/3.89	3.89281	1943	519
3.56/3.89	3.89423	1942	526
3.56/3.89	3.8952	1941	532
3.56/3.89	3.89672	1939	538
3.56/3.90	3.89826	1938	549
3.56/3.90	3.90189	1937	571
3.56/3.90	3.90447	1936	592
3.56/3.90	3.90547	1935	599
3.56/3.90	3.90656	1934	605
3.56/3.91	3.90784	1933	611
3.56/3.91	3.90933	1932	620
3.56/3.91	3.90985	1931	623
3.56/3.91	3.91115	1929	627
3.56/3.91	3.91179	1928	629
3.56/3.91	3.91212	1927	630
3.56/3.91	3.91249	1926	632
3.56/3.91	3.91403	1925	640
3.56/3.91	3.91593	1924	651
3.56/3.92	3.91785	1923	660
3.56/3.92	3.92039	1922	680
3.56/3.92	3.92065	1921	681
3.56/3.92	3.92282	1920	688
3.56/3.92	3.92363	1919	693
3.56/3.92	3.92479	1918	700
3.56/3.92	3.92673	1917	715
3.56/3.93	3.92777	1916	722
3.56/3.93	3.93026	1915	735
3.56/3.93	3.9306	1914	737
3.56/3.93	3.93355	1913	759
3.56/3.93	3.93519	1912	771
3.93/3.94	3.93865	1911	787
3.93/3.94	3.94354	1910	818
3.93/3.94	3.94408	1909	821
3.93/3.94	3.94481	1908	824
3.93/3.94	3.94542	1907	827
3.93/3.94	3.94634	1906	835
3.93/3.95	3.94789	1905	843
3.93/3.95	3.94925	1904	851
3.93/3.95	3.95167	1903	857
3.93/3.95	3.95262	1902	863
3.93/3.95	3.95407	1901	870
3.93/3.95	3.95547	1900	874
3.93/3.95	3.95697	1899	880
3.93/3.96	3.96106	1898	902
3.93/3.96	3.96198	1897	908
3.93/3.96	3.96244	1896	910
3.93/3.96	3.96303	1895	913
3.93/3.96	3.9642	1894	920
3.93/3.97	3.9673	1893	940
3.93/3.97	3.96788	1892	943
3.93/3.97	3.9699	1891	956
3.93/3.97	3.97105	1890	963
3.93/3.97	3.97205	1889	968
3.93/3.97	3.97382	1888	978
3.93/3.97	3.97475	1887	982
3.93/3.97	3.97582	1886	989
3.93/3.97	3.9767	1885	993
3.93/3.98	3.97907	1884	1001
3.93/3.98	3.98079	1883	1010
3.93/3.98	3.98162	1882	1016
3.93/3.98	3.98501	1881	1041
3.93/3.99	3.98936	1880	1074
3.93/3.99	3.99005	1879	1077
3.93/3.99	3.99039	1878	1079
3.93/3.99	3.99461	1877	1108
3.93/4.00	3.99785	1876	1130
3.93/4.01	4.01016	1875	1194
3.93/4.02	4.02025	1874	1246
3.93/4.02	4.02202	1873	1257
3.93/4.02	4.0244	1872	1271
3.93/4.02	4.02608	1871	1282
3.93/4.03	4.02767	1870	1289
3.93/4.03	4.02971	1869	1296
3.93/4.03	4.03233	1868	1314
3.93/4.03	4.0338	1867	1325
4.03/4.04	4.04419	1866	1394
4.03/4.04	4.04521	1865	1399
4.03/4.05	4.05292	1864	1450
4.03/4.06	4.05913	1863	1502
4.03/4.06	4.06248	1862	1524
4.03/4.06	4.06308	1861	1527
4.03/4.06	4.06455	1860	1533
4.03/4.06	4.06602	1859	1540
4.03/4.08	4.07954	1858	1626
4.03/4.08	4.08064	1857	1631
4.03/4.08	4.08109	1856	1633
4.03/4.08	4.0832	1855	1639
4.03/4.08	4.08484	1854	1648
4.03/4.08	4.08589	1853	1652
4.03/4.09	4.09034	1852	1687
4.03/4.10	4.09712	1851	1736
4.09/4.11	4.10864	1850	1828
4.09/4.11	4.10916	1849	1830
4.09/4.11	4.11081	1848	1837
4.09/4.11	4.11176	1847	1841
4.09/4.11	4.11433	1846	1856
4.09/4.12	4.12087	1845	1903
4.09/4.12	4.12533	1844	1929
4.09/4.12	4.12661	1843	1936
4.09/4.13	4.1273	1842	1938
4.09/4.13	4.12908	1841	1948
4.09/4.13	4.13153	1840	1956
4.09/4.13	4.13392	1839	1969
4.09/4.14	4.139	1838	2014
4.09/4.14	4.14199	1837	2034
4.09/4.14	4.14579	1836	2056
4.09/4.15	4.15044	1835	2089
4.09/4.15	4.15233	1834	2095
4.09/4.17	4.17219	1833	2206
4.09/4.17	4.17289	1832	2210
4.09/4.17	4.17619	1831	2232
4.09/4.18	4.18094	1830	2270
4.09/4.18	4.18168	1829	2273
4.09/4.19	4.18793	1828	2315
4.19/4.20	4.20022	1827	2403
4.19/4.21	4.21032	1826	2488
4.19/4.21	4.21321	1825	2511
4.19/4.22	4.22318	1824	2594
4.19/4.24	4.23725	1823	2707
4.19/4.24	4.23928	1822	2723
4.19/4.24	4.24127	1821	2738
4.19/4.25	4.24954	1820	2799
4.19/4.25	4.25621	1819	2848
4.19/4.26	4.25702	1818	2852
4.19/4.26	4.26384	1817	2900
4.19/4.26	4.26551	1816	2911
4.19/4.28	4.28021	1815	3008
4.19/4.28	4.28091	1814	3012
4.19/4.28	4.28185	1813	3019
4.29/4.30	4.30301	1812	3162
4.29/4.31	4.3146	1811	3253
4.29/4.32	4.31846	1810	3277
4.29/4.33	4.3276	1809	3349
4.29/4.34	4.34517	1808	3477
4.29/4.35	4.34824	1807	3496
4.29/4.35	4.34976	1806	3502
4.29/4.37	4.36742	1805	3633
4.29/4.37	4.36891	1804	3638
4.29/4.38	4.38089	1803	3728
4.29/4.38	4.38293	1802	3737
4.29/4.38	4.38454	1801	3743
4.39/4.40	4.40674	1800	3915
4.39/4.41	4.40965	1799	3923
4.39/4.42	4.41828	1798	3983
4.39/4.43	4.43224	1797	4070
4.39/4.46	4.46583	1796	4336
4.39/4.47	4.46786	1795	4344
4.49/4.57	4.56708	1794	5063
4.49/4.59	4.59302	1793	5231
4.59/4.60	4.59793	1792	5268
4.59/4.62	4.62407	1791	5431
4.59/4.66	4.66569	1790	5775
4.69/4.72	4.7191	1789	6226
4.69/4.74	4.74163	1788	6409
4.69/4.75	4.75621	1787	6523
4.69/4.77	4.77188	1786	6655
4.79/4.81	4.811	1785	6953
4.79/4.88	4.88058	1784	7520
4.89/4.93	4.92991	1783	7930
4.89/4.96	4.96552	1782	8234
4.89/5.12	5.12412	1781	9357
4.89/5.12	5.1265	1780	9372
4.89/5.15	5.15462	1779	9546
4.89/5.21	5.20979	1778	9989
4.89/5.28	5.28493	1777	10493
5.29/5.34	5.34492	1776	10920
5.43/5.44	5.44291	1775	11607
5.43/5.45	5.45288	1774	11684
5.43/5.48	5.47908	1773	11899
5.49/5.52	5.52024	1772	12228
5.49/5.53	5.53358	1771	12330
5.59/5.60	5.60095	1770	12826
5.59/5.64	5.64261	1769	13134
5.79/5.83	5.83085	1768	14350
5.79/5.89	5.89008	1767	14814
5.79/5.89	5.89215	1766	14821
5.89/5.95	5.95456	1765	15310
6.09/6.12	6.12218	1764	16637
6.29/6.53	6.53581	1763	19457
6.29/6.58	6.5788	1762	19793
6.99/7.02	7.02645	1761	22716
7.29/7.30	7.29914	1760	24348
7.39/7.44	7.44022	1759	25195
7.39/7.46	7.46305	1758	25366
7.49/7.50	7.50251	1757	25664
7.59/7.62	7.62059	1756	26571
7.59/7.62	7.62387	1755	26596
7.59/7.63	7.63294	1754	26668
7.59/7.64	7.64488	1753	26756
7.79/7.85	7.85565	1752	28203
8.49/8.59	8.59462	1751	32481
8.59/8.62	8.61838	1750	32670
8.59/8.63	8.63591	1749	32784
8.89/8.90	8.89819	1748	34739
8.99/9.05	9.05425	1747	35994
9.19/9.27	9.27557	1746	37794
9.29/9.59	9.5883	1745	39652
9.29/9.62	9.62529	1744	39938
9.85/9.90	9.89736	1743	41970
10.48/10.57	10.5725	1742	45599
10.78/10.87	10.8741	1741	47778
10.78/10.87	10.8759	1740	47784
10.78/10.99	10.9931	1739	48507
10.78/10.99	10.9953	1738	48515
11.69/11.70	11.6982	1737	52297
11.69/11.76	11.7588	1736	52766
12.29/12.31	12.3116	1735	56576
12.29/12.60	12.598	1734	58753
13.59/13.68	13.6818	1733	65942
13.79/13.80	13.8054	1732	66887
14.55/14.58	14.5817	1731	71597
14.59/14.65	14.6503	1730	72146
14.69/14.78	14.777	1729	72999
14.79/14.80	14.8011	1728	73180
21.29/21.54	21.5417	1727	103692
21.29/21.69	21.6927	1726	104613
23.59/23.64	23.6409	1725	116932
24.09/24.19	24.1874	1724	120324
24.19/24.47	24.4762	1723	122421
24.19/24.50	24.5006	1722	122564
28.09/28.13	28.1316	1721	142610
33.89/33.90	33.8978	1720	168551
34.59/34.93	34.9328	1719	174902
34.59/34.94	34.937	1718	174923
62.89/62.91	62.9143	1717	278607
63.55/63.66	63.6626	1716	282840
76.19/76.22	76.2159	1715	346909
161.83/161.87	161.868	1714	633243
161.87/161.88	161.879	1713	633315
168.09/168.11	168.104	1712	664577
169.39/169.47	169.471	1711	673345
349.27/349.72	349.706	1710	1275575
354.77/354.83	354.821	1709	1305193
387.37/387.45	387.439	1708	1441736
