3.49/3.68	3.68088	2039	0
3.49/3.68	3.6827	2038	6
3.49/3.68	3.683	2037	7
3.49/3.68	3.68363	2036	10
3.49/3.68	3.68585	2034	17
3.49/3.69	3.68738	2033	22
3.49/3.69	3.68838	2031	28
3.49/3.69	3.68959	2029	32
3.49/3.69	3.69207	2028	40
3.49/3.69	3.69352	2027	45
3.49/3.69	3.69481	2026	51
3.49/3.69	3.69546	2025	55
3.49/3.69	3.69595	2024	57
3.49/3.69	3.69664	2023	61
3.49/3.70	3.69706	2022	63
3.49/3.70	3.69774	2021	66
3.49/3.70	3.69879	2020	70
3.49/3.70	3.69948	2019	73
3.49/3.70	3.70016	2018	78
3.49/3.70	3.7021	2017	91
3.49/3.70	3.703	2016	94
3.49/3.70	3.70334	2015	96
3.49/3.70	3.7044	2014	99
3.49/3.70	3.70534	2013	103
3.49/3.70	3.70587	2012	106
3.49/3.70	3.7067	2011	109
3.49/3.71	3.70709	2010	111
3.49/3.71	3.70786	2009	115
3.49/3.71	3.70873	2008	120
3.49/3.71	3.7102	2007	128
3.49/3.71	3.71084	2006	131
3.49/3.71	3.7113	2005	134
3.49/3.71	3.71335	2004	140
3.49/3.71	3.7142	2003	143
3.49/3.71	3.71472	2002	145
3.49/3.71	3.71532	2001	148
3.49/3.71	3.71589	2000	151
3.49/3.71	3.71663	1999	155
3.49/3.72	3.71835	1998	160
3.49/3.72	3.71957	1997	166
3.49/3.72	3.72061	1996	168
3.49/3.72	3.72133	1995	172
3.49/3.72	3.72223	1994	176
3.49/3.72	3.72367	1993	180
3.49/3.72	3.72464	1992	184
3.49/3.72	3.7263	1991	192
3.49/3.73	3.72733	1990	196
3.49/3.73	3.72945	1989	212
3.49/3.73	3.73094	1988	223
3.49/3.73	3.73287	1987	234
3.49/3.73	3.73428	1986	243
3.49/3.73	3.73536	1985	249
3.49/3.73	3.73592	1984	252
3.49/3.73	3.73681	1983	256
3.49/3.74	3.73838	1981	262
3.49/3.74	3.73881	1980	265
3.49/3.74	3.73943	1979	268
3.49/3.74	3.74053	1978	272
3.49/3.74	3.74211	1977	280
3.49/3.74	3.74328	1976	285
3.49/3.74	3.74437	1975	291
3.49/3.74	3.74515	1974	294
3.49/3.74	3.74593	1973	300
3.49/3.75	3.74761	1972	310
3.49/3.75	3.74799	1971	312
3.49/3.75	3.74858	1970	315
3.49/3.75	3.74921	1969	319
3.49/3.75	3.75101	1968	326
3.49/3.75	3.75205	1967	330
3.49/3.75	3.75358	1966	339
3.49/3.75	3.75427	1965	343
3.49/3.75	3.75514	1964	346
3.49/3.75	3.75558	1963	348
3.49/3.75	3.75629	1962	351
3.49/3.75	3.75668	1961	353
3.49/3.76	3.75935	1960	368
3.49/3.76	3.7611	1959	375
3.49/3.76	3.76215	1958	378
3.49/3.76	3.76288	1957	382
3.49/3.76	3.76472	1956	390
3.49/3.76	3.76604	1954	396
3.49/3.76	3.76687	1953	399
3.49/3.77	3.76891	1951	409
3.49/3.77	3.76934	1950	411
3.49/3.77	3.77069	1949	418
3.49/3.77	3.77176	1948	423
3.49/3.77	3.77298	1947	429
3.49/3.77	3.7739	1946	433
3.49/3.77	3.77535	1945	441
3.49/3.77	3.77598	1944	443
3.49/3.78	3.77719	1943	451
3.49/3.78	3.77773	1942	453
3.49/3.78	3.77958	1941	460
3.49/3.78	3.78129	1940	465
3.49/3.78	3.78319	1939	478
3.49/3.78	3.78399	1938	484
3.49/3.78	3.78515	1937	489
3.49/3.79	3.78708	1936	497
3.49/3.79	3.78831	1935	504
3.49/3.79	3.79058	1934	510
3.49/3.79	3.79256	1933	515
3.49/3.79	3.79296	1932	517
3.49/3.79	3.79414	1931	525
3.49/3.80	3.79734	1930	548
3.49/3.80	3.79878	1929	554
3.49/3.80	3.80062	1928	568
3.49/3.80	3.80254	1927	578
3.49/3.80	3.8057	1926	598
3.49/3.81	3.80716	1925	608
3.49/3.81	3.80815	1924	613
3.49/3.81	3.80912	1923	618
3.49/3.81	3.81045	1922	625
3.49/3.81	3.81167	1921	629
3.49/3.81	3.81303	1920	640
3.49/3.81	3.81367	1919	643
3.49/3.81	3.81422	1918	646
3.49/3.81	3.81496	1917	649
3.49/3.81	3.81622	1916	655
3.49/3.82	3.81844	1915	667
3.49/3.82	3.82018	1914	679
3.49/3.82	3.82067	1913	682
3.49/3.82	3.82455	1912	704
3.49/3.82	3.82694	1911	719
3.49/3.83	3.82889	1910	730
3.49/3.83	3.83075	1909	744
3.49/3.83	3.83172	1908	748
3.49/3.83	3.83224	1907	751
3.49/3.83	3.83458	1906	764
3.49/3.83	3.83634	1905	770
3.49/3.84	3.83734	1904	774
3.49/3.84	3.83761	1903	775
3.49/3.84	3.83857	1902	781
3.49/3.84	3.84032	1901	789
3.49/3.84	3.84094	1900	792
3.49/3.84	3.84469	1899	817
3.49/3.84	3.84598	1898	823
3.49/3.84	3.8467	1897	826
3.49/3.85	3.84755	1896	830
3.49/3.85	3.85181	1895	840
3.49/3.85	3.85242	1894	843
3.49/3.85	3.85335	1893	847
3.49/3.85	3.8559	1892	860
3.49/3.86	3.8594	1891	884
3.49/3.86	3.86266	1890	895
3.49/3.86	3.86387	1889	900
3.49/3.86	3.86574	1888	911
3.49/3.87	3.8686	1887	928
3.49/3.87	3.87139	1886	943
3.49/3.88	3.87767	1885	996
3.49/3.88	3.88008	1884	1009
3.49/3.88	3.8817	1883	1018
3.49/3.88	3.88282	1882	1025
3.49/3.88	3.88401	1881	1034
3.49/3.88	3.88629	1880	1051
3.88/3.89	3.88949	1879	1060
3.88/3.89	3.89065	1878	1067
3.88/3.89	3.89139	1877	1072
3.88/3.89	3.89266	1876	1080
3.88/3.90	3.90247	1875	1158
3.88/3.90	3.90663	1874	1192
3.88/3.91	3.90835	1873	1205
3.88/3.91	3.91226	1872	1231
3.88/3.91	3.91561	1871	1256
3.88/3.92	3.92132	1870	1298
3.88/3.93	3.92762	1869	1350
3.88/3.93	3.93184	1868	1368
3.88/3.93	3.93275	1867	1373
3.88/3.93	3.9347	1866	1384
3.88/3.94	3.94393	1865	1445
3.88/3.94	3.94617	1864	1462
3.88/3.95	3.95252	1863	1501
3.88/3.95	3.95304	1862	1504
3.88/3.95	3.95463	1861	1512
3.88/3.95	3.95647	1860	1521
3.88/3.96	3.95923	1859	1535
3.88/3.96	3.96408	1858	1553
3.88/3.96	3.96448	1857	1555
3.88/3.96	3.965	1856	1558
3.88/3.97	3.96773	1855	1571
3.88/3.97	3.97071	1854	1589
3.88/3.97	3.97269	1853	1597
3.88/3.97	3.97391	1852	1602
3.88/3.97	3.97462	1851	1607
3.96/3.98	3.98281	1850	1671
3.96/3.98	3.9847	1849	1683
3.96/3.98	3.98585	1848	1687
3.96/3.99	3.99444	1847	1758
3.96/3.99	3.99497	1846	1762
3.96/4.00	3.99821	1845	1784
3.96/4.00	4.00023	1844	1796
3.99/4.00	4.00679	1843	1840
3.99/4.01	4.00737	1842	1843
3.99/4.01	4.01411	1841	1868
3.99/4.01	4.01665	1840	1881
3.99/4.02	4.01825	1839	1889
3.99/4.02	4.02009	1838	1895
3.99/4.03	4.03325	1837	1994
3.99/4.04	4.04507	1836	2087
3.99/4.05	4.04856	1835	2110
3.99/4.05	4.05179	1834	2130
3.99/4.07	4.07563	1833	2310
3.99/4.08	4.0858	1832	2387
3.99/4.09	4.09563	1831	2475
3.99/4.10	4.09784	1830	2486
3.99/4.10	4.10007	1829	2500
3.99/4.10	4.10416	1828	2528
4.10/4.11	4.11069	1827	2582
4.10/4.12	4.1172	1826	2633
4.10/4.12	4.1185	1825	2638
4.10/4.12	4.11914	1824	2642
4.10/4.12	4.12252	1823	2661
4.10/4.13	4.13025	1822	2721
4.10/4.14	4.13933	1821	2781
4.10/4.15	4.15665	1820	2924
4.10/4.18	4.18096	1819	3104
4.10/4.19	4.19055	1818	3181
4.10/4.19	4.19468	1817	3213
4.10/4.19	4.19528	1816	3216
4.19/4.20	4.19761	1815	3223
4.19/4.20	4.19984	1814	3237
4.19/4.20	4.20684	1813	3290
4.19/4.22	4.2268	1812	3451
4.19/4.23	4.23282	1811	3496
4.19/4.24	4.24203	1810	3568
4.19/4.24	4.24534	1809	3594
4.19/4.26	4.26033	1808	3706
4.19/4.26	4.26358	1807	3726
4.19/4.27	4.2692	1806	3771
4.19/4.29	4.28725	1805	3911
4.29/4.30	4.29882	1804	3992
4.29/4.30	4.30346	1803	4021
4.29/4.31	4.31314	1802	4100
4.29/4.38	4.38098	1801	4622
4.29/4.38	4.3839	1800	4642
4.39/4.41	4.40778	1799	4836
4.39/4.45	4.44896	1798	5107
4.39/4.46	4.45756	1797	5182
4.39/4.47	4.47585	1796	5306
4.49/4.51	4.51577	1795	5620
4.49/4.53	4.53224	1794	5755
4.49/4.54	4.53702	1793	5795
4.49/4.59	4.59149	1792	6178
4.49/4.59	4.59319	1791	6188
4.49/4.59	4.59512	1790	6201
4.49/4.59	4.59631	1789	6208
4.59/4.62	4.62368	1788	6432
4.79/4.84	4.84562	1787	7643
4.79/4.85	4.84709	1786	7648
4.79/4.86	4.8656	1785	7796
4.79/4.94	4.93699	1784	8362
4.79/4.95	4.94847	1783	8443
4.79/5.06	5.06548	1782	9327
4.79/5.09	5.09169	1781	9538
5.21/5.25	5.25427	1780	10421
5.21/5.28	5.28196	1779	10642
5.49/5.51	5.51271	1778	12254
5.49/5.54	5.54525	1777	12521
5.49/5.55	5.55259	1776	12576
5.59/5.62	5.62047	1775	13101
5.59/5.67	5.67657	1774	13570
5.69/5.78	5.78248	1773	14295
5.69/5.78	5.78633	1772	14318
5.79/5.81	5.81042	1771	14459
5.79/5.82	5.81739	1770	14501
5.79/5.83	5.83585	1769	14651
5.79/5.85	5.85362	1768	14780
5.79/5.89	5.89065	1767	15075
6.09/6.11	6.11012	1766	16699
6.09/6.19	6.19043	1765	17343
6.19/6.24	6.24224	1764	17732
6.19/6.48	6.48536	1763	19030
6.58/6.63	6.62846	1762	19909
6.69/6.72	6.72149	1761	20668
6.69/6.73	6.73308	1760	20755
6.99/7.01	7.01416	1759	22598
7.39/7.49	7.49191	1758	25790
7.49/7.56	7.56241	1757	26354
7.49/7.65	7.6548	1756	27118
7.49/7.71	7.71089	1755	27540
7.89/7.91	7.91459	1754	29003
7.99/8.02	8.01713	1753	29692
8.09/8.15	8.15238	1752	30685
8.19/8.22	8.21834	1751	31212
8.19/8.24	8.23767	1750	31363
8.19/8.27	8.2742	1749	31661
9.11/9.19	9.1907	1748	37338
9.59/9.62	9.62372	1747	39832
10.49/10.55	10.5552	1746	46024
10.79/10.88	10.8809	1745	48059
10.99/11.04	11.0404	1744	49207
11.09/11.11	11.1068	1743	49763
12.09/12.17	12.1713	1742	57497
12.09/12.18	12.1861	1741	57614
12.38/12.58	12.5858	1740	60322
12.89/12.95	12.9562	1739	63018
13.19/13.23	13.2322	1738	65212
13.99/14.07	14.0698	1737	71126
14.59/14.65	14.655	1736	74891
14.69/14.74	14.7385	1735	75606
15.78/15.89	15.8878	1734	83467
18.79/18.81	18.812	1733	100639
18.89/18.91	18.9112	1732	101341
19.79/19.81	19.8165	1731	107303
19.89/19.96	19.9636	1730	108548
19.99/20.04	20.0431	1729	109223
21.09/21.19	21.1891	1728	116886
21.09/21.20	21.1966	1727	116945
29.09/29.14	29.1401	1726	167752
29.09/29.18	29.1795	1725	168074
30.69/30.73	30.7284	1724	177981
32.39/32.56	32.5605	1723	188688
35.99/36.04	36.0458	1722	210794
36.49/36.50	36.5034	1721	213682
36.59/36.64	36.6378	1720	214560
36.79/36.88	36.8789	1719	216382
54.99/55.02	55.0215	1718	296111
57.69/57.71	57.7152	1717	312925
57.69/57.76	57.7634	1716	313307
94.15/94.19	94.1874	1715	450113
94.59/94.61	94.6123	1714	453358
205.09/205.17	205.166	1713	817336
206.49/206.51	206.505	1712	824668
218.45/218.55	218.543	1711	875963
222.18/222.25	222.246	1710	897833
224.29/224.31	224.309	1709	910396
391.69/391.78	391.77	1708	1534637
391.88/391.98	391.978	1707	1536225
392.69/392.74	392.732	1706	1541410
