3.69/3.70	3.70181	2036	0
3.69/3.70	3.70346	2035	4
3.69/3.70	3.70387	2034	6
3.69/3.70	3.7046	2033	10
3.69/3.70	3.70533	2032	13
3.69/3.70	3.70595	2031	16
3.69/3.70	3.70621	2030	17
3.69/3.70	3.70661	2029	19
3.69/3.70	3.70726	2028	21
3.69/3.70	3.70782	2027	25
3.69/3.71	3.70924	2026	30
3.69/3.71	3.70995	2025	32
3.69/3.71	3.7105	2024	35
3.69/3.71	3.71138	2023	41
3.69/3.71	3.71235	2022	45
3.69/3.71	3.71483	2021	58
3.69/3.71	3.7159	2020	65
3.69/3.71	3.71622	2019	66
3.69/3.71	3.71751	2018	70
3.69/3.71	3.71808	2017	74
3.69/3.72	3.71867	2016	77
3.69/3.72	3.71931	2015	80
3.69/3.72	3.72079	2013	86
3.69/3.72	3.7214	2012	90
3.69/3.72	3.72267	2011	95
3.69/3.72	3.72376	2009	98
3.69/3.72	3.72442	2008	101
3.69/3.72	3.72569	2006	105
3.69/3.72	3.72659	2005	109
3.69/3.72	3.7277	2004	112
3.69/3.73	3.73121	2003	128
3.69/3.73	3.73162	2002	130
3.69/3.73	3.73208	2001	133
3.69/3.73	3.73278	2000	137
3.69/3.73	3.73328	1999	139
3.69/3.73	3.73392	1998	143
3.69/3.73	3.73474	1997	146
3.69/3.73	3.73668	1996	153
3.69/3.73	3.73718	1995	156
3.69/3.73	3.73777	1994	159
3.69/3.74	3.73927	1993	167
3.69/3.74	3.73975	1992	170
3.69/3.74	3.74057	1991	174
3.69/3.74	3.74093	1990	175
3.69/3.74	3.74188	1989	178
3.69/3.74	3.74305	1988	185
3.69/3.74	3.74519	1987	192
3.69/3.74	3.7455	1986	193
3.69/3.74	3.74643	1985	197
3.69/3.74	3.74765	1984	201
3.69/3.75	3.75039	1983	211
3.69/3.75	3.75096	1982	214
3.69/3.75	3.75196	1981	221
3.69/3.75	3.7527	1980	224
3.69/3.75	3.75474	1979	231
3.69/3.75	3.75557	1978	236
3.69/3.75	3.7568	1977	241
3.69/3.75	3.75709	1976	242
3.69/3.75	3.75825	1975	247
3.69/3.76	3.75903	1974	251
3.69/3.76	3.75964	1973	254
3.69/3.76	3.76007	1972	256
3.69/3.76	3.76058	1971	258
3.69/3.76	3.76128	1970	263
3.69/3.76	3.76203	1969	266
3.69/3.76	3.76274	1968	270
3.69/3.76	3.76405	1967	275
3.69/3.76	3.76674	1966	294
3.69/3.76	3.76744	1965	297
3.69/3.76	3.76812	1964	300
3.69/3.77	3.77029	1963	311
3.69/3.77	3.77158	1962	320
3.69/3.77	3.77305	1961	326
3.69/3.77	3.7738	1960	329
3.69/3.77	3.77546	1959	339
3.69/3.77	3.777	1958	349
3.69/3.77	3.77742	1957	351
3.69/3.77	3.77787	1956	354
3.69/3.77	3.77814	1955	355
3.69/3.78	3.77867	1954	357
3.69/3.78	3.77962	1953	361
3.69/3.78	3.78074	1952	367
3.69/3.78	3.78143	1951	370
3.69/3.78	3.78425	1950	392
3.69/3.78	3.78503	1949	396
3.69/3.78	3.7867	1948	406
3.69/3.78	3.78797	1947	413
3.69/3.79	3.78869	1946	416
3.69/3.79	3.78941	1945	420
3.69/3.79	3.79096	1944	430
3.69/3.79	3.79196	1943	435
3.69/3.79	3.79327	1942	441
3.69/3.79	3.79515	1941	455
3.69/3.79	3.79569	1940	458
3.69/3.79	3.79683	1939	463
3.69/3.79	3.79781	1938	469
3.79/3.80	3.80165	1937	487
3.79/3.80	3.8028	1936	492
3.79/3.80	3.80306	1935	493
3.79/3.80	3.80375	1934	496
3.79/3.80	3.80526	1933	504
3.79/3.80	3.80578	1932	507
3.79/3.80	3.80679	1931	514
3.79/3.80	3.80786	1930	520
3.79/3.80	3.80813	1929	521
3.79/3.81	3.80897	1928	526
3.79/3.81	3.81096	1927	535
3.79/3.81	3.81133	1926	537
3.79/3.81	3.81282	1925	543
3.79/3.81	3.81394	1924	547
3.79/3.81	3.81455	1923	550
3.79/3.81	3.81532	1922	554
3.79/3.81	3.81567	1921	556
3.79/3.81	3.81795	1919	570
3.79/3.82	3.81879	1918	574
3.79/3.82	3.82004	1917	581
3.79/3.82	3.82378	1916	604
3.79/3.82	3.82444	1915	608
3.79/3.82	3.82708	1914	624
3.79/3.83	3.82911	1913	634
3.79/3.83	3.82981	1912	637
3.79/3.83	3.83172	1911	647
3.79/3.83	3.83286	1910	654
3.79/3.83	3.83503	1909	668
3.79/3.83	3.83619	1908	673
3.79/3.83	3.8378	1907	686
3.79/3.83	3.83811	1906	687
3.79/3.84	3.83855	1905	690
3.79/3.84	3.84057	1904	697
3.79/3.84	3.8423	1903	703
3.79/3.84	3.84331	1902	711
3.79/3.84	3.84483	1901	721
3.79/3.84	3.84557	1900	726
3.79/3.84	3.84654	1899	732
3.79/3.84	3.84703	1898	734
3.79/3.85	3.85196	1897	765
3.79/3.85	3.85294	1896	772
3.79/3.85	3.85375	1895	776
3.79/3.85	3.85547	1894	787
3.79/3.85	3.85601	1893	789
3.79/3.86	3.862	1892	829
3.79/3.86	3.86273	1891	833
3.79/3.87	3.86894	1889	854
3.79/3.87	3.86968	1888	858
3.79/3.87	3.87048	1887	862
3.79/3.87	3.87495	1886	882
3.79/3.87	3.87645	1885	887
3.79/3.88	3.87827	1884	897
3.79/3.88	3.87909	1883	901
3.79/3.88	3.8821	1882	910
3.79/3.88	3.88681	1881	928
3.79/3.89	3.88859	1880	939
3.79/3.89	3.88985	1879	945
3.79/3.89	3.89143	1878	955
3.79/3.89	3.89258	1877	963
3.79/3.89	3.89423	1876	970
3.79/3.89	3.8949	1875	973
3.90/3.90	3.90138	1874	1007
3.90/3.90	3.90251	1873	1013
3.90/3.90	3.90535	1872	1025
3.90/3.90	3.90596	1871	1028
3.90/3.90	3.90792	1870	1044
3.90/3.91	3.90894	1869	1048
3.90/3.91	3.90966	1868	1053
3.90/3.91	3.90998	1867	1054
3.90/3.91	3.91026	1866	1055
3.90/3.91	3.91129	1865	1060
3.90/3.91	3.91263	1864	1065
3.90/3.91	3.91543	1863	1080
3.90/3.91	3.91823	1862	1099
3.90/3.92	3.92037	1860	1107
3.90/3.92	3.92179	1859	1117
3.90/3.92	3.92431	1858	1133
3.90/3.92	3.92793	1857	1156
3.90/3.93	3.92909	1856	1163
3.90/3.93	3.93272	1855	1195
3.90/3.93	3.93368	1854	1201
3.90/3.93	3.93511	1853	1210
3.90/3.94	3.94157	1852	1241
3.90/3.94	3.94333	1851	1253
3.90/3.94	3.94496	1850	1264
3.90/3.94	3.94752	1849	1281
3.90/3.95	3.95105	1848	1298
3.90/3.95	3.95311	1847	1310
3.90/3.95	3.95471	1846	1322
3.90/3.96	3.9594	1845	1352
3.90/3.96	3.96062	1844	1359
3.90/3.96	3.96285	1843	1378
3.90/3.96	3.96791	1842	1418
3.90/3.97	3.97358	1841	1451
3.90/3.97	3.9754	1840	1464
3.90/3.97	3.97661	1839	1472
3.90/3.97	3.97703	1838	1474
3.90/3.97	3.9778	1837	1478
3.90/3.98	3.97879	1836	1483
3.90/3.98	3.98512	1835	1532
3.90/3.99	3.98861	1834	1559
3.99/4.00	4.00242	1833	1641
3.99/4.00	4.00302	1832	1644
3.99/4.01	4.01184	1831	1690
3.99/4.01	4.01438	1830	1697
3.99/4.02	4.0196	1829	1726
3.99/4.02	4.0251	1828	1757
3.99/4.03	4.02935	1827	1785
3.99/4.03	4.03142	1826	1794
3.99/4.03	4.03524	1825	1821
3.99/4.03	4.03617	1824	1825
3.99/4.04	4.03915	1823	1845
3.99/4.04	4.04097	1822	1852
3.99/4.04	4.04725	1821	1894
3.99/4.05	4.04947	1820	1902
3.99/4.05	4.05496	1819	1943
3.99/4.06	4.06173	1818	1990
3.99/4.06	4.06304	1817	1998
3.99/4.06	4.06507	1816	2012
3.99/4.07	4.06948	1815	2044
3.99/4.09	4.09155	1814	2180
3.99/4.09	4.09294	1813	2189
3.99/4.10	4.10335	1812	2269
3.99/4.10	4.10449	1811	2274
3.99/4.11	4.10887	1810	2306
3.99/4.12	4.11999	1809	2404
3.99/4.12	4.12489	1808	2437
3.99/4.14	4.13976	1807	2556
3.99/4.14	4.14435	1806	2584
3.99/4.16	4.15983	1805	2707
3.99/4.19	4.19488	1804	2965
3.99/4.20	4.19936	1803	3001
3.99/4.25	4.25318	1802	3438
3.99/4.26	4.26099	1801	3502
3.99/4.26	4.26797	1800	3555
3.99/4.28	4.27962	1799	3649
3.99/4.29	4.29012	1798	3716
3.99/4.29	4.29769	1797	3769
3.99/4.30	4.30246	1796	3798
3.99/4.30	4.30617	1795	3823
3.99/4.33	4.33211	1794	4020
3.99/4.35	4.35565	1793	4214
3.99/4.38	4.37859	1792	4395
3.99/4.43	4.42943	1791	4780
3.99/4.43	4.43047	1790	4784
3.99/4.43	4.43599	1789	4831
4.45/4.48	4.47995	1788	5150
4.45/4.48	4.48375	1787	5179
4.55/4.57	4.56942	1786	5889
4.55/4.59	4.5953	1785	6105
4.59/4.61	4.61113	1784	6237
4.59/4.61	4.61424	1783	6254
4.59/4.63	4.63137	1782	6416
4.59/4.64	4.64616	1781	6533
4.59/4.69	4.69188	1780	6860
4.59/4.69	4.69598	1779	6881
4.78/4.89	4.89523	1778	8110
4.78/4.89	4.89616	1777	8115
4.88/4.99	4.99258	1776	8858
4.99/5.08	5.08365	1774	9509
5.19/5.20	5.20625	1773	10305
5.19/5.20	5.20721	1772	10309
5.29/5.39	5.39168	1771	11565
5.29/5.39	5.39334	1770	11574
5.39/5.43	5.43176	1769	11892
5.39/5.44	5.44372	1768	11974
5.39/5.45	5.44954	1767	12015
5.39/5.45	5.45592	1766	12070
5.39/5.54	5.54006	1765	12728
5.39/5.57	5.57016	1764	12979
5.39/5.75	5.75674	1763	14459
5.39/5.77	5.77702	1762	14652
5.87/5.90	5.89918	1761	15435
6.00/6.03	6.02944	1760	16413
6.19/6.21	6.21382	1759	17700
6.28/6.38	6.38755	1758	18855
6.38/6.47	6.47247	1757	19500
6.69/6.70	6.70084	1756	21007
6.69/6.73	6.73494	1755	21290
6.69/6.76	6.76295	1754	21510
6.79/6.80	6.80252	1753	21839
6.79/6.85	6.85631	1752	22245
6.79/6.87	6.87694	1751	22408
6.89/7.06	7.06729	1750	23363
6.89/7.14	7.1475	1749	23972
6.89/7.31	7.318	1748	25032
6.89/7.32	7.31992	1747	25044
7.47/7.48	7.47896	1746	26156
7.49/7.55	7.55455	1745	26806
7.89/7.97	7.97503	1744	29007
7.89/7.99	7.99771	1743	29184
8.19/8.26	8.25979	1742	31096
8.29/8.55	8.55243	1741	32898
8.29/8.72	8.7206	1740	34152
9.03/9.04	9.04735	1739	36135
9.03/9.04	9.04812	1738	36139
9.89/10.30	10.2987	1737	43089
10.38/10.48	10.4819	1736	44568
10.69/10.76	10.7642	1735	46394
10.89/10.97	10.9698	1734	47616
11.29/11.35	11.3516	1733	50490
12.48/12.50	12.4997	1732	56919
15.68/15.73	15.7288	1731	75093
16.79/16.84	16.8391	1730	82301
16.99/17.05	17.0509	1729	83841
17.89/17.95	17.9546	1728	89234
18.69/18.78	18.7832	1727	94776
21.58/21.86	21.8647	1726	112593
24.08/24.12	24.1212	1725	126535
24.48/24.50	24.5013	1724	128600
24.58/24.66	24.6662	1723	129570
30.48/30.61	30.6166	1722	159402
36.09/36.16	36.1599	1721	191601
36.39/36.83	36.8291	1720	196072
46.70/46.78	46.7793	1719	252060
46.70/47.00	47.0012	1718	253563
47.49/47.52	47.5207	1717	257056
47.59/47.60	47.599	1716	257628
94.59/94.67	94.674	1715	447043
122.88/122.91	122.907	1714	583944
124.09/124.18	124.175	1713	591080
124.79/125.10	125.102	1712	596959
126.93/126.97	126.971	1711	607447
162.30/162.41	162.407	1710	740148
164.19/164.22	164.214	1709	751284
180.98/181.10	181.102	1708	820402
