3.70/3.72	3.72343	2020	0
3.70/3.72	3.72443	2019	4
3.70/3.72	3.72506	2018	7
3.70/3.72	3.72608	2017	11
3.70/3.72	3.72658	2016	14
3.70/3.72	3.72741	2015	18
3.70/3.73	3.72818	2014	21
3.70/3.73	3.72873	2013	24
3.70/3.73	3.72977	2011	27
3.70/3.73	3.73113	2010	31
3.70/3.73	3.73157	2009	34
3.70/3.73	3.73184	2008	35
3.70/3.73	3.73282	2007	41
3.70/3.73	3.73407	2006	45
3.70/3.73	3.73436	2005	46
3.70/3.73	3.7346	2004	47
3.70/3.73	3.73555	2003	52
3.70/3.73	3.73732	2002	59
3.70/3.73	3.73768	2001	61
3.70/3.74	3.73814	2000	63
3.70/3.74	3.73995	1999	68
3.70/3.74	3.74029	1998	70
3.70/3.74	3.74066	1997	72
3.70/3.74	3.74306	1996	78
3.70/3.74	3.74373	1995	81
3.70/3.74	3.74565	1994	89
3.70/3.74	3.74658	1993	92
3.70/3.74	3.74736	1992	96
3.70/3.75	3.74847	1991	101
3.70/3.75	3.74924	1990	104
3.70/3.75	3.75045	1989	109
3.70/3.75	3.75117	1988	114
3.70/3.75	3.75301	1987	123
3.70/3.75	3.75413	1986	128
3.70/3.75	3.75485	1985	131
3.70/3.75	3.75618	1984	136
3.70/3.75	3.75707	1983	142
3.70/3.76	3.75874	1982	147
3.70/3.76	3.76031	1981	153
3.70/3.76	3.76139	1979	158
3.70/3.76	3.7621	1978	163
3.70/3.76	3.76374	1977	169
3.70/3.76	3.76474	1976	174
3.70/3.76	3.76589	1975	179
3.70/3.76	3.76731	1974	186
3.70/3.77	3.76842	1972	192
3.70/3.77	3.77178	1971	204
3.70/3.77	3.77341	1970	215
3.70/3.77	3.77581	1969	221
3.70/3.77	3.77793	1968	232
3.70/3.78	3.78031	1967	244
3.70/3.78	3.78104	1966	249
3.70/3.78	3.78204	1965	252
3.70/3.78	3.78349	1964	260
3.70/3.78	3.78609	1963	273
3.70/3.79	3.78848	1962	280
3.70/3.79	3.78932	1961	284
3.70/3.79	3.79274	1960	305
3.70/3.79	3.79413	1959	313
3.70/3.79	3.79472	1958	315
3.70/3.79	3.79665	1957	325
3.70/3.79	3.79772	1956	330
3.70/3.80	3.79954	1955	345
3.70/3.80	3.8006	1954	349
3.70/3.80	3.8015	1953	353
3.70/3.80	3.80218	1952	356
3.70/3.80	3.80294	1951	359
3.70/3.80	3.80439	1950	368
3.70/3.80	3.80545	1949	373
3.70/3.80	3.807	1948	381
3.70/3.81	3.80814	1947	385
3.70/3.81	3.80928	1946	391
3.70/3.81	3.81005	1945	395
3.70/3.81	3.81086	1944	398
3.70/3.81	3.81182	1943	404
3.70/3.81	3.81271	1942	408
3.70/3.81	3.81395	1941	414
3.70/3.81	3.81419	1940	415
3.70/3.81	3.81489	1939	418
3.70/3.81	3.81569	1938	423
3.70/3.81	3.81648	1937	426
3.70/3.81	3.81712	1936	429
3.70/3.81	3.81796	1935	432
3.70/3.82	3.81941	1934	443
3.70/3.82	3.82005	1933	446
3.70/3.82	3.82087	1932	449
3.70/3.82	3.82242	1931	459
3.70/3.82	3.82419	1930	466
3.70/3.82	3.82499	1929	471
3.70/3.82	3.82613	1928	479
3.70/3.83	3.82877	1927	497
3.70/3.83	3.83025	1926	508
3.70/3.83	3.83211	1925	521
3.70/3.83	3.83393	1924	528
3.70/3.83	3.83497	1923	532
3.70/3.83	3.83547	1922	534
3.70/3.83	3.83739	1920	544
3.70/3.84	3.83846	1919	550
3.70/3.84	3.84069	1918	565
3.70/3.84	3.84151	1917	571
3.70/3.84	3.84205	1916	574
3.70/3.84	3.84338	1915	579
3.70/3.84	3.84566	1914	596
3.70/3.84	3.84622	1913	599
3.70/3.85	3.84971	1912	615
3.70/3.85	3.85071	1911	621
3.70/3.85	3.85133	1910	623
3.70/3.85	3.85218	1909	627
3.70/3.85	3.85469	1908	644
3.70/3.85	3.85637	1907	656
3.70/3.85	3.85777	1906	661
3.70/3.86	3.85888	1905	669
3.70/3.86	3.86093	1904	679
3.70/3.86	3.86246	1903	686
3.70/3.86	3.86453	1902	694
3.70/3.86	3.86491	1901	696
3.70/3.86	3.86683	1900	708
3.70/3.87	3.86931	1899	721
3.70/3.87	3.87137	1898	728
3.70/3.87	3.87218	1897	733
3.70/3.87	3.87475	1896	748
3.70/3.87	3.8751	1895	749
3.70/3.88	3.88193	1894	804
3.70/3.88	3.88362	1893	810
3.70/3.88	3.88521	1892	821
3.70/3.88	3.88704	1891	833
3.70/3.88	3.88781	1890	838
3.70/3.89	3.8908	1889	858
3.70/3.89	3.89222	1888	869
3.70/3.89	3.89383	1887	881
3.70/3.89	3.89474	1886	885
3.70/3.89	3.89549	1885	891
3.70/3.89	3.89607	1884	895
3.70/3.89	3.89678	1883	899
3.70/3.89	3.89768	1882	904
3.70/3.90	3.89847	1881	910
3.70/3.90	3.89896	1880	913
3.70/3.90	3.90077	1879	925
3.70/3.90	3.90565	1877	964
3.70/3.91	3.91245	1876	1008
3.70/3.91	3.91572	1875	1027
3.70/3.91	3.91689	1874	1031
3.70/3.92	3.9188	1873	1047
3.70/3.92	3.92054	1872	1053
3.70/3.92	3.92258	1871	1061
3.70/3.92	3.92365	1870	1067
3.70/3.92	3.92742	1869	1081
3.70/3.93	3.92821	1868	1086
3.70/3.93	3.93198	1867	1114
3.70/3.93	3.93243	1866	1116
3.70/3.93	3.93427	1865	1131
3.70/3.93	3.93553	1864	1139
3.70/3.94	3.93851	1863	1157
3.70/3.94	3.94142	1862	1171
3.70/3.94	3.944	1861	1192
3.70/3.94	3.94716	1860	1213
3.70/3.95	3.95374	1859	1253
3.70/3.95	3.95627	1858	1272
3.70/3.95	3.95802	1857	1279
3.70/3.96	3.95964	1856	1284
3.70/3.96	3.96581	1855	1330
3.70/3.97	3.96935	1854	1358
3.70/3.97	3.97254	1853	1386
3.70/3.97	3.97444	1852	1394
3.70/3.98	3.97852	1851	1420
3.70/3.98	3.98052	1850	1433
3.70/3.98	3.98785	1849	1478
3.70/3.99	3.99435	1848	1503
3.70/3.99	3.99621	1847	1510
3.70/4.00	3.99965	1846	1529
3.70/4.00	4.00368	1845	1556
3.70/4.00	4.00445	1844	1559
3.70/4.00	4.00797	1843	1573
3.70/4.01	4.00895	1842	1577
3.70/4.01	4.00949	1841	1579
3.70/4.02	4.02364	1840	1658
3.70/4.02	4.02511	1839	1663
3.70/4.03	4.02812	1838	1683
3.70/4.03	4.03099	1837	1697
3.70/4.04	4.04137	1836	1776
3.70/4.08	4.07884	1835	2025
3.70/4.08	4.08255	1834	2053
3.70/4.08	4.08315	1833	2056
3.70/4.08	4.08398	1832	2059
3.70/4.08	4.08766	1831	2084
3.70/4.09	4.08893	1830	2092
3.70/4.09	4.0899	1829	2096
3.70/4.09	4.09301	1828	2110
3.70/4.09	4.0963	1827	2131
3.70/4.10	4.09814	1826	2142
3.70/4.10	4.10727	1825	2203
3.70/4.11	4.11164	1824	2233
3.70/4.13	4.1307	1823	2402
4.13/4.14	4.14404	1822	2516
4.13/4.15	4.15018	1821	2554
4.13/4.15	4.15195	1820	2566
4.13/4.15	4.15417	1819	2583
4.13/4.16	4.15952	1818	2610
4.13/4.17	4.17165	1817	2717
4.13/4.17	4.17228	1816	2720
4.13/4.17	4.17307	1815	2725
4.13/4.17	4.17553	1814	2731
4.13/4.17	4.17699	1813	2742
4.13/4.18	4.17838	1812	2751
4.13/4.19	4.19779	1811	2908
4.19/4.20	4.20688	1810	2979
4.19/4.21	4.21384	1809	3037
4.19/4.21	4.21504	1808	3043
4.19/4.21	4.21703	1807	3053
4.19/4.22	4.22494	1806	3115
4.19/4.22	4.2256	1805	3118
4.19/4.23	4.23677	1804	3195
4.19/4.24	4.24104	1803	3219
4.19/4.24	4.24691	1802	3258
4.19/4.25	4.24944	1801	3274
4.19/4.26	4.2599	1800	3362
4.19/4.28	4.27847	1799	3512
4.19/4.29	4.2965	1798	3662
4.29/4.31	4.30864	1797	3755
4.29/4.35	4.35661	1796	4093
4.29/4.36	4.35834	1795	4106
4.29/4.36	4.36659	1794	4173
4.29/4.37	4.36933	1793	4189
4.29/4.37	4.37629	1792	4237
4.29/4.38	4.38623	1791	4313
4.29/4.39	4.39109	1790	4345
4.39/4.40	4.4	1789	4415
4.39/4.44	4.44768	1788	4777
4.39/4.47	4.47369	1787	4959
4.39/4.49	4.49173	1786	5102
4.39/4.49	4.49266	1785	5108
4.39/4.49	4.4943	1784	5116
4.49/4.50	4.50259	1783	5181
4.49/4.54	4.54452	1782	5514
4.49/4.54	4.54548	1781	5518
4.49/4.55	4.55066	1780	5552
4.59/4.60	4.59908	1779	5925
4.59/4.60	4.60674	1778	5976
4.59/4.62	4.62025	1777	6080
4.69/4.72	4.7229	1776	6761
4.69/4.72	4.72582	1775	6785
4.69/4.77	4.77495	1774	7070
4.69/4.78	4.77957	1773	7096
4.69/4.79	4.79392	1772	7210
4.69/4.79	4.79547	1771	7215
4.79/4.86	4.86763	1770	7807
4.89/4.94	4.94437	1769	8372
4.89/4.95	4.95193	1768	8436
5.02/5.19	5.19053	1767	9674
5.02/5.20	5.19831	1766	9735
5.02/5.23	5.23192	1765	9991
5.02/5.23	5.23472	1764	10010
5.02/5.28	5.27876	1763	10316
5.02/5.32	5.31935	1762	10648
5.02/5.50	5.50118	1761	12112
5.02/5.51	5.51024	1760	12182
5.02/5.51	5.51116	1759	12186
5.02/5.51	5.51354	1758	12200
5.02/5.52	5.52342	1757	12270
5.58/5.63	5.63401	1756	13007
5.58/5.67	5.66821	1755	13302
5.78/5.87	5.86935	1754	14917
5.88/5.91	5.90783	1753	15220
5.88/5.92	5.92173	1752	15315
5.88/5.97	5.97593	1751	15715
6.18/6.28	6.28535	1750	17961
6.18/6.29	6.28916	1749	17985
6.18/6.29	6.29444	1748	18027
6.28/6.31	6.30855	1747	18131
6.38/6.44	6.44207	1746	19158
6.38/6.67	6.67127	1745	20867
6.38/6.92	6.92617	1744	22578
7.88/8.05	8.05154	1743	29402
8.50/8.53	8.53363	1742	32177
8.50/8.53	8.53458	1741	32182
8.79/8.83	8.83136	1740	34451
9.52/9.78	9.77779	1739	40069
9.52/9.85	9.85744	1738	40710
10.49/10.55	10.549	1737	44910
10.49/10.55	10.5505	1736	44918
10.59/10.65	10.653	1735	45433
17.59/17.63	17.6294	1734	83347
18.19/18.31	18.3085	1733	88034
18.46/18.73	18.7296	1732	91302
18.99/19.09	19.0918	1731	93475
19.29/19.31	19.3077	1730	94779
19.29/19.37	19.37	1729	95239
20.27/20.31	20.3079	1728	101405
33.57/33.61	33.6152	1727	174473
34.39/34.40	34.4055	1726	178798
36.52/36.64	36.6443	1725	192591
37.09/37.12	37.1238	1724	196007
38.02/38.06	38.0586	1723	201669
38.99/39.39	39.3871	1722	209712
38.99/39.39	39.3907	1721	209727
39.49/39.56	39.5593	1720	210709
39.58/39.59	39.5875	1719	210898
40.39/40.83	40.8291	1718	218299
44.98/45.33	45.3335	1717	244232
44.98/45.53	45.5349	1716	245698
68.88/68.91	68.9103	1715	344871
115.09/115.26	115.254	1714	541738
139.35/139.45	139.446	1713	660565
167.28/167.74	167.737	1712	786748
207.18/207.29	207.288	1711	914490
214.68/214.76	214.755	1710	956066
251.28/251.38	251.37	1709	1126775
451.08/451.11	451.091	1708	1717033
485.37/485.41	485.39	1707	1857992
