3.72/3.74	3.74373	2034	0
3.72/3.74	3.7446	2033	4
3.72/3.74	3.74701	2032	13
3.72/3.74	3.7479	2031	17
3.72/3.75	3.74829	2030	19
3.72/3.75	3.74864	2029	20
3.72/3.75	3.74953	2028	24
3.72/3.75	3.75144	2027	30
3.72/3.75	3.75411	2026	37
3.72/3.75	3.7544	2025	38
3.72/3.75	3.75581	2024	43
3.72/3.75	3.75686	2023	47
3.72/3.76	3.75842	2022	54
3.72/3.76	3.75947	2020	59
3.72/3.76	3.76218	2019	72
3.72/3.76	3.76315	2018	76
3.72/3.76	3.76416	2017	82
3.72/3.76	3.76485	2016	87
3.72/3.76	3.76596	2015	96
3.72/3.76	3.76645	2014	99
3.72/3.76	3.76744	2013	105
3.72/3.76	3.76819	2012	109
3.72/3.77	3.76922	2011	113
3.72/3.77	3.77005	2010	115
3.72/3.77	3.77115	2009	121
3.72/3.77	3.77174	2008	124
3.72/3.77	3.77214	2007	126
3.72/3.77	3.77325	2006	133
3.72/3.77	3.77368	2005	136
3.72/3.77	3.77443	2004	139
3.72/3.77	3.77493	2003	141
3.72/3.77	3.7754	2002	143
3.72/3.77	3.7763	2001	147
3.72/3.78	3.77827	2000	160
3.72/3.78	3.77892	1999	163
3.72/3.78	3.77961	1998	166
3.72/3.78	3.78084	1997	170
3.72/3.78	3.78191	1996	176
3.72/3.78	3.78353	1995	182
3.72/3.78	3.78531	1994	187
3.72/3.78	3.78722	1993	193
3.72/3.79	3.78845	1991	201
3.72/3.79	3.78921	1990	204
3.72/3.79	3.78991	1989	207
3.72/3.79	3.79083	1988	213
3.72/3.79	3.79234	1987	220
3.72/3.79	3.79371	1986	227
3.72/3.79	3.79475	1985	233
3.72/3.79	3.79584	1984	237
3.72/3.79	3.7977	1983	247
3.72/3.80	3.7983	1982	251
3.80/3.80	3.80093	1981	268
3.80/3.80	3.80118	1980	269
3.80/3.80	3.80163	1979	271
3.80/3.80	3.80238	1978	276
3.80/3.80	3.80504	1977	293
3.80/3.80	3.8067	1976	304
3.80/3.80	3.807	1975	305
3.80/3.80	3.80746	1974	308
3.80/3.81	3.81012	1972	322
3.80/3.81	3.81059	1971	325
3.80/3.81	3.81185	1970	334
3.80/3.81	3.81276	1969	338
3.80/3.81	3.81299	1968	339
3.80/3.81	3.81495	1967	350
3.80/3.81	3.8159	1966	354
3.80/3.81	3.81719	1965	360
3.80/3.82	3.81914	1964	369
3.80/3.82	3.82035	1963	373
3.80/3.82	3.82328	1962	385
3.80/3.82	3.8259	1961	399
3.80/3.82	3.8264	1960	402
3.80/3.82	3.82666	1959	403
3.80/3.83	3.82893	1958	415
3.80/3.83	3.82971	1957	420
3.80/3.83	3.8327	1956	439
3.80/3.83	3.83354	1955	442
3.80/3.83	3.83526	1954	452
3.80/3.83	3.83624	1953	456
3.80/3.83	3.83802	1952	463
3.80/3.84	3.83896	1951	468
3.80/3.84	3.83958	1950	471
3.80/3.84	3.841	1949	475
3.80/3.84	3.8419	1948	481
3.80/3.84	3.84264	1947	486
3.80/3.84	3.84306	1946	488
3.80/3.84	3.84581	1945	504
3.80/3.84	3.8468	1944	508
3.80/3.85	3.84862	1943	517
3.80/3.85	3.84925	1942	521
3.80/3.85	3.84958	1941	523
3.80/3.85	3.85087	1940	528
3.80/3.85	3.85116	1939	529
3.80/3.85	3.85485	1938	554
3.80/3.85	3.85584	1937	558
3.80/3.85	3.85638	1936	561
3.80/3.86	3.86071	1935	593
3.80/3.86	3.86267	1934	599
3.80/3.86	3.86308	1933	601
3.80/3.86	3.86408	1932	606
3.80/3.86	3.86572	1930	616
3.80/3.86	3.86743	1929	622
3.80/3.86	3.8679	1928	624
3.80/3.87	3.8683	1927	626
3.80/3.87	3.87045	1926	637
3.80/3.87	3.87116	1925	641
3.80/3.87	3.87358	1924	657
3.80/3.87	3.87454	1923	663
3.80/3.87	3.87533	1922	666
3.80/3.87	3.87742	1921	678
3.80/3.88	3.87928	1920	689
3.80/3.88	3.88059	1919	695
3.80/3.88	3.88199	1918	704
3.80/3.88	3.88353	1917	713
3.80/3.88	3.88493	1916	719
3.80/3.88	3.88561	1915	722
3.80/3.88	3.88663	1914	727
3.80/3.88	3.8881	1913	734
3.80/3.89	3.89063	1912	755
3.80/3.89	3.89167	1911	760
3.80/3.89	3.89511	1910	779
3.80/3.89	3.89552	1909	781
3.80/3.89	3.89591	1908	783
3.80/3.89	3.89725	1907	790
3.89/3.90	3.89962	1906	806
3.89/3.90	3.90036	1905	810
3.89/3.90	3.90118	1904	815
3.89/3.90	3.90729	1903	861
3.89/3.91	3.90853	1902	868
3.89/3.91	3.9096	1901	875
3.89/3.91	3.91134	1900	886
3.89/3.91	3.91602	1899	907
3.89/3.92	3.92202	1898	937
3.89/3.92	3.92381	1897	943
3.89/3.92	3.92479	1896	947
3.89/3.92	3.92605	1895	952
3.89/3.92	3.92675	1894	955
3.89/3.92	3.92806	1893	964
3.89/3.93	3.92907	1892	971
3.89/3.93	3.92951	1891	974
3.89/3.93	3.93017	1890	977
3.89/3.93	3.93207	1889	983
3.89/3.93	3.9337	1888	995
3.89/3.93	3.93616	1887	1004
3.89/3.94	3.9407	1886	1039
3.89/3.94	3.94168	1885	1046
3.89/3.94	3.94809	1884	1093
3.89/3.95	3.94847	1883	1095
3.89/3.95	3.94917	1882	1098
3.89/3.95	3.94987	1881	1102
3.89/3.96	3.95977	1880	1176
3.89/3.96	3.96791	1879	1242
3.89/3.97	3.96958	1878	1252
3.89/3.97	3.97124	1877	1262
3.89/3.97	3.97227	1876	1267
3.89/3.97	3.97286	1875	1269
3.89/3.97	3.97505	1874	1277
3.89/3.97	3.97736	1873	1286
3.89/3.98	3.97839	1872	1293
3.89/3.98	3.98157	1871	1317
3.89/3.98	3.98231	1870	1319
3.89/3.98	3.98419	1869	1333
3.89/3.98	3.9867	1868	1344
3.89/3.98	3.98786	1867	1349
3.89/3.99	3.99013	1866	1359
3.89/3.99	3.99431	1865	1390
3.89/3.99	3.99518	1864	1395
3.89/3.99	3.99808	1863	1404
3.99/4.00	4.00268	1862	1434
3.99/4.00	4.00368	1861	1438
3.99/4.00	4.00457	1860	1443
3.99/4.00	4.00584	1859	1449
3.99/4.01	4.01234	1858	1466
3.99/4.01	4.01594	1857	1478
3.99/4.01	4.01781	1856	1485
3.99/4.02	4.01969	1855	1490
3.99/4.02	4.02365	1854	1515
3.99/4.03	4.02777	1853	1539
3.99/4.03	4.02988	1852	1548
3.99/4.03	4.03126	1851	1553
3.99/4.03	4.03277	1850	1558
3.99/4.03	4.03373	1849	1563
3.99/4.05	4.04943	1848	1642
3.99/4.05	4.05246	1847	1660
3.99/4.05	4.05419	1846	1670
3.99/4.05	4.05532	1845	1679
3.99/4.06	4.06292	1844	1736
3.99/4.06	4.0641	1843	1741
3.99/4.06	4.06645	1842	1753
3.99/4.07	4.07272	1841	1808
3.99/4.07	4.0778	1840	1850
3.99/4.08	4.08524	1839	1903
3.99/4.08	4.08618	1838	1909
3.99/4.09	4.09197	1837	1944
3.99/4.09	4.09294	1836	1949
3.99/4.09	4.09616	1835	1966
4.09/4.10	4.09986	1834	1989
4.09/4.10	4.10054	1833	1992
4.09/4.10	4.1022	1832	2006
4.09/4.10	4.10282	1831	2010
4.09/4.10	4.10471	1830	2018
4.09/4.10	4.10687	1829	2034
4.09/4.11	4.11441	1828	2095
4.09/4.12	4.11947	1827	2129
4.09/4.12	4.12346	1826	2153
4.09/4.12	4.12563	1825	2164
4.09/4.13	4.12842	1824	2183
4.09/4.13	4.13345	1823	2217
4.09/4.13	4.13792	1822	2236
4.09/4.14	4.14332	1821	2283
4.09/4.14	4.14707	1820	2311
4.09/4.15	4.15016	1819	2338
4.09/4.15	4.15094	1818	2342
4.09/4.16	4.16102	1817	2418
4.09/4.16	4.16309	1816	2430
4.09/4.16	4.16461	1815	2439
4.09/4.19	4.19532	1814	2703
4.29/4.31	4.31769	1813	3682
4.29/4.32	4.32672	1812	3738
4.38/4.41	4.4144	1811	4473
4.38/4.41	4.41637	1810	4479
4.38/4.41	4.41695	1809	4483
4.38/4.41	4.41752	1808	4486
4.38/4.42	4.42462	1807	4546
4.38/4.43	4.43053	1806	4589
4.48/4.50	4.49855	1805	5062
4.48/4.50	4.50029	1804	5068
4.48/4.52	4.51829	1803	5216
4.58/4.76	4.76026	1802	7101
4.58/4.76	4.76171	1801	7110
4.58/4.77	4.76918	1800	7169
4.58/4.77	4.77343	1799	7200
4.58/4.80	4.80384	1798	7451
4.58/4.82	4.82257	1797	7595
4.58/4.85	4.85601	1796	7871
4.58/4.86	4.86484	1795	7949
4.58/4.87	4.87079	1794	7995
4.58/4.87	4.87708	1793	8047
4.58/4.99	4.98988	1792	8774
4.58/4.99	4.9936	1791	8803
4.58/4.99	4.99692	1790	8824
5.00/5.01	5.0138	1789	8958
5.00/5.03	5.03719	1788	9150
5.00/5.05	5.05664	1787	9297
5.00/5.05	5.05783	1786	9302
5.00/5.07	5.0712	1785	9400
5.00/5.07	5.07209	1784	9404
5.00/5.11	5.11545	1783	9766
5.00/5.11	5.11747	1782	9775
5.00/5.12	5.12424	1781	9824
5.00/5.15	5.15534	1780	10071
5.19/5.26	5.26619	1779	10944
5.29/5.31	5.31685	1778	11371
5.29/5.32	5.32215	1777	11408
5.49/5.52	5.5276	1776	13081
5.49/5.59	5.5954	1775	13490
5.59/5.67	5.67596	1774	14128
5.69/5.70	5.70661	1773	14357
5.79/5.87	5.87107	1772	15395
5.89/5.93	5.93182	1771	15811
5.89/5.93	5.93312	1770	15820
5.89/5.93	5.93392	1769	15823
5.89/5.97	5.97052	1768	16057
5.89/5.99	5.99334	1767	16233
5.89/5.99	5.99457	1766	16242
5.99/6.02	6.02401	1765	16479
5.99/6.19	6.19062	1764	17805
5.99/6.19	6.19341	1763	17823
5.99/6.23	6.23064	1762	18103
5.99/6.46	6.46267	1761	19522
5.99/6.47	6.47004	1760	19562
5.99/6.52	6.52136	1759	19963
6.61/6.70	6.70156	1758	21441
6.61/6.71	6.7103	1757	21497
6.71/6.72	6.72316	1756	21590
6.71/6.73	6.73333	1755	21672
6.79/6.81	6.80938	1754	22220
7.29/7.31	7.31539	1753	25361
7.49/7.59	7.59671	1752	27224
7.59/7.75	7.75661	1751	28459
7.59/7.83	7.83153	1750	29062
8.69/8.76	8.76528	1749	35212
8.69/8.79	8.79038	1748	35394
8.99/9.12	9.11875	1747	37658
8.99/9.27	9.27039	1746	38867
9.51/9.53	9.53366	1745	40706
9.68/9.74	9.74274	1744	42132
9.78/9.80	9.80785	1743	42648
10.18/10.22	10.2186	1742	45357
10.39/10.99	10.9918	1741	50650
11.69/11.74	11.7431	1740	55303
12.69/12.71	12.717	1739	61347
13.09/13.11	13.1138	1738	63822
13.09/13.13	13.1315	1737	63957
13.39/13.88	13.8877	1736	68730
14.79/14.89	14.8957	1735	74855
14.89/14.96	14.9659	1734	75426
15.69/15.77	15.7686	1733	80388
15.99/16.08	16.0842	1732	82606
16.40/16.60	16.6049	1731	86005
17.28/17.32	17.3257	1730	90355
17.48/17.52	17.5236	1729	91872
17.58/17.64	17.6453	1728	92748
18.78/18.84	18.8474	1727	99530
19.28/19.68	19.6864	1726	105261
19.80/20.02	20.0219	1725	107537
21.99/22.09	22.0905	1724	117681
22.39/22.52	22.518	1723	120218
23.69/23.76	23.7622	1722	127057
25.96/25.97	25.9767	1721	138760
26.48/26.54	26.5381	1720	142468
26.79/26.98	26.9799	1719	145413
26.79/27.06	27.0591	1718	145975
34.29/34.49	34.4873	1717	184113
35.89/36.25	36.2481	1716	196785
40.09/40.10	40.1036	1715	220154
40.29/40.97	40.9702	1714	225979
44.29/44.36	44.3652	1713	245987
99.79/99.83	99.8254	1712	422622
99.99/100.35	100.349	1711	426464
259.98/260.02	260.013	1710	935960
319.18/319.52	319.511	1709	1166755
321.16/321.25	321.244	1708	1178893
421.87/421.97	421.956	1707	1560581
