3.69/3.72	3.72245	2031	0
3.69/3.72	3.72328	2030	4
3.69/3.72	3.7241	2029	10
3.69/3.72	3.72477	2028	13
3.69/3.72	3.72632	2027	17
3.69/3.73	3.72718	2026	21
3.69/3.73	3.72867	2025	28
3.69/3.73	3.72898	2024	29
3.69/3.73	3.72984	2023	34
3.69/3.73	3.73035	2022	37
3.69/3.73	3.73205	2021	46
3.69/3.73	3.7367	2020	59
3.69/3.74	3.73723	2019	63
3.69/3.74	3.73982	2018	72
3.69/3.74	3.74042	2017	75
3.69/3.74	3.74145	2015	79
3.69/3.74	3.74236	2014	84
3.69/3.74	3.74278	2013	85
3.69/3.74	3.74588	2012	98
3.69/3.74	3.74627	2011	100
3.69/3.75	3.74717	2010	104
3.69/3.75	3.74805	2009	109
3.69/3.75	3.7492	2008	114
3.69/3.75	3.7501	2007	117
3.69/3.75	3.75034	2006	118
3.69/3.75	3.751	2005	122
3.69/3.75	3.7517	2004	126
3.69/3.75	3.75359	2003	135
3.69/3.75	3.75593	2002	148
3.69/3.75	3.7562	2001	149
3.69/3.76	3.75718	2000	153
3.69/3.76	3.75847	1999	158
3.69/3.76	3.75912	1998	161
3.69/3.76	3.7599	1997	166
3.69/3.76	3.76061	1996	169
3.69/3.76	3.7616	1995	173
3.69/3.76	3.76344	1994	184
3.69/3.76	3.7645	1993	188
3.69/3.76	3.76562	1992	193
3.69/3.77	3.76738	1991	198
3.69/3.77	3.7698	1990	206
3.69/3.77	3.77007	1989	207
3.69/3.77	3.77063	1988	211
3.69/3.77	3.77143	1987	215
3.69/3.77	3.77386	1986	223
3.69/3.77	3.7741	1985	224
3.69/3.77	3.77518	1984	228
3.69/3.77	3.77656	1983	233
3.69/3.78	3.7771	1982	235
3.69/3.78	3.77844	1981	244
3.69/3.78	3.77868	1980	245
3.69/3.78	3.77941	1979	250
3.69/3.78	3.78044	1978	257
3.69/3.78	3.78169	1977	261
3.69/3.78	3.78243	1976	265
3.69/3.78	3.78402	1975	276
3.69/3.78	3.7859	1974	284
3.69/3.78	3.78622	1973	285
3.69/3.79	3.7894	1972	310
3.69/3.79	3.79152	1971	327
3.69/3.79	3.792	1970	329
3.69/3.79	3.79327	1969	334
3.69/3.79	3.7946	1968	340
3.69/3.79	3.79541	1967	343
3.69/3.79	3.79565	1966	344
3.69/3.79	3.7965	1965	348
3.78/3.80	3.79897	1963	355
3.78/3.80	3.79954	1962	358
3.78/3.80	3.80013	1961	361
3.78/3.80	3.80077	1960	364
3.78/3.80	3.80157	1959	367
3.78/3.80	3.80201	1958	369
3.78/3.80	3.80269	1957	373
3.78/3.80	3.80457	1956	387
3.78/3.80	3.80576	1955	395
3.78/3.80	3.80689	1954	404
3.78/3.81	3.80728	1953	406
3.78/3.81	3.80833	1952	410
3.78/3.81	3.80931	1951	417
3.78/3.81	3.81019	1950	421
3.78/3.81	3.81117	1949	426
3.78/3.81	3.81324	1948	436
3.78/3.81	3.81484	1947	444
3.78/3.81	3.81591	1946	450
3.78/3.82	3.81719	1945	455
3.78/3.82	3.81765	1944	457
3.78/3.82	3.81995	1943	472
3.78/3.82	3.82243	1942	480
3.78/3.82	3.82374	1941	488
3.78/3.82	3.82447	1940	491
3.78/3.82	3.82546	1939	495
3.78/3.82	3.82588	1938	497
3.78/3.82	3.82668	1937	501
3.78/3.83	3.82794	1936	506
3.78/3.83	3.82914	1935	513
3.78/3.83	3.83199	1934	529
3.78/3.83	3.83363	1933	536
3.78/3.83	3.8339	1932	537
3.78/3.83	3.83446	1931	540
3.78/3.83	3.8369	1930	552
3.78/3.84	3.83729	1929	554
3.78/3.84	3.84074	1928	575
3.78/3.84	3.84356	1927	584
3.78/3.84	3.84652	1926	606
3.78/3.85	3.84858	1925	616
3.78/3.85	3.84956	1924	621
3.78/3.85	3.85157	1923	634
3.78/3.85	3.85234	1922	639
3.78/3.85	3.85386	1921	644
3.78/3.85	3.85423	1920	646
3.78/3.85	3.85599	1919	658
3.78/3.85	3.85666	1918	661
3.78/3.86	3.86335	1917	699
3.78/3.86	3.86423	1916	703
3.78/3.86	3.86464	1915	705
3.78/3.86	3.86527	1914	708
3.78/3.87	3.86707	1913	719
3.78/3.87	3.86941	1912	729
3.78/3.87	3.87087	1911	739
3.78/3.87	3.8721	1910	748
3.78/3.87	3.8738	1909	756
3.78/3.87	3.87622	1908	774
3.78/3.87	3.8767	1907	776
3.78/3.88	3.87768	1906	782
3.78/3.88	3.87895	1905	787
3.78/3.88	3.8801	1904	794
3.78/3.88	3.88107	1903	800
3.78/3.88	3.88182	1902	804
3.78/3.88	3.88332	1901	809
3.78/3.88	3.8857	1900	823
3.78/3.89	3.88857	1899	839
3.78/3.89	3.89119	1898	856
3.78/3.89	3.89391	1897	876
3.88/3.90	3.89837	1896	903
3.88/3.90	3.90163	1895	919
3.88/3.90	3.90301	1894	925
3.88/3.90	3.90509	1893	932
3.88/3.91	3.9088	1892	954
3.88/3.91	3.90924	1891	956
3.88/3.91	3.90972	1890	958
3.88/3.91	3.91282	1889	980
3.88/3.91	3.91467	1888	987
3.88/3.92	3.92034	1887	1026
3.88/3.92	3.92499	1886	1065
3.88/3.93	3.93181	1885	1108
3.88/3.93	3.93323	1884	1118
3.88/3.93	3.93499	1883	1132
3.88/3.93	3.93686	1882	1142
3.88/3.94	3.94121	1881	1167
3.88/3.94	3.9439	1880	1188
3.88/3.94	3.94538	1879	1197
3.88/3.94	3.94677	1878	1203
3.88/3.95	3.94745	1877	1206
3.88/3.95	3.94994	1876	1216
3.88/3.95	3.95391	1875	1240
3.88/3.95	3.95552	1874	1252
3.88/3.96	3.96636	1873	1309
3.88/3.97	3.96997	1872	1338
3.88/3.97	3.97203	1871	1351
3.88/3.97	3.97549	1870	1372
3.88/3.98	3.97744	1869	1386
3.88/3.98	3.97935	1868	1400
3.88/3.98	3.9815	1867	1417
3.88/3.98	3.98413	1866	1436
3.88/3.98	3.98554	1865	1441
3.88/3.99	3.98887	1864	1460
3.88/3.99	3.99225	1863	1484
3.88/3.99	3.99588	1862	1504
3.88/4.00	3.99724	1861	1509
3.98/4.00	4.0009	1860	1534
3.98/4.00	4.00221	1859	1544
3.98/4.00	4.0047	1858	1563
3.98/4.00	4.00596	1857	1568
3.98/4.01	4.01448	1856	1606
3.98/4.02	4.02478	1855	1672
3.98/4.03	4.02763	1854	1691
3.98/4.03	4.02811	1853	1693
3.98/4.03	4.02882	1852	1696
3.98/4.03	4.03344	1851	1721
3.98/4.04	4.0403	1850	1759
3.98/4.04	4.04262	1849	1774
3.98/4.05	4.05084	1848	1828
3.98/4.05	4.05145	1847	1831
3.98/4.05	4.05365	1846	1841
3.98/4.05	4.05628	1845	1857
3.98/4.06	4.06432	1844	1918
3.98/4.06	4.06666	1843	1928
3.98/4.07	4.07321	1842	1964
3.98/4.07	4.07384	1841	1967
3.98/4.07	4.07617	1840	1984
3.98/4.09	4.0915	1839	2088
3.98/4.09	4.09239	1838	2093
3.98/4.09	4.09382	1837	2104
3.98/4.09	4.0954	1836	2111
4.08/4.12	4.11815	1835	2282
4.08/4.12	4.12216	1834	2316
4.08/4.12	4.12479	1833	2332
4.08/4.13	4.13199	1832	2388
4.08/4.13	4.13295	1831	2392
4.08/4.13	4.13422	1830	2397
4.08/4.14	4.13793	1829	2425
4.08/4.14	4.13906	1828	2434
4.08/4.14	4.14007	1827	2437
4.08/4.14	4.14529	1826	2476
4.08/4.15	4.15009	1825	2511
4.08/4.15	4.15664	1824	2565
4.08/4.16	4.1589	1823	2580
4.08/4.16	4.1602	1822	2586
4.08/4.16	4.16303	1821	2607
4.08/4.17	4.16751	1820	2642
4.08/4.17	4.17251	1819	2681
4.08/4.17	4.17463	1818	2700
4.08/4.17	4.1754	1817	2703
4.18/4.21	4.20841	1816	2916
4.18/4.22	4.21722	1815	2982
4.18/4.25	4.25028	1814	3253
4.18/4.25	4.25645	1813	3302
4.18/4.26	4.25972	1812	3321
4.18/4.28	4.28428	1811	3512
4.18/4.30	4.30423	1810	3676
4.18/4.30	4.30547	1809	3681
4.18/4.31	4.30725	1808	3687
4.18/4.31	4.30908	1807	3695
4.18/4.31	4.31206	1806	3716
4.18/4.32	4.32417	1805	3812
4.18/4.35	4.35214	1804	4037
4.18/4.37	4.37619	1803	4236
4.18/4.38	4.38457	1802	4303
4.18/4.38	4.3854	1801	4309
4.18/4.39	4.39201	1800	4352
4.18/4.42	4.42384	1799	4589
4.18/4.42	4.42535	1798	4599
4.18/4.47	4.47377	1797	4905
4.18/4.48	4.47907	1796	4942
4.18/4.48	4.48167	1795	4951
4.18/4.48	4.48331	1794	4958
4.18/4.70	4.70449	1793	6465
4.71/4.72	4.72139	1792	6608
4.71/4.75	4.75033	1791	6839
4.71/4.76	4.76696	1790	6963
4.71/4.78	4.78387	1789	7094
4.71/4.80	4.80369	1788	7265
4.71/4.80	4.80611	1787	7281
4.71/4.81	4.81681	1786	7371
4.90/4.90	4.90516	1785	8013
4.90/4.91	4.90842	1784	8037
4.90/4.95	4.95288	1783	8353
4.90/4.95	4.95603	1782	8376
4.90/4.96	4.96593	1781	8451
4.90/4.99	4.99463	1780	8638
4.99/5.00	5.00151	1779	8691
5.09/5.11	5.10958	1778	9400
5.09/5.11	5.1126	1777	9426
5.09/5.17	5.1684	1776	9802
5.09/5.19	5.19407	1775	10027
5.19/5.21	5.21198	1774	10165
5.29/5.32	5.32092	1773	10921
5.39/5.42	5.41987	1772	11691
5.39/5.43	5.42999	1771	11774
5.39/5.44	5.4417	1770	11864
5.49/5.51	5.50886	1769	12402
5.59/5.70	5.69707	1768	13360
5.69/5.71	5.70783	1767	13429
5.69/5.81	5.81284	1766	14117
5.69/5.86	5.86483	1765	14530
5.69/5.91	5.91592	1764	14948
5.69/5.95	5.95173	1763	15240
5.69/5.97	5.97476	1762	15440
5.69/6.09	6.09107	1761	16408
5.69/6.19	6.18824	1760	16988
5.69/6.20	6.19995	1759	17080
6.59/6.66	6.65809	1758	20495
6.69/6.77	6.77225	1757	21235
6.79/6.80	6.80672	1756	21499
6.79/6.83	6.8357	1755	21712
6.89/6.91	6.91119	1754	22248
6.89/6.94	6.93711	1753	22434
6.99/7.09	7.09015	1752	23682
7.19/7.33	7.33268	1751	25501
7.19/7.40	7.3986	1750	26049
7.19/7.47	7.46804	1749	26498
7.69/7.80	7.8004	1748	28424
7.99/8.02	8.02087	1747	29784
8.69/8.78	8.78355	1746	35124
8.69/8.80	8.80485	1745	35284
9.12/9.30	9.29773	1744	38510
9.49/9.51	9.50752	1743	39920
11.59/11.69	11.6931	1742	53465
11.59/12.11	12.1081	1741	56639
11.59/12.11	12.1107	1740	56658
13.09/13.29	13.2877	1739	65233
13.09/13.31	13.3101	1738	65420
15.69/15.76	15.7607	1737	79894
15.99/16.08	16.0847	1736	82082
16.79/16.81	16.8097	1735	86109
16.99/17.04	17.0422	1734	87835
17.59/17.94	17.9411	1733	94718
19.99/20.03	20.0358	1732	107568
19.99/20.04	20.0409	1731	107593
20.39/20.46	20.4567	1730	110733
22.19/22.48	22.4838	1729	121127
24.19/24.21	24.2151	1728	130480
26.49/26.61	26.6135	1727	143951
26.49/26.73	26.7355	1726	144697
26.49/26.87	26.874	1725	145811
27.89/27.91	27.9134	1724	151311
28.46/28.52	28.5234	1723	156108
32.40/32.59	32.5943	1722	177506
34.89/34.95	34.9501	1721	191271
35.98/35.99	35.9904	1720	198095
36.59/36.60	36.5985	1719	202078
39.09/39.17	39.1742	1718	216397
41.19/41.30	41.3044	1717	227681
187.28/187.39	187.387	1716	708663
191.58/191.98	191.971	1715	734775
208.88/208.90	208.89	1714	797939
212.28/212.54	212.533	1713	815743
242.31/242.39	242.381	1712	957283
243.18/243.34	243.335	1711	963559
249.30/249.50	249.491	1710	990476
311.18/311.20	311.189	1709	1245563
316.17/316.29	316.282	1708	1269632
316.17/316.54	316.533	1707	1271039
