3.54/3.63	3.63223	2027	0
3.54/3.63	3.63275	2026	1
3.54/3.63	3.63374	2025	5
3.54/3.63	3.63399	2024	6
3.54/3.63	3.63568	2023	13
3.54/3.64	3.63909	2022	26
3.54/3.64	3.63974	2021	29
3.54/3.64	3.64007	2020	30
3.54/3.64	3.64048	2019	32
3.54/3.64	3.64104	2018	36
3.54/3.64	3.64171	2017	40
3.54/3.64	3.64237	2016	43
3.54/3.64	3.6432	2015	48
3.54/3.64	3.64393	2014	51
3.54/3.64	3.64498	2013	58
3.54/3.64	3.64601	2012	62
3.54/3.64	3.64663	2011	66
3.54/3.64	3.64712	2010	68
3.54/3.65	3.64945	2009	78
3.54/3.65	3.65041	2008	82
3.54/3.65	3.65101	2007	85
3.54/3.65	3.65127	2006	86
3.65/3.65	3.6526	2005	95
3.65/3.65	3.65336	2004	100
3.65/3.65	3.65383	2003	102
3.65/3.65	3.6543	2002	104
3.65/3.65	3.65512	2001	110
3.65/3.65	3.65557	2000	112
3.65/3.65	3.65589	1999	114
3.65/3.65	3.65726	1998	122
3.65/3.65	3.65802	1997	125
3.65/3.66	3.65972	1996	134
3.65/3.66	3.6613	1995	146
3.65/3.66	3.66186	1994	149
3.65/3.66	3.66236	1993	151
3.65/3.66	3.66263	1992	152
3.65/3.66	3.66442	1990	160
3.65/3.66	3.66538	1989	165
3.65/3.66	3.66612	1988	168
3.65/3.66	3.66728	1987	172
3.65/3.66	3.6679	1986	176
3.65/3.67	3.66905	1985	182
3.65/3.67	3.67005	1984	186
3.65/3.67	3.67112	1983	189
3.65/3.67	3.67195	1982	194
3.65/3.67	3.67399	1981	206
3.65/3.67	3.67522	1980	211
3.65/3.67	3.67578	1979	215
3.65/3.67	3.67646	1978	220
3.65/3.67	3.67802	1977	229
3.65/3.68	3.67906	1976	233
3.65/3.68	3.68073	1975	242
3.65/3.68	3.68202	1974	251
3.65/3.68	3.68295	1973	256
3.65/3.68	3.68398	1972	263
3.65/3.68	3.68558	1971	270
3.65/3.68	3.68653	1970	276
3.65/3.68	3.68705	1969	279
3.65/3.69	3.68987	1968	292
3.65/3.69	3.69125	1967	298
3.65/3.69	3.69183	1966	301
3.65/3.69	3.69272	1965	307
3.65/3.69	3.69311	1964	309
3.65/3.69	3.69395	1963	313
3.65/3.69	3.69494	1961	317
3.65/3.69	3.69553	1960	321
3.69/3.70	3.69932	1959	349
3.69/3.70	3.70095	1958	358
3.69/3.70	3.70172	1956	361
3.69/3.70	3.7034	1955	368
3.69/3.70	3.70406	1954	371
3.69/3.70	3.70511	1953	376
3.69/3.70	3.70601	1952	382
3.69/3.70	3.7065	1951	384
3.69/3.70	3.70812	1950	390
3.69/3.71	3.70869	1949	394
3.69/3.71	3.7098	1948	398
3.69/3.71	3.71081	1947	403
3.69/3.71	3.71178	1946	407
3.69/3.71	3.71341	1945	417
3.69/3.71	3.71601	1944	433
3.69/3.72	3.71832	1943	442
3.69/3.72	3.7209	1942	456
3.69/3.72	3.72268	1941	468
3.69/3.72	3.72369	1940	472
3.69/3.72	3.72409	1939	474
3.69/3.72	3.72546	1938	485
3.69/3.72	3.72668	1937	494
3.69/3.73	3.72904	1936	508
3.69/3.73	3.73258	1935	532
3.69/3.73	3.73282	1934	533
3.69/3.73	3.73514	1933	540
3.69/3.73	3.73602	1932	544
3.69/3.73	3.73793	1931	554
3.69/3.74	3.74011	1930	570
3.69/3.74	3.74139	1929	578
3.69/3.74	3.74196	1928	581
3.69/3.74	3.74298	1927	586
3.69/3.74	3.74388	1926	592
3.69/3.74	3.74621	1925	600
3.69/3.75	3.7485	1924	607
3.69/3.75	3.75024	1923	617
3.69/3.75	3.75295	1922	632
3.69/3.75	3.75392	1921	636
3.69/3.75	3.7553	1920	641
3.69/3.75	3.75572	1919	643
3.69/3.75	3.75711	1918	648
3.69/3.75	3.75814	1917	652
3.69/3.76	3.76175	1916	670
3.69/3.76	3.7631	1915	678
3.69/3.76	3.76406	1914	682
3.69/3.76	3.76473	1913	685
3.69/3.76	3.76733	1912	701
3.69/3.77	3.77087	1911	723
3.69/3.77	3.77307	1910	740
3.69/3.77	3.77363	1909	743
3.69/3.77	3.77411	1908	745
3.69/3.77	3.77573	1907	758
3.69/3.77	3.77677	1906	766
3.69/3.78	3.77821	1905	775
3.69/3.78	3.77895	1904	779
3.69/3.78	3.77956	1903	783
3.69/3.78	3.77994	1902	784
3.69/3.78	3.78514	1901	822
3.69/3.79	3.78892	1900	842
3.69/3.79	3.79004	1899	851
3.69/3.79	3.79416	1898	868
3.69/3.79	3.79468	1897	870
3.69/3.79	3.79591	1896	878
3.79/3.80	3.79864	1895	893
3.79/3.80	3.80075	1894	902
3.79/3.81	3.80835	1893	946
3.79/3.81	3.80892	1892	949
3.79/3.81	3.81163	1891	962
3.79/3.81	3.81236	1890	966
3.79/3.81	3.81607	1889	993
3.79/3.82	3.81867	1888	1008
3.79/3.83	3.82863	1887	1072
3.79/3.83	3.82963	1886	1076
3.79/3.83	3.83284	1885	1101
3.79/3.83	3.8341	1884	1110
3.79/3.84	3.83822	1883	1127
3.79/3.84	3.8389	1882	1130
3.79/3.84	3.84175	1881	1145
3.79/3.84	3.84603	1880	1166
3.79/3.85	3.84853	1879	1178
3.79/3.85	3.85262	1878	1204
3.79/3.85	3.85296	1877	1205
3.79/3.85	3.85514	1876	1215
3.79/3.85	3.85769	1875	1228
3.79/3.86	3.85923	1873	1236
3.79/3.86	3.8647	1872	1277
3.79/3.86	3.86636	1871	1284
3.79/3.87	3.87017	1870	1316
3.79/3.87	3.8708	1869	1318
3.79/3.87	3.87194	1868	1324
3.79/3.87	3.87315	1867	1328
3.79/3.87	3.87746	1866	1352
3.79/3.88	3.88045	1865	1369
3.79/3.88	3.88506	1864	1392
3.79/3.89	3.8896	1863	1422
3.79/3.89	3.89118	1862	1433
3.79/3.89	3.89443	1861	1456
3.79/3.89	3.8976	1860	1474
3.89/3.90	3.90044	1859	1495
3.89/3.90	3.90192	1858	1504
3.89/3.90	3.90487	1857	1524
3.89/3.90	3.90699	1856	1533
3.89/3.91	3.90837	1855	1539
3.89/3.91	3.91471	1854	1578
3.89/3.91	3.91639	1853	1590
3.89/3.91	3.9169	1852	1593
3.89/3.92	3.91832	1851	1598
3.89/3.92	3.9216	1850	1620
3.89/3.92	3.92287	1849	1628
3.89/3.92	3.9275	1848	1659
3.89/3.93	3.92907	1847	1671
3.89/3.93	3.93204	1846	1683
3.89/3.93	3.93486	1845	1695
3.89/3.93	3.93553	1844	1698
3.89/3.94	3.93862	1843	1724
3.89/3.94	3.94049	1842	1735
3.89/3.94	3.9444	1841	1764
3.89/3.95	3.94896	1840	1789
3.89/3.96	3.96193	1839	1861
3.89/3.96	3.96764	1838	1894
3.89/3.97	3.97737	1837	1969
3.89/3.98	3.98066	1836	1994
3.89/3.98	3.98403	1835	2020
3.89/3.99	3.98991	1834	2070
3.89/3.99	3.9911	1833	2075
3.89/3.99	3.9939	1832	2093
3.89/3.99	3.99656	1831	2113
3.99/4.00	4.00138	1830	2150
3.99/4.00	4.00281	1829	2158
3.99/4.01	4.01414	1828	2220
3.99/4.02	4.02482	1827	2295
3.99/4.03	4.03507	1826	2369
3.99/4.04	4.04693	1825	2461
3.99/4.05	4.05259	1824	2494
3.99/4.05	4.05401	1823	2499
3.99/4.06	4.06443	1822	2571
3.99/4.07	4.06881	1821	2607
3.99/4.07	4.07161	1820	2627
3.99/4.07	4.07348	1819	2638
3.99/4.07	4.07437	1818	2642
3.99/4.07	4.07769	1817	2664
3.99/4.08	4.08514	1816	2710
3.99/4.09	4.09165	1815	2765
3.99/4.09	4.0923	1814	2768
4.09/4.10	4.09856	1813	2814
4.09/4.10	4.10145	1812	2831
4.09/4.10	4.10349	1811	2846
4.09/4.11	4.10987	1810	2899
4.09/4.11	4.11212	1809	2912
4.09/4.11	4.11461	1808	2927
4.09/4.12	4.11824	1807	2954
4.09/4.12	4.11999	1806	2965
4.09/4.12	4.12247	1805	2978
4.09/4.14	4.14767	1804	3145
4.09/4.18	4.18103	1803	3424
4.09/4.18	4.18544	1802	3451
4.09/4.18	4.18625	1801	3454
4.09/4.18	4.18682	1800	3456
4.19/4.21	4.20831	1799	3600
4.19/4.25	4.25301	1798	3966
4.19/4.25	4.25458	1797	3977
4.19/4.25	4.25634	1796	3985
4.29/4.33	4.33562	1795	4438
4.29/4.36	4.36327	1794	4641
4.29/4.37	4.36814	1793	4677
4.29/4.37	4.37751	1792	4753
4.29/4.39	4.39142	1791	4865
4.39/4.48	4.48498	1790	5433
4.39/4.48	4.48777	1789	5443
4.39/4.49	4.49614	1788	5502
4.39/4.49	4.49763	1787	5507
4.39/4.50	4.49874	1786	5512
4.51/4.55	4.55616	1785	5984
4.51/4.56	4.5607	1784	6014
4.51/4.60	4.60634	1783	6391
4.51/4.64	4.64107	1782	6668
4.51/4.65	4.65007	1781	6742
4.51/4.65	4.65085	1780	6746
4.51/4.67	4.67163	1779	6913
4.51/4.69	4.69616	1777	7092
4.51/4.70	4.6983	1776	7106
4.51/4.77	4.76933	1775	7581
4.51/4.77	4.77089	1774	7591
4.51/4.87	4.87297	1773	8197
4.51/4.91	4.91009	1772	8511
4.51/4.93	4.93004	1771	8674
4.51/4.93	4.93304	1770	8696
5.05/5.08	5.07974	1769	9816
5.09/5.12	5.1193	1768	10057
5.19/5.28	5.28114	1767	11379
5.19/5.28	5.28232	1766	11384
5.29/5.30	5.30425	1765	11542
5.29/5.31	5.309	1764	11584
5.29/5.36	5.36479	1763	11982
5.49/5.50	5.50697	1762	13015
5.49/5.55	5.55482	1761	13355
5.59/5.67	5.67266	1760	14151
5.69/5.78	5.78758	1759	15025
5.69/5.79	5.7923	1758	15058
5.79/5.88	5.88149	1757	15804
5.79/5.88	5.88396	1756	15820
5.88/6.01	6.01078	1755	16642
5.88/6.16	6.1651	1754	17625
5.88/6.16	6.16726	1753	17641
5.88/6.18	6.18047	1752	17755
5.88/6.28	6.28785	1751	18564
5.88/6.39	6.39072	1750	19379
5.88/6.42	6.42251	1749	19622
7.19/7.29	7.29156	1748	25594
7.19/7.29	7.29372	1747	25600
7.39/7.87	7.87193	1746	29528
8.04/8.08	8.07835	1745	30821
8.09/8.13	8.13252	1744	31231
8.59/8.66	8.66351	1743	34843
8.59/8.68	8.68626	1742	35008
11.09/11.16	11.1655	1741	47422
11.19/11.23	11.2361	1740	47957
11.69/11.79	11.7887	1739	51537
12.49/12.50	12.5034	1738	56134
12.99/13.06	13.0594	1737	59394
12.99/13.06	13.067	1736	59453
14.09/14.10	14.1048	1735	66169
14.09/14.13	14.132	1734	66392
14.69/14.76	14.7627	1733	69930
15.99/16.08	16.0836	1732	78264
15.99/16.08	16.0849	1731	78271
17.18/17.21	17.216	1730	85749
17.18/17.28	17.2802	1729	86191
17.38/17.42	17.4217	1728	87156
17.79/18.17	18.1687	1727	91647
17.79/18.28	18.2846	1726	92506
17.79/18.30	18.3005	1725	92631
21.89/21.95	21.9529	1724	113618
25.88/25.90	25.8987	1723	131164
25.98/26.07	26.0758	1722	132873
32.59/33.13	33.1283	1721	162918
36.99/37.17	37.175	1720	184661
71.19/71.66	71.6565	1719	314626
79.49/79.52	79.5216	1718	353369
80.99/81.04	81.0434	1717	363063
81.39/81.49	81.4926	1716	366207
93.19/93.26	93.2651	1715	421845
112.29/112.39	112.391	1714	503467
120.09/120.16	120.159	1713	542517
133.28/133.36	133.361	1712	606761
202.78/202.82	202.812	1711	909381
451.89/451.95	451.934	1710	1704771
534.48/534.68	534.666	1709	2068835
539.67/539.77	539.757	1708	2094224
580.78/580.88	580.867	1707	2260261
