3.69/3.82	3.81685	2031	0
3.69/3.82	3.81935	2030	11
3.69/3.82	3.82016	2028	13
3.69/3.82	3.82105	2027	17
3.69/3.82	3.82245	2026	22
3.69/3.82	3.82373	2025	26
3.69/3.82	3.82409	2024	28
3.69/3.82	3.82525	2023	32
3.69/3.83	3.82594	2022	35
3.69/3.83	3.8262	2021	36
3.69/3.83	3.8271	2020	41
3.69/3.83	3.82797	2019	45
3.69/3.83	3.82841	2018	47
3.69/3.83	3.82866	2017	48
3.69/3.83	3.83069	2016	56
3.69/3.83	3.83233	2015	61
3.69/3.83	3.83423	2014	67
3.69/3.83	3.83561	2013	73
3.69/3.84	3.8359	2012	74
3.69/3.84	3.83698	2011	78
3.69/3.84	3.83821	2010	84
3.69/3.84	3.83916	2009	88
3.69/3.84	3.84003	2008	93
3.69/3.84	3.84042	2007	95
3.69/3.84	3.84259	2006	106
3.69/3.84	3.84337	2005	109
3.69/3.84	3.84463	2004	115
3.69/3.84	3.84576	2002	122
3.69/3.85	3.84628	2001	125
3.69/3.85	3.8476	2000	130
3.69/3.85	3.84857	1999	134
3.69/3.85	3.84923	1998	138
3.69/3.85	3.84975	1997	141
3.69/3.85	3.85014	1996	143
3.69/3.85	3.85039	1995	144
3.69/3.85	3.85211	1993	154
3.69/3.85	3.85284	1992	158
3.69/3.85	3.85361	1991	162
3.69/3.85	3.85545	1990	169
3.69/3.86	3.85623	1989	173
3.69/3.86	3.85686	1988	176
3.69/3.86	3.85862	1986	184
3.69/3.86	3.86018	1985	189
3.69/3.86	3.86232	1984	200
3.69/3.86	3.86358	1983	205
3.69/3.86	3.86461	1982	210
3.69/3.87	3.86682	1981	217
3.69/3.87	3.86853	1980	224
3.69/3.87	3.86967	1979	229
3.69/3.87	3.87104	1978	235
3.69/3.87	3.87158	1977	238
3.69/3.87	3.87262	1976	244
3.69/3.87	3.87298	1975	246
3.69/3.87	3.87429	1974	251
3.69/3.87	3.875	1973	255
3.69/3.88	3.87682	1972	260
3.69/3.88	3.87926	1971	272
3.69/3.88	3.8809	1970	281
3.69/3.88	3.88147	1969	284
3.69/3.88	3.88249	1968	287
3.69/3.88	3.88412	1967	293
3.69/3.88	3.88532	1966	297
3.69/3.89	3.88723	1965	309
3.69/3.89	3.88886	1964	316
3.69/3.89	3.88921	1963	318
3.69/3.89	3.88959	1962	320
3.69/3.89	3.89091	1961	325
3.69/3.89	3.89302	1960	335
3.69/3.90	3.8971	1959	353
3.69/3.90	3.89957	1958	370
3.69/3.90	3.90054	1957	374
3.69/3.90	3.9014	1956	379
3.69/3.90	3.90194	1955	381
3.69/3.90	3.90285	1954	385
3.69/3.90	3.90402	1953	389
3.69/3.91	3.91253	1952	440
3.69/3.91	3.91543	1951	461
3.69/3.92	3.91661	1950	467
3.69/3.92	3.91862	1949	476
3.69/3.92	3.91978	1948	483
3.69/3.92	3.92068	1947	488
3.69/3.92	3.92108	1946	490
3.69/3.92	3.92305	1945	497
3.69/3.92	3.92411	1944	504
3.69/3.92	3.92553	1943	509
3.69/3.93	3.92699	1942	519
3.69/3.93	3.92744	1941	521
3.69/3.93	3.92852	1940	526
3.69/3.93	3.92903	1939	529
3.69/3.93	3.93004	1938	537
3.69/3.93	3.93183	1937	544
3.69/3.93	3.93222	1936	546
3.69/3.93	3.93358	1935	551
3.69/3.94	3.93606	1934	561
3.69/3.94	3.93902	1933	573
3.69/3.94	3.93975	1932	576
3.69/3.94	3.94139	1931	584
3.69/3.94	3.94224	1930	588
3.69/3.94	3.9434	1929	594
3.69/3.94	3.94431	1928	598
3.69/3.94	3.94572	1927	603
3.69/3.95	3.94745	1926	612
3.69/3.95	3.94882	1924	617
3.69/3.95	3.9505	1923	630
3.69/3.95	3.95151	1922	636
3.69/3.95	3.95348	1921	642
3.69/3.95	3.95459	1920	650
3.69/3.95	3.955	1919	652
3.69/3.96	3.95633	1918	659
3.69/3.96	3.95701	1917	661
3.69/3.96	3.95931	1916	670
3.69/3.96	3.96122	1915	676
3.69/3.96	3.96225	1914	680
3.69/3.96	3.9634	1913	686
3.69/3.96	3.96397	1912	689
3.69/3.97	3.96643	1911	705
3.69/3.97	3.96806	1910	713
3.69/3.97	3.96852	1909	715
3.69/3.97	3.97017	1908	723
3.69/3.97	3.97068	1907	725
3.69/3.97	3.97302	1906	742
3.69/3.97	3.97365	1905	745
3.69/3.97	3.97519	1904	755
3.69/3.98	3.9761	1903	761
3.69/3.98	3.97664	1902	763
3.69/3.98	3.97742	1901	767
3.69/3.98	3.97992	1900	779
3.69/3.98	3.98165	1899	790
3.69/3.98	3.98346	1898	800
3.69/3.98	3.98419	1897	803
3.69/3.98	3.98565	1896	812
3.69/3.99	3.98832	1895	824
3.69/3.99	3.98981	1894	833
3.69/3.99	3.99275	1893	849
3.69/3.99	3.9942	1892	854
3.69/3.99	3.99567	1891	862
3.69/4.00	3.99741	1890	873
3.69/4.00	4.00032	1889	887
3.69/4.00	4.00212	1888	897
3.69/4.00	4.00287	1887	901
3.69/4.00	4.00522	1886	916
3.69/4.01	4.01098	1885	936
3.69/4.01	4.01248	1884	942
3.69/4.02	4.01946	1883	981
3.69/4.02	4.02316	1882	1000
3.69/4.02	4.0256	1881	1006
3.69/4.03	4.02794	1880	1017
3.69/4.03	4.03299	1879	1039
3.69/4.03	4.0349	1878	1047
3.69/4.04	4.03695	1877	1054
3.69/4.04	4.04057	1876	1079
3.69/4.04	4.04332	1875	1092
3.69/4.04	4.04382	1874	1094
3.69/4.04	4.04548	1873	1104
3.69/4.05	4.04684	1872	1111
3.69/4.05	4.04846	1871	1118
3.69/4.05	4.04961	1870	1124
3.69/4.05	4.05159	1869	1132
3.69/4.05	4.05312	1868	1142
3.69/4.05	4.05526	1867	1151
3.69/4.06	4.05778	1866	1160
3.69/4.07	4.0663	1865	1229
3.69/4.07	4.06962	1864	1247
3.69/4.07	4.07508	1863	1278
3.69/4.08	4.07733	1862	1285
3.69/4.08	4.07888	1861	1291
3.69/4.08	4.07977	1860	1296
3.69/4.08	4.08554	1859	1337
3.69/4.09	4.08744	1858	1344
3.69/4.09	4.09193	1857	1369
3.69/4.09	4.09372	1856	1378
3.69/4.09	4.09572	1855	1390
3.69/4.10	4.09857	1854	1403
3.69/4.10	4.10074	1853	1417
3.69/4.11	4.11055	1852	1492
3.69/4.11	4.11249	1851	1506
3.69/4.11	4.11372	1850	1515
3.69/4.12	4.11718	1849	1536
3.69/4.12	4.12342	1848	1576
3.69/4.12	4.12422	1847	1580
3.69/4.13	4.12824	1846	1612
3.69/4.13	4.13042	1845	1631
3.69/4.13	4.13438	1844	1664
3.69/4.14	4.13671	1843	1682
3.69/4.14	4.14199	1842	1709
3.69/4.14	4.14405	1841	1726
3.69/4.15	4.14588	1840	1736
3.69/4.16	4.15679	1839	1815
3.69/4.16	4.15811	1838	1823
3.69/4.16	4.15939	1837	1828
3.69/4.16	4.16132	1836	1836
3.69/4.18	4.18251	1835	1963
3.69/4.18	4.18449	1834	1975
3.69/4.18	4.18509	1833	1978
3.69/4.19	4.19047	1832	2017
3.69/4.19	4.19149	1831	2021
3.69/4.19	4.19376	1830	2039
3.69/4.19	4.19483	1829	2046
3.69/4.20	4.20283	1828	2110
3.69/4.21	4.21015	1827	2167
3.69/4.21	4.21321	1826	2187
3.69/4.21	4.21434	1825	2193
3.69/4.22	4.21767	1824	2216
3.69/4.22	4.22025	1823	2232
3.69/4.23	4.22995	1822	2303
3.69/4.24	4.24462	1821	2415
3.69/4.25	4.24596	1820	2424
3.69/4.25	4.24715	1819	2429
3.69/4.25	4.24946	1818	2443
3.69/4.25	4.25433	1817	2478
3.69/4.26	4.25951	1816	2511
3.69/4.26	4.26148	1815	2524
3.69/4.26	4.26471	1814	2549
3.69/4.27	4.26746	1813	2564
3.69/4.27	4.27154	1812	2597
3.69/4.28	4.27613	1811	2625
3.69/4.28	4.28453	1810	2674
3.69/4.29	4.28724	1809	2693
4.28/4.30	4.29838	1808	2775
4.28/4.30	4.29981	1807	2785
4.28/4.30	4.30152	1806	2790
4.28/4.31	4.30814	1805	2813
4.28/4.31	4.31435	1804	2863
4.28/4.32	4.32172	1803	2908
4.28/4.33	4.33419	1802	3013
4.28/4.33	4.33562	1801	3019
4.28/4.34	4.33744	1800	3031
4.28/4.34	4.33963	1799	3038
4.28/4.35	4.35565	1798	3170
4.36/4.38	4.37845	1797	3310
4.36/4.39	4.38676	1796	3379
4.36/4.39	4.39336	1795	3431
4.38/4.40	4.40122	1794	3493
4.38/4.42	4.41903	1793	3603
4.38/4.44	4.44393	1792	3802
4.38/4.45	4.44706	1791	3818
4.38/4.45	4.44822	1790	3823
4.38/4.46	4.46027	1789	3896
4.38/4.48	4.47963	1788	4043
4.38/4.49	4.48771	1787	4105
4.48/4.51	4.51061	1786	4288
4.48/4.56	4.56349	1785	4697
4.48/4.56	4.56498	1784	4703
4.48/4.57	4.57432	1783	4768
4.48/4.58	4.58324	1782	4837
4.59/4.66	4.65672	1781	5328
4.59/4.66	4.65928	1780	5345
4.59/4.66	4.66522	1779	5396
4.59/4.67	4.66842	1778	5420
4.59/4.67	4.67434	1777	5467
4.59/4.68	4.67761	1776	5487
4.59/4.69	4.68642	1775	5554
4.59/4.69	4.69053	1774	5583
4.69/4.71	4.70914	1773	5697
4.69/4.71	4.71321	1772	5727
4.69/4.73	4.7337	1771	5847
4.69/4.73	4.73548	1770	5857
4.69/4.75	4.75063	1769	5995
4.79/4.82	4.81765	1768	6437
4.79/4.82	4.82556	1767	6486
4.79/4.86	4.86407	1766	6716
4.79/4.86	4.86461	1765	6719
4.79/4.88	4.87783	1764	6819
4.79/4.89	4.89553	1763	6962
4.89/4.90	4.9029	1762	7014
4.89/4.96	4.9641	1761	7451
4.89/4.99	4.98714	1760	7636
4.99/5.04	5.04213	1759	7993
5.19/5.32	5.32175	1758	9593
5.19/5.33	5.32631	1757	9625
5.19/5.52	5.51994	1756	11122
5.19/5.58	5.5769	1755	11544
5.19/5.59	5.59169	1754	11651
5.19/5.60	5.59822	1753	11701
5.19/5.68	5.68187	1752	12295
5.19/5.73	5.72677	1751	12641
5.89/5.98	5.97648	1750	14579
6.19/6.20	6.19832	1749	16556
6.19/6.29	6.29404	1748	17316
6.49/6.59	6.58568	1747	19850
6.70/6.78	6.7801	1746	21264
6.70/6.94	6.93916	1745	22460
6.70/6.97	6.96632	1744	22681
6.70/7.10	7.09716	1743	23591
6.70/7.16	7.1628	1742	23994
7.49/7.57	7.57077	1741	26876
8.09/8.19	8.18843	1740	31668
8.09/8.19	8.19284	1739	31696
9.58/9.90	9.89616	1738	42688
10.79/10.80	10.7962	1737	48744
10.79/10.88	10.8779	1736	49394
10.89/10.97	10.9656	1735	50089
12.49/12.50	12.5031	1734	58572
12.49/12.93	12.9279	1733	61154
12.49/12.94	12.9407	1732	61253
13.28/13.31	13.3131	1731	63306
17.89/17.94	17.9429	1730	82540
17.89/17.94	17.9452	1729	82552
17.99/18.00	17.9967	1728	82946
18.39/18.67	18.6666	1727	87274
19.89/19.90	19.9014	1726	94811
19.89/20.24	20.2353	1725	97252
21.19/21.23	21.2286	1724	102856
21.39/21.81	21.8091	1723	106870
22.08/22.11	22.1089	1722	109069
28.79/29.15	29.1541	1721	151575
28.79/29.24	29.24	1720	152241
29.59/29.66	29.6637	1719	154631
30.29/30.34	30.3431	1718	159350
30.29/30.46	30.4626	1717	160139
84.69/84.70	84.6944	1716	319590
88.31/88.33	88.3296	1715	341377
89.99/90.07	90.0697	1714	352229
104.78/104.86	104.853	1713	428855
144.39/144.47	144.47	1712	608759
152.28/152.62	152.617	1711	642471
156.68/156.80	156.794	1710	663738
162.69/163.14	163.133	1709	690593
