3.68/3.78	3.78476	2026	0
3.68/3.78	3.78687	2025	7
3.68/3.79	3.78728	2024	9
3.68/3.79	3.788	2023	14
3.68/3.79	3.79031	2022	25
3.68/3.79	3.79119	2021	29
3.68/3.79	3.79382	2019	39
3.68/3.79	3.79503	2018	43
3.68/3.79	3.79629	2017	49
3.68/3.80	3.79721	2016	53
3.78/3.80	3.79858	2015	59
3.78/3.80	3.79929	2014	62
3.78/3.80	3.79958	2013	63
3.78/3.80	3.80042	2012	67
3.78/3.80	3.80093	2011	69
3.78/3.80	3.8016	2010	74
3.78/3.80	3.80335	2008	79
3.78/3.80	3.8039	2007	83
3.78/3.80	3.80439	2006	85
3.78/3.80	3.80565	2005	94
3.78/3.80	3.80646	2004	97
3.78/3.81	3.80793	2003	102
3.78/3.81	3.80871	2002	105
3.78/3.81	3.8097	2001	109
3.78/3.81	3.81007	2000	111
3.78/3.81	3.81035	1999	112
3.78/3.81	3.81059	1998	113
3.78/3.81	3.81285	1997	125
3.78/3.81	3.81457	1996	133
3.78/3.81	3.81491	1995	135
3.78/3.82	3.81759	1994	148
3.78/3.82	3.82003	1993	157
3.78/3.82	3.82139	1992	161
3.78/3.82	3.8224	1991	166
3.78/3.82	3.82356	1990	173
3.78/3.82	3.82625	1989	182
3.78/3.83	3.82945	1988	201
3.78/3.83	3.83155	1987	214
3.78/3.83	3.83216	1986	217
3.78/3.83	3.83344	1985	222
3.78/3.83	3.8344	1984	226
3.78/3.83	3.83594	1983	236
3.78/3.83	3.83704	1982	242
3.78/3.84	3.83733	1981	243
3.78/3.84	3.83839	1980	250
3.78/3.84	3.84056	1979	266
3.78/3.84	3.84327	1978	276
3.78/3.84	3.84373	1977	278
3.78/3.84	3.84608	1976	289
3.78/3.84	3.84673	1975	292
3.78/3.85	3.84776	1974	298
3.78/3.85	3.84886	1973	304
3.78/3.85	3.85007	1972	310
3.78/3.85	3.85099	1971	316
3.78/3.85	3.85148	1970	318
3.78/3.85	3.85204	1969	321
3.78/3.85	3.85338	1968	327
3.78/3.85	3.85595	1967	332
3.78/3.86	3.85942	1966	351
3.78/3.86	3.86068	1965	356
3.78/3.86	3.86206	1964	360
3.78/3.86	3.86247	1963	363
3.78/3.86	3.86292	1962	365
3.78/3.86	3.86318	1961	366
3.78/3.86	3.86619	1960	377
3.78/3.87	3.8683	1959	387
3.78/3.87	3.8686	1958	388
3.78/3.87	3.87038	1957	395
3.78/3.87	3.87216	1955	408
3.78/3.87	3.87453	1953	416
3.78/3.88	3.87818	1952	436
3.78/3.88	3.87972	1951	443
3.78/3.88	3.8811	1950	454
3.78/3.88	3.88364	1948	464
3.78/3.88	3.88482	1947	470
3.78/3.89	3.88842	1946	486
3.78/3.89	3.88876	1945	488
3.78/3.89	3.89078	1944	500
3.78/3.89	3.89256	1943	513
3.78/3.89	3.89379	1942	520
3.78/3.89	3.89487	1941	525
3.78/3.89	3.89597	1940	534
3.78/3.89	3.89671	1939	538
3.88/3.90	3.89748	1938	542
3.88/3.90	3.90002	1937	560
3.88/3.90	3.90293	1936	585
3.88/3.90	3.9046	1935	591
3.88/3.90	3.90539	1934	594
3.88/3.91	3.9077	1933	612
3.88/3.91	3.90827	1932	615
3.88/3.91	3.90888	1931	618
3.88/3.91	3.90926	1930	620
3.88/3.91	3.91006	1929	625
3.88/3.91	3.91137	1928	630
3.88/3.91	3.91205	1927	633
3.88/3.91	3.91259	1926	635
3.88/3.91	3.91337	1925	639
3.88/3.91	3.9139	1924	642
3.88/3.92	3.91734	1923	650
3.88/3.92	3.91908	1922	656
3.88/3.92	3.9199	1921	661
3.88/3.92	3.92039	1920	664
3.88/3.92	3.92129	1919	670
3.88/3.92	3.92252	1918	677
3.88/3.92	3.9229	1917	679
3.88/3.92	3.92354	1916	683
3.88/3.92	3.92449	1915	686
3.88/3.93	3.92772	1914	702
3.88/3.93	3.9295	1913	714
3.88/3.93	3.93183	1912	731
3.88/3.93	3.93296	1911	738
3.88/3.93	3.93529	1910	748
3.88/3.94	3.93736	1909	757
3.88/3.94	3.93947	1908	770
3.88/3.94	3.94044	1907	774
3.88/3.94	3.94128	1906	778
3.88/3.94	3.94329	1905	792
3.88/3.94	3.94576	1904	811
3.88/3.94	3.9467	1903	815
3.88/3.95	3.94767	1902	822
3.88/3.95	3.94798	1901	823
3.88/3.95	3.94971	1900	828
3.88/3.95	3.95203	1899	846
3.88/3.95	3.95356	1898	855
3.88/3.95	3.95463	1897	860
3.88/3.95	3.9569	1896	876
3.88/3.96	3.95885	1895	882
3.88/3.96	3.9598	1894	886
3.88/3.96	3.96279	1893	906
3.88/3.96	3.96469	1892	919
3.88/3.96	3.96596	1891	924
3.88/3.97	3.96785	1890	930
3.88/3.97	3.96906	1889	936
3.88/3.97	3.96993	1888	943
3.88/3.97	3.97114	1887	950
3.88/3.97	3.97262	1886	960
3.88/3.98	3.97848	1885	1005
3.88/3.98	3.9792	1884	1009
3.88/3.98	3.98159	1883	1024
3.88/3.98	3.98387	1882	1038
3.88/3.98	3.9846	1881	1041
3.88/3.99	3.9884	1880	1060
3.88/3.99	3.98957	1879	1066
3.88/3.99	3.99183	1878	1082
3.88/3.99	3.99267	1877	1086
3.88/3.99	3.99391	1876	1095
3.99/4.00	3.99502	1875	1101
3.99/4.00	3.99831	1874	1126
3.99/4.00	4.00286	1873	1153
3.99/4.00	4.00387	1872	1156
3.99/4.00	4.00588	1871	1169
3.99/4.00	4.0065	1870	1173
3.99/4.01	4.01183	1869	1181
3.99/4.02	4.01793	1868	1219
3.99/4.02	4.01938	1867	1224
3.99/4.05	4.05143	1866	1408
3.99/4.05	4.05359	1865	1420
3.99/4.05	4.05454	1864	1424
3.99/4.05	4.05593	1863	1430
3.99/4.06	4.05977	1862	1453
3.99/4.06	4.06273	1861	1466
3.99/4.06	4.06495	1860	1476
3.99/4.07	4.06999	1859	1513
3.99/4.07	4.07092	1858	1517
3.99/4.07	4.07315	1857	1529
3.99/4.07	4.07557	1856	1541
3.99/4.07	4.07696	1855	1548
3.99/4.08	4.07959	1854	1566
3.99/4.08	4.08039	1853	1569
3.99/4.08	4.08598	1852	1603
3.99/4.09	4.08858	1851	1620
3.99/4.09	4.08939	1850	1625
3.99/4.09	4.09041	1849	1631
3.99/4.09	4.09229	1848	1638
3.99/4.09	4.09458	1847	1644
3.99/4.09	4.09552	1846	1651
3.99/4.09	4.09646	1845	1657
4.09/4.10	4.09952	1844	1671
4.09/4.10	4.10142	1843	1679
4.09/4.10	4.10239	1842	1683
4.09/4.10	4.10333	1841	1687
4.09/4.11	4.10732	1840	1714
4.09/4.11	4.10969	1839	1731
4.09/4.11	4.11096	1838	1737
4.09/4.12	4.12024	1837	1789
4.09/4.13	4.12842	1836	1855
4.09/4.13	4.12944	1835	1860
4.09/4.13	4.13695	1834	1913
4.09/4.14	4.13907	1833	1925
4.09/4.14	4.14299	1832	1952
4.09/4.15	4.15159	1831	2008
4.09/4.15	4.15375	1830	2021
4.09/4.15	4.15682	1829	2042
4.09/4.16	4.15795	1828	2046
4.09/4.16	4.16377	1827	2089
4.09/4.17	4.17312	1826	2165
4.09/4.18	4.17866	1825	2209
4.09/4.18	4.18152	1824	2232
4.09/4.19	4.19021	1823	2302
4.19/4.21	4.21414	1822	2497
4.19/4.22	4.2172	1821	2515
4.19/4.22	4.21929	1820	2527
4.19/4.22	4.22315	1819	2551
4.19/4.22	4.22638	1818	2572
4.19/4.23	4.22951	1817	2585
4.19/4.23	4.23664	1816	2626
4.19/4.24	4.24498	1815	2692
4.19/4.25	4.25327	1814	2734
4.19/4.25	4.25548	1813	2749
4.19/4.27	4.27539	1812	2900
4.19/4.28	4.27757	1811	2907
4.19/4.30	4.30541	1810	3124
4.19/4.31	4.31209	1809	3166
4.19/4.35	4.34772	1808	3447
4.19/4.37	4.36747	1807	3604
4.19/4.37	4.3735	1806	3648
4.19/4.40	4.39817	1805	3840
4.19/4.40	4.40712	1804	3897
4.19/4.42	4.42206	1803	4011
4.19/4.43	4.43049	1802	4070
4.19/4.43	4.43236	1801	4084
4.19/4.45	4.45403	1800	4254
4.56/4.57	4.57104	1799	5080
4.56/4.58	4.58392	1798	5167
4.56/4.59	4.59258	1797	5232
4.56/4.68	4.68314	1796	5746
4.56/4.68	4.68495	1795	5754
4.56/4.69	4.68891	1794	5784
4.69/4.70	4.70521	1793	5911
4.79/4.81	4.81137	1792	6580
4.79/4.81	4.81529	1791	6589
4.89/4.96	4.96206	1790	7453
4.89/4.96	4.9669	1789	7485
4.89/4.97	4.97149	1788	7517
4.89/4.98	4.98613	1787	7636
4.99/5.02	5.01801	1786	7854
4.99/5.02	5.01907	1785	7861
4.99/5.04	5.04702	1784	8081
5.09/5.14	5.14689	1783	8886
5.09/5.18	5.17714	1782	9131
5.19/5.24	5.23792	1781	9583
5.19/5.26	5.26484	1780	9796
5.29/5.37	5.36973	1779	10679
5.29/5.38	5.3793	1778	10751
5.29/5.38	5.3813	1777	10764
5.39/5.42	5.41818	1776	11063
5.49/5.57	5.56711	1775	11966
5.49/5.62	5.6241	1774	12416
5.49/5.72	5.72286	1773	12965
5.49/5.72	5.72504	1772	12974
5.49/5.73	5.73491	1771	13060
5.49/5.98	5.97823	1770	14980
5.49/6.12	6.12461	1769	16156
6.13/6.16	6.16295	1768	16435
6.30/6.34	6.34447	1767	17746
6.30/6.34	6.34557	1766	17751
6.49/6.56	6.56009	1765	19036
6.89/6.99	6.98943	1764	21926
6.99/7.09	7.09577	1763	22719
7.10/7.21	7.21587	1762	23533
7.10/7.45	7.45464	1761	25174
7.51/7.64	7.64248	1760	26547
7.79/7.89	7.89535	1759	28264
7.89/7.91	7.9081	1758	28354
7.89/7.93	7.9351	1757	28566
7.99/8.02	8.02011	1756	29203
8.39/8.42	8.4193	1755	31635
8.49/8.68	8.68214	1754	33104
8.49/8.75	8.75562	1753	33665
8.49/8.82	8.8204	1752	34171
8.49/8.82	8.82564	1751	34211
9.11/9.14	9.14461	1750	36575
9.11/9.15	9.14805	1749	36596
9.29/9.37	9.37195	1748	38186
9.49/9.54	9.54557	1747	39384
9.99/10.54	10.539	1746	46093
9.99/10.56	10.5654	1745	46286
10.43/10.60	10.6068	1744	46580
10.43/10.61	10.614	1743	46627
10.79/10.80	10.7977	1742	47901
10.79/10.86	10.8601	1741	48376
10.89/10.94	10.9441	1740	48996
11.09/11.13	11.1348	1739	50165
11.48/11.53	11.5287	1738	52672
11.48/11.80	11.7984	1737	54551
12.18/12.26	12.2622	1736	57356
12.18/12.27	12.2739	1735	57450
12.58/12.68	12.6804	1734	59956
12.88/13.22	13.2219	1733	63733
12.88/13.28	13.2795	1732	64115
13.69/13.79	13.7914	1731	66831
15.88/16.10	16.1053	1730	79896
16.49/16.52	16.5213	1729	82612
16.79/16.83	16.8336	1728	85032
18.79/18.85	18.8532	1727	97163
18.89/19.03	19.0273	1726	98299
19.49/19.59	19.59	1725	102284
19.69/19.76	19.7651	1724	103366
21.79/21.85	21.8543	1723	115589
24.09/24.10	24.103	1722	130395
35.19/35.66	35.657	1721	184179
36.79/37.08	37.0776	1720	191024
37.88/37.90	37.8971	1719	196023
38.18/38.31	38.309	1718	198495
47.09/47.16	47.1577	1717	236916
47.19/47.33	47.3316	1716	238147
47.90/47.92	47.9178	1715	242309
57.09/57.15	57.1473	1714	287409
73.89/73.90	73.8967	1713	360872
73.99/74.45	74.4466	1712	364846
74.70/74.72	74.7206	1711	366555
88.79/88.83	88.8284	1710	443866
158.78/158.80	158.799	1709	711631
245.28/245.48	245.47	1708	1046538
310.48/310.57	310.564	1707	1303956
