3.69/3.76	3.76255	2031	0
3.69/3.76	3.76404	2030	5
3.69/3.76	3.76441	2029	6
3.69/3.76	3.76467	2028	7
3.69/3.76	3.76631	2027	15
3.69/3.76	3.7667	2026	17
3.69/3.77	3.7672	2025	19
3.69/3.77	3.76755	2024	20
3.69/3.77	3.76888	2023	29
3.69/3.77	3.76971	2022	33
3.69/3.77	3.77013	2021	35
3.69/3.77	3.771	2020	39
3.69/3.77	3.77184	2019	43
3.69/3.77	3.77272	2018	49
3.69/3.77	3.77339	2017	52
3.69/3.77	3.77458	2016	59
3.69/3.77	3.77508	2015	61
3.69/3.77	3.77638	2014	67
3.69/3.78	3.7772	2013	71
3.69/3.78	3.77776	2012	73
3.69/3.78	3.78001	2011	86
3.69/3.78	3.78297	2009	95
3.69/3.78	3.78517	2008	110
3.69/3.78	3.78646	2007	116
3.69/3.78	3.78671	2006	117
3.69/3.79	3.78803	2005	123
3.69/3.79	3.78948	2004	129
3.69/3.79	3.79028	2003	133
3.69/3.79	3.79061	2002	134
3.69/3.79	3.79222	2001	144
3.69/3.79	3.7925	2000	145
3.69/3.79	3.79367	1999	150
3.69/3.79	3.79414	1998	152
3.69/3.79	3.79536	1997	159
3.69/3.79	3.79617	1996	165
3.69/3.80	3.79724	1995	169
3.79/3.80	3.79778	1994	171
3.79/3.80	3.79847	1993	174
3.79/3.80	3.79931	1992	179
3.79/3.80	3.80081	1991	186
3.79/3.80	3.8019	1990	192
3.79/3.80	3.80275	1989	196
3.79/3.80	3.80406	1988	204
3.79/3.80	3.80547	1987	212
3.79/3.81	3.8073	1986	220
3.79/3.81	3.809	1985	229
3.79/3.81	3.81007	1984	234
3.79/3.81	3.81084	1983	237
3.79/3.81	3.8111	1982	238
3.79/3.81	3.81176	1981	241
3.79/3.81	3.81375	1980	257
3.79/3.81	3.81464	1979	261
3.79/3.82	3.81787	1978	278
3.79/3.82	3.81909	1977	282
3.79/3.82	3.81978	1976	285
3.79/3.82	3.82219	1975	295
3.79/3.82	3.82425	1973	305
3.79/3.82	3.82659	1972	317
3.79/3.83	3.83066	1971	340
3.79/3.83	3.83144	1970	346
3.79/3.83	3.83194	1969	349
3.79/3.83	3.8324	1968	352
3.79/3.83	3.83334	1967	357
3.79/3.83	3.83592	1966	371
3.79/3.83	3.83704	1965	375
3.79/3.84	3.83803	1964	379
3.79/3.84	3.83904	1963	384
3.79/3.84	3.84073	1962	394
3.79/3.84	3.84347	1961	413
3.79/3.84	3.8441	1960	417
3.79/3.84	3.84488	1959	420
3.79/3.84	3.84555	1958	423
3.79/3.84	3.84655	1957	430
3.79/3.85	3.84715	1956	432
3.79/3.85	3.84832	1955	436
3.79/3.85	3.84869	1954	437
3.79/3.85	3.8499	1953	443
3.79/3.85	3.85162	1952	457
3.79/3.85	3.85276	1951	464
3.79/3.85	3.85583	1950	474
3.79/3.86	3.85866	1949	494
3.79/3.86	3.86249	1948	512
3.79/3.86	3.86282	1947	514
3.79/3.86	3.86574	1946	535
3.79/3.86	3.86686	1945	542
3.79/3.87	3.86933	1944	551
3.79/3.87	3.87075	1943	559
3.79/3.87	3.87147	1942	562
3.79/3.87	3.87327	1941	568
3.79/3.87	3.87506	1940	574
3.79/3.87	3.87622	1939	579
3.79/3.88	3.87784	1938	590
3.79/3.88	3.87838	1937	593
3.79/3.88	3.87905	1936	596
3.79/3.88	3.88063	1935	602
3.79/3.88	3.88151	1934	606
3.79/3.88	3.88377	1933	616
3.79/3.88	3.88487	1932	622
3.79/3.88	3.88547	1931	625
3.79/3.89	3.88927	1930	640
3.79/3.89	3.89103	1929	647
3.79/3.89	3.89215	1928	654
3.79/3.89	3.89398	1927	666
3.79/3.89	3.89462	1926	669
3.79/3.89	3.89648	1925	678
3.89/3.90	3.89896	1924	690
3.89/3.90	3.89953	1923	693
3.89/3.90	3.89981	1922	694
3.89/3.90	3.90302	1921	720
3.89/3.90	3.90347	1920	722
3.89/3.90	3.90529	1919	729
3.89/3.91	3.90868	1918	745
3.89/3.91	3.91252	1917	769
3.89/3.91	3.91682	1916	792
3.89/3.92	3.91751	1915	797
3.89/3.92	3.918	1914	799
3.89/3.92	3.92048	1913	811
3.89/3.92	3.92336	1912	827
3.89/3.92	3.92515	1911	838
3.89/3.93	3.92766	1910	846
3.89/3.93	3.9294	1909	852
3.89/3.93	3.93064	1908	860
3.89/3.93	3.93257	1907	867
3.89/3.93	3.93433	1906	880
3.89/3.93	3.93616	1905	894
3.89/3.94	3.93886	1904	910
3.89/3.94	3.94013	1903	915
3.89/3.94	3.94128	1901	921
3.89/3.94	3.9469	1900	961
3.89/3.95	3.94913	1899	973
3.89/3.95	3.95082	1898	979
3.89/3.95	3.95254	1897	988
3.89/3.95	3.95436	1896	997
3.89/3.95	3.95549	1895	1002
3.89/3.95	3.95655	1894	1006
3.89/3.96	3.95756	1893	1010
3.89/3.96	3.96208	1892	1033
3.89/3.96	3.96242	1891	1035
3.89/3.96	3.966	1890	1054
3.89/3.97	3.96891	1889	1063
3.89/3.97	3.97018	1888	1069
3.89/3.97	3.97071	1887	1071
3.89/3.97	3.97163	1886	1075
3.89/3.98	3.97818	1885	1114
3.89/3.98	3.97908	1884	1118
3.89/3.98	3.97977	1883	1121
3.89/3.98	3.98022	1882	1123
3.89/3.98	3.98159	1881	1128
3.89/3.98	3.98217	1880	1131
3.89/3.98	3.9854	1879	1150
3.89/3.99	3.98751	1878	1163
3.89/3.99	3.9885	1877	1169
3.89/3.99	3.98918	1876	1174
3.89/3.99	3.99087	1875	1186
3.89/3.99	3.99308	1874	1204
3.99/4.00	3.99903	1873	1235
3.99/4.00	4.0006	1872	1243
3.99/4.00	4.00113	1871	1245
3.99/4.00	4.00377	1870	1261
3.99/4.01	4.01181	1869	1300
3.99/4.01	4.01382	1868	1309
3.99/4.01	4.01508	1867	1313
3.99/4.02	4.01797	1866	1329
3.99/4.02	4.02135	1865	1353
3.99/4.03	4.02771	1864	1395
3.99/4.03	4.02879	1863	1399
3.99/4.03	4.03157	1862	1419
3.99/4.04	4.03765	1861	1462
3.99/4.04	4.04169	1860	1487
3.99/4.04	4.04544	1859	1510
3.99/4.05	4.04885	1858	1533
3.99/4.05	4.04944	1857	1536
3.99/4.05	4.05206	1856	1553
3.99/4.06	4.05859	1855	1599
3.99/4.06	4.06556	1854	1649
3.99/4.07	4.07409	1853	1705
3.99/4.07	4.07556	1852	1716
3.99/4.08	4.07998	1851	1743
3.99/4.08	4.08093	1850	1747
3.99/4.08	4.08243	1849	1757
3.99/4.08	4.08359	1848	1764
3.99/4.08	4.08526	1847	1769
3.99/4.08	4.08688	1846	1777
3.99/4.09	4.09088	1845	1805
3.99/4.09	4.09611	1844	1842
3.99/4.11	4.11447	1843	1989
3.99/4.12	4.11954	1842	2016
3.99/4.13	4.12862	1841	2075
3.99/4.13	4.13508	1840	2126
3.99/4.13	4.13656	1839	2134
3.99/4.15	4.14712	1838	2215
3.99/4.15	4.1526	1837	2256
3.99/4.16	4.16685	1836	2346
3.99/4.17	4.17148	1835	2378
3.99/4.17	4.17244	1834	2383
3.99/4.17	4.17404	1833	2394
3.99/4.17	4.17663	1832	2412
3.99/4.18	4.17923	1831	2429
3.99/4.18	4.18065	1830	2435
3.99/4.19	4.18722	1829	2489
3.99/4.19	4.19298	1828	2520
3.99/4.20	4.19887	1827	2568
3.99/4.20	4.20143	1826	2583
3.99/4.20	4.20243	1825	2587
3.99/4.23	4.23363	1824	2730
3.99/4.24	4.24215	1823	2780
3.99/4.24	4.24297	1822	2784
3.99/4.24	4.24418	1821	2791
3.99/4.25	4.24766	1820	2813
3.99/4.25	4.24814	1819	2815
3.99/4.27	4.27342	1818	3014
3.99/4.29	4.28806	1817	3128
3.99/4.30	4.30681	1816	3280
3.99/4.31	4.30945	1815	3289
3.99/4.32	4.3202	1814	3369
3.99/4.32	4.32314	1813	3378
3.99/4.34	4.34148	1812	3522
3.99/4.35	4.34889	1811	3575
3.99/4.36	4.36244	1810	3685
3.99/4.36	4.36494	1809	3701
3.99/4.37	4.37658	1808	3786
3.99/4.40	4.40233	1807	3972
3.99/4.42	4.4213	1806	4126
3.99/4.42	4.42331	1805	4132
3.99/4.43	4.4326	1804	4207
3.99/4.44	4.43914	1803	4261
3.99/4.44	4.44445	1802	4300
3.99/4.44	4.44522	1801	4304
3.99/4.45	4.45617	1800	4364
3.99/4.48	4.48221	1799	4572
3.99/4.48	4.48445	1798	4584
4.48/4.49	4.49396	1797	4660
4.48/4.50	4.49801	1796	4691
4.48/4.51	4.50706	1795	4760
4.48/4.53	4.53029	1794	4944
4.48/4.56	4.56525	1793	5214
4.48/4.62	4.62664	1792	5637
4.63/4.67	4.66704	1791	5894
4.63/4.67	4.67007	1790	5913
4.63/4.68	4.6775	1789	5973
4.63/4.68	4.67841	1788	5979
4.63/4.68	4.68664	1787	6043
4.63/4.69	4.68931	1786	6055
4.63/4.69	4.69053	1785	6061
4.63/4.69	4.69453	1784	6093
4.63/4.69	4.69561	1783	6098
4.69/4.70	4.70003	1782	6131
4.69/4.70	4.70686	1781	6185
4.69/4.71	4.70991	1780	6205
4.69/4.71	4.71107	1779	6210
4.79/4.83	4.82738	1778	6889
4.79/4.83	4.82954	1777	6900
4.79/4.84	4.83964	1776	6980
4.79/4.86	4.85914	1775	7120
4.79/4.86	4.86415	1774	7156
4.79/4.89	4.89123	1773	7375
4.99/5.01	5.01455	1772	8188
4.99/5.03	5.03167	1771	8322
4.99/5.04	5.04142	1770	8382
5.09/5.18	5.17847	1769	9274
5.19/5.20	5.19836	1768	9428
5.19/5.22	5.21985	1767	9603
5.19/5.22	5.2227	1766	9620
5.29/5.30	5.29922	1765	10216
5.29/5.30	5.30685	1764	10270
5.29/5.33	5.33597	1763	10479
5.29/5.37	5.3743	1762	10780
5.29/5.39	5.38974	1761	10883
5.39/5.43	5.42945	1760	11192
5.49/5.62	5.62215	1759	12374
5.49/5.64	5.64586	1758	12563
5.49/5.71	5.70779	1757	13036
5.49/5.82	5.81974	1756	13874
5.49/5.84	5.84028	1755	14038
6.00/6.03	6.03212	1754	15016
6.00/6.04	6.04461	1753	15114
6.00/6.05	6.05612	1752	15210
6.00/6.06	6.05725	1751	15214
6.10/6.14	6.14416	1750	15888
6.19/6.26	6.26667	1749	16867
6.19/6.28	6.28273	1748	16985
6.29/6.37	6.37352	1747	17561
6.29/6.39	6.39207	1746	17714
6.39/6.48	6.48628	1745	18442
6.49/6.55	6.55619	1744	18947
6.59/6.61	6.60752	1743	19336
6.79/6.80	6.79978	1742	20661
6.99/7.04	7.04022	1741	22506
6.99/7.34	7.33911	1740	24786
7.89/7.96	7.96281	1739	28721
7.99/8.01	8.01271	1738	29052
7.99/8.02	8.02325	1737	29133
7.99/8.08	8.07729	1736	29421
8.09/8.14	8.14119	1735	29812
8.19/8.22	8.22407	1734	30477
9.29/9.36	9.36358	1733	37800
9.39/9.45	9.45239	1732	38423
9.39/9.47	9.47219	1731	38569
10.48/10.57	10.5704	1730	46365
15.58/15.61	15.6131	1729	73618
15.58/15.66	15.6595	1728	73978
16.79/16.85	16.8471	1727	80682
18.79/18.94	18.9459	1726	91695
21.39/21.40	21.4017	1725	106366
25.69/25.75	25.7471	1724	127514
25.79/25.81	25.8147	1723	127888
26.19/26.21	26.2158	1722	131017
27.29/27.34	27.3434	1721	137922
27.84/27.87	27.8663	1720	141669
27.84/28.03	28.0302	1719	142724
29.79/29.84	29.8422	1718	152377
30.59/30.81	30.8162	1717	158258
34.59/34.63	34.6314	1716	181530
99.99/100.22	100.223	1715	419039
103.01/103.18	103.18	1714	434277
109.99/110.00	110.001	1713	472671
197.30/197.68	197.678	1712	796754
204.59/204.99	204.986	1711	834442
211.78/211.85	211.84	1710	874139
533.57/533.69	533.671	1709	1717034
546.27/546.30	546.278	1708	1782829
548.27/548.30	548.275	1707	1793069
560.18/560.33	560.313	1706	1851203
