0.62/0.74	0.666056	236	0
0.62/0.77	0.699655	235	1
0.71/0.81	0.734259	234	5
0.71/0.84	0.767765	233	6
0.71/0.87	0.800158	232	7
0.81/0.91	0.83294	231	8
0.81/0.94	0.864905	230	9
0.81/0.97	0.897591	229	10
0.91/1.00	0.929595	228	11
0.91/1.04	0.961293	227	12
0.91/1.07	0.9926	226	13
1.01/1.10	1.02354	225	14
1.01/1.13	1.05465	224	15
1.01/1.16	1.08574	223	16
1.01/1.19	1.11603	222	17
1.11/1.22	1.14706	221	19
1.11/1.25	1.17689	220	20
1.11/1.28	1.20806	219	22
1.11/1.31	1.2384	218	24
1.11/1.34	1.2688	217	26
1.11/1.37	1.29998	216	29
1.11/1.41	1.33168	215	31
1.11/1.44	1.3621	214	34
1.11/1.47	1.39269	213	36
1.11/1.50	1.4235	212	39
1.11/1.53	1.45619	211	44
1.11/1.56	1.4887	210	50
1.11/1.59	1.5184	209	52
1.11/1.62	1.5475	208	53
1.11/1.65	1.57788	207	56
1.11/1.68	1.60704	206	58
1.62/1.71	1.63977	205	63
1.62/1.74	1.66863	204	65
1.62/1.78	1.70682	203	80
1.73/1.83	1.75378	202	104
1.73/1.86	1.7887	201	114
1.81/1.90	1.82929	200	129
1.81/1.94	1.86159	199	135
1.81/1.99	1.92076	198	183
1.91/2.04	1.96532	197	208
1.91/2.07	1.99492	196	212
2.01/2.10	2.0238	195	215
2.01/2.13	2.0513	194	217
2.01/2.16	2.0811	193	221
2.01/2.19	2.11415	192	232
2.11/2.22	2.14733	191	239
2.11/2.27	2.19565	190	268
2.21/2.30	2.2249	189	272
2.21/2.33	2.2535	188	276
2.21/2.36	2.28276	187	280
2.21/2.39	2.31232	186	285
2.31/2.42	2.3428	185	290
2.31/2.45	2.37144	184	294
2.31/2.48	2.40688	183	307
2.41/2.53	2.45526	182	328
2.41/2.56	2.48266	181	331
2.51/2.60	2.52829	180	357
2.51/2.65	2.57694	179	383
2.51/2.74	2.66142	178	454
2.51/2.78	2.70293	177	476
2.51/2.85	2.77674	176	533
2.51/2.95	2.87586	175	618
2.51/2.98	2.90878	174	629
2.51/3.02	2.94176	173	641
2.51/3.19	3.11937	172	819
3.25/3.36	3.28371	171	991
3.31/3.49	3.41492	170	1109
4.01/4.17	4.0994	169	1878
4.13/4.33	4.25959	168	2067
5.51/5.79	5.7115	167	3864
5.51/5.86	5.78129	166	3917
6.81/6.99	6.918	165	5345
7.11/7.57	7.49193	164	5996
8.01/8.17	8.09664	163	6699
8.51/8.63	8.55312	162	7196
12.91/13.06	12.9857	161	12417
12.91/13.08	13.0091	160	12420
15.91/16.05	15.9724	159	15833
18.91/19.09	19.0156	158	19605
48.51/48.63	48.5497	157	55904
49.91/50.02	49.945	156	57442
58.42/58.55	58.4779	155	67980
341.10/341.27	341.185	154	430271
999.99/1000.10	1278325
