0.19/0.75	0.753001	231	0
0.19/0.79	0.789396	230	1
0.19/0.82	0.825202	229	2
0.19/0.86	0.860668	228	3
0.87/0.89	0.896338	227	4
0.89/0.93	0.93117	226	5
0.89/0.96	0.966561	225	6
0.99/1.00	1.00056	224	7
0.99/1.03	1.03546	223	8
0.99/1.07	1.07023	222	9
1.09/1.10	1.10447	221	10
1.09/1.14	1.13785	220	12
1.09/1.17	1.16994	219	13
1.19/1.20	1.20143	218	14
1.19/1.23	1.23244	217	15
1.19/1.26	1.26387	216	17
1.19/1.29	1.2963	215	20
1.29/1.33	1.32835	214	22
1.29/1.36	1.35871	213	23
1.29/1.39	1.39004	212	25
1.39/1.42	1.42176	211	28
1.39/1.45	1.45081	210	29
1.39/1.48	1.47988	209	30
1.39/1.51	1.51011	208	32
1.51/1.54	1.53926	207	34
1.51/1.57	1.57033	206	37
1.51/1.60	1.59984	205	41
1.61/1.63	1.63164	204	44
1.61/1.66	1.66108	203	46
1.61/1.69	1.69219	202	50
1.69/1.72	1.72321	201	54
1.69/1.77	1.76844	200	75
1.69/1.79	1.79578	199	76
1.79/1.82	1.82609	198	81
1.79/1.85	1.85463	197	84
1.79/1.88	1.88616	196	90
1.79/1.92	1.91933	195	97
1.79/1.95	1.9531	194	104
1.79/1.98	1.98438	193	109
1.79/2.01	2.01702	192	115
1.79/2.05	2.05016	191	121
1.79/2.11	2.11076	190	164
1.79/2.14	2.13877	189	167
1.79/2.17	2.16835	188	171
1.79/2.20	2.19819	187	177
1.79/2.24	2.24277	186	200
1.79/2.27	2.26901	185	202
1.79/2.32	2.31744	184	226
1.79/2.35	2.34826	183	232
1.79/2.38	2.38148	182	241
2.39/2.43	2.43144	181	270
2.39/2.47	2.46782	180	283
2.49/2.54	2.53741	179	343
2.59/2.68	2.6813	178	474
2.69/2.74	2.74471	177	519
2.89/3.01	3.01715	176	783
3.01/3.07	3.07296	175	823
3.11/3.16	3.16516	174	899
3.19/3.21	3.21624	173	928
3.29/3.34	3.34382	172	1055
3.29/3.87	3.87557	171	1667
3.90/3.95	3.95003	170	1728
4.00/4.00	3.99818	169	1757
4.19/4.22	4.22429	168	1998
4.29/4.30	4.29843	167	2059
4.61/4.61	4.61652	166	2421
4.80/5.26	5.26262	165	3151
5.59/5.61	5.61557	164	3517
5.69/5.76	5.76443	163	3656
9.99/10.06	10.0593	162	8833
10.19/10.25	10.2487	161	9016
10.39/10.45	10.4515	160	9228
10.49/10.50	10.4999	159	9259
21.99/22.08	22.0791	158	23511
24.89/24.97	24.9722	157	26778
254.40/254.48	254.472	156	321207
269.78/269.84	269.838	155	340972
999.87/1000.03	1280891
