0.18/0.66	0.650657	225	0
0.18/0.69	0.682937	224	1
0.18/0.72	0.71473	223	2
0.18/0.76	0.746652	222	3
0.18/0.79	0.777582	221	4
0.18/0.82	0.808482	220	5
0.81/0.85	0.839597	219	6
0.81/0.88	0.869786	218	7
0.88/0.91	0.899876	217	8
0.88/0.94	0.930834	216	10
0.88/0.97	0.962628	215	13
0.98/1.00	0.993739	214	16
0.98/1.03	1.0232	213	18
0.98/1.07	1.05541	212	22
1.08/1.10	1.08536	211	24
1.08/1.13	1.11515	210	26
1.08/1.16	1.14606	209	29
1.08/1.19	1.17532	208	30
1.18/1.22	1.20872	207	35
1.18/1.25	1.23822	206	37
1.18/1.28	1.26819	205	39
1.28/1.31	1.29667	204	41
1.28/1.34	1.32854	203	46
1.28/1.37	1.35857	202	49
1.38/1.40	1.38815	201	52
1.38/1.43	1.41683	200	55
1.38/1.46	1.44633	199	58
1.49/1.51	1.50218	198	95
1.49/1.60	1.58644	197	168
1.59/1.63	1.62065	196	180
1.59/1.66	1.65051	195	184
1.59/1.69	1.68172	194	190
1.68/1.72	1.71364	193	198
1.68/1.75	1.7424	192	202
1.68/1.79	1.77811	191	212
1.68/1.84	1.82647	190	241
1.68/1.89	1.87824	189	274
1.68/1.92	1.90885	188	279
1.68/1.95	1.93678	187	281
1.68/1.97	1.96248	186	283
1.68/2.04	2.0309	185	340
1.68/2.13	2.12313	184	429
1.68/2.24	2.23381	183	551
1.68/2.29	2.27772	182	576
2.30/2.32	2.3137	181	589
2.30/2.36	2.35158	180	604
2.30/2.39	2.38199	179	610
2.37/2.42	2.41447	178	618
2.47/2.50	2.48522	177	673
2.47/2.53	2.5201	176	687
2.97/3.05	3.04041	175	1308
2.97/3.10	3.08493	174	1332
3.08/3.13	3.11818	173	1343
3.19/3.42	3.41241	172	1692
3.97/4.00	3.9891	171	2379
4.28/4.38	4.37073	170	2860
4.69/4.79	4.77665	169	3315
4.69/4.95	4.94027	168	3488
5.58/5.61	5.60008	167	4280
5.68/5.75	5.73539	166	4403
6.18/6.37	6.36034	165	5099
7.28/7.31	7.29631	164	6183
8.20/8.23	8.21764	163	7298
9.87/9.92	9.91073	162	9277
11.47/11.53	11.5244	161	11122
13.97/14.12	14.1141	160	14148
13.97/14.15	14.1357	159	14149
14.77/14.86	14.8534	158	14944
43.08/43.56	43.5462	157	51376
314.37/314.68	314.657	156	399620
315.07/315.14	315.119	155	400114
319.38/319.43	319.415	154	405189
999.95/1000.04	1290549
