0.00/0.65	0.656957	228	0
0.66/0.69	0.690225	227	3
0.69/0.72	0.722778	226	4
0.69/0.75	0.755474	225	5
0.69/0.78	0.78783	224	6
0.79/0.82	0.819725	223	7
0.79/0.85	0.851958	222	8
0.79/0.88	0.883241	221	9
0.89/0.91	0.914399	220	10
0.89/0.94	0.947838	219	12
0.89/0.98	0.980061	218	14
0.99/1.01	1.01231	217	15
0.99/1.05	1.05059	216	21
0.99/1.08	1.08066	215	22
1.09/1.11	1.11169	214	23
1.09/1.14	1.14272	213	25
1.09/1.17	1.17316	212	27
1.19/1.20	1.20544	211	29
1.19/1.23	1.23735	210	31
1.19/1.27	1.26832	209	33
1.29/1.30	1.29967	208	35
1.29/1.33	1.33116	207	37
1.29/1.36	1.36024	206	39
1.29/1.39	1.39211	205	43
1.39/1.42	1.42275	204	47
1.39/1.45	1.45232	203	49
1.39/1.48	1.4844	202	53
1.50/1.51	1.51356	201	55
1.50/1.54	1.5442	200	59
1.50/1.57	1.57433	199	62
1.50/1.60	1.60465	198	65
1.50/1.64	1.64228	197	79
1.50/1.67	1.67618	196	86
1.50/1.70	1.70779	195	91
1.50/1.74	1.7383	194	96
1.50/1.77	1.77123	193	103
1.50/1.81	1.80865	192	114
1.50/1.84	1.83975	191	119
1.50/1.87	1.87593	190	128
1.50/1.91	1.90953	189	135
1.92/1.94	1.94223	188	142
1.92/1.97	1.97737	187	151
1.92/2.01	2.00962	186	160
2.03/2.08	2.08033	185	209
2.09/2.14	2.14732	184	260
2.19/2.21	2.21776	183	312
2.19/2.25	2.25418	182	325
2.29/2.36	2.35832	181	415
2.29/2.38	2.38517	180	418
2.39/2.45	2.45497	179	468
2.39/2.49	2.48961	178	477
2.49/2.53	2.53097	177	495
2.49/2.58	2.57817	176	521
2.59/2.62	2.62196	175	544
2.59/2.67	2.67238	174	578
2.79/2.81	2.81297	173	721
2.90/3.00	3.00674	172	914
2.90/3.11	3.1141	171	1007
2.90/3.15	3.15139	170	1023
2.90/3.33	3.33776	169	1231
3.34/3.38	3.37825	168	1250
3.69/3.78	3.7826	167	1697
3.79/3.85	3.85439	166	1747
3.99/4.05	4.05344	165	1953
4.28/4.52	4.52043	164	2457
5.59/5.67	5.67481	163	3786
5.69/5.80	5.80307	162	3911
8.49/8.56	8.55788	161	7186
10.19/10.47	10.4727	160	9805
16.69/16.75	16.7537	159	17943
19.09/19.30	19.3058	158	21306
45.19/45.24	45.2368	157	53417
112.69/113.18	113.177	156	140697
125.08/125.13	125.126	155	156227
999.82/1000.03	1301731
