0.59/0.66	0.660433	227	0
0.59/0.69	0.692633	226	1
0.68/0.72	0.724538	225	2
0.68/0.75	0.756099	224	3
0.68/0.78	0.787528	223	4
0.79/0.82	0.818426	222	5
0.79/0.85	0.850074	221	7
0.79/0.88	0.882216	220	9
0.88/0.91	0.913333	219	10
0.88/0.94	0.943942	218	11
0.88/0.97	0.973932	217	12
0.88/1.00	1.00512	216	14
0.88/1.03	1.03542	215	15
0.88/1.06	1.0657	214	16
0.88/1.10	1.09883	213	20
0.88/1.13	1.1299	212	22
0.88/1.16	1.16032	211	24
0.88/1.19	1.19033	210	26
0.88/1.22	1.22247	209	30
1.21/1.25	1.2533	208	32
1.21/1.28	1.28318	207	34
1.21/1.31	1.31333	206	37
1.31/1.34	1.34579	205	44
1.31/1.37	1.37435	204	45
1.39/1.40	1.40791	203	52
1.39/1.43	1.43821	202	56
1.39/1.46	1.46585	201	57
1.39/1.49	1.49571	200	60
1.49/1.52	1.52411	199	61
1.49/1.55	1.55353	198	64
1.49/1.58	1.58267	197	67
1.58/1.61	1.6175	196	78
1.58/1.65	1.65469	195	90
1.58/1.68	1.68377	194	94
1.68/1.71	1.71206	193	98
1.68/1.74	1.74776	192	109
1.68/1.79	1.78841	191	125
1.78/1.82	1.82621	190	138
1.78/1.85	1.85668	189	144
1.78/1.89	1.89074	188	153
1.78/1.92	1.91945	187	157
1.78/1.95	1.94927	186	162
1.78/1.98	1.97904	185	167
1.78/2.00	2.00661	184	170
1.78/2.04	2.04142	183	179
2.06/2.08	2.08398	182	199
2.09/2.13	2.1285	181	222
2.18/2.21	2.21095	180	288
2.18/2.24	2.24182	179	295
2.18/2.28	2.28	178	310
2.28/2.36	2.36747	177	385
2.28/2.58	2.57907	176	619
2.28/2.60	2.60579	175	623
2.28/2.74	2.74131	174	769
2.88/2.93	2.92905	173	968
2.98/3.01	3.01654	172	1040
2.98/3.08	3.08192	171	1103
3.19/3.24	3.24111	170	1262
3.19/3.28	3.28429	169	1283
3.29/3.33	3.33826	168	1320
3.69/3.82	3.82425	167	1915
3.69/3.86	3.86117	166	1930
4.49/4.54	4.54412	165	2683
5.39/5.40	5.39988	164	3610
5.59/5.61	5.61712	163	3844
6.20/6.24	6.23841	162	4493
12.69/12.74	12.743	161	12247
12.79/12.85	12.8524	160	12342
24.98/25.06	25.064	159	27025
29.19/29.20	29.199	158	32084
73.29/73.32	73.323	157	88658
74.89/74.95	74.9463	156	90461
372.68/372.72	372.707	155	468214
442.88/442.98	442.969	154	555324
999.66/1000.03	1278036
