0.59/0.66	0.659422	236	0
0.59/0.69	0.693079	235	1
0.69/0.72	0.726274	234	2
0.69/0.76	0.759423	233	3
0.69/0.79	0.79286	232	4
0.79/0.82	0.825441	231	5
0.79/0.86	0.857801	230	6
0.79/0.89	0.88984	229	7
0.89/0.92	0.922121	228	8
0.89/0.95	0.954104	227	10
0.89/0.98	0.985725	226	11
0.99/1.01	1.01672	225	12
0.99/1.05	1.04826	224	13
0.99/1.08	1.07891	223	14
0.99/1.11	1.1097	222	15
0.99/1.14	1.1401	221	16
0.99/1.17	1.1705	220	17
0.99/1.20	1.2038	219	19
0.99/1.23	1.23415	218	20
0.99/1.26	1.26544	217	22
0.99/1.29	1.29673	216	24
0.99/1.32	1.32628	215	25
0.99/1.36	1.358	214	28
0.99/1.39	1.38816	213	30
0.99/1.42	1.41888	212	32
0.99/1.45	1.45067	211	36
0.99/1.48	1.4803	210	39
0.99/1.51	1.50935	209	40
0.99/1.54	1.53931	208	43
0.99/1.57	1.56937	207	46
0.99/1.60	1.59902	206	48
1.59/1.63	1.62803	205	50
1.59/1.66	1.65844	204	53
1.59/1.69	1.68823	203	56
1.69/1.72	1.71956	202	62
1.69/1.75	1.7507	201	66
1.69/1.79	1.7926	199	83
1.79/1.82	1.82565	198	90
1.79/1.85	1.85706	197	96
1.79/1.89	1.88836	196	102
1.89/1.92	1.92455	195	113
1.89/1.96	1.95783	194	121
1.89/1.98	1.98624	193	124
1.99/2.01	2.01706	192	130
1.99/2.05	2.05416	191	142
1.99/2.09	2.08752	190	148
2.09/2.12	2.12337	189	156
2.09/2.15	2.15519	188	162
2.19/2.23	2.22878	187	215
2.19/2.25	2.25694	186	219
2.19/2.29	2.29207	185	230
2.29/2.34	2.34457	184	254
2.29/2.39	2.39146	183	280
2.39/2.42	2.42582	182	289
2.39/2.46	2.46537	181	305
2.49/2.50	2.50145	180	318
2.49/2.55	2.54985	179	342
2.49/2.69	2.69132	178	476
2.49/2.73	2.73444	177	494
2.49/2.80	2.79729	176	537
2.49/2.85	2.85064	175	575
2.49/2.88	2.88495	174	590
2.49/2.93	2.93621	173	619
2.49/3.09	3.08883	172	753
3.29/3.35	3.35662	171	1028
3.79/3.87	3.87188	170	1584
4.09/4.11	4.11385	169	1840
4.09/4.31	4.31515	168	2034
4.09/4.44	4.44546	167	2152
4.09/4.62	4.62716	166	2349
4.81/4.83	4.82735	165	2546
8.18/8.24	8.24141	164	6606
8.28/8.31	8.31338	163	6666
8.48/8.52	8.52429	162	6890
8.68/8.86	8.86458	161	7258
8.68/8.97	8.97141	160	7354
21.30/21.35	21.3484	159	21992
21.79/21.81	21.8073	158	22495
40.59/40.64	40.6425	157	45334
65.46/65.50	65.5026	156	75273
999.96/1000.03	1282318
