0.69/0.78	0.783013	222	0
0.79/0.81	0.816933	221	1
0.79/0.85	0.851251	219	2
0.79/0.88	0.885932	218	4
0.90/0.92	0.919701	217	5
0.90/0.95	0.953262	216	6
0.90/0.98	0.986186	215	7
0.99/1.02	1.01972	214	9
0.99/1.05	1.04993	213	10
0.99/1.08	1.08027	212	12
0.99/1.11	1.11239	211	16
0.99/1.14	1.14341	210	18
0.99/1.17	1.17266	209	20
0.99/1.20	1.20325	208	24
0.99/1.23	1.23513	207	27
0.99/1.27	1.27064	206	38
0.99/1.30	1.30048	205	40
0.99/1.33	1.3299	204	42
0.99/1.36	1.36204	203	48
0.99/1.39	1.38988	202	50
1.38/1.42	1.42402	201	58
1.38/1.45	1.45699	200	66
1.38/1.48	1.48583	199	69
1.49/1.51	1.51409	198	72
1.49/1.55	1.54728	197	79
1.49/1.57	1.57612	196	85
1.59/1.60	1.60556	195	90
1.59/1.63	1.63697	194	97
1.59/1.66	1.66629	193	100
1.59/1.69	1.69566	192	104
1.69/1.72	1.72593	191	110
1.69/1.75	1.75651	190	117
1.69/1.79	1.78802	189	125
1.79/1.82	1.82222	188	134
1.79/1.85	1.85419	187	141
1.79/1.88	1.88526	186	147
1.89/1.92	1.91893	185	156
1.89/1.98	1.98233	184	199
1.99/2.02	2.02193	183	215
1.99/2.06	2.05751	182	227
1.99/2.09	2.08766	181	234
2.09/2.13	2.1346	180	257
2.09/2.18	2.17944	179	279
2.19/2.22	2.22101	178	294
2.19/2.27	2.27297	177	324
2.29/2.33	2.33434	176	362
2.29/2.47	2.47458	175	496
2.29/2.51	2.50787	174	505
2.29/2.56	2.56399	173	543
2.29/2.62	2.62435	172	591
2.29/2.77	2.77067	171	729
2.78/2.79	2.79584	170	733
3.09/3.17	3.17645	169	1166
3.39/3.41	3.41196	168	1404
3.69/4.03	4.03015	167	2132
5.09/5.17	5.17563	166	3433
5.19/5.53	5.53261	165	3816
5.63/5.75	5.75056	164	4054
8.29/8.55	8.55297	163	7254
8.29/8.61	8.61085	162	7295
8.63/8.64	8.64595	161	7309
12.99/13.04	13.0432	160	12662
13.69/13.77	13.7684	159	13445
18.19/18.24	18.2458	158	18552
34.48/34.50	34.501	157	39478
197.08/197.18	197.171	156	243636
199.08/199.12	199.105	155	245894
999.95/1000.04	1290430
