0.60/0.65	0.653521	230	0
0.60/0.69	0.687356	229	2
0.70/0.72	0.721661	228	3
0.70/0.75	0.754793	227	5
0.70/0.78	0.786739	226	6
0.79/0.82	0.818431	225	7
0.79/0.85	0.850493	224	8
0.79/0.88	0.88254	223	10
0.89/0.91	0.914433	222	11
0.89/0.94	0.945573	221	12
0.89/0.97	0.976015	220	13
0.99/1.00	1.00694	219	14
0.99/1.04	1.03974	218	17
0.99/1.07	1.07254	217	20
0.99/1.10	1.10327	216	21
0.99/1.13	1.13371	215	23
0.99/1.16	1.16354	214	24
0.99/1.19	1.19334	213	25
1.14/1.22	1.22315	212	26
1.14/1.25	1.2521	211	27
1.14/1.28	1.2809	210	28
1.30/1.31	1.31273	209	32
1.30/1.34	1.34133	208	33
1.30/1.37	1.37116	207	35
1.39/1.40	1.39994	206	37
1.39/1.43	1.42977	205	40
1.39/1.46	1.46153	204	44
1.39/1.49	1.49144	203	46
1.49/1.52	1.52135	202	50
1.49/1.55	1.55092	201	52
1.49/1.58	1.58187	200	57
1.59/1.61	1.61201	199	61
1.59/1.64	1.64325	198	66
1.59/1.67	1.67569	197	73
1.69/1.73	1.72898	196	110
1.69/1.76	1.7612	195	121
1.69/1.79	1.78916	194	123
1.79/1.82	1.82546	193	138
1.79/1.87	1.87649	192	164
1.89/1.92	1.91761	191	182
1.89/1.94	1.94479	190	184
1.89/1.98	1.97746	189	192
1.99/2.04	2.04319	188	240
1.99/2.07	2.07311	187	245
2.09/2.13	2.13415	186	284
2.09/2.18	2.17783	185	306
2.19/2.21	2.21564	184	320
2.19/2.25	2.24773	183	327
2.19/2.29	2.28792	182	343
2.19/2.33	2.32841	181	358
2.30/2.37	2.37554	180	387
2.30/2.41	2.41522	179	402
2.49/2.50	2.50198	178	473
2.49/2.53	2.53063	177	479
2.59/2.62	2.62287	176	560
2.69/2.76	2.75901	175	678
2.79/2.80	2.80169	174	699
2.99/3.04	3.04659	173	956
3.09/3.11	3.11069	172	1000
3.19/3.29	3.28896	171	1176
3.29/3.34	3.34281	170	1210
3.29/3.80	3.79847	169	1717
3.67/3.84	3.84076	168	1738
4.18/4.24	4.24267	167	2168
4.48/4.54	4.54098	166	2522
4.68/4.75	4.75565	165	2752
4.79/4.86	4.86619	164	2850
5.99/6.08	6.08323	163	4213
6.09/6.15	6.15254	162	4269
6.19/6.39	6.38902	161	4548
9.09/9.48	9.4863	160	8305
13.61/13.65	13.6539	159	13187
13.61/14.14	14.1435	158	13763
42.58/42.67	42.6725	157	48407
43.58/43.62	43.6184	156	49487
51.38/51.43	51.4251	155	58639
999.92/1000.06	1293606
