0.59/0.65	0.653644	226	0
0.59/0.68	0.685538	225	1
0.69/0.71	0.717659	224	2
0.69/0.75	0.748575	223	3
0.69/0.78	0.779276	222	4
0.79/0.81	0.810525	221	5
0.79/0.84	0.841335	220	6
0.79/0.87	0.872326	219	8
0.79/0.90	0.902544	218	9
0.90/0.93	0.933446	217	10
0.90/0.96	0.964867	216	12
0.90/0.99	0.995783	215	14
0.90/1.02	1.02592	214	15
0.90/1.05	1.0551	213	16
0.90/1.08	1.08627	212	19
0.90/1.11	1.11634	211	21
0.90/1.14	1.14709	210	23
0.90/1.17	1.17595	209	25
0.90/1.20	1.20484	208	27
0.90/1.23	1.23443	207	29
0.90/1.26	1.26353	206	31
0.90/1.29	1.29561	205	38
0.90/1.32	1.32596	204	41
0.90/1.35	1.35556	203	44
0.90/1.38	1.38564	202	47
0.90/1.41	1.41337	201	48
0.90/1.44	1.44661	200	56
0.90/1.48	1.48009	199	62
0.90/1.51	1.51506	198	69
1.42/1.54	1.54594	197	74
1.42/1.57	1.57532	196	79
1.42/1.60	1.60745	195	85
1.60/1.65	1.65006	194	106
1.60/1.68	1.68131	193	112
1.69/1.72	1.72088	192	126
1.69/1.75	1.75281	191	133
1.69/1.79	1.7948	190	152
1.79/1.82	1.82787	189	160
1.79/1.85	1.85569	188	164
1.89/1.92	1.92168	187	206
1.89/1.96	1.96748	186	231
1.89/1.99	1.99817	185	237
1.99/2.03	2.03527	184	248
1.99/2.07	2.07329	183	261
2.09/2.11	2.11475	182	282
2.09/2.14	2.1445	181	287
2.19/2.22	2.22022	180	349
2.19/2.28	2.28358	179	392
2.29/2.31	2.31087	178	398
2.29/2.40	2.39855	177	477
2.39/2.44	2.44647	176	503
2.39/2.50	2.50461	175	541
2.50/2.96	2.96476	174	1028
2.50/3.01	3.01367	173	1055
3.02/3.14	3.14088	172	1172
3.02/3.17	3.17075	171	1179
3.29/3.36	3.36597	170	1368
3.69/3.77	3.77824	169	1820
3.79/3.83	3.83194	168	1851
3.89/3.99	3.99104	167	2006
3.99/4.08	4.08199	166	2080
3.99/4.31	4.31158	165	2323
3.99/4.41	4.41325	164	2409
5.38/5.46	5.46645	163	3633
7.08/7.12	7.12192	162	5621
13.19/13.59	13.59	161	13858
16.29/16.63	16.6334	160	17570
16.79/16.98	16.9839	159	17948
17.39/17.41	17.4172	158	18426
19.39/19.73	19.7363	157	21062
20.39/20.49	20.4885	156	21894
723.97/724.49	724.473	155	912081
999.77/1000.02	1266292
