0.69/0.74	0.737735	231	0
0.69/0.77	0.77027	230	1
0.79/0.80	0.802586	229	2
0.79/0.83	0.836088	228	3
0.79/0.87	0.869188	227	5
0.89/0.90	0.901118	226	6
0.89/0.93	0.933267	225	7
0.89/0.96	0.965064	224	8
0.89/0.99	0.996197	223	9
0.89/1.02	1.02709	222	10
0.89/1.06	1.05791	221	11
0.89/1.09	1.09081	220	14
0.89/1.12	1.12162	219	15
0.89/1.15	1.15145	218	16
0.89/1.18	1.18157	217	17
0.89/1.21	1.2122	216	19
0.89/1.24	1.24258	215	21
0.89/1.27	1.27305	214	23
0.89/1.30	1.30401	213	25
0.89/1.33	1.33371	212	26
0.89/1.36	1.36472	211	28
0.89/1.39	1.39657	210	31
0.89/1.42	1.42706	209	33
0.89/1.46	1.45983	208	39
0.89/1.49	1.48925	207	41
1.42/1.52	1.51949	206	43
1.42/1.55	1.54951	205	46
1.56/1.58	1.57958	204	48
1.59/1.61	1.61063	203	53
1.59/1.64	1.64079	202	57
1.59/1.67	1.67182	201	61
1.69/1.70	1.70099	200	64
1.69/1.73	1.73576	199	75
1.69/1.77	1.76976	198	84
1.79/1.80	1.8003	197	89
1.79/1.83	1.83417	196	96
1.79/1.86	1.86499	195	103
1.79/1.89	1.89183	194	104
1.89/1.92	1.92654	193	114
1.89/1.96	1.95763	192	119
1.89/1.99	1.99234	191	130
1.99/2.02	2.02694	190	139
1.99/2.05	2.05639	189	143
2.09/2.10	2.09907	188	165
2.09/2.13	2.13392	187	175
2.19/2.20	2.20619	186	228
2.19/2.23	2.23685	185	235
2.19/2.27	2.27577	184	251
2.29/2.30	2.30599	183	257
2.29/2.37	2.37136	182	304
2.39/2.40	2.40197	181	309
2.39/2.47	2.47194	180	364
2.39/2.50	2.50439	179	372
2.39/2.58	2.58332	178	432
2.39/2.64	2.64126	177	469
2.39/2.78	2.77751	176	600
2.39/2.81	2.81392	175	614
2.39/2.89	2.89269	174	679
2.39/2.93	2.93066	173	694
2.39/2.97	2.96926	172	711
2.89/3.12	3.12682	171	876
3.29/3.38	3.37976	170	1163
3.39/3.42	3.42697	169	1201
3.39/3.49	3.49157	168	1250
3.59/3.61	3.61166	167	1362
3.69/3.72	3.72218	166	1459
3.69/3.80	3.7977	165	1522
3.99/4.15	4.15627	164	1946
6.13/6.18	6.18486	163	4485
7.09/7.20	7.19938	162	5681
7.09/7.72	7.71834	161	6289
12.39/12.43	12.4289	160	12162
15.99/16.19	16.1884	159	16939
17.59/17.88	17.8868	158	19029
18.59/18.61	18.6073	157	19839
148.08/148.51	148.504	156	184225
297.58/297.69	297.688	155	383709
999.86/1000.03	1299149
