2.09/2.17	2.17185	353	0
2.09/2.28	2.286	352	1
2.09/2.40	2.39979	350	2
2.09/2.51	2.51453	349	5
2.09/2.63	2.62851	348	8
2.69/2.74	2.73915	347	9
2.79/2.85	2.85136	346	12
2.90/2.96	2.96141	345	13
3.00/3.07	3.0727	344	16
3.08/3.18	3.18164	343	17
3.18/3.29	3.28888	342	18
3.28/3.39	3.39619	341	19
3.49/3.50	3.50188	340	20
3.59/3.61	3.61277	339	25
3.59/3.71	3.71697	338	26
3.59/3.82	3.82308	337	28
3.59/3.92	3.92653	336	29
3.59/4.03	4.02928	335	30
3.59/4.13	4.1318	334	31
4.19/4.23	4.2334	333	32
4.29/4.34	4.33942	332	36
4.39/4.44	4.44609	331	41
4.50/4.55	4.54941	330	44
4.60/4.66	4.66068	329	52
4.69/4.76	4.76124	328	54
4.79/4.86	4.86096	327	56
4.89/4.96	4.96279	326	60
4.99/5.06	5.06266	325	62
5.09/5.16	5.15798	324	63
5.09/5.26	5.25893	323	67
5.09/5.36	5.35893	322	70
5.09/5.47	5.47045	321	81
5.09/5.57	5.5722	320	87
5.09/5.68	5.67811	319	95
5.70/5.77	5.77355	318	98
5.79/5.87	5.87363	317	104
5.89/5.96	5.9676	316	107
5.99/6.06	6.06146	315	110
6.10/6.16	6.16101	314	115
6.20/6.26	6.26273	313	122
6.29/6.35	6.35791	312	126
6.39/6.45	6.45379	311	131
6.49/6.55	6.55555	310	139
6.59/6.65	6.65461	309	145
6.59/6.74	6.74504	308	148
6.59/6.85	6.85446	307	163
6.59/6.95	6.95294	306	172
6.59/7.05	7.0481	305	176
6.59/7.16	7.16037	304	192
7.18/7.26	7.26066	303	202
7.28/7.35	7.35725	302	210
7.48/7.51	7.50878	301	250
7.48/7.61	7.61103	300	262
7.60/7.70	7.70274	299	268
7.71/7.79	7.79622	298	274
7.79/7.89	7.88864	297	281
7.89/7.98	7.98379	296	290
7.99/8.08	8.08632	295	303
7.99/8.19	8.1893	294	316
7.99/8.28	8.28363	293	324
7.99/8.36	8.36357	292	326
7.99/8.48	8.48513	291	350
8.69/8.78	8.78462	290	482
8.89/8.96	8.95972	289	546
8.99/9.04	9.03927	288	549
9.09/9.18	9.18753	287	590
9.39/9.46	9.4591	286	704
9.49/9.55	9.55592	285	717
9.49/9.65	9.6515	284	730
9.49/9.75	9.74896	283	743
10.29/10.37	10.3755	282	1121
10.49/10.55	10.5516	281	1191
10.80/10.84	10.8447	280	1331
10.99/11.18	11.1849	279	1493
13.90/14.36	14.3591	278	3925
14.88/14.94	14.9442	277	4329
16.39/16.44	16.4464	276	5424
18.29/18.32	18.3237	275	6935
18.39/18.65	18.6493	274	7136
24.29/24.95	24.9484	273	12428
26.79/26.83	26.8361	272	13968
31.69/31.77	31.7736	271	17907
33.19/33.21	33.2114	270	18990
33.74/33.81	33.8131	269	19382
36.09/36.15	36.157	268	21169
36.19/36.28	36.2864	267	21213
39.08/39.20	39.2032	266	23494
40.29/40.33	40.3311	265	24325
43.49/43.68	43.6785	264	26760
45.10/45.21	45.2082	263	27908
50.39/50.45	50.4501	262	31967
56.69/56.77	56.7742	261	37253
62.79/63.29	63.2877	260	42634
67.99/68.03	68.0309	259	46592
69.99/70.05	70.0466	258	48148
92.39/92.52	92.523	257	66063
92.39/92.83	92.8268	256	66259
93.18/93.25	93.2471	255	66512
108.68/108.70	108.698	254	78009
110.19/110.70	110.697	253	79327
113.71/113.80	113.802	252	81580
116.65/116.69	116.692	251	83649
128.09/128.34	128.339	250	91948
158.39/158.49	158.486	249	113662
165.79/165.87	165.869	248	119060
167.88/168.51	168.508	247	120937
188.59/188.95	188.951	246	134685
250.28/250.31	250.308	245	178533
253.49/253.51	253.51	244	180521
255.69/255.73	255.728	243	181856
1001.32/1001.50	829.578	14556846	706080
