0.48/0.52	0.52506	1545	0
0.58/0.60	0.599304	1544	1
0.58/0.67	0.674877	1543	3
0.68/0.75	0.748897	1542	4
0.78/0.82	0.823106	1541	5
0.78/0.89	0.897181	1540	6
0.88/0.97	0.971936	1539	7
1.00/1.04	1.04679	1538	8
1.10/1.12	1.11868	1537	9
1.10/1.18	1.17773	1535	10
1.18/1.23	1.23642	1534	12
1.18/1.29	1.29516	1533	14
1.28/1.35	1.35298	1532	15
1.39/1.41	1.40871	1531	16
1.39/1.46	1.46405	1530	17
1.48/1.52	1.51918	1529	18
1.48/1.57	1.57315	1527	19
1.58/1.63	1.62771	1526	20
1.58/1.68	1.68372	1525	21
1.68/1.74	1.73751	1524	22
1.68/1.79	1.79318	1523	23
1.78/1.85	1.8519	1521	26
1.88/1.91	1.90953	1520	27
1.88/1.97	1.96766	1519	29
1.98/2.02	2.0254	1518	30
1.98/2.08	2.08261	1517	31
2.10/2.14	2.14386	1516	32
2.10/2.20	2.20195	1515	33
2.20/2.26	2.25936	1514	34
2.28/2.32	2.31785	1513	37
2.28/2.37	2.37609	1512	40
2.38/2.43	2.43309	1511	41
2.38/2.49	2.49066	1510	43
2.49/2.54	2.54662	1509	45
2.58/2.60	2.60183	1508	46
2.58/2.65	2.65572	1507	47
2.68/2.71	2.71005	1506	49
2.68/2.76	2.76315	1505	50
2.78/2.81	2.8162	1504	51
2.78/2.87	2.86934	1503	52
2.88/2.92	2.92243	1502	53
2.88/2.98	2.9774	1501	57
2.98/3.03	3.03069	1500	58
2.98/3.08	3.08715	1499	59
3.08/3.14	3.14459	1498	60
3.08/3.20	3.20148	1497	61
3.19/3.26	3.25922	1496	63
3.30/3.31	3.31663	1495	64
3.30/3.37	3.37455	1494	66
3.38/3.43	3.43086	1493	67
3.38/3.49	3.48772	1492	68
3.48/3.54	3.54392	1491	69
3.59/3.60	3.60169	1490	71
3.59/3.66	3.65969	1489	73
3.68/3.71	3.71703	1488	74
3.68/3.77	3.77325	1487	75
3.78/3.83	3.82945	1486	76
3.78/3.88	3.88546	1485	77
3.88/3.94	3.94141	1484	78
3.98/4.00	3.99832	1483	81
3.98/4.05	4.05545	1482	84
4.08/4.11	4.11226	1481	85
4.08/4.17	4.16804	1480	86
4.18/4.22	4.22377	1479	87
4.18/4.28	4.28004	1478	89
4.29/4.33	4.33689	1477	91
4.29/4.39	4.3937	1476	93
4.40/4.45	4.44974	1475	94
4.48/4.50	4.50638	1474	96
4.48/4.56	4.56199	1473	97
4.58/4.62	4.62033	1472	101
4.58/4.67	4.67569	1470	102
4.69/4.73	4.73264	1469	104
4.69/4.79	4.78874	1468	105
4.78/4.84	4.84415	1467	106
4.88/4.90	4.90031	1466	109
4.88/4.95	4.95557	1465	110
4.98/5.04	5.04676	1464	111
5.08/5.12	5.11898	1463	112
5.08/5.18	5.18149	1462	114
5.18/5.23	5.23334	1461	115
5.18/5.28	5.28464	1460	116
5.28/5.33	5.33598	1459	117
5.28/5.39	5.38729	1458	118
5.39/5.44	5.43902	1457	119
5.39/5.49	5.49331	1456	123
5.50/5.55	5.5494	1455	126
5.58/5.60	5.60545	1454	127
5.58/5.66	5.66036	1453	128
5.68/5.71	5.71566	1452	130
5.68/5.77	5.76871	1451	131
5.79/5.82	5.82081	1450	132
5.79/5.87	5.8747	1449	133
5.88/5.93	5.93058	1448	135
5.88/5.98	5.985	1447	136
5.98/6.04	6.03972	1446	137
5.98/6.09	6.09436	1444	138
6.08/6.15	6.15002	1443	140
6.18/6.20	6.20444	1442	141
6.18/6.26	6.25864	1441	142
6.28/6.31	6.31308	1440	143
6.28/6.37	6.36735	1439	145
6.38/6.42	6.42244	1438	148
6.38/6.47	6.47646	1437	149
6.49/6.53	6.53188	1436	151
6.49/6.59	6.58734	1435	154
6.60/6.64	6.64349	1434	156
6.68/6.70	6.69778	1433	157
6.68/6.75	6.75148	1432	158
6.78/6.80	6.80541	1431	159
6.78/6.86	6.86178	1430	164
6.89/6.92	6.92114	1429	173
6.89/6.97	6.97571	1428	175
6.98/7.03	7.03221	1427	180
6.98/7.09	7.08842	1426	185
7.08/7.14	7.14299	1425	186
7.08/7.19	7.19665	1424	187
7.18/7.25	7.25037	1423	188
7.28/7.31	7.30885	1422	198
7.28/7.36	7.3626	1421	199
7.38/7.41	7.41675	1420	201
7.38/7.47	7.47066	1419	203
7.48/7.52	7.52425	1418	204
7.48/7.58	7.57837	1417	206
7.60/7.63	7.63479	1416	210
7.60/7.69	7.69015	1414	214
7.70/7.74	7.74393	1413	215
7.78/7.80	7.79801	1412	216
7.78/7.85	7.85203	1411	219
7.88/7.90	7.90625	1410	220
7.88/7.96	7.95913	1409	221
7.99/8.06	8.05741	1408	222
8.08/8.13	8.12724	1407	224
8.08/8.18	8.18049	1406	226
8.18/8.24	8.23778	1405	235
8.18/8.29	8.29064	1403	236
8.28/8.34	8.34507	1402	240
8.38/8.40	8.39885	1401	243
8.38/8.45	8.45162	1400	244
8.48/8.50	8.50525	1399	247
8.48/8.56	8.55905	1398	251
8.58/8.61	8.61418	1397	255
8.58/8.66	8.66662	1396	256
8.69/8.72	8.72011	1395	258
8.69/8.77	8.77233	1394	261
8.80/8.82	8.82339	1393	264
8.80/8.88	8.87766	1392	269
8.88/8.93	8.92992	1391	270
8.88/8.98	8.98409	1390	274
8.98/9.04	9.03761	1389	277
8.98/9.09	9.09084	1388	279
9.09/9.14	9.14504	1387	280
9.18/9.20	9.19782	1386	281
9.18/9.25	9.25019	1385	282
9.28/9.30	9.30536	1384	289
9.28/9.36	9.35813	1383	291
9.38/9.41	9.41032	1382	292
9.38/9.46	9.46333	1381	295
9.48/9.52	9.51848	1380	301
9.48/9.57	9.57106	1379	303
9.58/9.62	9.62384	1378	304
9.58/9.68	9.67879	1377	311
9.68/9.73	9.73287	1376	317
9.68/9.79	9.78931	1375	326
9.79/9.84	9.84177	1374	328
9.79/9.90	9.90191	1373	343
9.90/9.95	9.95391	1372	344
9.98/10.00	10.0059	1371	345
9.98/10.06	10.0606	1370	351
10.08/10.11	10.1117	1369	354
10.08/10.16	10.1635	1368	356
10.19/10.21	10.2169	1367	359
10.19/10.27	10.2701	1366	363
10.28/10.32	10.3225	1365	365
10.28/10.37	10.3757	1364	371
10.38/10.43	10.4271	1363	372
10.38/10.48	10.4785	1362	373
10.48/10.53	10.5355	1361	385
10.48/10.59	10.5882	1360	389
10.58/10.64	10.6431	1359	395
10.58/10.69	10.6961	1358	399
10.68/10.75	10.7492	1357	404
10.78/10.80	10.803	1356	410
10.78/10.85	10.8562	1355	415
10.89/10.91	10.9149	1354	429
10.89/10.97	10.9687	1353	434
11.00/11.02	11.0209	1352	436
11.00/11.07	11.0728	1351	439
11.08/11.12	11.1247	1350	441
11.18/11.23	11.2327	1349	465
11.29/11.30	11.3043	1348	479
11.29/11.36	11.3587	1347	485
11.38/11.41	11.413	1345	491
11.38/11.48	11.4771	1344	518
11.48/11.54	11.5425	1343	544
11.58/11.61	11.6074	1342	570
11.58/11.66	11.6599	1341	576
11.68/11.71	11.7109	1340	578
11.68/11.76	11.7641	1339	585
11.78/11.83	11.8287	1338	611
11.78/11.88	11.8865	1337	627
11.88/11.94	11.9401	1336	634
11.88/12.00	12.0015	1335	656
11.99/12.05	12.0527	1334	658
11.99/12.10	12.1067	1333	664
12.10/12.16	12.1628	1332	677
12.18/12.22	12.2202	1331	691
12.18/12.27	12.2758	1330	704
12.28/12.33	12.3356	1329	723
12.28/12.39	12.3903	1328	733
12.39/12.44	12.4447	1327	743
12.39/12.49	12.4951	1326	744
12.48/12.56	12.5577	1325	769
12.58/12.61	12.6124	1324	785
12.58/12.67	12.6684	1323	807
12.68/12.72	12.7241	1322	826
12.68/12.78	12.7771	1321	840
12.78/12.84	12.8371	1320	869
12.78/12.89	12.8877	1319	880
12.88/12.94	12.945	1318	904
12.88/12.99	12.993	1317	909
12.98/13.05	13.047	1316	925
13.09/13.10	13.1059	1315	950
13.09/13.15	13.1535	1314	954
13.20/13.21	13.2095	1313	972
13.20/13.26	13.2605	1312	984
13.28/13.32	13.3242	1311	1019
13.28/13.38	13.3865	1310	1054
13.38/13.44	13.4395	1309	1070
13.38/13.49	13.4948	1308	1089
13.49/13.55	13.5498	1307	1106
13.58/13.61	13.6098	1306	1130
13.68/13.70	13.7067	1305	1239
13.68/13.75	13.7529	1304	1242
13.78/13.80	13.7989	1303	1244
13.78/13.86	13.8596	1302	1276
13.88/13.94	13.9455	1301	1366
13.98/14.00	14.0037	1300	1393
13.98/14.09	14.0908	1299	1479
14.08/14.14	14.1376	1298	1482
14.08/14.19	14.196	1297	1505
14.19/14.28	14.2847	1296	1594
14.30/14.33	14.3323	1295	1595
14.30/14.38	14.3839	1294	1602
14.39/14.44	14.4408	1293	1620
14.39/14.49	14.4938	1292	1630
14.49/14.55	14.5516	1291	1649
14.59/14.62	14.6186	1290	1681
14.59/14.67	14.6691	1289	1686
14.69/14.73	14.7287	1288	1709
14.79/14.84	14.8412	1287	1841
14.79/14.89	14.8925	1286	1849
14.89/14.95	14.9524	1285	1874
14.99/15.01	15.0163	1284	1905
14.99/15.06	15.0653	1283	1908
15.09/15.11	15.1147	1282	1911
15.09/15.16	15.1631	1281	1913
15.19/15.21	15.2163	1280	1922
15.19/15.28	15.2799	1279	1953
15.30/15.33	15.3318	1278	1960
15.30/15.38	15.3825	1277	1966
15.40/15.47	15.4745	1276	2047
15.49/15.53	15.5339	1275	2073
15.59/15.65	15.6491	1274	2204
15.69/15.70	15.7029	1273	2214
15.69/15.75	15.7518	1272	2216
15.79/15.81	15.8103	1271	2237
15.79/15.88	15.8843	1270	2288
15.89/15.94	15.9398	1269	2304
15.99/16.00	15.9998	1268	2327
15.99/16.06	16.0587	1267	2350
16.09/16.11	16.1082	1266	2353
16.09/16.15	16.1556	1265	2355
16.19/16.20	16.2034	1264	2357
16.19/16.25	16.2527	1263	2361
16.29/16.38	16.3769	1262	2506
16.40/16.43	16.4317	1261	2521
16.40/16.50	16.5053	1260	2571
16.50/16.56	16.5639	1259	2591
16.59/16.62	16.624	1258	2616
16.69/16.70	16.7026	1257	2673
16.69/16.75	16.7523	1256	2680
16.79/16.86	16.8652	1254	2802
16.89/16.92	16.9166	1253	2811
16.89/16.96	16.9638	1252	2813
16.99/17.05	17.0546	1251	2839
17.09/17.15	17.1502	1250	2908
17.19/17.20	17.2009	1249	2918
17.29/17.32	17.3233	1248	3068
17.29/17.37	17.3706	1247	3071
17.39/17.44	17.4387	1246	3107
17.50/17.54	17.5434	1245	3128
17.60/17.62	17.6237	1244	3156
17.60/17.69	17.6883	1243	3193
17.69/17.75	17.7479	1242	3218
17.79/17.85	17.8501	1241	3325
17.89/17.91	17.9129	1240	3356
17.89/17.96	17.961	1239	3360
17.99/18.03	18.0272	1238	3397
17.99/18.09	18.0899	1237	3400
18.19/18.22	18.2186	1236	3441
18.29/18.36	18.3586	1235	3581
18.39/18.45	18.4495	1234	3667
18.49/18.52	18.5176	1233	3693
18.60/18.66	18.6564	1232	3753
18.70/18.73	18.7279	1231	3773
18.79/18.83	18.8285	1230	3880
18.79/18.89	18.8913	1229	3915
18.89/18.95	18.956	1228	3923
19.29/19.30	19.306	1227	4496
19.39/19.41	19.4138	1226	4618
19.39/19.46	19.4616	1225	4624
19.59/19.65	19.6474	1224	4888
19.70/19.72	19.7221	1223	4945
19.70/19.77	19.7746	1222	4954
19.80/19.85	19.853	1221	4957
19.89/19.96	19.9605	1220	5000
19.99/20.07	20.0666	1219	5098
20.09/20.13	20.1349	1218	5139
20.19/20.28	20.2859	1217	5341
20.29/20.38	20.3813	1216	5441
20.39/20.43	20.4269	1215	5443
20.39/20.48	20.4796	1214	5459
20.49/20.53	20.5282	1213	5467
20.69/20.76	20.758	1212	5826
21.39/21.43	21.4272	1211	7029
21.69/21.70	21.7	1210	7470
21.69/21.76	21.7616	1209	7506
21.79/21.86	21.8594	1208	7607
21.90/21.97	21.967	1207	7734
22.39/22.43	22.4349	1206	8546
23.00/23.05	23.0504	1205	9662
23.00/23.09	23.0953	1204	9663
23.10/23.19	23.1889	1203	9761
26.29/26.38	26.38	1202	15935
26.59/26.63	26.6331	1201	16337
30.39/30.42	30.4183	1200	23309
