0.49/0.53	0.535559	1554	0
0.59/0.61	0.611215	1553	1
0.59/0.68	0.68724	1552	2
0.69/0.76	0.761978	1551	3
0.80/0.83	0.828591	1550	4
0.80/0.88	0.886589	1549	5
0.89/0.94	0.944186	1548	6
0.89/1.00	1.00198	1547	7
1.00/1.06	1.05953	1546	8
1.10/1.12	1.11789	1545	10
1.10/1.17	1.17544	1544	11
1.19/1.23	1.23366	1543	13
1.19/1.29	1.29095	1542	14
1.29/1.35	1.3481	1541	15
1.39/1.40	1.40566	1540	16
1.39/1.46	1.46257	1539	17
1.49/1.52	1.51991	1537	18
1.49/1.57	1.57738	1536	19
1.59/1.63	1.63551	1534	20
1.59/1.69	1.69244	1533	21
1.69/1.75	1.74919	1532	22
1.79/1.80	1.80628	1531	23
1.79/1.86	1.86334	1530	24
1.90/1.92	1.91999	1529	25
1.90/1.97	1.97691	1528	26
1.99/2.03	2.03478	1527	28
1.99/2.09	2.0924	1525	29
2.10/2.15	2.14997	1524	30
2.10/2.21	2.20813	1523	33
2.20/2.26	2.26461	1522	34
2.29/2.32	2.32101	1521	35
2.29/2.38	2.37849	1520	37
2.39/2.43	2.43492	1519	38
2.39/2.49	2.49137	1518	39
2.49/2.55	2.54782	1517	40
2.60/2.60	2.60513	1516	42
2.60/2.66	2.66275	1515	44
2.69/2.72	2.71963	1514	47
2.69/2.77	2.77614	1513	48
2.79/2.83	2.83261	1512	49
2.79/2.89	2.88898	1511	50
2.89/2.94	2.94504	1510	51
3.00/3.00	3.00164	1509	52
3.00/3.06	3.05758	1508	53
3.09/3.11	3.1143	1507	54
3.09/3.17	3.17185	1506	58
3.20/3.23	3.22818	1505	59
3.20/3.28	3.2851	1504	62
3.30/3.34	3.34121	1503	63
3.30/3.39	3.3971	1502	64
3.39/3.45	3.45282	1501	65
3.49/3.51	3.50853	1500	66
3.49/3.56	3.56411	1499	67
3.59/3.62	3.62134	1498	69
3.59/3.67	3.67669	1497	70
3.69/3.73	3.7322	1496	71
3.69/3.79	3.78866	1495	73
3.79/3.84	3.84425	1494	74
3.89/3.90	3.9001	1493	76
3.89/3.95	3.95533	1492	77
3.99/4.01	4.0123	1491	79
3.99/4.07	4.06753	1489	80
4.10/4.12	4.12319	1488	81
4.10/4.18	4.17793	1487	82
4.19/4.23	4.23343	1486	83
4.19/4.29	4.2884	1485	84
4.30/4.37	4.37633	1484	85
4.40/4.45	4.45173	1483	89
4.49/4.52	4.52318	1482	90
4.59/4.62	4.61823	1481	92
4.69/4.71	4.70808	1480	95
4.69/4.78	4.77894	1479	96
4.79/4.85	4.84983	1478	97
4.89/4.92	4.92319	1477	101
4.89/4.99	4.99484	1476	103
4.99/5.06	5.06632	1475	104
5.09/5.14	5.13811	1474	105
5.20/5.21	5.20949	1473	107
5.20/5.29	5.28927	1472	108
5.29/5.36	5.35869	1471	109
5.40/5.41	5.4138	1470	110
5.40/5.47	5.46876	1469	112
5.50/5.52	5.52472	1468	116
5.50/5.58	5.57958	1467	118
5.59/5.63	5.63532	1466	120
5.59/5.69	5.68953	1465	121
5.69/5.74	5.7446	1464	123
5.79/5.80	5.80115	1463	128
5.79/5.85	5.85661	1462	131
5.89/5.91	5.91065	1461	132
5.89/5.96	5.96527	1460	134
5.99/6.02	6.01964	1459	135
5.99/6.07	6.0744	1458	137
6.09/6.13	6.12895	1457	138
6.09/6.18	6.17956	1456	140
6.19/6.23	6.22983	1455	141
6.19/6.28	6.28021	1454	142
6.30/6.33	6.331	1453	144
6.30/6.38	6.38478	1452	145
6.39/6.44	6.43867	1451	146
6.39/6.49	6.49304	1450	148
6.50/6.54	6.54671	1449	149
6.50/6.60	6.60155	1448	151
6.60/6.65	6.65517	1447	152
6.69/6.71	6.70866	1446	153
6.69/6.76	6.76214	1445	154
6.79/6.85	6.8482	1444	155
6.89/6.94	6.93833	1443	160
6.99/7.01	7.01093	1442	161
6.99/7.06	7.06443	1441	162
7.09/7.12	7.11854	1440	163
7.09/7.17	7.17281	1439	166
7.19/7.22	7.22667	1438	167
7.19/7.27	7.27661	1437	168
7.29/7.32	7.32585	1436	169
7.29/7.37	7.37568	1435	171
7.40/7.42	7.42698	1434	172
7.40/7.48	7.48088	1433	175
7.49/7.53	7.53444	1432	177
7.49/7.59	7.5886	1431	179
7.60/7.64	7.64143	1430	180
7.60/7.69	7.69405	1429	181
7.70/7.74	7.74689	1428	182
7.79/7.80	7.79954	1427	183
7.79/7.85	7.85374	1426	186
7.89/7.91	7.90713	1425	188
7.89/7.96	7.95977	1424	189
7.99/8.01	8.01317	1423	191
7.99/8.07	8.0685	1422	196
8.09/8.12	8.1225	1421	198
8.09/8.17	8.17545	1420	200
8.19/8.23	8.22972	1419	204
8.19/8.28	8.28384	1418	208
8.29/8.33	8.33619	1417	209
8.29/8.39	8.3895	1416	212
8.39/8.44	8.44277	1415	214
8.39/8.50	8.49747	1413	219
8.50/8.55	8.54957	1412	220
8.59/8.60	8.60284	1411	222
8.59/8.65	8.65126	1410	223
8.59/8.70	8.70106	1409	224
8.70/8.75	8.75454	1408	227
8.80/8.80	8.80659	1407	228
8.80/8.86	8.85835	1406	229
8.89/8.91	8.91216	1405	232
8.89/8.96	8.9649	1404	234
8.99/9.02	9.01769	1403	236
8.99/9.07	9.06998	1402	238
9.09/9.12	9.12339	1401	241
9.09/9.17	9.175	1400	242
9.19/9.22	9.22649	1399	243
9.19/9.28	9.27799	1398	244
9.29/9.33	9.33115	1397	248
9.29/9.38	9.38317	1396	250
9.39/9.43	9.43552	1395	252
9.39/9.49	9.4878	1394	255
9.49/9.54	9.53951	1393	256
9.49/9.59	9.59221	1392	258
9.60/9.64	9.64444	1391	261
9.60/9.70	9.69725	1390	264
9.69/9.75	9.75117	1389	269
9.69/9.80	9.80485	1388	275
9.80/9.85	9.85619	1387	276
9.90/9.91	9.91221	1386	285
9.90/9.96	9.96326	1385	286
9.99/10.01	10.0144	1384	287
9.99/10.06	10.0662	1383	289
10.09/10.12	10.1196	1382	293
10.09/10.17	10.171	1381	295
10.19/10.22	10.2223	1380	297
10.19/10.27	10.2726	1379	301
10.29/10.32	10.3221	1378	307
10.29/10.37	10.3737	1377	316
10.39/10.42	10.4217	1376	318
10.39/10.47	10.4706	1375	323
10.49/10.52	10.5212	1374	331
10.49/10.57	10.5716	1373	337
10.59/10.62	10.6231	1372	346
10.59/10.67	10.6699	1371	347
10.69/10.72	10.7171	1370	349
10.69/10.76	10.7658	1369	354
10.79/10.81	10.8161	1368	358
10.79/10.86	10.867	1367	360
10.90/10.92	10.9231	1366	371
10.90/10.97	10.974	1365	373
11.00/11.03	11.0312	1364	385
11.00/11.08	11.0842	1363	390
11.09/11.14	11.1407	1360	402
11.09/11.19	11.1916	1359	404
11.19/11.25	11.2473	1358	412
11.19/11.29	11.297	1357	413
11.29/11.35	11.3502	1356	428
11.39/11.40	11.4011	1355	435
11.39/11.46	11.4615	1354	456
11.49/11.51	11.5145	1353	463
11.49/11.57	11.5729	1352	481
11.59/11.62	11.6238	1351	483
11.59/11.68	11.6773	1350	490
11.69/11.73	11.7288	1349	495
11.69/11.78	11.78	1348	502
11.79/11.83	11.8306	1347	510
11.79/11.88	11.8846	1346	525
11.89/11.93	11.9316	1345	527
11.89/11.98	11.9831	1344	533
12.00/12.03	12.0364	1342	541
12.00/12.09	12.0889	1341	545
12.10/12.14	12.1461	1340	559
12.19/12.20	12.2013	1339	572
12.19/12.25	12.2542	1338	579
12.29/12.31	12.3073	1337	586
12.29/12.35	12.3566	1336	587
12.39/12.40	12.4056	1335	588
12.39/12.45	12.4544	1334	589
12.49/12.50	12.507	1333	596
12.49/12.56	12.5604	1332	605
12.59/12.61	12.6143	1331	614
12.59/12.66	12.6649	1330	618
12.69/12.71	12.7137	1329	619
12.69/12.77	12.7695	1328	633
12.79/12.82	12.821	1327	639
12.79/12.87	12.8714	1326	643
12.89/12.96	12.9604	1325	649
12.99/13.03	13.0356	1324	667
13.10/13.10	13.106	1323	674
13.20/13.22	13.2171	1322	709
13.20/13.28	13.2863	1321	726
13.29/13.33	13.3357	1320	728
13.39/13.47	13.4672	1319	788
13.49/13.54	13.5401	1318	813
13.59/13.61	13.6127	1317	852
13.59/13.68	13.6801	1316	891
13.69/13.73	13.7314	1315	898
13.69/13.79	13.7891	1314	918
13.79/13.84	13.8397	1313	923
13.79/13.89	13.8965	1312	942
13.89/13.94	13.9462	1311	946
13.89/13.99	13.9957	1310	949
13.99/14.07	14.0726	1309	1007
14.09/14.12	14.1269	1308	1017
14.09/14.19	14.1951	1307	1056
14.20/14.24	14.2463	1306	1069
14.20/14.30	14.2983	1305	1083
14.30/14.35	14.3492	1304	1095
14.30/14.39	14.3957	1303	1099
14.39/14.44	14.4416	1302	1102
14.39/14.49	14.487	1301	1104
14.49/14.54	14.5421	1300	1128
14.49/14.59	14.596	1299	1146
14.59/14.64	14.6464	1298	1159
14.69/14.71	14.7093	1297	1197
14.69/14.76	14.7602	1296	1208
14.79/14.80	14.8063	1295	1211
14.79/14.86	14.8615	1294	1231
14.89/14.90	14.906	1293	1232
14.89/14.96	14.9592	1292	1251
14.99/15.03	15.0297	1291	1306
14.99/15.08	15.0864	1290	1326
15.09/15.15	15.152	1289	1362
15.19/15.21	15.2131	1288	1385
15.19/15.27	15.2674	1287	1400
15.30/15.31	15.3126	1286	1401
15.30/15.36	15.3605	1285	1409
15.40/15.41	15.4108	1284	1421
15.40/15.46	15.4653	1283	1438
15.49/15.53	15.5345	1282	1481
15.49/15.58	15.5859	1281	1489
15.59/15.63	15.6354	1280	1495
15.59/15.69	15.688	1279	1506
15.69/15.76	15.7624	1278	1556
15.79/15.82	15.8197	1277	1576
15.79/15.87	15.8687	1276	1581
15.89/15.93	15.9282	1275	1607
15.99/16.00	16	1274	1652
16.09/16.10	16.1059	1273	1761
16.09/16.16	16.1632	1272	1784
16.19/16.23	16.2277	1271	1817
16.19/16.27	16.2742	1270	1818
16.29/16.32	16.323	1269	1830
16.29/16.37	16.3705	1268	1834
16.40/16.47	16.4761	1267	1944
16.50/16.52	16.5223	1266	1945
16.50/16.58	16.5819	1264	1971
16.59/16.64	16.6396	1263	1999
16.69/16.70	16.6999	1262	2027
16.79/16.80	16.8024	1261	2131
16.79/16.85	16.8492	1260	2134
16.89/16.94	16.9421	1259	2219
16.99/17.02	17.0233	1258	2284
16.99/17.07	17.0718	1257	2290
17.09/17.12	17.1206	1256	2295
17.19/17.21	17.209	1255	2375
17.19/17.29	17.288	1254	2437
17.29/17.34	17.3403	1253	2451
17.39/17.47	17.4738	1252	2625
17.50/17.53	17.5269	1251	2641
17.60/17.61	17.6157	1250	2725
17.60/17.67	17.6729	1249	2749
17.79/17.81	17.8124	1248	2926
17.79/17.87	17.8715	1247	2954
17.89/17.91	17.9137	1246	2955
17.99/18.02	18.0258	1245	3099
18.09/18.12	18.1168	1244	3202
18.09/18.18	18.1793	1243	3246
18.19/18.29	18.2929	1242	3388
18.29/18.39	18.3872	1241	3485
18.38/18.45	18.4528	1240	3526
18.38/18.49	18.4959	1239	3530
18.48/18.56	18.5632	1238	3586
18.69/18.73	18.7301	1237	3865
18.69/18.79	18.79	1236	3906
18.78/18.87	18.876	1235	3999
18.88/18.95	18.9564	1234	4059
19.08/19.10	19.0994	1233	4185
19.38/19.41	19.4127	1231	4544
19.48/19.52	19.5176	1230	4617
19.58/19.68	19.6845	1229	4747
19.70/19.74	19.7464	1228	4752
19.80/19.81	19.8137	1227	4767
20.48/20.56	20.5642	1225	5829
20.58/20.62	20.6224	1224	5856
20.68/20.70	20.6982	1223	5921
20.68/20.74	20.7429	1222	5923
20.68/20.79	20.7882	1221	5926
20.79/20.84	20.8405	1220	5940
20.79/20.89	20.8949	1219	5959
21.28/21.32	21.3206	1218	6677
21.38/21.41	21.4138	1217	6783
21.48/21.53	21.5331	1216	6944
21.68/21.74	21.7405	1215	7296
21.78/21.84	21.8381	1214	7415
21.89/21.95	21.9555	1213	7569
22.58/22.67	22.6665	1212	8993
22.68/22.71	22.7137	1211	9002
22.99/23.01	23.0064	1210	9489
22.99/23.07	23.0714	1209	9532
23.18/23.28	23.2834	1208	9845
23.38/23.40	23.3995	1207	9987
23.38/23.45	23.4489	1206	9998
24.28/24.30	24.3019	1204	11588
24.98/25.06	25.0629	1203	12956
27.40/27.49	27.487	1202	17563
32.79/32.88	32.8774	1201	28096
33.89/33.92	33.9195	1200	30059
