0.48/0.54	0.537975	1544	0
0.58/0.61	0.615972	1543	2
0.58/0.69	0.691764	1542	3
0.68/0.77	0.768066	1541	5
0.78/0.84	0.843869	1540	6
0.88/0.91	0.912992	1539	7
0.88/0.97	0.972745	1538	8
0.99/1.03	1.03197	1537	9
0.99/1.09	1.09132	1536	10
1.10/1.15	1.15203	1535	13
1.19/1.21	1.21158	1534	14
1.19/1.27	1.2717	1533	18
1.28/1.33	1.33033	1531	19
1.28/1.39	1.3892	1530	20
1.38/1.45	1.44761	1529	21
1.48/1.50	1.50593	1528	22
1.48/1.56	1.5652	1527	25
1.58/1.62	1.62011	1526	26
1.58/1.67	1.6741	1525	27
1.68/1.73	1.72766	1524	28
1.68/1.78	1.78152	1523	29
1.78/1.83	1.83512	1522	30
1.78/1.89	1.88902	1521	32
1.88/1.95	1.94833	1520	33
1.98/2.00	2.00721	1519	34
1.98/2.06	2.06583	1518	35
2.10/2.13	2.12762	1517	37
2.10/2.19	2.18786	1516	38
2.20/2.25	2.2515	1515	39
2.28/2.31	2.30745	1514	40
2.28/2.36	2.36203	1513	41
2.38/2.41	2.41684	1512	42
2.38/2.47	2.47192	1511	44
2.48/2.52	2.52714	1510	45
2.48/2.58	2.58562	1509	46
2.58/2.64	2.6452	1508	48
2.68/2.70	2.7046	1507	51
2.68/2.76	2.76346	1506	53
2.78/2.82	2.8215	1505	54
2.78/2.88	2.87965	1504	55
2.88/2.94	2.93793	1503	56
2.88/2.99	2.99571	1502	57
2.98/3.05	3.05346	1501	58
3.08/3.11	3.11236	1500	59
3.08/3.17	3.17001	1499	60
3.20/3.23	3.2289	1498	61
3.20/3.28	3.28674	1497	62
3.30/3.34	3.34465	1496	63
3.38/3.40	3.40273	1495	64
3.38/3.46	3.46044	1494	65
3.48/3.52	3.51794	1493	66
3.48/3.57	3.5754	1492	67
3.58/3.63	3.63424	1491	70
3.58/3.69	3.69141	1490	71
3.68/3.75	3.74869	1489	72
3.78/3.80	3.80616	1488	74
3.78/3.86	3.8597	1487	75
3.88/3.91	3.91278	1486	76
3.88/3.96	3.9661	1485	77
3.98/4.02	4.02022	1484	79
3.98/4.07	4.07379	1483	80
4.08/4.13	4.13142	1482	81
4.08/4.19	4.18871	1481	82
4.18/4.24	4.24574	1480	83
4.18/4.30	4.30335	1479	84
4.30/4.36	4.36109	1478	85
4.39/4.42	4.41741	1477	86
4.39/4.47	4.47499	1476	87
4.48/4.53	4.53179	1475	88
4.48/4.59	4.58845	1474	89
4.58/4.64	4.6468	1473	92
4.68/4.70	4.70416	1472	95
4.68/4.76	4.7616	1471	98
4.78/4.82	4.81842	1470	100
4.78/4.87	4.87471	1469	101
4.88/4.93	4.93073	1468	102
4.88/4.98	4.98678	1467	103
4.98/5.04	5.04293	1465	104
5.08/5.10	5.09964	1464	105
5.08/5.15	5.15606	1463	106
5.18/5.21	5.21219	1462	107
5.18/5.27	5.26804	1461	108
5.28/5.32	5.32466	1460	109
5.28/5.38	5.38121	1459	110
5.40/5.44	5.43766	1458	111
5.40/5.49	5.4935	1457	112
5.49/5.55	5.54974	1456	113
5.58/5.61	5.60949	1455	118
5.58/5.66	5.66499	1454	119
5.68/5.72	5.72128	1453	121
5.68/5.77	5.77705	1452	122
5.78/5.83	5.83259	1451	123
5.78/5.89	5.88855	1450	125
5.88/5.94	5.94395	1449	126
5.98/6.00	6.00052	1448	129
5.98/6.05	6.05635	1447	130
6.08/6.11	6.11319	1446	133
6.08/6.17	6.16842	1445	134
6.18/6.22	6.22381	1444	135
6.18/6.28	6.27982	1443	137
6.28/6.33	6.33506	1442	138
6.28/6.39	6.39004	1441	139
6.38/6.44	6.44584	1440	140
6.38/6.50	6.50131	1439	141
6.50/6.56	6.55738	1438	142
6.60/6.61	6.61328	1437	143
6.60/6.67	6.66909	1436	144
6.68/6.73	6.7274	1435	151
6.68/6.78	6.7833	1434	153
6.78/6.84	6.83812	1433	154
6.78/6.89	6.89265	1432	155
6.88/6.95	6.95053	1431	161
6.98/7.00	7.00548	1430	162
6.98/7.06	7.06009	1429	163
7.08/7.11	7.11585	1428	164
7.08/7.17	7.17132	1427	166
7.18/7.22	7.22582	1426	167
7.18/7.28	7.28067	1425	168
7.28/7.33	7.33561	1424	169
7.28/7.39	7.39185	1423	174
7.38/7.44	7.44711	1422	177
7.48/7.50	7.50176	1421	178
7.48/7.55	7.55605	1420	179
7.48/7.61	7.6116	1419	180
7.60/7.66	7.6665	1418	181
7.69/7.72	7.72126	1417	183
7.69/7.77	7.77646	1416	184
7.78/7.83	7.83173	1415	187
7.78/7.88	7.8867	1414	189
7.88/7.94	7.94117	1413	191
7.88/7.99	7.99517	1412	192
7.98/8.05	8.0548	1411	203
8.08/8.11	8.10917	1410	204
8.08/8.16	8.16318	1409	205
8.18/8.22	8.21955	1408	211
8.18/8.27	8.27409	1407	213
8.28/8.33	8.32899	1406	216
8.28/8.38	8.38522	1405	221
8.38/8.44	8.43941	1404	222
8.38/8.49	8.49293	1403	223
8.48/8.54	8.54639	1402	224
8.58/8.60	8.60069	1401	225
8.58/8.65	8.6545	1400	226
8.58/8.71	8.70913	1399	228
8.70/8.76	8.76354	1398	229
8.80/8.82	8.8179	1397	232
8.80/8.87	8.87239	1396	233
8.88/8.93	8.93371	1395	248
8.88/8.98	8.98702	1394	249
8.98/9.04	9.04163	1393	252
8.98/9.09	9.09515	1391	254
9.08/9.15	9.14861	1390	255
9.18/9.20	9.20162	1389	256
9.18/9.25	9.25548	1388	259
9.28/9.31	9.30821	1387	260
9.28/9.36	9.36139	1386	263
9.38/9.41	9.4109	1385	264
9.38/9.46	9.45993	1384	265
9.48/9.51	9.51219	1383	266
9.48/9.56	9.56499	1382	267
9.58/9.62	9.61812	1381	268
9.58/9.67	9.67063	1380	269
9.68/9.72	9.72329	1379	270
9.68/9.77	9.77576	1378	271
9.80/9.83	9.82974	1377	273
9.80/9.88	9.8825	1376	274
9.90/9.94	9.93852	1375	282
9.90/9.99	9.99392	1373	293
9.98/10.04	10.0451	1372	298
10.08/10.10	10.0984	1371	299
10.08/10.15	10.1523	1370	303
10.18/10.20	10.2045	1369	304
10.18/10.25	10.2565	1368	305
10.28/10.31	10.3125	1367	312
10.28/10.36	10.3663	1366	316
10.38/10.42	10.4218	1365	322
10.38/10.47	10.4742	1364	324
10.48/10.53	10.5281	1363	329
10.48/10.58	10.5791	1362	332
10.58/10.63	10.6289	1361	333
10.58/10.68	10.6775	1360	334
10.68/10.72	10.7269	1359	337
10.68/10.79	10.7916	1358	345
10.78/10.86	10.8632	1357	354
10.90/10.93	10.9287	1356	355
10.90/11.00	11.003	1355	358
10.99/11.07	11.0677	1354	368
11.08/11.12	11.1225	1353	372
11.08/11.18	11.1794	1352	382
11.18/11.23	11.2368	1351	394
11.18/11.29	11.2908	1350	400
11.28/11.34	11.3418	1349	401
11.28/11.39	11.3927	1348	402
11.38/11.44	11.4461	1347	408
11.48/11.50	11.5033	1346	420
11.48/11.56	11.5591	1345	429
11.58/11.61	11.6122	1344	433
11.58/11.66	11.6656	1343	438
11.68/11.72	11.7236	1342	453
11.68/11.78	11.78	1341	465
11.78/11.84	11.8375	1340	480
11.88/11.92	11.9247	1339	496
11.99/12.03	12.0285	1338	521
11.99/12.09	12.097	1337	524
12.09/12.15	12.1534	1336	531
12.18/12.21	12.2094	1335	541
12.18/12.27	12.2716	1334	562
12.28/12.32	12.3244	1333	567
12.28/12.38	12.3782	1332	575
12.38/12.43	12.4346	1331	586
12.38/12.49	12.4899	1330	598
12.48/12.55	12.5472	1329	610
12.58/12.62	12.6172	1328	644
12.58/12.67	12.6735	1327	656
12.68/12.72	12.7244	1326	658
12.78/12.81	12.8161	1325	736
12.78/12.87	12.8698	1324	742
12.88/12.92	12.9234	1323	749
12.88/12.98	12.9829	1322	768
12.98/13.04	13.0385	1321	778
12.98/13.10	13.0986	1320	781
13.10/13.19	13.1875	1319	782
13.20/13.26	13.2625	1318	798
13.28/13.33	13.3358	1317	821
13.38/13.42	13.4178	1316	841
13.38/13.49	13.4934	1315	851
13.48/13.56	13.5622	1314	859
13.58/13.63	13.6286	1313	863
13.58/13.69	13.6949	1312	868
13.68/13.78	13.7815	1311	904
13.78/13.84	13.8443	1310	905
13.88/13.91	13.912	1309	914
13.88/13.98	13.9834	1308	928
13.98/14.05	14.0496	1306	957
14.08/14.12	14.1219	1305	1000
14.08/14.18	14.1808	1304	1018
14.19/14.24	14.2375	1303	1030
14.19/14.29	14.2959	1302	1048
14.29/14.35	14.3564	1301	1070
14.38/14.42	14.4208	1300	1099
14.38/14.48	14.4832	1299	1125
14.48/14.53	14.5344	1298	1131
14.48/14.59	14.588	1297	1141
14.58/14.68	14.6775	1296	1215
14.78/14.80	14.801	1295	1252
14.78/14.88	14.877	1294	1269
14.88/14.95	14.9471	1293	1307
14.88/14.99	14.9961	1292	1308
14.98/15.07	15.0705	1291	1355
15.08/15.14	15.1439	1290	1405
15.18/15.22	15.2269	1289	1471
15.18/15.29	15.2876	1288	1493
15.30/15.35	15.3509	1287	1522
15.39/15.41	15.4123	1286	1547
15.39/15.48	15.4812	1285	1590
15.48/15.53	15.5332	1284	1598
15.48/15.59	15.5913	1283	1617
15.58/15.65	15.6566	1282	1646
15.68/15.70	15.7064	1281	1650
15.68/15.77	15.7725	1280	1684
15.78/15.82	15.8264	1279	1698
15.78/15.88	15.8868	1278	1724
15.88/15.93	15.9353	1277	1726
15.98/16.00	16.005	1276	1764
15.98/16.05	16.0542	1275	1767
16.08/16.10	16.1039	1274	1770
16.08/16.16	16.1602	1273	1787
16.18/16.22	16.2241	1272	1819
16.18/16.27	16.2764	1271	1829
16.28/16.35	16.356	1270	1886
16.28/16.40	16.4061	1269	1891
16.40/16.46	16.4595	1268	1901
16.49/16.56	16.5577	1267	1991
16.58/16.65	16.647	1266	2075
16.58/16.69	16.6966	1265	2081
16.68/16.75	16.753	1264	2098
16.78/16.80	16.8044	1263	2106
16.78/16.89	16.8878	1261	2176
16.88/16.94	16.9389	1260	2189
16.98/17.01	17.0125	1259	2238
17.08/17.10	17.1062	1258	2320
17.28/17.31	17.3088	1257	2615
17.28/17.36	17.3572	1256	2618
17.38/17.41	17.4146	1255	2639
17.38/17.47	17.4682	1254	2653
17.50/17.54	17.5398	1253	2699
17.50/17.59	17.5894	1252	2704
17.59/17.66	17.6576	1251	2744
17.68/17.72	17.721	1250	2779
17.78/17.84	17.8446	1249	2924
17.78/17.89	17.8953	1248	2932
17.88/17.98	17.9781	1247	2997
18.08/18.10	18.0975	1246	3129
18.18/18.20	18.2032	1245	3244
18.18/18.25	18.252	1244	3248
18.28/18.30	18.2999	1243	3251
18.28/18.35	18.3487	1242	3254
18.48/18.50	18.5053	1241	3466
18.48/18.57	18.5714	1240	3506
18.61/18.62	18.6254	1239	3517
18.61/18.70	18.702	1238	3578
18.70/18.76	18.7666	1237	3617
18.79/18.81	18.8116	1236	3621
18.79/18.86	18.8603	1235	3633
18.89/18.93	18.9327	1234	3694
18.89/18.97	18.9766	1233	3697
18.99/19.03	19.0304	1232	3715
19.29/19.32	19.3251	1231	4198
19.39/19.40	19.3997	1230	4250
19.39/19.47	19.4766	1229	4301
19.49/19.57	19.5702	1228	4387
19.59/19.66	19.6661	1227	4472
19.59/19.71	19.7125	1226	4473
19.81/19.83	19.8321	1225	4609
19.89/19.90	19.9018	1224	4651
19.89/19.95	19.9473	1223	4652
19.99/20.04	20.0389	1222	4740
20.19/20.23	20.2313	1221	5028
20.29/20.31	20.3108	1220	5098
20.29/20.36	20.3619	1219	5110
20.39/20.44	20.4425	1218	5174
20.49/20.54	20.5455	1217	5280
20.69/20.72	20.7194	1216	5526
20.69/20.78	20.7814	1215	5558
20.99/21.02	21.0207	1214	5925
21.09/21.19	21.1892	1213	6164
21.19/21.26	21.2576	1212	6219
21.29/21.38	21.3855	1211	6400
21.49/21.55	21.5536	1210	6634
21.59/21.61	21.6105	1209	6657
21.69/21.76	21.7568	1208	6841
22.09/22.16	22.1601	1207	7338
22.19/22.20	22.2051	1206	7339
22.19/22.27	22.2753	1205	7384
22.29/22.36	22.3571	1204	7456
22.69/22.73	22.7354	1203	7995
23.79/23.84	23.8376	1202	9983
23.99/24.02	24.0239	1201	10272
29.29/29.39	29.3884	1200	20531
