0.49/0.53	0.530874	1548	0
0.59/0.60	0.606635	1547	1
0.59/0.68	0.6833	1546	3
0.69/0.74	0.744971	1545	5
0.79/0.80	0.800177	1544	8
0.79/0.85	0.854303	1543	9
0.89/0.91	0.908159	1542	10
0.89/0.96	0.962016	1541	11
1.00/1.01	1.01621	1540	12
1.00/1.07	1.07037	1538	13
1.10/1.12	1.12423	1537	14
1.10/1.18	1.1794	1536	16
1.19/1.23	1.23295	1535	17
1.19/1.28	1.28712	1534	19
1.29/1.34	1.34048	1533	20
1.29/1.39	1.39432	1532	21
1.39/1.45	1.44777	1531	22
1.49/1.50	1.50215	1530	24
1.49/1.56	1.55836	1529	25
1.59/1.61	1.61581	1528	26
1.59/1.67	1.67389	1527	27
1.69/1.73	1.73117	1525	28
1.69/1.79	1.78869	1524	29
1.79/1.84	1.84579	1523	30
1.89/1.90	1.90096	1522	31
1.89/1.95	1.95401	1521	32
1.99/2.00	2.00728	1520	33
1.99/2.06	2.06046	1519	34
2.10/2.11	2.11341	1518	35
2.10/2.17	2.16739	1517	36
2.20/2.22	2.22048	1516	37
2.20/2.27	2.27363	1515	38
2.28/2.32	2.32684	1513	39
2.28/2.38	2.3798	1512	40
2.38/2.43	2.43261	1511	41
2.38/2.48	2.48536	1510	42
2.48/2.54	2.53838	1509	43
2.48/2.59	2.59091	1508	44
2.58/2.64	2.64422	1507	45
2.68/2.70	2.69931	1506	46
2.68/2.75	2.75567	1505	47
2.78/2.81	2.81244	1504	49
2.78/2.87	2.86884	1502	50
2.88/2.92	2.92508	1501	51
2.88/2.98	2.9812	1500	52
2.98/3.04	3.03765	1499	53
2.98/3.09	3.09369	1498	54
3.08/3.15	3.15055	1497	55
3.19/3.21	3.20843	1496	58
3.19/3.26	3.26445	1495	59
3.29/3.32	3.32051	1494	60
3.29/3.37	3.37641	1493	61
3.38/3.43	3.43231	1492	62
3.38/3.49	3.48907	1491	64
3.48/3.54	3.54483	1490	65
3.58/3.60	3.60066	1489	66
3.58/3.66	3.65725	1488	67
3.68/3.71	3.71302	1487	68
3.68/3.77	3.76932	1486	70
3.78/3.82	3.82571	1485	72
3.78/3.88	3.88139	1484	73
3.88/3.94	3.93746	1483	75
3.88/3.99	3.99333	1482	76
3.98/4.05	4.04909	1481	77
4.08/4.10	4.10616	1480	80
4.08/4.16	4.16095	1479	81
4.18/4.21	4.21255	1478	82
4.18/4.26	4.26387	1477	83
4.29/4.31	4.3154	1476	84
4.29/4.36	4.36668	1475	85
4.39/4.42	4.4186	1474	86
4.39/4.47	4.4698	1473	87
4.48/4.52	4.52487	1472	88
4.48/4.58	4.58007	1471	89
4.58/4.63	4.63505	1470	90
4.58/4.69	4.69097	1469	91
4.68/4.75	4.74718	1468	94
4.78/4.80	4.80285	1467	95
4.78/4.86	4.858	1466	96
4.88/4.91	4.91171	1465	101
4.88/4.96	4.96324	1464	103
4.98/5.01	5.01488	1463	105
4.98/5.06	5.06678	1462	108
5.08/5.12	5.11766	1461	109
5.08/5.17	5.16993	1460	110
5.18/5.22	5.22214	1459	111
5.18/5.27	5.27674	1458	112
5.28/5.33	5.33172	1457	114
5.28/5.38	5.38633	1456	115
5.39/5.44	5.44296	1455	120
5.39/5.50	5.49731	1454	121
5.49/5.55	5.55207	1453	123
5.58/5.61	5.60803	1452	127
5.58/5.66	5.66405	1451	129
5.68/5.72	5.71824	1450	130
5.68/5.77	5.77228	1449	131
5.78/5.83	5.82744	1448	134
5.78/5.88	5.88204	1447	136
5.88/5.93	5.93652	1446	138
5.88/5.99	5.99072	1445	139
5.98/6.04	6.04485	1444	140
6.08/6.10	6.09881	1443	141
6.08/6.15	6.1549	1442	145
6.18/6.20	6.20513	1441	146
6.18/6.25	6.25533	1440	147
6.28/6.30	6.30645	1439	149
6.28/6.36	6.35714	1438	150
6.38/6.41	6.40921	1437	154
6.38/6.46	6.46	1436	155
6.49/6.51	6.51119	1435	157
6.49/6.56	6.56621	1434	166
6.59/6.62	6.61755	1433	167
6.59/6.67	6.67206	1432	168
6.68/6.72	6.72554	1431	169
6.68/6.78	6.77956	1430	171
6.78/6.83	6.83109	1429	172
6.78/6.88	6.88185	1428	174
6.88/6.93	6.93227	1427	175
6.88/6.98	6.98297	1426	177
6.98/7.03	7.03299	1425	178
6.98/7.08	7.0829	1424	179
7.08/7.13	7.13338	1423	181
7.08/7.18	7.18444	1422	183
7.18/7.23	7.23385	1421	184
7.18/7.28	7.2838	1420	186
7.28/7.33	7.33314	1419	187
7.28/7.38	7.38255	1418	188
7.38/7.43	7.43159	1417	189
7.38/7.48	7.48164	1416	191
7.48/7.53	7.53259	1415	194
7.48/7.58	7.58167	1414	195
7.59/7.63	7.6312	1413	197
7.59/7.68	7.68265	1412	202
7.69/7.73	7.73254	1411	205
7.69/7.78	7.78317	1410	206
7.78/7.83	7.83589	1409	207
7.78/7.89	7.88949	1408	210
7.88/7.94	7.94193	1407	211
7.88/7.99	7.99532	1406	214
7.98/8.05	8.0489	1405	217
8.08/8.10	8.10241	1404	220
8.08/8.15	8.15348	1403	222
8.18/8.20	8.20257	1402	224
8.18/8.25	8.25166	1401	226
8.28/8.30	8.30033	1400	227
8.28/8.35	8.34881	1399	228
8.38/8.40	8.39887	1398	232
8.38/8.45	8.45013	1397	238
8.48/8.50	8.50337	1396	240
8.48/8.55	8.55581	1395	241
8.58/8.61	8.60753	1394	242
8.58/8.66	8.66163	1393	246
8.69/8.71	8.71351	1392	247
8.69/8.76	8.7652	1391	248
8.79/8.82	8.81828	1390	251
8.79/8.87	8.86984	1389	252
8.88/8.92	8.92141	1388	253
8.88/8.97	8.97389	1387	255
8.98/9.02	9.02552	1386	256
8.98/9.08	9.07809	1385	258
9.08/9.13	9.12885	1384	261
9.08/9.18	9.18178	1383	270
9.18/9.23	9.23014	1382	272
9.18/9.28	9.27797	1381	273
9.28/9.33	9.32729	1380	276
9.28/9.38	9.37825	1379	283
9.38/9.43	9.42913	1378	288
9.38/9.48	9.47818	1377	292
9.48/9.52	9.52588	1375	293
9.48/9.58	9.57895	1374	305
9.58/9.63	9.62735	1373	308
9.58/9.67	9.67564	1372	309
9.68/9.72	9.72351	1371	311
9.68/9.77	9.77313	1370	316
9.79/9.82	9.82079	1369	317
9.79/9.87	9.87001	1368	321
9.89/9.92	9.92037	1367	328
9.89/9.97	9.9736	1366	341
9.98/10.02	10.0213	1365	343
9.98/10.07	10.0712	1364	349
10.08/10.12	10.1217	1363	356
10.08/10.18	10.1775	1362	372
10.18/10.23	10.2305	1361	384
10.18/10.28	10.2781	1360	385
10.28/10.33	10.3274	1359	391
10.28/10.37	10.3763	1358	396
10.38/10.42	10.4233	1357	397
10.38/10.47	10.4749	1356	407
10.48/10.52	10.524	1355	412
10.48/10.57	10.5717	1354	415
10.58/10.62	10.6195	1353	418
10.58/10.67	10.6713	1352	427
10.68/10.72	10.7211	1351	433
10.68/10.77	10.7718	1350	441
10.78/10.82	10.822	1349	443
10.78/10.87	10.8706	1348	447
10.89/10.92	10.9186	1347	449
10.89/10.96	10.9668	1346	452
10.99/11.01	11.0145	1345	454
10.99/11.06	11.0617	1344	456
11.08/11.11	11.1089	1343	458
11.08/11.16	11.1575	1342	460
11.18/11.20	11.2049	1341	462
11.18/11.25	11.2534	1340	466
11.28/11.30	11.3018	1339	469
11.28/11.35	11.3522	1338	477
11.38/11.40	11.4035	1337	486
11.38/11.45	11.4549	1336	496
11.48/11.50	11.5046	1335	503
11.58/11.65	11.6531	1334	754
13.59/13.67	13.6728	1333	5553
13.79/13.84	13.8465	1332	5841
13.89/13.90	13.9059	1331	5860
13.99/14.03	14.0318	1330	6037
14.09/14.17	14.173	1329	6243
14.30/14.36	14.3618	1328	6566
14.39/14.41	14.4086	1327	6569
14.49/14.54	14.5425	1326	6789
15.09/15.13	15.1357	1325	8156
16.08/16.17	16.1709	1324	10619
16.18/16.21	16.2166	1323	10620
16.18/16.27	16.2713	1322	10640
16.28/16.32	16.3171	1321	10641
16.68/16.75	16.7558	1320	11614
17.68/17.71	17.7086	1319	13851
17.68/17.76	17.759	1318	13860
17.78/17.82	17.8181	1317	13889
17.78/17.87	17.8687	1316	13901
17.88/17.92	17.9193	1315	13912
17.88/17.97	17.9684	1314	13920
17.98/18.02	18.0193	1313	13934
17.98/18.08	18.0845	1312	13975
18.08/18.14	18.1372	1310	13990
18.18/18.21	18.2076	1309	14035
18.18/18.26	18.2589	1308	14047
18.28/18.32	18.318	1307	14075
18.28/18.37	18.3713	1306	14093
18.38/18.41	18.4165	1305	14094
18.38/18.47	18.4693	1304	14112
18.48/18.51	18.5166	1303	14116
18.48/18.57	18.5674	1302	14129
18.59/18.62	18.6242	1301	14156
18.59/18.68	18.6808	1300	14180
18.69/18.73	18.7356	1299	14202
18.69/18.78	18.7808	1298	14203
18.78/18.84	18.8437	1297	14240
18.78/18.89	18.8911	1296	14246
18.88/18.94	18.942	1295	14260
18.88/18.99	18.9933	1294	14272
18.98/19.04	19.0429	1293	14284
18.98/19.09	19.0967	1292	14305
19.08/19.15	19.1535	1291	14328
19.18/19.21	19.2079	1290	14344
19.18/19.26	19.2622	1289	14357
19.28/19.34	19.3408	1288	14414
19.38/19.41	19.4161	1287	14468
19.38/19.46	19.4647	1286	14471
19.48/19.51	19.5137	1285	14475
19.48/19.56	19.5624	1284	14478
19.58/19.62	19.6253	1283	14506
19.69/19.72	19.7188	1282	14591
19.69/19.78	19.782	1281	14620
19.79/19.87	19.8681	1280	14698
19.88/19.93	19.928	1279	14724
19.98/20.01	20.009	1278	14792
19.98/20.07	20.0681	1277	14826
20.08/20.12	20.1237	1276	14848
20.08/20.17	20.1734	1275	14860
20.18/20.22	20.2222	1274	14870
20.18/20.27	20.2754	1273	14889
20.28/20.32	20.3264	1272	14904
20.28/20.38	20.3767	1271	14916
20.38/20.43	20.4273	1270	14931
20.38/20.48	20.4809	1269	14952
20.48/20.53	20.5285	1268	14956
20.48/20.59	20.589	1267	14984
20.58/20.66	20.6568	1266	15031
20.68/20.72	20.7221	1265	15075
20.79/20.82	20.8177	1263	15190
20.79/20.86	20.8658	1262	15201
20.89/20.92	20.9251	1261	15235
20.89/20.98	20.9776	1260	15257
20.98/21.02	21.0224	1259	15260
20.98/21.08	21.0797	1258	15287
21.08/21.17	21.1717	1257	15382
21.18/21.24	21.2379	1256	15428
21.18/21.29	21.2953	1255	15457
21.28/21.34	21.3437	1254	15470
21.28/21.40	21.3969	1253	15490
21.48/21.53	21.53	1252	15674
21.58/21.61	21.6076	1251	15739
21.58/21.68	21.6833	1250	15800
21.68/21.73	21.7313	1249	15810
21.68/21.77	21.776	1248	15815
21.78/21.83	21.8348	1247	15848
21.78/21.88	21.8781	1246	15850
21.89/22.00	22.0001	1245	16007
21.99/22.05	22.0515	1244	16017
22.08/22.11	22.1118	1243	16045
22.08/22.16	22.1639	1242	16054
22.18/22.21	22.2098	1241	16055
22.18/22.27	22.2693	1240	16081
22.28/22.39	22.3963	1239	16240
22.38/22.46	22.4656	1238	16290
22.48/22.54	22.5399	1237	16352
22.58/22.66	22.6639	1236	16519
22.68/22.71	22.7095	1235	16525
22.68/22.76	22.7601	1234	16543
22.78/22.88	22.8782	1233	16706
22.88/22.93	22.9342	1232	16733
22.88/22.99	22.9894	1231	16759
23.09/23.16	23.1595	1230	17025
23.18/23.21	23.2088	1229	17040
23.28/23.35	23.3478	1228	17239
23.38/23.48	23.482	1227	17439
23.48/23.53	23.5266	1226	17445
23.78/23.83	23.8271	1225	17967
23.78/23.88	23.8854	1224	17993
23.88/23.96	23.9665	1223	18063
23.98/24.06	24.0572	1222	18151
24.09/24.12	24.1231	1221	18193
24.19/24.26	24.2619	1220	18372
24.28/24.31	24.3094	1219	18383
24.28/24.35	24.3562	1218	18395
24.38/24.49	24.4924	1217	18599
24.48/24.54	24.5395	1216	18611
24.58/24.68	24.6861	1215	18828
24.88/24.92	24.9233	1214	19239
25.29/25.31	25.308	1213	19966
25.38/25.42	25.4209	1212	20114
25.38/25.46	25.4651	1211	20120
25.59/25.60	25.5986	1210	20309
25.69/25.72	25.7176	1209	20446
25.69/25.76	25.7636	1208	20450
25.89/25.91	25.9149	1207	20657
25.89/25.96	25.9592	1206	20658
26.40/26.42	26.4226	1205	21549
26.49/26.52	26.5217	1204	21666
27.40/27.49	27.4873	1203	23572
27.69/27.73	27.7303	1202	23989
27.89/27.98	27.9861	1201	24434
28.60/28.61	28.6069	1200	25645
