0.49/0.53	0.528875	1545	0
0.59/0.60	0.604483	1544	2
0.59/0.67	0.677396	1543	3
0.69/0.73	0.733012	1542	4
0.69/0.79	0.78824	1541	5
0.79/0.84	0.843138	1540	6
0.89/0.90	0.897951	1539	8
0.89/0.95	0.952261	1538	9
1.00/1.01	1.00845	1537	13
1.00/1.06	1.06279	1536	14
1.10/1.11	1.11683	1535	15
1.10/1.17	1.17129	1533	16
1.20/1.22	1.2266	1530	18
1.20/1.28	1.28111	1529	19
1.29/1.33	1.33529	1528	20
1.29/1.39	1.39044	1527	21
1.39/1.44	1.44418	1526	22
1.49/1.50	1.49803	1525	23
1.49/1.55	1.55211	1524	25
1.59/1.60	1.6067	1523	27
1.59/1.66	1.66034	1522	28
1.69/1.71	1.71428	1521	29
1.69/1.77	1.77056	1520	30
1.79/1.82	1.82435	1519	31
1.79/1.88	1.87866	1517	35
1.89/1.93	1.93139	1516	36
1.89/1.98	1.98455	1515	37
1.99/2.04	2.03834	1514	38
1.99/2.09	2.0915	1513	39
2.10/2.14	2.14519	1512	40
2.10/2.20	2.20024	1511	45
2.20/2.25	2.25362	1510	46
2.29/2.30	2.30642	1509	47
2.29/2.36	2.35953	1508	48
2.39/2.41	2.41271	1507	50
2.39/2.46	2.46618	1506	52
2.49/2.52	2.51871	1504	53
2.49/2.57	2.57145	1503	54
2.60/2.62	2.62462	1502	55
2.60/2.67	2.67685	1501	56
2.69/2.73	2.7298	1500	57
2.69/2.78	2.7821	1499	58
2.79/2.83	2.83515	1498	60
2.79/2.89	2.88881	1497	63
2.89/2.94	2.94099	1496	64
2.89/2.99	2.99317	1495	65
2.99/3.04	3.04566	1494	66
3.09/3.10	3.09878	1493	68
3.09/3.15	3.15069	1492	69
3.20/3.20	3.20581	1491	76
3.20/3.26	3.25892	1490	77
3.30/3.31	3.31174	1488	78
3.30/3.36	3.36353	1487	79
3.39/3.41	3.41595	1486	81
3.39/3.47	3.46772	1485	82
3.49/3.52	3.51987	1484	83
3.49/3.57	3.57146	1483	84
3.59/3.62	3.62293	1482	85
3.59/3.67	3.67495	1481	86
3.69/3.73	3.72769	1480	88
3.69/3.78	3.78083	1479	93
3.79/3.83	3.83336	1478	95
3.79/3.88	3.88544	1477	96
3.89/3.94	3.93731	1476	97
3.89/3.99	3.98951	1475	99
4.00/4.04	4.0412	1474	100
4.00/4.09	4.09258	1473	101
4.09/4.14	4.14412	1472	102
4.09/4.19	4.19545	1471	103
4.19/4.25	4.24892	1470	106
4.19/4.30	4.30008	1469	107
4.30/4.35	4.35128	1468	108
4.30/4.40	4.40251	1467	109
4.40/4.45	4.45524	1466	110
4.49/4.51	4.51007	1465	111
4.49/4.56	4.56499	1464	112
4.59/4.62	4.61967	1463	113
4.59/4.67	4.67567	1462	116
4.69/4.73	4.73128	1461	118
4.69/4.78	4.78217	1460	119
4.79/4.83	4.83312	1459	120
4.79/4.88	4.88509	1458	123
4.89/4.93	4.93602	1457	124
4.89/4.99	4.98801	1455	127
4.99/5.04	5.03868	1454	128
4.99/5.09	5.08919	1453	129
5.09/5.14	5.13982	1452	130
5.09/5.19	5.19033	1451	131
5.19/5.24	5.24145	1450	132
5.19/5.29	5.29198	1449	133
5.29/5.34	5.34249	1448	134
5.29/5.39	5.39283	1447	135
5.40/5.44	5.44336	1445	136
5.40/5.49	5.49425	1444	138
5.50/5.54	5.54508	1443	140
5.50/5.59	5.59545	1442	141
5.59/5.64	5.64558	1441	142
5.59/5.69	5.69602	1440	143
5.69/5.75	5.74759	1439	145
5.79/5.80	5.7985	1438	147
5.79/5.85	5.85014	1437	151
5.89/5.90	5.90186	1436	156
5.89/5.95	5.95286	1435	159
5.99/6.00	6.00286	1434	160
5.99/6.05	6.05292	1433	161
6.09/6.10	6.10384	1432	163
6.09/6.16	6.15771	1431	164
6.19/6.21	6.21208	1430	166
6.19/6.26	6.26713	1429	168
6.29/6.32	6.32186	1428	171
6.29/6.37	6.37675	1425	175
6.39/6.43	6.42997	1424	176
6.39/6.48	6.48462	1423	178
6.50/6.54	6.53855	1422	180
6.50/6.59	6.5921	1421	181
6.60/6.64	6.64528	1420	182
6.69/6.70	6.70016	1419	186
6.69/6.75	6.75403	1418	187
6.79/6.80	6.80689	1417	188
6.79/6.86	6.86022	1416	190
6.89/6.91	6.91388	1415	192
6.89/6.97	6.96717	1414	194
6.99/7.02	7.02165	1413	199
6.99/7.07	7.07438	1412	200
7.09/7.13	7.12718	1411	201
7.09/7.18	7.17987	1410	202
7.19/7.23	7.23627	1409	210
7.19/7.29	7.28894	1408	211
7.29/7.34	7.34208	1407	213
7.29/7.39	7.39466	1406	214
7.39/7.44	7.44708	1405	215
7.49/7.50	7.49945	1404	216
7.49/7.55	7.55166	1403	217
7.49/7.60	7.60464	1402	220
7.60/7.66	7.65752	1401	221
7.70/7.71	7.71419	1400	230
7.70/7.76	7.76704	1399	231
7.79/7.82	7.82086	1398	234
7.79/7.87	7.87496	1397	238
7.89/7.93	7.92712	1396	239
7.89/7.98	7.97926	1395	240
7.99/8.03	8.03224	1394	241
7.99/8.08	8.08432	1393	242
8.09/8.13	8.13642	1392	243
8.09/8.19	8.1889	1391	245
8.19/8.24	8.24214	1390	247
8.19/8.29	8.29388	1389	248
8.29/8.34	8.34583	1388	249
8.39/8.40	8.39874	1387	252
8.39/8.45	8.45212	1386	256
8.49/8.50	8.50387	1385	257
8.49/8.55	8.55558	1384	258
8.59/8.61	8.60725	1383	259
8.59/8.66	8.65997	1382	262
8.70/8.71	8.71352	1381	266
8.70/8.76	8.76561	1380	267
8.80/8.82	8.81709	1379	268
8.80/8.87	8.8707	1378	273
8.89/8.92	8.92347	1377	276
8.89/8.97	8.97641	1376	279
8.99/9.03	9.02782	1375	280
8.99/9.08	9.08288	1374	288
9.09/9.13	9.13431	1373	289
9.09/9.18	9.18542	1372	290
9.19/9.24	9.23999	1371	295
9.19/9.29	9.2911	1370	296
9.29/9.34	9.34264	1369	298
9.29/9.39	9.39508	1368	302
9.39/9.44	9.44612	1367	303
9.49/9.50	9.49914	1366	307
9.49/9.55	9.55039	1365	309
9.59/9.60	9.60181	1364	311
9.59/9.65	9.65244	1363	312
9.69/9.70	9.70492	1362	317
9.69/9.75	9.75626	1361	318
9.80/9.81	9.80791	1360	320
9.80/9.86	9.85842	1359	321
9.90/9.91	9.91314	1358	330
9.90/9.96	9.96373	1357	331
9.99/10.01	10.0153	1356	339
9.99/10.06	10.0645	1355	344
10.09/10.11	10.1115	1354	345
10.09/10.16	10.1593	1353	348
10.19/10.20	10.2061	1352	349
10.19/10.25	10.2556	1351	353
10.29/10.31	10.3164	1350	381
10.29/10.37	10.3705	1349	390
10.39/10.42	10.4234	1348	396
10.39/10.47	10.4702	1347	397
10.49/10.52	10.5202	1346	402
10.49/10.57	10.5725	1345	414
10.59/10.62	10.6258	1344	427
10.59/10.68	10.6783	1343	439
10.69/10.73	10.7285	1342	446
10.69/10.78	10.7809	1341	456
10.79/10.83	10.8318	1340	459
10.79/10.89	10.887	1339	468
10.90/10.94	10.937	1338	469
10.90/10.99	10.9902	1337	475
11.00/11.04	11.0424	1336	481
11.09/11.10	11.0985	1335	494
11.09/11.15	11.1495	1334	498
11.19/11.21	11.2075	1333	514
11.19/11.27	11.2739	1332	545
11.29/11.33	11.3271	1331	553
11.29/11.39	11.3908	1330	577
11.39/11.44	11.4454	1329	589
11.49/11.50	11.4984	1328	595
11.49/11.55	11.5553	1327	611
11.59/11.62	11.6232	1325	648
11.59/11.67	11.6754	1324	655
11.69/11.73	11.7279	1323	661
11.69/11.78	11.7821	1322	671
11.79/11.83	11.8366	1321	680
11.79/11.89	11.8936	1320	696
11.89/11.95	11.9532	1319	715
11.89/12.00	12.0046	1318	721
12.00/12.06	12.0569	1317	728
12.10/12.10	12.1064	1316	729
12.10/12.15	12.1553	1315	730
12.19/12.22	12.217	1314	751
12.19/12.27	12.2746	1313	766
12.29/12.33	12.3323	1312	784
12.29/12.38	12.382	1311	787
12.39/12.43	12.4345	1310	795
12.39/12.49	12.4915	1309	810
12.49/12.55	12.5484	1308	824
12.59/12.61	12.6087	1307	846
12.59/12.66	12.6628	1306	857
12.69/12.72	12.717	1305	867
12.69/12.77	12.7707	1304	877
12.79/12.82	12.8208	1303	881
12.79/12.89	12.8894	1302	918
12.89/12.94	12.9413	1301	926
12.99/13.00	12.9989	1300	945
12.99/13.05	13.0515	1299	954
13.10/13.11	13.1157	1298	988
13.10/13.17	13.1729	1297	1004
13.20/13.24	13.2377	1296	1034
13.20/13.29	13.2911	1295	1043
13.29/13.34	13.3451	1294	1055
13.39/13.40	13.4007	1293	1069
13.39/13.47	13.4717	1292	1112
13.49/13.53	13.5271	1291	1128
13.49/13.59	13.5936	1290	1164
13.59/13.65	13.6502	1289	1181
13.69/13.71	13.7158	1288	1216
13.69/13.77	13.7674	1287	1224
13.79/13.82	13.8214	1286	1237
13.79/13.87	13.8729	1285	1246
13.89/13.93	13.9317	1284	1266
13.89/13.98	13.983	1283	1275
13.99/14.04	14.041	1282	1296
13.99/14.09	14.0886	1281	1297
14.09/14.15	14.1552	1280	1333
14.20/14.22	14.2247	1279	1372
14.20/14.28	14.2791	1278	1386
14.30/14.33	14.3312	1277	1395
14.30/14.38	14.3812	1276	1401
14.39/14.44	14.4368	1275	1418
14.49/14.50	14.4992	1274	1447
14.49/14.56	14.5568	1273	1466
14.59/14.64	14.6379	1272	1528
14.69/14.71	14.7141	1271	1585
14.69/14.76	14.7646	1270	1591
14.79/14.81	14.8134	1269	1596
14.79/14.86	14.8637	1268	1604
14.89/14.92	14.9194	1267	1621
14.89/14.98	14.9776	1266	1643
14.99/15.04	15.0373	1265	1668
14.99/15.08	15.0855	1264	1672
15.09/15.14	15.142	1263	1691
15.19/15.25	15.255	1262	1820
15.19/15.30	15.3015	1261	1821
15.30/15.35	15.3546	1260	1834
15.40/15.41	15.4078	1259	1846
15.40/15.45	15.4547	1258	1847
15.49/15.52	15.5189	1257	1878
15.49/15.58	15.5833	1256	1911
15.59/15.66	15.6582	1255	1967
15.69/15.76	15.7574	1254	2068
15.79/15.82	15.8257	1253	2112
15.79/15.87	15.8742	1252	2116
15.89/15.93	15.9334	1251	2142
15.99/16.00	16.0057	1250	2198
15.99/16.09	16.0896	1249	2275
16.19/16.25	16.2512	1248	2500
16.29/16.33	16.3284	1247	2558
16.40/16.49	16.4885	1246	2791
16.50/16.55	16.5502	1245	2826
16.59/16.64	16.6391	1244	2918
16.69/16.72	16.7199	1243	2985
16.69/16.77	16.7687	1242	2991
16.79/16.84	16.8411	1241	3042
16.89/16.94	16.9394	1240	3149
16.99/17.02	17.0217	1239	3220
17.09/17.13	17.1267	1238	3336
17.09/17.18	17.1857	1237	3365
17.19/17.26	17.2595	1236	3420
17.29/17.31	17.3078	1235	3427
17.39/17.41	17.4117	1234	3546
17.39/17.47	17.468	1233	3569
17.50/17.58	17.5775	1232	3696
17.60/17.63	17.6305	1231	3711
17.69/17.70	17.704	1230	3770
17.69/17.75	17.7513	1229	3774
17.79/17.80	17.8002	1228	3781
17.79/17.88	17.8817	1227	3851
17.99/18.03	18.0279	1226	4048
18.09/18.10	18.1064	1225	4125
18.19/18.26	18.2633	1224	4359
18.29/18.37	18.3721	1223	4499
18.49/18.58	18.5767	1222	4800
18.70/18.79	18.7966	1221	5167
18.79/18.86	18.86	1220	5216
18.89/18.90	18.9047	1219	5222
18.89/18.95	18.9497	1218	5230
18.99/19.05	19.0475	1217	5343
19.49/19.56	19.5652	1216	6351
19.79/19.85	19.8474	1215	6822
20.08/20.15	20.1492	1214	7356
20.28/20.31	20.3076	1213	7590
20.58/20.68	20.6789	1212	8238
20.89/20.95	20.9484	1211	8682
20.98/21.06	21.064	1210	8815
21.08/21.11	21.111	1209	8822
21.08/21.17	21.1721	1208	8853
22.49/22.56	22.5613	1207	11527
22.69/22.77	22.773	1206	11839
23.69/23.77	23.7738	1205	13737
23.79/23.84	23.8374	1204	13777
23.99/24.03	24.0312	1203	14058
23.99/24.09	24.0877	1202	14092
24.10/24.13	24.1292	1201	14094
30.80/30.82	30.8249	1200	27457
