0.49/0.52	0.518595	1550	0
0.49/0.59	0.595577	1549	1
0.59/0.65	0.653699	1548	2
0.69/0.71	0.711523	1547	3
0.69/0.77	0.769714	1546	4
0.79/0.83	0.829986	1545	7
0.79/0.89	0.890443	1544	10
0.89/0.95	0.948646	1543	11
0.89/1.00	1.00704	1542	12
1.00/1.07	1.06783	1541	14
1.11/1.12	1.12721	1540	18
1.11/1.18	1.18653	1539	19
1.19/1.24	1.24457	1538	20
1.29/1.30	1.30324	1537	21
1.29/1.36	1.36084	1536	22
1.39/1.42	1.41856	1535	23
1.39/1.47	1.47605	1534	24
1.49/1.53	1.53345	1533	25
1.49/1.59	1.59077	1532	26
1.59/1.65	1.64816	1531	27
1.69/1.70	1.70615	1530	28
1.69/1.76	1.76337	1529	29
1.79/1.82	1.8216	1528	30
1.79/1.88	1.87871	1527	31
1.89/1.93	1.93589	1526	32
1.89/1.99	1.99358	1525	34
1.99/2.05	2.05282	1524	38
1.99/2.11	2.10974	1523	39
2.11/2.16	2.16697	1522	40
2.21/2.22	2.22395	1520	41
2.21/2.28	2.28264	1519	43
2.29/2.34	2.33943	1518	44
2.29/2.39	2.39635	1517	45
2.39/2.45	2.45506	1516	49
2.49/2.51	2.51197	1515	50
2.49/2.57	2.56905	1514	51
2.59/2.62	2.62618	1513	53
2.59/2.68	2.68385	1512	55
2.69/2.74	2.74082	1511	57
2.79/2.80	2.79806	1510	58
2.79/2.85	2.8545	1509	59
2.89/2.91	2.91315	1508	61
2.89/2.97	2.96962	1507	62
3.00/3.02	3.02604	1506	63
3.00/3.08	3.08257	1505	64
3.09/3.14	3.13952	1504	66
3.09/3.19	3.19572	1503	67
3.20/3.25	3.25219	1502	68
3.20/3.31	3.3092	1501	69
3.31/3.36	3.36545	1500	70
3.39/3.42	3.42223	1498	71
3.39/3.48	3.47877	1497	72
3.49/3.54	3.53839	1496	75
3.49/3.59	3.59451	1495	76
3.59/3.65	3.65077	1494	78
3.69/3.70	3.70652	1493	79
3.69/3.76	3.76395	1492	80
3.79/3.82	3.82039	1491	81
3.79/3.87	3.87614	1490	82
3.89/3.93	3.93459	1489	88
3.89/3.99	3.99072	1488	89
3.99/4.05	4.04813	1487	90
4.09/4.10	4.10498	1486	93
4.09/4.16	4.16158	1485	95
4.19/4.21	4.21702	1484	96
4.19/4.27	4.27257	1483	97
4.30/4.33	4.32876	1482	98
4.30/4.38	4.3847	1481	100
4.41/4.44	4.44161	1480	101
4.49/4.50	4.49786	1479	104
4.49/4.55	4.554	1478	107
4.59/4.61	4.60946	1477	108
4.59/4.66	4.6666	1476	111
4.69/4.72	4.72477	1475	113
4.69/4.78	4.78055	1474	114
4.79/4.83	4.83554	1473	115
4.79/4.89	4.89054	1472	116
4.89/4.94	4.94281	1471	117
4.89/4.99	4.99444	1470	119
4.99/5.04	5.04599	1469	120
5.09/5.10	5.09794	1468	122
5.09/5.15	5.15275	1467	123
5.19/5.21	5.20756	1466	124
5.19/5.26	5.26234	1465	125
5.29/5.32	5.31783	1464	126
5.29/5.37	5.37245	1463	127
5.40/5.42	5.42715	1462	128
5.40/5.48	5.48107	1461	129
5.51/5.53	5.53461	1460	130
5.51/5.59	5.58913	1459	131
5.59/5.64	5.64353	1458	132
5.69/5.70	5.69831	1457	133
5.69/5.75	5.753	1456	134
5.79/5.81	5.80817	1455	135
5.79/5.86	5.86254	1454	136
5.89/5.91	5.91713	1453	137
5.89/5.97	5.97133	1452	138
5.99/6.02	6.02632	1451	140
5.99/6.08	6.08108	1450	142
6.09/6.13	6.13517	1449	143
6.09/6.19	6.18905	1448	144
6.19/6.24	6.24372	1447	146
6.19/6.30	6.29886	1446	148
6.30/6.35	6.35273	1445	149
6.39/6.40	6.40665	1444	150
6.39/6.46	6.46175	1443	153
6.50/6.51	6.51603	1442	154
6.50/6.57	6.56977	1441	155
6.61/6.62	6.62406	1440	156
6.61/6.68	6.67774	1439	157
6.69/6.73	6.73164	1437	158
6.69/6.79	6.78851	1436	164
6.79/6.84	6.8421	1435	165
6.79/6.89	6.8957	1434	166
6.89/6.95	6.94973	1433	168
6.99/7.00	7.00189	1432	169
6.99/7.05	7.05284	1431	173
7.09/7.10	7.10236	1430	174
7.09/7.15	7.15376	1429	179
7.19/7.20	7.20592	1428	181
7.19/7.26	7.25912	1427	182
7.29/7.31	7.31493	1426	186
7.29/7.37	7.36989	1425	191
7.39/7.42	7.42452	1424	195
7.39/7.48	7.47745	1423	196
7.49/7.53	7.53139	1422	198
7.49/7.58	7.58565	1420	200
7.60/7.64	7.63874	1419	201
7.60/7.69	7.6916	1418	202
7.71/7.74	7.74422	1417	203
7.79/7.80	7.8005	1416	207
7.79/7.85	7.85337	1415	208
7.89/7.90	7.90682	1414	210
7.89/7.96	7.95957	1413	211
7.99/8.01	8.01473	1412	217
7.99/8.07	8.06888	1411	221
8.09/8.12	8.12279	1410	226
8.09/8.17	8.17153	1409	227
8.19/8.22	8.22037	1408	228
8.19/8.27	8.27121	1407	233
8.29/8.32	8.32063	1406	234
8.29/8.37	8.3698	1405	235
8.39/8.42	8.41902	1404	237
8.39/8.47	8.46764	1403	238
8.49/8.52	8.51894	1402	244
8.49/8.57	8.56898	1401	245
8.59/8.62	8.62102	1400	246
8.59/8.67	8.67315	1399	247
8.70/8.72	8.72548	1398	248
8.70/8.78	8.77806	1397	249
8.81/8.83	8.83057	1396	250
8.81/8.88	8.88252	1395	251
8.89/8.93	8.9345	1394	252
8.89/8.98	8.98642	1393	253
8.99/9.04	9.03844	1392	254
8.99/9.09	9.09171	1391	257
9.09/9.14	9.14362	1390	258
9.09/9.19	9.19525	1389	259
9.19/9.24	9.247	1388	260
9.29/9.30	9.30024	1387	263
9.29/9.35	9.3522	1386	264
9.39/9.40	9.40291	1385	265
9.39/9.45	9.451	1384	266
9.49/9.50	9.50257	1383	273
9.49/9.55	9.55074	1382	274
9.49/9.60	9.59949	1381	276
9.59/9.65	9.65222	1380	281
9.69/9.70	9.70447	1379	284
9.69/9.76	9.75745	1378	287
9.69/9.81	9.8118	1377	292
9.80/9.86	9.86537	1376	297
9.91/9.92	9.92017	1375	305
9.91/9.97	9.97363	1374	310
9.99/10.02	10.0248	1373	311
9.99/10.08	10.0777	1372	315
10.09/10.13	10.1312	1371	320
10.09/10.18	10.1841	1370	324
10.19/10.23	10.2358	1369	326
10.19/10.29	10.2889	1368	329
10.29/10.34	10.3397	1367	330
10.29/10.39	10.3938	1366	337
10.39/10.45	10.4546	1365	340
10.49/10.55	10.5528	1364	341
10.59/10.63	10.6285	1363	344
10.59/10.69	10.6971	1362	349
10.69/10.78	10.7805	1361	371
10.79/10.84	10.8471	1360	373
10.90/10.91	10.9147	1359	376
10.90/10.99	10.9877	1358	387
11.01/11.05	11.0561	1357	393
11.09/11.12	11.1248	1356	400
11.09/11.18	11.1869	1355	408
11.19/11.24	11.2415	1354	417
11.19/11.29	11.293	1353	418
11.29/11.35	11.349	1352	428
11.39/11.40	11.4014	1351	433
11.39/11.45	11.4545	1350	438
11.49/11.51	11.5082	1349	445
11.49/11.56	11.5626	1348	450
11.59/11.61	11.6144	1347	452
11.59/11.66	11.6661	1346	454
11.69/11.72	11.7174	1345	457
11.69/11.77	11.7723	1344	463
11.79/11.83	11.8276	1343	469
11.79/11.88	11.8792	1342	472
11.89/11.93	11.9315	1341	474
11.89/11.98	11.9827	1340	475
12.01/12.03	12.0363	1339	482
12.01/12.09	12.0959	1338	498
12.11/12.16	12.1572	1337	519
12.39/12.42	12.4183	1336	782
12.39/12.47	12.4736	1335	783
12.48/12.52	12.5242	1334	786
13.28/13.36	13.3631	1333	2142
13.38/13.49	13.4962	1332	2253
13.58/13.61	13.6072	1331	2333
13.68/13.75	13.7505	1330	2475
14.69/14.71	14.712	1329	4057
14.69/14.77	14.7769	1328	4058
14.79/14.84	14.8466	1327	4062
15.89/15.93	15.9322	1326	6347
15.89/15.98	15.9825	1325	6350
16.40/16.46	16.4592	1324	7048
17.61/17.66	17.6636	1323	8953
18.09/18.17	18.175	1322	9704
18.71/18.79	18.7891	1321	10674
19.09/19.10	19.0985	1320	11224
19.59/19.61	19.6098	1319	12322
19.59/19.66	19.6639	1318	12336
19.70/19.71	19.7146	1317	12348
19.81/19.85	19.8528	1316	12577
20.09/20.10	20.1053	1315	13094
20.09/20.15	20.1522	1314	13095
20.29/20.33	20.3278	1313	13414
20.39/20.49	20.4886	1312	13673
20.49/20.54	20.5384	1311	13674
21.09/21.19	21.1909	1310	15102
21.19/21.24	21.2449	1309	15113
21.29/21.30	21.3025	1308	15127
21.29/21.35	21.3561	1307	15137
21.39/21.40	21.4054	1306	15140
21.39/21.46	21.4647	1305	15159
21.49/21.54	21.5446	1304	15214
21.59/21.60	21.5996	1303	15227
21.59/21.68	21.6817	1302	15233
21.69/21.76	21.7652	1301	15235
21.79/21.83	21.8271	1300	15241
21.79/21.87	21.8763	1299	15242
21.90/21.93	21.9274	1298	15245
21.90/21.98	21.9851	1297	15265
22.01/22.03	22.0331	1296	15266
22.01/22.08	22.0809	1295	15267
22.09/22.13	22.1289	1294	15268
22.09/22.19	22.1936	1293	15301
22.19/22.26	22.2582	1292	15330
22.29/22.31	22.3122	1291	15343
22.39/22.41	22.4076	1290	15439
22.39/22.47	22.4684	1289	15466
22.49/22.53	22.5356	1288	15502
22.59/22.60	22.603	1287	15538
22.59/22.65	22.6524	1286	15543
22.69/22.70	22.7067	1285	15558
22.69/22.77	22.7767	1284	15604
22.79/22.82	22.8264	1283	15610
22.89/22.90	22.9009	1282	15664
22.89/22.96	22.958	1281	15682
22.89/23.00	23.0058	1280	15683
23.00/23.06	23.0581	1279	15691
23.11/23.14	23.1373	1278	15753
23.19/23.20	23.2065	1277	15808
23.19/23.29	23.2902	1276	15891
23.29/23.36	23.3579	1275	15937
23.39/23.40	23.404	1274	15941
23.39/23.46	23.4596	1273	15958
23.49/23.51	23.5082	1272	15962
23.49/23.55	23.5559	1271	15965
23.59/23.60	23.6045	1270	15966
23.59/23.65	23.6539	1269	15970
23.69/23.72	23.7231	1268	16008
23.69/23.77	23.7762	1267	16021
23.79/23.85	23.8481	1266	16066
23.79/23.90	23.8972	1265	16072
23.89/23.96	23.9646	1264	16112
23.99/24.02	24.0257	1263	16138
23.99/24.10	24.1005	1262	16188
24.10/24.15	24.1525	1261	16198
24.21/24.22	24.2191	1260	16237
24.21/24.27	24.27	1259	16245
24.28/24.34	24.3436	1258	16293
24.38/24.47	24.4689	1257	16458
24.48/24.53	24.5276	1256	16481
24.48/24.58	24.578	1255	16487
24.58/24.65	24.6537	1254	16545
24.68/24.79	24.7944	1253	16728
24.78/24.84	24.8426	1252	16732
24.88/24.99	24.9873	1251	16920
24.99/25.09	25.0924	1250	17038
25.08/25.14	25.143	1249	17046
25.08/25.20	25.2016	1248	17071
25.20/25.32	25.318	1247	17200
25.31/25.36	25.3662	1246	17206
25.38/25.43	25.4323	1245	17250
25.48/25.56	25.5637	1244	17415
25.58/25.64	25.6374	1243	17472
25.58/25.69	25.6874	1242	17480
25.68/25.77	25.7679	1241	17554
25.88/25.91	25.9102	1240	17753
25.98/26.00	25.9986	1239	17839
25.98/26.08	26.0866	1238	17921
26.09/26.18	26.1777	1237	18006
26.18/26.23	26.2325	1236	18026
26.18/26.29	26.2896	1235	18048
26.30/26.34	26.3377	1234	18055
26.48/26.55	26.5519	1233	18387
26.58/26.65	26.648	1232	18488
26.68/26.71	26.7068	1231	18515
26.68/26.76	26.7633	1230	18542
26.78/26.86	26.8646	1228	18650
26.88/26.94	26.9444	1227	18719
26.88/26.99	26.9899	1226	18726
26.98/27.04	27.0433	1225	18749
27.08/27.12	27.1191	1224	18817
27.28/27.35	27.3499	1223	19188
27.40/27.45	27.4538	1222	19308
27.58/27.62	27.6245	1221	19561
27.68/27.77	27.7731	1220	19757
27.78/27.82	27.8191	1219	19758
27.88/27.99	27.9902	1218	19998
27.98/28.06	28.062	1217	20053
28.18/28.20	28.2009	1216	20235
28.29/28.32	28.3181	1215	20367
28.29/28.39	28.3894	1214	20417
28.79/28.85	28.8465	1213	21272
28.99/29.00	29.0043	1212	21494
28.99/29.05	29.0519	1211	21501
29.19/29.29	29.2903	1210	21878
29.89/29.97	29.9754	1209	23126
29.99/30.03	30.0351	1208	23157
29.99/30.09	30.0887	1207	23175
30.09/30.15	30.1517	1206	23208
30.81/30.88	30.8863	1205	24601
30.89/30.94	30.9393	1204	24619
31.59/31.66	31.662	1203	25931
34.11/34.19	34.1914	1202	30562
34.39/34.46	34.458	1201	30999
34.99/35.02	35.0235	1200	32042
