0.48/0.55	0.55086	1538	0
0.58/0.62	0.620097	1537	1
0.58/0.67	0.673863	1536	2
0.68/0.73	0.728262	1534	5
0.68/0.78	0.782717	1533	6
0.78/0.83	0.836328	1532	7
0.78/0.89	0.88986	1531	8
0.88/0.94	0.944354	1530	11
0.88/1.00	0.998277	1529	12
0.99/1.05	1.05217	1528	14
1.09/1.10	1.10583	1527	15
1.09/1.16	1.16001	1526	17
1.19/1.21	1.21461	1525	20
1.19/1.27	1.26963	1524	22
1.28/1.32	1.32302	1523	23
1.28/1.37	1.37637	1521	24
1.40/1.43	1.42965	1520	25
1.40/1.48	1.48352	1519	26
1.49/1.53	1.53721	1518	27
1.49/1.59	1.59188	1517	30
1.58/1.64	1.64591	1516	31
1.68/1.70	1.6994	1515	32
1.68/1.75	1.75317	1514	34
1.79/1.81	1.8091	1513	38
1.79/1.86	1.86294	1512	40
1.88/1.91	1.91606	1511	41
1.88/1.97	1.96917	1510	42
1.98/2.02	2.02365	1509	45
1.98/2.07	2.07729	1508	48
2.10/2.13	2.13086	1507	50
2.10/2.18	2.18432	1506	53
2.20/2.23	2.237	1505	54
2.20/2.29	2.29195	1503	57
2.28/2.34	2.34512	1502	58
2.38/2.40	2.40163	1500	67
2.38/2.45	2.45511	1499	70
2.49/2.51	2.50765	1498	71
2.49/2.56	2.56091	1497	74
2.58/2.61	2.61353	1496	75
2.58/2.66	2.6657	1495	76
2.68/2.72	2.71785	1494	77
2.68/2.77	2.77085	1493	78
2.78/2.82	2.82391	1492	81
2.78/2.87	2.87652	1491	82
2.88/2.93	2.92993	1490	85
2.88/2.98	2.98221	1489	86
2.98/3.03	3.03431	1488	87
2.98/3.08	3.08666	1487	88
3.08/3.14	3.13899	1486	89
3.08/3.19	3.19095	1485	90
3.19/3.24	3.24591	1484	96
3.19/3.30	3.2993	1483	98
3.29/3.35	3.35113	1482	99
3.38/3.40	3.40313	1481	100
3.38/3.45	3.45501	1480	101
3.48/3.51	3.5073	1479	103
3.48/3.56	3.56008	1478	106
3.59/3.61	3.61176	1477	107
3.59/3.66	3.66369	1476	108
3.68/3.71	3.71568	1475	110
3.68/3.77	3.76807	1474	111
3.78/3.82	3.82047	1473	113
3.78/3.87	3.87202	1472	114
3.88/3.92	3.92366	1471	115
3.88/3.98	3.979	1470	116
3.98/4.03	4.03528	1469	118
3.98/4.09	4.0924	1468	123
4.08/4.14	4.14708	1467	124
4.18/4.20	4.20186	1466	125
4.18/4.25	4.2564	1465	126
4.29/4.31	4.31161	1464	127
4.29/4.36	4.36605	1463	128
4.39/4.42	4.4208	1462	130
4.39/4.47	4.47621	1461	133
4.48/4.53	4.53127	1460	135
4.48/4.58	4.58662	1459	138
4.58/4.64	4.64065	1458	139
4.58/4.69	4.69635	1457	143
4.68/4.75	4.75063	1456	144
4.78/4.80	4.80631	1455	146
4.78/4.86	4.86045	1454	147
4.88/4.91	4.91442	1453	148
4.88/4.97	4.96886	1452	149
4.98/5.02	5.02289	1451	150
4.98/5.07	5.07683	1450	151
5.08/5.13	5.13181	1449	154
5.08/5.18	5.18581	1448	155
5.18/5.24	5.24023	1447	157
5.18/5.29	5.29694	1446	161
5.28/5.35	5.35053	1445	162
5.28/5.40	5.40452	1444	163
5.39/5.46	5.45886	1443	165
5.49/5.51	5.51403	1442	169
5.49/5.57	5.56748	1441	170
5.58/5.62	5.62197	1440	173
5.58/5.67	5.67565	1439	174
5.68/5.73	5.72966	1438	176
5.68/5.78	5.78396	1437	177
5.78/5.84	5.83793	1436	179
5.78/5.89	5.89128	1435	180
5.88/5.94	5.94462	1434	181
5.98/6.00	5.99798	1433	182
5.98/6.05	6.05124	1432	183
6.08/6.10	6.10441	1430	184
6.08/6.16	6.15857	1429	186
6.18/6.21	6.21169	1428	187
6.18/6.26	6.26524	1427	188
6.28/6.32	6.31927	1426	191
6.28/6.37	6.37303	1425	194
6.38/6.42	6.4259	1424	195
6.38/6.48	6.47993	1423	198
6.49/6.53	6.53346	1422	200
6.49/6.58	6.58628	1421	201
6.59/6.64	6.64135	1420	205
6.59/6.69	6.69431	1419	206
6.68/6.75	6.74742	1418	208
6.78/6.80	6.80154	1417	210
6.78/6.85	6.85414	1416	211
6.88/6.90	6.90674	1415	212
6.88/6.96	6.96034	1414	214
6.98/7.01	7.01297	1413	215
6.98/7.06	7.06545	1412	216
7.08/7.12	7.11808	1411	217
7.08/7.17	7.17131	1410	220
7.18/7.22	7.22365	1409	221
7.18/7.27	7.27647	1408	222
7.28/7.33	7.32865	1407	223
7.28/7.38	7.38075	1406	224
7.38/7.43	7.43332	1405	225
7.38/7.48	7.48603	1404	226
7.48/7.54	7.53977	1403	230
7.48/7.59	7.59328	1402	233
7.59/7.64	7.64518	1401	234
7.59/7.70	7.6988	1400	238
7.69/7.75	7.75069	1399	239
7.78/7.80	7.80352	1398	240
7.78/7.85	7.856	1397	242
7.88/7.91	7.90866	1396	247
7.88/7.96	7.95804	1395	248
7.98/8.01	8.00858	1394	251
7.98/8.06	8.05725	1393	252
8.08/8.11	8.11376	1392	262
8.08/8.16	8.16634	1391	264
8.18/8.22	8.21803	1390	265
8.18/8.27	8.2703	1389	266
8.28/8.32	8.32209	1388	267
8.28/8.37	8.37514	1387	271
8.38/8.43	8.42782	1386	274
8.38/8.48	8.4799	1385	275
8.48/8.53	8.53176	1384	276
8.48/8.58	8.5829	1383	277
8.58/8.63	8.6344	1382	278
8.58/8.68	8.68695	1381	281
8.69/8.74	8.73993	1380	284
8.69/8.79	8.79278	1379	286
8.79/8.84	8.8443	1378	288
8.79/8.89	8.89678	1377	291
8.88/8.95	8.95037	1376	296
8.98/9.00	9.00231	1375	298
8.98/9.05	9.05318	1374	299
9.08/9.11	9.10897	1373	309
9.08/9.16	9.16179	1372	314
9.18/9.21	9.21488	1371	319
9.18/9.27	9.26847	1370	323
9.28/9.32	9.31919	1369	324
9.28/9.37	9.37125	1368	327
9.38/9.42	9.42309	1367	330
9.38/9.47	9.47662	1366	335
9.48/9.53	9.52959	1365	341
9.48/9.58	9.58451	1364	350
9.58/9.63	9.63501	1363	351
9.58/9.69	9.69164	1362	362
9.68/9.74	9.74199	1361	363
9.68/9.79	9.79392	1360	366
9.79/9.84	9.84425	1359	367
9.79/9.89	9.89601	1358	371
9.89/9.95	9.95276	1357	384
9.98/10.01	10.0076	1356	393
9.98/10.06	10.0619	1355	401
10.08/10.12	10.1187	1354	415
10.08/10.17	10.1725	1353	422
10.18/10.22	10.2227	1352	423
10.18/10.27	10.2757	1351	428
10.28/10.33	10.3289	1350	435
10.28/10.38	10.3827	1349	443
10.38/10.43	10.4335	1348	446
10.38/10.48	10.4841	1347	448
10.48/10.54	10.5433	1346	465
10.48/10.59	10.5954	1345	470
10.58/10.65	10.6517	1344	482
10.68/10.71	10.7129	1343	504
10.68/10.77	10.7705	1342	517
10.78/10.83	10.8271	1341	530
10.78/10.89	10.8871	1340	551
10.89/10.94	10.938	1339	554
10.89/10.99	10.991	1338	560
10.99/11.04	11.0416	1337	563
10.99/11.09	11.0938	1336	570
11.08/11.14	11.1451	1335	575
11.08/11.19	11.1961	1334	580
11.18/11.25	11.2503	1333	590
11.28/11.30	11.3033	1332	597
11.28/11.36	11.3581	1331	609
11.38/11.41	11.4136	1330	622
11.38/11.46	11.4654	1329	628
11.48/11.52	11.521	1328	641
11.48/11.57	11.5728	1327	648
11.58/11.63	11.6271	1326	659
11.58/11.67	11.6758	1325	660
11.68/11.73	11.7304	1324	672
11.68/11.78	11.7822	1323	677
11.78/11.84	11.8372	1322	687
11.78/11.89	11.8895	1321	694
11.88/11.94	11.9393	1320	697
11.88/12.00	12.0018	1319	724
11.99/12.08	12.0817	1317	787
12.09/12.16	12.1643	1316	856
12.18/12.23	12.2276	1315	886
12.28/12.30	12.2989	1314	931
12.28/12.35	12.3498	1313	936
12.38/12.42	12.4252	1312	989
12.38/12.48	12.4794	1311	1001
12.48/12.53	12.5349	1310	1016
12.48/12.58	12.5866	1309	1023
12.58/12.64	12.6375	1308	1029
12.58/12.69	12.6887	1307	1036
12.68/12.74	12.7376	1306	1038
12.68/12.79	12.7884	1305	1042
12.78/12.84	12.8411	1304	1051
12.78/12.89	12.8961	1303	1065
12.88/12.95	12.9501	1302	1076
12.98/13.00	13.0011	1301	1083
12.98/13.05	13.0555	1300	1097
13.09/13.11	13.1111	1299	1113
13.09/13.17	13.169	1298	1133
13.19/13.24	13.2463	1297	1181
13.28/13.30	13.3009	1296	1196
13.28/13.36	13.3575	1295	1214
13.38/13.41	13.4134	1294	1230
13.38/13.46	13.4612	1293	1231
13.48/13.52	13.5172	1291	1246
13.48/13.58	13.58	1290	1275
13.58/13.66	13.6588	1289	1338
13.68/13.71	13.7072	1288	1340
13.68/13.75	13.7567	1287	1345
13.78/13.80	13.8047	1286	1346
13.78/13.86	13.8665	1285	1373
13.88/13.92	13.9176	1284	1381
13.88/13.98	13.9826	1283	1416
13.98/14.05	14.0565	1282	1471
14.08/14.11	14.1106	1281	1485
14.08/14.17	14.1723	1280	1518
14.19/14.22	14.2213	1279	1527
14.19/14.28	14.2773	1278	1550
14.29/14.32	14.3253	1277	1559
14.29/14.38	14.3783	1276	1580
14.38/14.43	14.4328	1275	1603
14.38/14.48	14.4773	1274	1604
14.48/14.57	14.5675	1273	1699
14.58/14.69	14.6887	1272	1845
14.68/14.74	14.7448	1271	1862
14.78/14.80	14.8007	1270	1881
14.78/14.85	14.8485	1269	1884
14.88/14.92	14.9231	1268	1899
14.88/14.99	14.9871	1267	1901
15.08/15.11	15.1116	1266	1998
15.08/15.18	15.18	1265	2012
15.18/15.25	15.2527	1264	2028
15.29/15.34	15.3374	1263	2041
15.39/15.42	15.4205	1262	2074
15.39/15.47	15.4692	1261	2079
15.48/15.53	15.5364	1260	2119
15.58/15.60	15.6039	1259	2162
15.58/15.68	15.6865	1258	2189
15.68/15.77	15.771	1257	2194
15.78/15.84	15.8393	1256	2201
15.88/15.97	15.9752	1255	2369
15.98/16.03	16.0324	1254	2393
15.98/16.08	16.0788	1253	2394
16.08/16.13	16.1338	1252	2419
16.18/16.21	16.2129	1251	2491
16.18/16.26	16.2584	1250	2497
16.28/16.30	16.3054	1249	2504
16.28/16.35	16.3526	1248	2514
16.28/16.40	16.4016	1247	2529
16.39/16.50	16.5023	1246	2644
16.49/16.55	16.5514	1245	2657
16.58/16.60	16.6063	1244	2682
16.58/16.65	16.6498	1243	2685
16.68/16.74	16.7454	1242	2798
16.78/16.84	16.8375	1240	2899
16.88/16.92	16.9243	1239	2991
16.88/16.97	16.9668	1238	2992
16.98/17.02	17.0226	1237	3022
16.98/17.08	17.0824	1236	3059
17.08/17.14	17.1468	1235	3106
17.18/17.20	17.1973	1234	3123
17.28/17.38	17.3843	1233	3421
17.38/17.44	17.4455	1232	3464
17.79/17.80	17.8044	1231	4088
17.79/17.85	17.8514	1230	4093
17.89/17.91	17.9075	1229	4114
17.99/18.01	18.0124	1228	4231
17.99/18.08	18.0835	1227	4285
18.09/18.18	18.1788	1226	4384
18.19/18.23	18.2316	1225	4387
18.29/18.31	18.3069	1224	4417
18.29/18.35	18.3537	1223	4421
18.39/18.46	18.4574	1222	4490
18.49/18.54	18.5415	1221	4520
18.49/18.60	18.6037	1220	4522
18.79/18.80	18.8011	1219	4663
18.79/18.87	18.8719	1218	4684
19.29/19.31	19.3135	1217	5187
19.39/19.49	19.4942	1216	5314
19.59/19.63	19.6286	1215	5425
19.80/19.82	19.8257	1214	5611
20.49/20.57	20.5747	1213	6587
20.59/20.64	20.6435	1212	6601
20.59/20.69	20.6922	1211	6606
21.09/21.15	21.1533	1210	7250
21.29/21.37	21.3761	1209	7498
21.69/21.70	21.7053	1208	8093
21.69/21.78	21.7819	1207	8163
22.09/22.13	22.1362	1206	8839
22.29/22.39	22.3866	1205	9281
22.79/22.88	22.8776	1204	10234
22.89/22.92	22.9224	1203	10237
24.09/24.12	24.122	1202	12552
27.79/27.83	27.8294	1201	19238
43.89/43.92	43.9234	1200	50181
