0.49/0.57	0.576737	1547	0
0.59/0.65	0.654367	1545	1
0.69/0.73	0.729702	1544	2
0.79/0.80	0.804827	1543	3
0.79/0.88	0.88007	1542	4
0.89/0.95	0.95524	1541	5
1.00/1.03	1.02965	1540	6
1.00/1.10	1.1041	1539	7
1.10/1.17	1.16765	1538	8
1.20/1.22	1.22093	1537	9
1.20/1.27	1.27472	1536	11
1.29/1.33	1.32914	1535	14
1.29/1.38	1.38269	1534	15
1.39/1.43	1.43572	1533	16
1.39/1.49	1.48893	1532	17
1.49/1.54	1.5423	1531	18
1.49/1.59	1.59532	1530	19
1.59/1.65	1.64967	1529	21
1.69/1.70	1.70274	1528	22
1.69/1.75	1.75712	1527	25
1.79/1.81	1.81029	1526	26
1.79/1.86	1.86331	1525	27
1.89/1.92	1.91752	1524	29
1.89/1.97	1.9703	1523	30
1.99/2.02	2.0248	1522	31
1.99/2.08	2.07907	1521	32
2.10/2.13	2.13482	1520	35
2.10/2.19	2.18978	1519	36
2.20/2.24	2.24376	1518	37
2.29/2.30	2.29807	1517	38
2.29/2.35	2.35293	1516	39
2.39/2.40	2.40717	1515	40
2.39/2.46	2.46193	1514	42
2.49/2.52	2.51806	1513	46
2.49/2.57	2.57178	1512	47
2.60/2.62	2.62581	1511	48
2.60/2.68	2.68076	1510	49
2.69/2.73	2.73511	1509	50
2.69/2.79	2.79019	1508	51
2.79/2.84	2.84419	1507	52
2.89/2.90	2.89916	1506	53
2.89/2.95	2.95294	1505	54
2.99/3.01	3.01045	1504	60
2.99/3.06	3.06409	1503	61
3.09/3.12	3.11862	1502	63
3.09/3.17	3.17277	1501	64
3.20/3.23	3.22741	1500	66
3.20/3.28	3.28095	1499	68
3.30/3.33	3.33553	1498	70
3.30/3.39	3.39031	1497	72
3.39/3.44	3.44389	1496	73
3.49/3.50	3.49877	1495	74
3.49/3.55	3.55306	1494	78
3.59/3.60	3.60731	1493	81
3.59/3.66	3.66155	1492	82
3.69/3.71	3.71467	1491	83
3.69/3.77	3.76757	1490	84
3.79/3.82	3.8205	1489	85
3.79/3.87	3.87338	1488	86
3.89/3.92	3.92631	1487	87
3.89/3.98	3.97915	1486	88
3.99/4.03	4.03373	1485	92
3.99/4.09	4.08829	1484	93
4.09/4.14	4.14103	1483	94
4.09/4.19	4.19538	1482	95
4.20/4.25	4.24902	1481	96
4.20/4.30	4.30269	1480	97
4.30/4.36	4.35747	1479	98
4.40/4.41	4.41067	1478	99
4.40/4.46	4.46314	1477	100
4.49/4.51	4.51575	1476	101
4.49/4.57	4.56817	1475	102
4.59/4.62	4.62036	1474	103
4.59/4.67	4.67398	1473	105
4.69/4.72	4.72607	1472	106
4.69/4.78	4.77908	1471	109
4.79/4.83	4.83143	1470	110
4.79/4.88	4.88409	1469	112
4.89/4.94	4.93774	1468	115
4.89/4.99	4.9899	1467	116
4.99/5.04	5.04208	1466	117
4.99/5.09	5.09628	1465	120
5.09/5.15	5.14889	1464	121
5.19/5.20	5.20085	1463	122
5.19/5.25	5.25415	1462	123
5.29/5.30	5.30596	1461	124
5.29/5.36	5.35764	1460	125
5.40/5.41	5.41064	1459	127
5.40/5.46	5.46296	1457	129
5.50/5.51	5.51454	1456	130
5.50/5.56	5.5666	1455	132
5.59/5.62	5.61829	1454	133
5.59/5.67	5.67286	1453	135
5.69/5.72	5.72598	1452	136
5.69/5.78	5.77894	1451	137
5.79/5.83	5.83117	1450	139
5.79/5.88	5.88352	1449	142
5.89/5.93	5.93669	1448	144
5.89/5.99	5.99117	1447	149
5.99/6.04	6.04261	1446	150
5.99/6.09	6.09498	1445	153
6.09/6.15	6.14733	1444	155
6.19/6.20	6.19837	1443	156
6.19/6.25	6.25048	1442	159
6.29/6.30	6.30144	1441	160
6.29/6.35	6.35293	1440	162
6.39/6.40	6.40389	1439	163
6.39/6.45	6.45596	1438	166
6.50/6.51	6.50954	1437	167
6.50/6.56	6.56449	1436	168
6.60/6.62	6.61909	1435	169
6.60/6.67	6.67535	1434	171
6.69/6.73	6.73011	1433	172
6.69/6.78	6.78454	1432	173
6.79/6.84	6.84084	1431	175
6.79/6.89	6.89695	1430	177
6.89/6.95	6.95229	1429	178
6.99/7.01	7.00952	1428	184
6.99/7.06	7.06475	1427	186
7.09/7.12	7.12075	1426	187
7.09/7.18	7.1773	1425	188
7.19/7.23	7.23285	1424	191
7.19/7.29	7.28934	1423	196
7.29/7.34	7.34389	1422	198
7.39/7.40	7.39802	1421	199
7.39/7.45	7.45524	1420	204
7.49/7.51	7.50905	1419	205
7.49/7.56	7.5629	1418	206
7.60/7.61	7.61666	1417	207
7.60/7.67	7.67191	1416	209
7.70/7.73	7.72961	1415	215
7.70/7.78	7.78357	1414	216
7.79/7.84	7.83846	1413	217
7.79/7.89	7.8938	1412	219
7.89/7.95	7.94784	1411	221
7.99/8.00	8.00121	1410	222
7.99/8.05	8.05634	1409	225
8.09/8.11	8.10984	1408	226
8.09/8.16	8.16382	1407	227
8.19/8.21	8.2136	1406	228
8.19/8.26	8.26466	1405	229
8.29/8.31	8.31704	1404	235
8.29/8.37	8.36784	1403	236
8.39/8.42	8.41778	1402	237
8.39/8.47	8.46868	1401	238
8.49/8.52	8.52128	1400	246
8.49/8.57	8.57618	1399	256
8.59/8.62	8.62691	1398	257
8.59/8.67	8.67686	1397	258
8.70/8.73	8.72729	1396	259
8.70/8.77	8.77671	1395	260
8.80/8.83	8.82793	1394	262
8.80/8.88	8.87942	1393	265
8.89/8.93	8.92852	1392	266
8.89/8.98	8.97936	1391	271
8.99/9.03	9.0283	1390	272
8.99/9.08	9.07955	1389	277
9.09/9.13	9.12903	1388	279
9.09/9.18	9.17966	1387	281
9.19/9.23	9.23535	1386	294
9.19/9.28	9.2857	1385	296
9.29/9.33	9.33564	1384	299
9.29/9.39	9.3873	1383	303
9.39/9.44	9.43733	1382	306
9.39/9.49	9.48889	1381	314
9.49/9.54	9.53948	1380	319
9.49/9.59	9.59292	1378	327
9.59/9.64	9.64388	1377	333
9.59/9.69	9.69436	1376	334
9.69/9.74	9.7437	1375	337
9.69/9.79	9.79251	1374	339
9.80/9.84	9.84419	1373	343
9.80/9.89	9.89441	1372	348
9.90/9.95	9.94726	1371	356
9.90/9.99	9.99637	1370	358
9.99/10.04	10.0458	1369	359
9.99/10.09	10.0948	1368	360
10.09/10.14	10.1446	1367	362
10.09/10.19	10.195	1365	366
10.19/10.24	10.2433	1364	367
10.29/10.30	10.301	1363	389
10.29/10.35	10.3495	1362	391
10.39/10.40	10.402	1361	400
10.39/10.45	10.4503	1360	401
10.49/10.50	10.4993	1359	404
10.49/10.55	10.5512	1358	411
10.59/10.60	10.599	1357	412
10.59/10.65	10.6535	1356	423
10.69/10.70	10.7045	1355	431
10.69/10.75	10.7565	1354	438
10.79/10.80	10.8058	1353	442
10.79/10.85	10.8545	1352	443
10.90/10.91	10.9075	1351	454
10.90/10.96	10.9656	1350	476
11.00/11.02	11.0175	1349	483
11.00/11.07	11.069	1348	492
11.09/11.12	11.1189	1347	497
11.09/11.17	11.1707	1346	500
11.19/11.22	11.223	1345	504
11.19/11.27	11.2747	1344	507
11.29/11.33	11.3285	1343	513
11.29/11.38	11.3836	1342	523
11.39/11.44	11.4457	1341	542
11.49/11.50	11.4999	1340	549
11.49/11.56	11.5581	1339	563
11.59/11.61	11.6155	1338	573
11.59/11.67	11.67	1337	580
11.69/11.72	11.7231	1336	584
11.69/11.78	11.7822	1335	600
11.79/11.83	11.8349	1334	606
11.79/11.89	11.8895	1333	614
11.89/11.95	11.9499	1332	633
11.89/12.00	12.0009	1331	635
12.00/12.05	12.0547	1330	641
12.10/12.11	12.1138	1329	656
12.10/12.17	12.1726	1328	667
12.19/12.23	12.2291	1327	678
12.19/12.29	12.2875	1326	692
12.29/12.34	12.3462	1325	707
12.39/12.40	12.4019	1324	721
12.39/12.46	12.4662	1322	757
12.49/12.51	12.5167	1321	764
12.49/12.58	12.5854	1320	807
12.59/12.65	12.6508	1319	842
12.69/12.70	12.6982	1318	843
12.69/12.76	12.758	1317	871
12.79/12.81	12.8073	1316	879
12.79/12.87	12.8733	1315	919
12.89/12.93	12.9368	1314	955
12.89/12.98	12.9859	1313	962
12.99/13.05	13.0473	1312	993
12.99/13.10	13.1016	1311	1006
13.10/13.16	13.1601	1310	1020
13.20/13.21	13.2094	1309	1021
13.20/13.26	13.2643	1307	1033
13.29/13.32	13.3231	1306	1052
13.29/13.38	13.3772	1305	1062
13.39/13.44	13.4376	1304	1084
13.49/13.51	13.5081	1303	1128
13.49/13.55	13.5556	1302	1133
13.59/13.61	13.6155	1301	1164
13.69/13.70	13.7059	1300	1256
13.69/13.75	13.7538	1299	1260
13.79/13.82	13.8174	1298	1297
13.79/13.87	13.8741	1297	1313
13.89/13.92	13.9225	1296	1318
13.99/14.00	14.0058	1295	1381
13.99/14.06	14.0585	1294	1390
14.09/14.10	14.1044	1293	1392
14.09/14.15	14.1529	1292	1398
14.09/14.20	14.2004	1291	1403
14.20/14.25	14.2511	1290	1415
14.20/14.30	14.2985	1289	1421
14.30/14.34	14.3468	1288	1428
14.39/14.41	14.4149	1287	1477
14.39/14.47	14.468	1286	1494
14.49/14.52	14.5177	1285	1504
14.49/14.57	14.5688	1284	1515
14.59/14.61	14.6147	1283	1518
14.59/14.66	14.6635	1282	1523
14.69/14.71	14.7165	1281	1540
14.69/14.76	14.7614	1280	1541
14.79/14.84	14.8391	1279	1604
14.79/14.89	14.8955	1278	1630
14.89/14.97	14.973	1277	1700
14.99/15.02	15.0201	1276	1703
14.99/15.09	15.0882	1275	1751
15.09/15.15	15.1496	1274	1782
15.19/15.24	15.2444	1273	1881
15.19/15.29	15.2913	1272	1885
15.30/15.35	15.352	1271	1916
15.30/15.40	15.4019	1270	1926
15.40/15.46	15.4643	1269	1958
15.49/15.51	15.5133	1268	1969
15.49/15.57	15.5676	1267	1988
15.59/15.63	15.6283	1266	2022
15.59/15.68	15.677	1265	2030
15.79/15.81	15.8155	1264	2220
15.79/15.87	15.8751	1263	2250
15.89/15.98	15.9864	1262	2386
15.99/16.07	16.0707	1261	2466
16.09/16.12	16.1202	1260	2477
16.09/16.18	16.1769	1259	2500
16.19/16.22	16.2242	1258	2508
16.19/16.27	16.2712	1257	2514
16.29/16.40	16.4028	1256	2700
16.40/16.50	16.5031	1255	2818
16.59/16.62	16.6188	1254	2966
16.69/16.74	16.7435	1253	3126
16.79/16.82	16.8232	1252	3197
16.79/16.87	16.8728	1251	3210
16.89/16.92	16.9185	1250	3214
16.89/16.99	16.99	1249	3275
16.99/17.05	17.0526	1248	3314
17.09/17.10	17.1049	1247	3332
17.09/17.15	17.1522	1246	3340
17.19/17.20	17.2013	1245	3352
17.39/17.42	17.4221	1244	3726
17.39/17.47	17.4762	1243	3747
17.50/17.52	17.5198	1242	3748
17.50/17.56	17.5654	1241	3752
17.69/17.71	17.7093	1240	3951
17.79/17.82	17.8253	1239	4113
18.09/18.14	18.1368	1238	4680
18.19/18.20	18.2035	1237	4730
18.29/18.37	18.3674	1235	4976
18.48/18.55	18.5516	1234	5278
18.59/18.67	18.67	1233	5430
18.69/18.73	18.7363	1232	5478
18.78/18.83	18.8327	1231	5592
18.98/19.08	19.0789	1230	6011
19.08/19.16	19.1626	1229	6087
19.18/19.21	19.2133	1228	6102
19.18/19.26	19.2575	1227	6106
19.48/19.58	19.5826	1225	6696
19.58/19.63	19.6296	1224	6706
19.69/19.71	19.7098	1223	6787
19.69/19.77	19.7694	1222	6823
19.79/19.85	19.8565	1221	6913
19.98/20.05	20.047	1219	7254
22.18/22.27	22.269	1218	12364
22.38/22.42	22.418	1217	12584
22.38/22.47	22.4699	1216	12603
22.88/22.92	22.9225	1215	13462
23.09/23.14	23.1426	1214	13825
23.09/23.19	23.1936	1213	13841
23.18/23.27	23.2694	1212	13912
23.78/23.82	23.8242	1211	14977
23.88/23.97	23.9683	1210	15186
23.98/24.07	24.0694	1209	15307
24.09/24.12	24.1166	1208	15319
24.19/24.26	24.2653	1207	15528
24.28/24.32	24.3214	1206	15544
24.38/24.47	24.4745	1205	15754
24.48/24.53	24.53	1204	15774
25.69/25.77	25.7664	1203	18250
26.79/26.86	26.8573	1202	20403
28.50/28.57	28.5708	1201	23838
28.60/28.62	28.6166	1200	23839
