0.48/0.53	0.529798	1559	0
0.58/0.60	0.606002	1557	1
0.58/0.68	0.681772	1556	3
0.68/0.75	0.748753	1555	4
0.78/0.80	0.803202	1554	5
0.78/0.86	0.85751	1552	6
0.89/0.91	0.91173	1551	7
0.89/0.96	0.966063	1550	8
1.00/1.02	1.02132	1549	11
1.00/1.07	1.07635	1548	12
1.10/1.13	1.13092	1547	14
1.10/1.18	1.18525	1546	15
1.19/1.24	1.23999	1545	16
1.19/1.29	1.29471	1544	17
1.29/1.35	1.34899	1543	18
1.38/1.40	1.40307	1542	19
1.38/1.45	1.45708	1541	20
1.49/1.51	1.51095	1540	21
1.49/1.56	1.56529	1539	22
1.58/1.62	1.61934	1537	23
1.58/1.67	1.67244	1536	24
1.70/1.72	1.72532	1535	25
1.70/1.78	1.77854	1534	26
1.78/1.83	1.83178	1533	27
1.78/1.88	1.8849	1532	28
1.88/1.94	1.9384	1531	29
1.88/1.99	1.99157	1530	30
1.98/2.04	2.0449	1529	31
1.98/2.10	2.09856	1528	32
2.09/2.15	2.15168	1527	33
2.09/2.20	2.20476	1526	34
2.19/2.26	2.25809	1525	36
2.28/2.31	2.31162	1524	38
2.28/2.36	2.36646	1523	42
2.38/2.42	2.42035	1522	45
2.38/2.47	2.47279	1521	46
2.48/2.52	2.52604	1520	47
2.48/2.58	2.57951	1519	48
2.58/2.63	2.63216	1518	49
2.58/2.68	2.68558	1517	50
2.68/2.74	2.739	1516	51
2.68/2.79	2.7934	1515	54
2.78/2.84	2.84647	1514	55
2.88/2.90	2.89977	1513	57
2.88/2.95	2.95316	1512	59
2.98/3.00	3.00606	1511	60
2.98/3.06	3.06016	1510	62
3.08/3.11	3.11415	1509	64
3.08/3.17	3.16908	1508	65
3.19/3.22	3.22277	1507	66
3.19/3.27	3.27663	1506	69
3.29/3.33	3.33021	1505	70
3.29/3.38	3.38399	1504	71
3.38/3.43	3.43729	1503	72
3.38/3.49	3.48988	1502	73
3.48/3.54	3.54365	1501	75
3.48/3.59	3.59701	1500	76
3.58/3.65	3.65001	1499	78
3.68/3.70	3.70275	1498	79
3.68/3.75	3.75586	1497	80
3.78/3.81	3.80813	1496	81
3.78/3.86	3.86165	1495	83
3.88/3.91	3.91371	1494	84
3.88/3.97	3.96768	1493	87
3.98/4.02	4.021	1492	90
3.98/4.07	4.07444	1491	91
4.08/4.12	4.12727	1489	93
4.08/4.18	4.17937	1488	94
4.18/4.23	4.23363	1487	97
4.18/4.28	4.28681	1486	98
4.29/4.34	4.33944	1485	99
4.29/4.39	4.3918	1484	100
4.39/4.44	4.44447	1483	101
4.48/4.50	4.49803	1481	104
4.48/4.55	4.55142	1480	105
4.58/4.60	4.60342	1479	106
4.58/4.65	4.65592	1478	107
4.68/4.71	4.70808	1477	109
4.68/4.76	4.76085	1476	111
4.78/4.81	4.81258	1475	112
4.78/4.86	4.86439	1474	113
4.88/4.91	4.91677	1473	116
4.88/4.97	4.96846	1472	117
4.98/5.02	5.01999	1471	118
4.98/5.07	5.07329	1470	120
5.08/5.12	5.12447	1469	121
5.08/5.17	5.17571	1468	122
5.18/5.23	5.22944	1467	127
5.18/5.28	5.28124	1466	129
5.28/5.33	5.33409	1465	131
5.28/5.38	5.38638	1464	132
5.39/5.44	5.43825	1463	133
5.39/5.49	5.49005	1462	134
5.49/5.54	5.54166	1461	135
5.49/5.59	5.59417	1460	136
5.58/5.65	5.64737	1459	139
5.68/5.70	5.69817	1458	140
5.68/5.75	5.74991	1457	141
5.78/5.80	5.8014	1456	143
5.78/5.85	5.8529	1455	144
5.88/5.90	5.90372	1454	145
5.88/5.95	5.95503	1453	147
5.98/6.00	6.00567	1452	148
5.98/6.05	6.05719	1451	149
6.08/6.11	6.1079	1450	150
6.08/6.16	6.15945	1449	153
6.18/6.21	6.21026	1448	155
6.18/6.26	6.26203	1447	156
6.28/6.31	6.31322	1446	158
6.28/6.36	6.36408	1445	159
6.38/6.41	6.41584	1444	160
6.38/6.47	6.46815	1443	161
6.49/6.52	6.51921	1442	162
6.49/6.57	6.57116	1441	163
6.59/6.62	6.62375	1440	167
6.59/6.67	6.67474	1439	168
6.68/6.72	6.72515	1438	169
6.68/6.77	6.77591	1437	170
6.78/6.83	6.82928	1436	176
6.78/6.88	6.87953	1435	177
6.88/6.93	6.93009	1434	178
6.88/6.98	6.98059	1433	179
6.98/7.03	7.03083	1432	180
6.98/7.08	7.08172	1431	181
7.08/7.13	7.13293	1430	183
7.08/7.18	7.18405	1429	186
7.18/7.23	7.23458	1428	188
7.18/7.28	7.28425	1427	189
7.28/7.33	7.33474	1426	191
7.28/7.38	7.3855	1425	193
7.38/7.43	7.43598	1424	195
7.38/7.48	7.48609	1422	197
7.48/7.54	7.53723	1421	198
7.48/7.59	7.58989	1420	201
7.59/7.64	7.64011	1419	202
7.59/7.69	7.69245	1418	208
7.69/7.74	7.74323	1417	210
7.69/7.79	7.79341	1416	211
7.78/7.84	7.84384	1415	212
7.78/7.89	7.8936	1414	213
7.88/7.94	7.94464	1413	214
7.98/8.00	7.99783	1412	215
7.98/8.05	8.05475	1411	221
8.08/8.11	8.10793	1410	222
8.08/8.17	8.17055	1409	224
8.18/8.24	8.24528	1408	235
8.28/8.31	8.31429	1407	238
8.28/8.39	8.39138	1406	240
8.38/8.46	8.45897	1405	241
8.48/8.55	8.54833	1404	246
8.58/8.64	8.64595	1403	253
8.69/8.71	8.71358	1402	254
8.69/8.78	8.78058	1401	255
8.79/8.85	8.84765	1400	256
8.88/8.92	8.92401	1399	259
8.88/8.99	8.99183	1398	260
8.98/9.06	9.06098	1397	261
9.08/9.13	9.12836	1396	262
9.08/9.19	9.19562	1395	263
9.18/9.26	9.26545	1394	267
9.28/9.33	9.33346	1393	269
9.38/9.40	9.40155	1392	272
9.38/9.46	9.46032	1391	276
9.48/9.51	9.5142	1390	280
9.48/9.57	9.57349	1389	290
9.58/9.62	9.62544	1388	291
9.58/9.68	9.67735	1387	292
9.68/9.73	9.73	1386	293
9.68/9.78	9.78261	1385	294
9.79/9.83	9.83577	1384	297
9.79/9.89	9.8897	1383	301
9.89/9.94	9.93977	1382	304
9.89/9.99	9.98859	1381	305
9.98/10.04	10.0374	1380	306
9.98/10.09	10.0888	1379	312
10.08/10.14	10.1406	1378	319
10.08/10.19	10.1902	1377	322
10.18/10.24	10.2399	1376	324
10.18/10.29	10.2907	1375	330
10.28/10.34	10.3394	1374	332
10.28/10.39	10.3878	1373	334
10.38/10.43	10.4368	1372	336
10.38/10.48	10.4867	1371	341
10.48/10.53	10.5352	1370	343
10.48/10.59	10.5902	1369	355
10.58/10.64	10.6397	1368	358
10.58/10.69	10.6905	1367	366
10.68/10.74	10.74	1366	370
10.68/10.79	10.7893	1365	375
10.78/10.84	10.8408	1364	380
10.78/10.89	10.8942	1363	391
10.89/10.94	10.9455	1362	397
10.89/10.99	10.9935	1361	398
10.99/11.04	11.0457	1360	406
10.99/11.10	11.0972	1359	413
11.08/11.14	11.1459	1358	414
11.18/11.20	11.1988	1357	419
11.18/11.25	11.2524	1356	424
11.28/11.31	11.3155	1355	443
11.28/11.37	11.3687	1354	448
11.38/11.42	11.4238	1353	457
11.38/11.48	11.4778	1352	464
11.48/11.53	11.5297	1351	467
11.48/11.58	11.5821	1350	475
11.58/11.63	11.6359	1349	488
11.58/11.69	11.687	1348	496
11.68/11.74	11.7379	1347	505
11.68/11.79	11.7902	1346	516
11.78/11.84	11.8433	1345	528
11.78/11.89	11.895	1344	536
11.88/11.94	11.944	1343	537
11.88/12.00	12.0047	1342	560
11.99/12.06	12.0591	1341	567
12.09/12.11	12.112	1340	574
12.09/12.16	12.1597	1339	575
12.18/12.21	12.2103	1338	584
12.18/12.26	12.2607	1337	591
12.28/12.31	12.312	1336	602
12.28/12.36	12.3626	1335	609
12.38/12.42	12.4174	1334	625
12.38/12.47	12.4685	1333	629
12.48/12.51	12.5168	1332	632
12.48/12.56	12.5653	1331	634
12.58/12.61	12.6152	1330	635
12.58/12.66	12.6661	1329	637
12.68/12.71	12.7153	1328	638
12.68/12.76	12.7667	1327	642
12.78/12.82	12.8249	1326	655
12.78/12.87	12.8765	1325	660
12.88/12.93	12.9291	1324	667
12.88/12.98	12.9787	1323	668
12.98/13.03	13.0295	1322	669
12.98/13.09	13.0893	1321	690
13.09/13.16	13.1651	1320	748
13.19/13.22	13.2201	1319	766
13.19/13.27	13.2704	1318	774
13.28/13.32	13.3201	1317	784
13.28/13.37	13.3728	1316	794
13.38/13.42	13.4249	1315	800
13.38/13.47	13.4747	1314	802
13.48/13.52	13.5235	1313	803
13.48/13.58	13.5776	1312	810
13.58/13.63	13.6344	1311	824
13.58/13.69	13.6907	1310	837
13.68/13.75	13.7493	1309	856
13.78/13.81	13.807	1308	875
13.78/13.87	13.8743	1307	915
13.88/13.94	13.9421	1305	957
13.88/13.99	13.9893	1304	961
13.98/14.05	14.0499	1303	992
14.08/14.10	14.1013	1302	1004
14.08/14.15	14.1497	1301	1007
14.08/14.20	14.2046	1300	1019
14.30/14.31	14.3121	1299	1129
14.30/14.38	14.3853	1298	1173
14.39/14.44	14.4458	1297	1199
14.49/14.53	14.5336	1295	1271
14.49/14.58	14.5824	1294	1272
14.59/14.63	14.6311	1293	1273
14.69/14.70	14.698	1292	1307
14.69/14.77	14.7761	1291	1365
14.79/14.82	14.8264	1290	1370
14.79/14.88	14.8826	1289	1386
14.89/14.93	14.931	1288	1392
14.89/14.98	14.98	1287	1402
14.99/15.03	15.0284	1286	1411
14.99/15.08	15.0815	1285	1428
15.09/15.14	15.1386	1284	1452
15.09/15.19	15.1951	1283	1477
15.19/15.25	15.2503	1282	1495
15.19/15.30	15.3006	1281	1501
15.29/15.35	15.3531	1280	1510
15.29/15.40	15.403	1279	1515
15.39/15.45	15.454	1278	1521
15.49/15.50	15.5031	1277	1525
15.49/15.55	15.5556	1275	1532
15.59/15.61	15.6125	1274	1549
15.59/15.67	15.6732	1273	1573
15.69/15.77	15.7707	1271	1665
15.79/15.83	15.8358	1270	1699
15.79/15.88	15.8847	1268	1704
15.89/15.96	15.9583	1267	1752
15.99/16.05	16.0493	1266	1830
16.09/16.15	16.1496	1265	1940
16.19/16.25	16.2541	1264	2064
16.29/16.32	16.3227	1263	2109
16.39/16.43	16.4279	1262	2232
16.49/16.51	16.5133	1261	2317
16.59/16.61	16.6121	1260	2425
16.59/16.69	16.6916	1259	2485
16.69/16.74	16.7443	1258	2495
16.79/16.80	16.7981	1257	2508
16.79/16.86	16.8629	1256	2544
16.89/16.91	16.9098	1255	2545
16.89/16.98	16.9802	1254	2592
17.09/17.14	17.1385	1253	2802
17.19/17.20	17.2008	1252	2833
17.19/17.25	17.2489	1251	2839
17.29/17.32	17.3224	1250	2901
17.29/17.38	17.3768	1249	2924
17.39/17.43	17.4309	1248	2944
17.49/17.50	17.505	1247	3004
17.49/17.56	17.5571	1246	3022
17.59/17.62	17.6216	1245	3056
17.69/17.74	17.7452	1244	3196
17.79/17.85	17.8485	1243	3310
17.89/17.90	17.9014	1242	3332
18.19/18.24	18.24	1241	3941
18.39/18.48	18.4797	1240	4383
18.49/18.53	18.5297	1239	4394
18.49/18.58	18.582	1238	4406
18.59/18.63	18.6287	1237	4415
18.99/19.01	19.0127	1236	5181
18.99/19.08	19.0817	1235	5223
19.09/19.13	19.1357	1234	5240
19.19/19.20	19.2053	1233	5288
19.19/19.29	19.2963	1232	5368
19.39/19.45	19.4482	1231	5577
19.49/19.59	19.59	1230	5773
19.59/19.64	19.6429	1229	5792
19.70/19.77	19.768	1228	5956
19.80/19.82	19.8192	1227	5971
19.89/19.90	19.8971	1226	6039
19.89/19.94	19.9414	1225	6040
19.99/20.00	20.0056	1223	6077
19.99/20.05	20.055	1222	6083
20.09/20.10	20.1063	1221	6095
20.19/20.22	20.2218	1220	6249
20.29/20.37	20.3723	1219	6474
20.39/20.42	20.4214	1218	6490
20.39/20.46	20.4639	1217	6492
20.49/20.54	20.5431	1216	6558
20.59/20.60	20.5987	1215	6583
20.90/21.00	20.9966	1214	7292
20.99/21.05	21.0527	1213	7314
21.09/21.11	21.1068	1212	7340
21.09/21.15	21.1563	1211	7356
21.29/21.31	21.3102	1210	7579
22.00/22.02	22.0169	1209	8883
22.00/22.06	22.0628	1208	8884
22.09/22.13	22.1266	1207	8919
22.19/22.25	22.2483	1206	9055
22.39/22.41	22.4147	1205	9308
22.79/22.87	22.8762	1204	10172
23.00/23.03	23.0279	1203	10390
23.49/23.57	23.5731	1202	11407
23.59/23.62	23.6198	1201	11415
29.60/29.70	29.6992	1200	23960
