0.49/0.55	0.552263	1542	0
0.59/0.62	0.627356	1541	1
0.59/0.69	0.694413	1540	2
0.69/0.75	0.751239	1539	8
0.79/0.80	0.804933	1538	9
0.79/0.86	0.85865	1537	10
0.89/0.91	0.912234	1536	11
0.89/0.96	0.965928	1535	12
1.00/1.02	1.01994	1534	13
1.00/1.07	1.07381	1533	15
1.10/1.13	1.12752	1532	17
1.10/1.18	1.18099	1531	18
1.20/1.23	1.23446	1530	19
1.20/1.29	1.28771	1529	20
1.29/1.34	1.34085	1527	21
1.29/1.39	1.39404	1526	22
1.39/1.44	1.44734	1524	23
1.49/1.50	1.50095	1523	24
1.49/1.55	1.55376	1521	25
1.59/1.60	1.60734	1520	27
1.59/1.66	1.66023	1519	29
1.69/1.71	1.71368	1518	30
1.69/1.77	1.7679	1517	33
1.79/1.82	1.82057	1516	34
1.79/1.87	1.87312	1515	35
1.89/1.92	1.92658	1514	37
1.89/1.98	1.97985	1513	39
1.99/2.03	2.03376	1512	41
1.99/2.09	2.0889	1510	42
2.10/2.15	2.14859	1509	43
2.20/2.21	2.20837	1508	45
2.20/2.27	2.26918	1507	47
2.29/2.33	2.32879	1506	48
2.29/2.39	2.38841	1505	49
2.39/2.44	2.44237	1504	50
2.39/2.49	2.49672	1503	52
2.49/2.55	2.54943	1502	53
2.59/2.60	2.60263	1501	54
2.59/2.65	2.65533	1500	55
2.69/2.71	2.70857	1499	57
2.69/2.76	2.7608	1498	58
2.79/2.81	2.8131	1497	59
2.79/2.86	2.86531	1496	60
2.89/2.92	2.91802	1495	62
2.89/2.97	2.97028	1494	63
2.99/3.02	3.02319	1493	64
2.99/3.07	3.07542	1492	66
3.09/3.13	3.12754	1491	67
3.09/3.18	3.17974	1490	68
3.20/3.23	3.23104	1489	69
3.20/3.28	3.2839	1488	70
3.30/3.33	3.33566	1487	71
3.30/3.39	3.38748	1486	72
3.39/3.44	3.43891	1485	73
3.39/3.49	3.49155	1484	74
3.49/3.54	3.5431	1483	75
3.49/3.59	3.59463	1482	76
3.59/3.64	3.6458	1481	77
3.59/3.70	3.69745	1480	78
3.69/3.75	3.74885	1479	79
3.79/3.80	3.79985	1478	80
3.79/3.85	3.85449	1477	87
3.89/3.90	3.90589	1476	88
3.89/3.96	3.9573	1475	90
3.99/4.01	4.00938	1474	91
3.99/4.06	4.0616	1473	93
4.09/4.11	4.11368	1472	95
4.09/4.16	4.16553	1471	96
4.19/4.21	4.21678	1470	97
4.19/4.27	4.26747	1469	98
4.30/4.32	4.31804	1468	99
4.30/4.37	4.36894	1467	100
4.40/4.42	4.41965	1466	101
4.40/4.47	4.47452	1464	110
4.49/4.52	4.52617	1463	111
4.49/4.58	4.5782	1462	114
4.59/4.63	4.62875	1461	115
4.59/4.68	4.67911	1460	116
4.69/4.73	4.72963	1459	117
4.69/4.78	4.78003	1458	118
4.79/4.83	4.834	1457	126
4.79/4.88	4.88445	1456	127
4.89/4.93	4.93464	1455	128
4.89/4.98	4.98492	1454	129
4.99/5.03	5.03592	1453	130
4.99/5.08	5.08688	1452	132
5.09/5.13	5.137	1451	133
5.09/5.19	5.18791	1450	135
5.19/5.24	5.2404	1449	141
5.19/5.29	5.2904	1448	142
5.29/5.34	5.34077	1447	143
5.29/5.39	5.39331	1446	148
5.40/5.44	5.44449	1445	151
5.40/5.49	5.49655	1444	154
5.50/5.54	5.54626	1443	155
5.50/5.59	5.59698	1442	158
5.59/5.64	5.64708	1441	159
5.59/5.69	5.69696	1440	160
5.69/5.75	5.74857	1439	164
5.79/5.80	5.79931	1438	167
5.79/5.85	5.84885	1437	168
5.79/5.90	5.90152	1436	169
5.90/5.95	5.95644	1435	171
5.99/6.01	6.01287	1434	174
5.99/6.07	6.0674	1433	175
6.09/6.12	6.12564	1432	179
6.09/6.18	6.1864	1431	188
6.19/6.24	6.24317	1430	191
6.29/6.30	6.29764	1429	193
6.29/6.35	6.35131	1428	194
6.39/6.40	6.40631	1427	197
6.39/6.46	6.45744	1426	199
6.50/6.51	6.50819	1425	200
6.50/6.56	6.55964	1424	203
6.60/6.61	6.61008	1423	205
6.60/6.66	6.65981	1422	206
6.69/6.71	6.70977	1421	207
6.69/6.76	6.76178	1420	213
6.79/6.81	6.81159	1419	214
6.79/6.86	6.86106	1418	215
6.90/6.91	6.91233	1417	218
6.90/6.96	6.96358	1416	223
6.99/7.01	7.01378	1415	224
6.99/7.06	7.06292	1414	225
7.09/7.11	7.11306	1413	227
7.09/7.16	7.16382	1412	230
7.19/7.21	7.21328	1411	231
7.19/7.26	7.26275	1410	232
7.29/7.31	7.31406	1409	237
7.29/7.36	7.36318	1408	238
7.39/7.41	7.41309	1407	240
7.39/7.46	7.46512	1406	246
7.49/7.51	7.51513	1405	247
7.49/7.56	7.56523	1404	249
7.60/7.61	7.61564	1403	254
7.60/7.66	7.66433	1402	255
7.70/7.71	7.71337	1401	256
7.70/7.76	7.76438	1400	261
7.79/7.81	7.81365	1399	263
7.79/7.86	7.86257	1398	265
7.89/7.91	7.91373	1397	270
7.89/7.96	7.96524	1396	277
8.00/8.01	8.01471	1395	279
8.00/8.06	8.06345	1394	280
8.09/8.11	8.11249	1393	281
8.09/8.16	8.16494	1392	291
8.19/8.21	8.21469	1391	294
8.19/8.26	8.26321	1390	295
8.29/8.31	8.31254	1389	298
8.29/8.36	8.36194	1388	301
8.39/8.41	8.41047	1387	303
8.39/8.46	8.45873	1386	304
8.49/8.51	8.50734	1385	305
8.49/8.55	8.55555	1384	306
8.59/8.60	8.60426	1383	307
8.59/8.65	8.65281	1382	309
8.59/8.70	8.70203	1381	312
8.70/8.75	8.7505	1380	314
8.70/8.80	8.79926	1379	317
8.80/8.85	8.84912	1377	321
8.80/8.90	8.89717	1376	322
8.89/8.94	8.94503	1375	323
8.99/9.00	8.99931	1374	335
8.99/9.04	9.04712	1373	336
8.99/9.09	9.09554	1372	338
9.10/9.15	9.14872	1371	349
9.19/9.20	9.19919	1370	356
9.19/9.25	9.24844	1369	361
9.19/9.30	9.29724	1368	365
9.29/9.35	9.34753	1367	370
9.29/9.39	9.39632	1366	373
9.39/9.44	9.44589	1365	378
9.49/9.50	9.49756	1364	385
9.49/9.54	9.54494	1363	386
9.49/9.59	9.59323	1362	388
9.59/9.64	9.64156	1361	391
9.59/9.69	9.69158	1360	397
9.69/9.74	9.73921	1359	398
9.69/9.79	9.78748	1358	401
9.80/9.83	9.83568	1357	404
9.80/9.88	9.88491	1356	408
9.90/9.93	9.93191	1355	409
9.90/9.98	9.97968	1354	411
9.99/10.03	10.0319	1353	420
9.99/10.08	10.0816	1352	426
10.09/10.13	10.1302	1351	430
10.09/10.18	10.1786	1350	433
10.20/10.23	10.2276	1349	438
10.20/10.27	10.2756	1348	440
10.29/10.32	10.3238	1347	442
10.29/10.37	10.3721	1346	445
10.39/10.42	10.4199	1345	448
10.39/10.47	10.4682	1344	450
10.49/10.52	10.5231	1343	459
10.49/10.57	10.5735	1342	461
10.59/10.62	10.626	1341	467
10.59/10.67	10.6759	1340	469
10.69/10.73	10.7272	1339	471
10.69/10.78	10.7785	1338	475
10.79/10.83	10.8283	1337	477
10.79/10.88	10.8797	1336	481
10.90/10.93	10.9294	1335	483
10.90/10.98	10.98	1334	485
11.00/11.03	11.0313	1333	489
11.00/11.08	11.0826	1332	494
11.09/11.13	11.1321	1331	496
11.09/11.18	11.1851	1330	503
11.19/11.23	11.2371	1329	508
11.19/11.29	11.2873	1328	511
11.30/11.33	11.3365	1327	513
11.30/11.39	11.3907	1326	524
11.39/11.44	11.443	1325	532
11.39/11.49	11.4902	1324	536
11.49/11.54	11.5441	1323	553
11.49/11.59	11.5929	1322	560
11.59/11.65	11.6482	1321	580
11.59/11.69	11.6944	1320	583
11.69/11.74	11.7412	1319	586
11.69/11.78	11.7864	1318	587
11.79/11.83	11.8336	1317	592
11.79/11.88	11.8825	1316	601
11.89/11.93	11.933	1315	605
11.89/11.98	11.9832	1314	607
12.00/12.03	12.0349	1313	611
12.00/12.08	12.0851	1312	614
12.10/12.13	12.1361	1311	619
12.10/12.19	12.188	1310	625
12.19/12.23	12.2332	1309	626
12.19/12.28	12.2829	1308	637
12.29/12.33	12.3344	1307	650
12.29/12.38	12.3818	1306	656
12.40/12.43	12.4292	1305	662
12.40/12.47	12.4764	1304	666
12.49/12.52	12.523	1303	669
12.49/12.57	12.5708	1302	670
12.59/12.63	12.6301	1301	690
12.59/12.69	12.6899	1300	712
12.69/12.75	12.7531	1299	748
12.79/12.80	12.7985	1298	751
12.79/12.84	12.8462	1297	759
12.89/12.91	12.9108	1296	801
12.89/12.97	12.9678	1295	828
12.99/13.02	13.0206	1294	844
12.99/13.07	13.0707	1293	853
13.10/13.13	13.1369	1292	887
13.10/13.20	13.1983	1291	914
13.20/13.26	13.258	1290	938
13.29/13.30	13.3054	1289	939
13.29/13.37	13.3673	1288	968
13.39/13.42	13.4236	1287	987
13.39/13.48	13.4791	1286	1004
13.50/13.53	13.529	1285	1009
13.59/13.61	13.6162	1284	1084
13.59/13.68	13.6858	1283	1128
13.69/13.74	13.7375	1282	1136
13.69/13.79	13.7957	1281	1158
13.79/13.85	13.8554	1280	1185
13.89/13.92	13.9212	1279	1234
13.89/13.97	13.9763	1278	1258
13.99/14.02	14.0231	1277	1264
13.99/14.07	14.0706	1276	1272
14.09/14.18	14.1843	1275	1424
14.20/14.23	14.2286	1274	1426
14.20/14.28	14.2791	1273	1441
14.30/14.32	14.3253	1272	1444
14.30/14.38	14.3858	1271	1472
14.39/14.44	14.445	1270	1497
14.39/14.49	14.4928	1269	1498
14.49/14.55	14.5526	1268	1522
14.49/14.60	14.6003	1267	1525
14.60/14.66	14.6659	1266	1562
14.69/14.71	14.7162	1265	1569
14.69/14.79	14.7885	1264	1619
14.79/14.84	14.8376	1263	1625
14.89/14.92	14.9255	1262	1702
14.89/14.97	14.9741	1261	1707
14.99/15.02	15.0252	1260	1716
15.09/15.10	15.1021	1259	1775
15.09/15.15	15.1511	1258	1780
15.19/15.21	15.2115	1257	1809
15.19/15.26	15.2576	1256	1810
15.30/15.33	15.3281	1255	1853
15.30/15.39	15.3938	1254	1892
15.40/15.44	15.4429	1253	1899
15.40/15.49	15.4936	1252	1908
15.49/15.55	15.5544	1250	1937
15.59/15.61	15.6087	1249	1955
15.59/15.67	15.6738	1248	1992
15.70/15.72	15.7205	1247	1995
15.70/15.78	15.7805	1246	2023
15.79/15.87	15.8769	1245	2119
15.89/15.93	15.9338	1244	2142
15.99/16.00	16.0026	1243	2184
15.99/16.08	16.0812	1242	2245
16.09/16.14	16.1399	1241	2269
16.19/16.20	16.1997	1240	2295
16.19/16.26	16.2646	1239	2336
16.29/16.37	16.3746	1238	2463
16.40/16.43	16.4329	1237	2489
16.50/16.51	16.5094	1235	2548
16.59/16.61	16.6129	1234	2657
16.69/16.70	16.7001	1233	2746
16.80/16.89	16.8952	1232	3061
16.99/17.06	17.0661	1231	3324
17.09/17.17	17.1711	1230	3459
17.19/17.21	17.2146	1229	3463
17.19/17.26	17.259	1228	3468
17.39/17.41	17.4099	1227	3680
17.39/17.47	17.4757	1226	3723
17.50/17.53	17.5279	1225	3744
17.50/17.57	17.5698	1224	3745
17.60/17.62	17.62	1223	3763
17.60/17.69	17.6938	1222	3827
17.69/17.74	17.7422	1221	3840
17.99/18.05	18.0562	1220	4386
18.19/18.22	18.2263	1219	4643
18.19/18.28	18.2843	1218	4675
18.89/18.92	18.9201	1216	5844
18.89/18.97	18.9722	1215	5859
19.00/19.02	19.0179	1214	5861
19.49/19.55	19.5478	1213	6864
19.49/19.59	19.5892	1212	6865
19.59/19.66	19.6582	1211	6925
19.70/19.72	19.7248	1210	6974
19.70/19.80	19.8023	1209	7052
19.89/19.95	19.9469	1208	7260
19.99/20.04	20.0461	1207	7381
20.10/20.17	20.1727	1206	7555
20.90/20.91	20.9075	1205	8924
21.39/21.41	21.4102	1204	9835
21.49/21.59	21.5942	1203	10123
22.00/22.02	22.0227	1202	10917
23.59/23.61	23.6116	1201	14001
35.50/35.52	35.5256	1200	37679
