63.49/63.55	63.5513	14166	0
72.79/72.85	72.849	14165	2
82.09/82.19	82.1892	14164	4
91.39/91.43	91.4247	14163	6
100.68/100.70	100.694	14162	7
109.88/109.90	109.896	14161	8
119.38/119.40	119.398	14160	9
128.69/128.72	128.718	14159	10
137.98/138.00	138.002	14158	12
147.39/147.49	147.483	14157	14
156.78/156.82	156.815	14156	15
166.09/166.19	166.187	14155	16
175.38/175.40	175.397	14154	17
184.68/184.71	184.706	14153	18
193.78/193.88	193.873	14152	22
202.98/203.03	203.023	14151	24
212.18/212.23	212.223	14150	26
221.48/221.54	221.536	14149	27
230.99/231.04	231.03	14148	28
240.48/240.52	240.512	14147	32
249.88/249.98	249.978	14146	33
259.48/259.53	259.521	14145	34
268.88/268.95	268.939	14144	35
278.29/278.36	278.354	14143	36
287.68/287.71	287.699	14142	37
296.78/296.89	296.881	14141	40
306.18/306.24	306.235	14140	42
315.58/315.67	315.665	14139	44
324.78/324.84	324.834	14138	45
333.98/334.04	334.027	14137	46
343.19/343.27	343.259	14136	47
352.48/352.53	352.517	14135	48
361.78/361.83	361.824	14134	51
371.18/371.27	371.258	14133	52
380.59/380.64	380.626	14132	53
389.88/389.98	389.968	14131	54
399.39/399.41	399.4	14130	55
408.68/408.72	408.706	14129	57
417.88/417.91	417.897	14128	58
427.18/427.24	427.231	14127	59
436.48/436.57	436.558	14126	60
445.78/445.85	445.843	14125	64
454.88/454.99	454.976	14124	66
464.29/464.33	464.319	14123	67
473.48/473.57	473.559	14122	68
482.68/482.76	482.743	14121	70
491.79/491.87	491.855	14120	71
501.18/501.25	501.24	14119	72
510.38/510.46	510.443	14118	75
519.48/519.57	519.56	14117	76
528.88/528.98	528.964	14116	77
538.28/538.30	538.287	14115	80
547.58/547.67	547.654	14114	84
556.88/556.98	556.968	14113	85
566.18/566.24	566.224	14112	86
575.38/575.41	575.391	14111	87
584.48/584.58	584.568	14110	88
593.68/593.71	593.697	14109	89
602.98/603.00	602.984	14108	90
612.08/612.19	612.176	14107	91
621.48/621.57	621.553	14106	93
630.78/630.86	630.845	14105	94
640.08/640.12	640.108	14104	95
649.58/649.61	649.592	14103	96
658.90/659.01	658.987	14102	98
668.17/668.28	668.258	14101	99
677.58/677.70	677.678	14100	103
686.97/687.03	687.014	14099	104
696.28/696.35	696.332	14098	106
705.47/705.51	705.489	14097	108
714.67/714.75	714.733	14096	109
723.89/723.99	723.969	14095	110
733.17/733.28	733.256	14094	111
742.49/742.54	742.52	14093	112
751.57/751.68	751.658	14092	114
760.77/760.82	760.8	14091	118
769.87/769.97	769.951	14090	119
779.16/779.22	779.201	14089	120
788.46/788.52	788.5	14088	121
797.66/797.70	797.677	14087	124
806.86/806.97	806.943	14086	125
816.06/816.19	816.17	14085	126
825.46/825.52	825.498	14084	129
834.66/834.70	834.673	14083	130
843.67/843.79	843.765	14082	131
852.86/852.99	852.967	14081	133
862.06/862.15	862.121	14080	135
871.29/871.36	871.339	14079	139
880.47/880.54	880.517	14078	140
889.57/889.68	889.656	14077	141
898.67/898.80	898.774	14076	142
907.96/908.07	908.044	14075	148
917.06/917.19	917.16	14074	149
926.27/926.35	926.322	14073	150
935.46/935.59	935.56	14072	151
944.66/944.73	944.699	14071	152
953.96/954.00	953.969	14070	153
963.06/963.11	963.085	14069	154
972.26/972.40	972.374	14068	155
981.56/981.60	981.575	14067	156
990.66/990.72	990.695	14066	157
999.87/999.92	999.89	14065	160
