64.69/64.80	64.7987	14156	0
73.99/74.09	74.0932	14155	1
83.09/83.17	83.1687	14154	2
92.19/92.24	92.2393	14153	4
101.89/101.94	101.938	14152	5
113.48/113.54	113.535	14151	6
125.18/125.21	125.211	14150	7
137.40/137.43	137.427	14149	8
148.88/148.95	148.949	14148	10
160.39/160.47	160.464	14147	11
171.78/171.84	171.832	14146	12
183.08/183.17	183.168	14145	13
195.08/195.17	195.16	14144	14
206.79/206.82	206.805	14143	16
218.58/218.65	218.641	14142	17
230.58/230.60	230.59	14141	19
241.99/242.03	242.019	14140	20
254.68/254.71	254.702	14139	21
266.97/267.07	267.063	14138	22
279.88/279.98	279.967	14137	23
292.08/292.18	292.164	14136	26
304.88/304.98	304.97	14135	29
317.38/317.44	317.429	14134	30
329.17/329.27	329.252	14133	32
340.37/340.41	340.396	14132	33
352.57/352.67	352.651	14131	36
365.27/365.39	365.379	14130	37
377.18/377.22	377.206	14129	38
390.48/390.52	390.506	14128	40
404.17/404.23	404.213	14127	41
417.99/418.02	418.004	14126	42
431.87/431.91	431.893	14125	45
445.97/446.07	446.048	14124	46
459.97/460.04	460.017	14123	47
472.77/472.87	472.851	14121	48
485.96/486.05	486.033	14120	50
499.87/499.98	499.963	14119	52
513.87/513.91	513.889	14118	53
525.17/525.25	525.233	14117	55
537.77/537.81	537.788	14116	60
549.27/549.34	549.321	14115	61
558.37/558.44	558.414	14114	67
568.87/568.91	568.89	14113	68
580.56/580.68	580.657	14112	71
592.36/592.44	592.417	14111	72
605.27/605.39	605.364	14110	74
619.47/619.58	619.552	14109	75
632.96/633.09	633.067	14108	76
647.26/647.30	647.278	14107	77
660.26/660.35	660.32	14106	78
673.27/673.36	673.334	14105	79
686.06/686.11	686.085	14104	80
697.06/697.16	697.131	14103	83
710.36/710.44	710.409	14102	84
723.16/723.23	723.206	14101	85
736.36/736.40	736.368	14100	86
749.86/749.92	749.892	14099	87
763.16/763.30	763.274	14098	88
776.57/776.61	776.585	14097	89
790.06/790.15	790.121	14096	90
803.16/803.24	803.207	14095	92
816.96/817.02	816.99	14094	93
830.47/830.54	830.51	14093	94
843.57/843.66	843.629	14092	95
856.96/857.07	857.038	14091	96
870.25/870.38	870.351	14090	101
883.45/883.56	883.532	14088	104
896.95/897.03	896.996	14087	105
910.35/910.49	910.454	14086	109
924.35/924.40	924.364	14085	110
938.66/938.72	938.681	14084	115
952.65/952.75	952.714	14083	117
966.46/966.55	966.513	14082	118
980.15/980.27	980.231	14081	119
994.05/994.18	994.139	14080	124
