66.19/66.29	66.2936	14180	0
75.69/75.79	75.7905	14179	2
85.09/85.10	85.0983	14178	3
94.19/94.26	94.2548	14177	4
103.59/103.62	103.614	14176	5
112.89/112.99	112.993	14175	7
121.99/122.10	122.098	14174	8
131.79/131.80	131.801	14173	9
140.99/141.06	141.055	14172	10
150.08/150.13	150.129	14171	12
159.18/159.23	159.231	14170	13
168.88/168.99	168.99	14169	15
177.89/177.98	177.976	14168	16
187.08/187.11	187.105	14166	17
196.18/196.23	196.23	14165	18
205.38/205.40	205.4	14164	20
214.49/214.54	214.536	14163	22
223.38/223.47	223.466	14162	28
232.48/232.52	232.515	14161	29
241.99/242.04	242.036	14160	30
251.78/251.82	251.817	14159	31
262.28/262.32	262.315	14158	39
272.18/272.22	272.215	14157	40
281.78/281.82	281.816	14156	41
291.28/291.37	291.359	14155	42
300.78/300.80	300.789	14154	43
310.18/310.28	310.277	14153	44
319.78/319.88	319.877	14152	45
329.48/329.55	329.544	14151	46
338.88/338.98	338.973	14150	47
348.28/348.37	348.357	14149	48
358.08/358.14	358.129	14148	49
367.78/367.87	367.864	14147	50
376.98/377.04	377.03	14146	51
386.97/387.05	387.039	14145	54
396.58/396.67	396.664	14144	56
405.88/405.94	405.928	14143	57
415.57/415.63	415.619	14142	58
424.67/424.76	424.746	14141	59
433.87/433.99	433.978	14140	60
443.08/443.10	443.089	14139	61
452.18/452.28	452.271	14138	63
461.48/461.50	461.484	14137	64
470.88/470.95	470.934	14136	65
480.28/480.30	480.288	14135	67
489.39/489.47	489.454	14134	68
498.38/498.44	498.427	14133	69
507.38/507.41	507.396	14131	73
517.27/517.35	517.339	14130	76
526.88/526.96	526.946	14129	77
535.88/535.97	535.951	14128	78
545.18/545.23	545.211	14127	79
554.38/554.41	554.394	14126	80
563.57/563.63	563.618	14124	86
573.17/573.29	573.273	14123	88
583.08/583.10	583.087	14122	89
592.68/592.72	592.708	14121	90
601.98/602.01	601.994	14120	91
610.97/611.07	611.057	14119	92
621.07/621.12	621.106	14118	93
630.97/631.07	631.056	14117	95
640.77/640.85	640.834	14116	96
650.27/650.39	650.372	14115	97
660.37/660.43	660.408	14114	98
669.57/669.69	669.675	14113	101
678.97/679.08	679.066	14111	102
688.77/688.86	688.842	14110	103
698.38/698.49	698.467	14109	104
708.37/708.49	708.473	14108	111
718.57/718.62	718.604	14107	112
728.07/728.12	728.099	14106	113
737.47/737.51	737.491	14105	114
746.47/746.57	746.547	14104	115
755.77/755.88	755.855	14103	116
765.77/765.87	765.852	14102	118
775.76/775.89	775.866	14101	120
785.67/785.75	785.729	14100	121
795.57/795.63	795.607	14099	122
805.08/805.10	805.081	14098	123
814.57/814.63	814.607	14097	125
824.36/824.47	824.448	14096	126
833.97/834.07	834.041	14095	127
843.36/843.44	843.42	14094	128
853.26/853.32	853.297	14093	129
863.06/863.12	863.093	14092	130
872.77/872.81	872.789	14091	131
882.66/882.73	882.706	14090	132
892.46/892.50	892.469	14089	134
902.26/902.36	902.335	14088	135
912.16/912.20	912.17	14087	136
921.97/922.09	922.064	14086	137
931.67/931.75	931.725	14085	141
941.16/941.22	941.189	14084	142
950.96/951.06	951.034	14083	144
960.86/960.97	960.939	14082	145
970.46/970.55	970.521	14081	147
980.16/980.29	980.263	14080	148
990.06/990.10	990.073	14079	149
