67.49/67.53	67.5324	14204	0
77.48/77.52	77.5181	14203	3
87.39/87.46	87.4583	14202	4
97.28/97.31	97.3027	14201	6
107.48/107.52	107.516	14199	7
117.19/117.24	117.235	14198	8
127.49/127.56	127.557	14197	10
136.98/137.09	137.085	14196	11
146.68/146.71	146.707	14195	12
156.10/156.13	156.129	14194	13
165.39/165.49	165.49	14193	14
175.18/175.23	175.224	14192	15
185.08/185.16	185.149	14191	16
194.88/194.98	194.973	14190	17
204.18/204.23	204.228	14189	19
213.58/213.68	213.669	14188	20
222.78/222.84	222.83	14187	21
232.18/232.25	232.246	14186	22
241.18/241.29	241.287	14185	24
250.58/250.66	250.656	14184	25
259.68/259.76	259.747	14183	32
268.78/268.80	268.788	14182	33
278.08/278.20	278.191	14181	35
287.18/287.25	287.245	14180	39
296.28/296.33	296.317	14179	40
305.28/305.36	305.349	14178	41
314.49/314.55	314.539	14177	42
323.48/323.57	323.556	14176	44
333.07/333.12	333.111	14175	45
342.27/342.38	342.371	14174	46
351.37/351.47	351.455	14173	47
360.38/360.50	360.484	14172	49
369.49/369.55	369.535	14171	53
378.48/378.58	378.564	14170	56
387.58/387.63	387.62	14169	57
396.98/397.03	397.015	14168	58
405.98/406.07	406.053	14167	60
415.48/415.56	415.547	14166	61
424.88/424.93	424.914	14165	62
433.87/433.97	433.955	14164	63
442.98/443.00	442.988	14162	64
452.37/452.42	452.408	14161	66
461.37/461.46	461.443	14160	68
470.38/470.48	470.462	14159	70
479.67/479.78	479.764	14158	72
488.87/488.93	488.915	14157	73
497.87/497.97	497.951	14156	75
507.67/507.71	507.693	14155	79
516.98/517.06	517.047	14154	80
526.37/526.46	526.44	14153	81
535.77/535.83	535.809	14152	82
544.97/545.01	544.998	14151	83
554.17/554.22	554.205	14150	84
563.37/563.43	563.418	14149	87
572.98/573.06	573.045	14148	88
582.07/582.12	582.105	14147	89
591.07/591.14	591.122	14146	90
600.67/600.75	600.732	14145	93
610.16/610.26	610.243	14144	94
619.86/619.93	619.91	14143	95
628.87/628.99	628.971	14142	96
638.47/638.51	638.49	14141	97
647.96/648.00	647.979	14140	99
657.27/657.33	657.313	14139	100
666.27/666.37	666.355	14138	101
675.38/675.48	675.461	14137	102
685.97/686.01	685.99	14136	103
695.57/695.61	695.593	14135	105
705.27/705.36	705.335	14134	106
715.36/715.43	715.407	14133	112
725.06/725.14	725.123	14132	113
735.17/735.25	735.224	14131	114
744.77/744.84	744.82	14130	115
754.57/754.66	754.633	14129	116
764.56/764.65	764.622	14128	118
774.66/774.75	774.731	14127	119
784.67/784.77	784.746	14126	121
794.66/794.71	794.685	14125	124
804.57/804.69	804.663	14124	126
814.57/814.64	814.61	14123	128
824.16/824.27	824.248	14122	129
833.96/834.05	834.022	14121	130
843.86/843.91	843.889	14120	131
853.86/853.94	853.916	14119	132
863.47/863.51	863.486	14118	133
873.16/873.24	873.216	14117	136
882.86/882.95	882.92	14116	137
892.66/892.71	892.684	14115	142
902.16/902.28	902.252	14114	144
911.56/911.67	911.637	14113	145
921.06/921.18	921.153	14112	146
930.86/930.97	930.943	14111	147
940.75/940.82	940.789	14110	149
950.56/950.63	950.604	14109	150
960.26/960.30	960.273	14108	153
969.65/969.76	969.728	14107	154
978.96/979.07	979.042	14106	155
988.55/988.63	988.6	14105	157
998.16/998.27	998.242	14104	160
