62.19/62.23	62.2277	14204	0
70.99/71.09	71.0932	14203	1
79.89/79.90	79.898	14202	2
88.59/88.63	88.6318	14201	3
97.39/97.40	97.397	14200	6
106.09/106.16	106.156	14199	8
114.88/114.94	114.939	14198	9
123.68/123.74	123.736	14197	12
132.58/132.69	132.688	14196	14
141.48/141.59	141.59	14195	16
150.38/150.41	150.41	14194	17
159.18/159.27	159.267	14193	18
168.08/168.10	168.098	14192	19
176.78/176.89	176.886	14191	20
185.58/185.67	185.662	14190	22
194.48/194.50	194.5	14189	25
203.18/203.28	203.278	14188	26
211.98/212.08	212.075	14187	28
220.88/220.91	220.905	14186	29
229.79/229.82	229.816	14185	31
238.69/238.76	238.755	14184	32
247.58/247.64	247.633	14183	33
256.38/256.42	256.41	14182	34
265.18/265.22	265.215	14181	35
273.98/274.00	273.998	14180	39
282.69/282.77	282.768	14179	40
291.49/291.55	291.543	14178	42
300.29/300.31	300.299	14177	43
309.09/309.19	309.182	14176	44
317.79/317.90	317.895	14175	45
326.59/326.70	326.694	14174	46
335.39/335.44	335.427	14173	48
344.19/344.23	344.222	14172	49
352.88/353.00	352.994	14171	50
361.68/361.77	361.763	14170	51
370.48/370.60	370.592	14169	54
379.39/379.48	379.466	14168	55
388.19/388.26	388.253	14167	58
397.08/397.12	397.109	14166	59
406.08/406.12	406.115	14165	60
415.18/415.23	415.223	14164	61
423.98/424.07	424.056	14163	62
432.98/433.05	433.04	14162	64
441.88/441.90	441.89	14161	68
450.57/450.69	450.68	14160	70
459.37/459.46	459.446	14159	71
468.17/468.27	468.259	14158	72
476.97/477.06	477.052	14157	74
485.87/485.91	485.897	14156	75
494.57/494.67	494.661	14155	76
503.38/503.42	503.409	14154	77
512.18/512.22	512.208	14153	78
520.88/521.00	520.982	14151	80
529.68/529.77	529.757	14150	84
538.38/538.48	538.468	14149	85
547.17/547.21	547.191	14148	86
555.87/555.96	555.948	14147	87
564.77/564.88	564.865	14146	88
573.57/573.62	573.602	14145	92
582.27/582.34	582.321	14144	93
590.97/591.04	591.029	14143	94
599.67/599.71	599.694	14142	95
608.47/608.51	608.498	14141	96
617.47/617.58	617.564	14140	97
626.17/626.25	626.237	14139	100
634.87/634.97	634.951	14138	101
643.67/643.71	643.697	14137	102
652.67/652.71	652.689	14136	104
661.67/661.74	661.722	14135	105
671.37/671.44	671.418	14134	106
681.27/681.30	681.287	14133	107
690.97/691.08	691.067	14132	108
700.77/700.83	700.815	14131	109
710.47/710.59	710.575	14130	110
719.67/719.79	719.766	14129	111
729.37/729.40	729.382	14128	113
738.56/738.68	738.659	14127	116
747.47/747.54	747.516	14126	117
756.87/756.98	756.96	14125	118
765.96/766.01	765.99	14124	119
774.86/774.93	774.906	14123	125
783.96/784.01	783.987	14122	126
792.57/792.64	792.616	14121	127
801.37/801.50	801.471	14120	128
810.27/810.39	810.362	14119	129
819.06/819.13	819.109	14118	130
828.06/828.20	828.174	14117	131
836.86/837.00	836.971	14116	132
846.06/846.10	846.071	14115	133
855.26/855.35	855.325	14114	135
864.96/865.07	865.046	14113	137
874.47/874.55	874.519	14112	138
883.96/884.00	883.972	14111	139
892.86/892.98	892.951	14110	141
901.96/902.05	902.017	14109	143
911.05/911.16	911.125	14108	146
920.15/920.28	920.246	14107	147
929.46/929.51	929.474	14106	151
938.16/938.29	938.258	14105	155
947.07/947.16	947.125	14104	157
955.76/955.90	955.865	14103	160
964.56/964.69	964.655	14102	161
973.36/973.48	973.448	14101	162
982.05/982.20	982.166	14100	163
991.25/991.33	991.294	14099	164
