69.48/69.59	69.5868	14197	0
79.20/79.25	79.2488	14196	1
88.69/88.79	88.7878	14195	2
98.28/98.31	98.3032	14194	3
108.79/108.81	108.81	14193	5
118.89/118.98	118.973	14192	6
129.29/129.38	129.379	14191	7
139.78/139.80	139.796	14190	8
149.28/149.35	149.342	14189	9
158.89/158.93	158.929	14188	11
168.78/168.81	168.808	14187	12
179.08/179.16	179.149	14186	13
189.48/189.58	189.575	14185	14
198.78/198.83	198.822	14184	15
210.09/210.17	210.165	14183	16
219.89/219.94	219.936	14182	19
229.98/230.04	230.03	14181	20
240.79/240.84	240.829	14180	21
249.88/249.92	249.912	14179	22
259.28/259.39	259.381	14178	23
268.88/268.92	268.909	14177	24
278.78/278.87	278.858	14176	25
288.47/288.52	288.512	14175	26
297.78/297.86	297.849	14174	28
306.88/306.95	306.939	14173	32
315.88/315.90	315.889	14172	33
324.78/324.81	324.797	14171	34
333.68/333.75	333.738	14170	35
342.58/342.67	342.652	14169	36
352.98/353.02	353.001	14168	39
361.97/362.04	362.022	14167	41
370.97/371.02	371.001	14166	42
382.27/382.33	382.311	14165	44
391.18/391.28	391.262	14164	45
400.18/400.25	400.233	14163	46
409.09/409.20	409.184	14162	47
419.98/420.01	419.993	14161	48
431.47/431.55	431.537	14160	49
440.46/440.51	440.494	14159	50
449.36/449.45	449.431	14158	51
459.26/459.37	459.352	14157	54
469.77/469.88	469.856	14156	56
478.87/478.92	478.899	14155	57
488.46/488.50	488.478	14154	58
498.18/498.29	498.265	14153	59
508.17/508.22	508.194	14152	62
517.36/517.41	517.387	14151	63
526.57/526.69	526.667	14150	68
537.78/537.86	537.842	14149	69
549.07/549.10	549.077	14148	72
559.37/559.49	559.462	14147	73
569.07/569.15	569.13	14146	74
578.58/578.69	578.665	14145	76
589.66/589.79	589.768	14144	77
599.26/599.35	599.321	14143	78
609.76/609.85	609.824	14142	79
619.56/619.67	619.639	14141	80
629.96/630.07	630.046	14140	81
639.36/639.44	639.416	14139	83
649.16/649.25	649.218	14138	84
658.26/658.37	658.343	14137	85
668.46/668.56	668.534	14136	86
677.96/678.00	677.973	14135	87
687.86/687.92	687.895	14134	91
697.46/697.57	697.535	14133	92
707.46/707.55	707.516	14132	93
717.75/717.83	717.796	14131	97
727.76/727.83	727.798	14130	98
738.25/738.32	738.289	14129	100
747.86/747.96	747.93	14128	101
758.26/758.38	758.352	14127	102
769.97/770.03	769.995	14126	103
779.36/779.47	779.433	14125	104
789.55/789.64	789.606	14124	105
800.06/800.17	800.134	14123	107
811.05/811.13	811.099	14122	108
821.05/821.11	821.078	14121	110
830.75/830.83	830.795	14120	111
840.15/840.28	840.243	14119	114
849.85/849.99	849.956	14118	115
858.75/858.88	858.837	14117	116
867.65/867.79	867.755	14116	117
880.15/880.24	880.197	14115	119
889.14/889.29	889.254	14114	122
898.15/898.20	898.161	14113	124
907.05/907.11	907.074	14112	125
917.26/917.40	917.363	14111	127
930.15/930.20	930.161	14110	128
939.75/939.85	939.81	14109	130
950.44/950.56	950.517	14108	133
960.34/960.42	960.372	14107	134
970.84/970.92	970.874	14106	135
980.84/980.99	980.949	14105	136
989.96/990.04	990	14104	138
