65.48/65.51	65.5084	14180	0
74.79/74.87	74.8711	14179	1
84.19/84.29	84.2843	14178	2
93.59/93.68	93.6756	14177	3
103.30/103.35	103.344	14176	10
113.08/113.18	113.176	14175	11
122.39/122.44	122.439	14174	12
131.49/131.50	131.497	14173	13
140.48/140.57	140.563	14172	14
149.59/149.62	149.617	14171	15
158.89/158.90	158.9	14169	18
168.29/168.37	168.37	14168	19
177.49/177.58	177.573	14167	20
187.09/187.12	187.111	14166	21
196.59/196.65	196.649	14165	22
206.28/206.34	206.333	14164	24
215.68/215.76	215.754	14163	25
224.78/224.81	224.808	14162	26
233.78/233.86	233.855	14161	27
242.99/243.07	243.059	14160	28
252.08/252.16	252.152	14159	29
261.38/261.40	261.391	14158	31
270.68/270.75	270.745	14157	33
280.08/280.19	280.183	14156	34
289.68/289.71	289.703	14155	35
299.19/299.22	299.21	14154	36
308.68/308.70	308.693	14153	37
317.89/317.96	317.951	14152	38
327.88/327.93	327.917	14151	39
337.37/337.44	337.43	14150	40
346.77/346.80	346.793	14149	41
356.18/356.29	356.275	14148	42
365.77/365.82	365.809	14147	44
375.27/375.33	375.322	14146	45
384.78/384.90	384.89	14145	47
394.38/394.41	394.398	14144	48
403.58/403.63	403.618	14143	49
412.88/412.93	412.921	14142	51
422.18/422.21	422.199	14141	52
431.47/431.56	431.545	14140	55
441.17/441.23	441.217	14139	59
450.48/450.55	450.534	14138	60
459.68/459.72	459.706	14137	61
468.97/469.09	469.078	14136	62
478.38/478.41	478.391	14135	63
487.97/488.08	488.06	14134	64
497.47/497.50	497.482	14132	65
507.08/507.14	507.126	14131	68
516.57/516.61	516.599	14130	69
525.98/526.08	526.067	14129	71
535.58/535.61	535.59	14128	73
544.77/544.84	544.825	14127	75
553.58/553.60	553.579	14126	76
562.27/562.33	562.314	14125	77
571.17/571.23	571.209	14124	82
580.47/580.57	580.551	14123	83
589.66/589.70	589.684	14122	85
598.77/598.84	598.821	14121	88
607.87/607.94	607.918	14120	92
616.97/617.10	617.08	14119	93
626.17/626.26	626.242	14118	94
635.68/635.71	635.693	14117	95
644.77/644.87	644.85	14116	97
653.77/653.88	653.861	14115	98
662.47/662.55	662.533	14114	99
671.56/671.62	671.601	14113	100
680.97/681.07	681.047	14112	101
690.27/690.33	690.306	14111	102
699.47/699.57	699.55	14110	103
708.46/708.50	708.48	14109	104
717.67/717.70	717.68	14108	105
726.66/726.79	726.773	14107	107
735.87/735.92	735.896	14106	108
744.96/745.07	745.044	14105	109
754.47/754.55	754.526	14104	113
764.06/764.19	764.17	14103	114
772.96/773.09	773.065	14102	115
782.17/782.22	782.198	14101	116
790.97/791.01	790.987	14100	118
799.58/799.69	799.664	14099	119
808.27/808.35	808.326	14098	121
816.97/817.01	816.988	14097	124
825.57/825.67	825.642	14096	125
834.27/834.32	834.297	14095	126
842.86/842.99	842.964	14094	130
851.66/851.73	851.707	14093	131
860.66/860.75	860.726	14092	132
869.86/869.92	869.894	14091	134
878.56/878.61	878.587	14090	138
887.96/888.00	887.977	14089	140
897.47/897.52	897.489	14088	141
906.76/906.80	906.771	14087	142
916.06/916.16	916.128	14086	143
926.07/926.11	926.086	14085	145
935.06/935.18	935.149	14084	147
944.16/944.20	944.173	14083	148
953.57/953.69	953.665	14082	149
962.86/962.98	962.948	14081	152
972.36/972.47	972.44	14079	154
982.05/982.16	982.132	14078	155
992.25/992.33	992.3	14077	156
