65.19/65.25	65.2523	14205	0
75.39/75.47	75.4732	14204	1
84.89/84.95	84.9464	14203	2
94.09/94.17	94.1632	14202	4
103.39/103.44	103.442	14201	5
112.99/113.02	113.014	14200	6
122.19/122.26	122.253	14199	7
131.99/132.02	132.02	14198	8
141.08/141.10	141.1	14197	9
150.18/150.20	150.197	14196	10
159.29/159.36	159.36	14195	11
168.30/168.34	168.338	14194	12
177.48/177.58	177.574	14193	13
186.78/186.80	186.798	14192	16
196.99/197.02	197.018	14191	18
206.69/206.76	206.752	14190	19
215.78/215.81	215.802	14189	21
225.28/225.30	225.293	14188	22
234.38/234.43	234.424	14187	25
243.48/243.55	243.544	14186	26
252.48/252.52	252.514	14185	29
261.69/261.73	261.719	14184	31
270.68/270.75	270.741	14183	32
279.88/279.96	279.953	14182	33
289.08/289.19	289.178	14181	34
298.09/298.10	298.096	14180	37
306.89/306.95	306.938	14179	38
315.98/316.07	316.062	14178	39
325.78/325.89	325.881	14177	41
334.97/335.04	335.031	14176	42
345.07/345.17	345.158	14175	43
354.68/354.78	354.773	14174	44
364.68/364.70	364.693	14173	45
374.17/374.20	374.185	14172	46
383.58/383.66	383.652	14171	47
393.38/393.45	393.44	14170	49
403.08/403.12	403.106	14169	51
411.98/412.07	412.058	14168	52
421.78/421.80	421.789	14167	54
430.78/430.87	430.858	14165	56
440.28/440.37	440.351	14164	57
449.47/449.58	449.566	14163	60
458.97/459.01	458.996	14162	67
468.07/468.17	468.159	14160	69
477.07/477.17	477.156	14159	70
486.58/486.68	486.666	14158	74
496.08/496.12	496.101	14157	75
505.58/505.65	505.635	14156	77
515.67/515.77	515.749	14155	79
525.27/525.36	525.34	14154	80
534.96/535.02	535.007	14153	82
545.27/545.33	545.307	14152	84
555.87/555.90	555.878	14151	85
565.17/565.29	565.267	14150	86
574.66/574.76	574.742	14149	87
583.97/584.04	584.016	14148	88
594.06/594.13	594.107	14147	89
603.67/603.72	603.695	14146	90
613.87/613.99	613.966	14145	91
623.67/623.78	623.755	14144	93
634.06/634.10	634.077	14143	96
643.48/643.59	643.57	14142	97
652.97/653.02	652.996	14141	98
662.66/662.79	662.762	14140	99
672.16/672.26	672.24	14139	100
681.87/681.94	681.917	14138	101
691.46/691.57	691.547	14137	102
701.17/701.23	701.209	14136	103
710.87/710.98	710.956	14135	104
720.26/720.32	720.293	14134	105
730.16/730.29	730.266	14133	106
740.06/740.15	740.127	14132	107
749.26/749.34	749.318	14131	110
758.16/758.20	758.173	14130	111
767.06/767.18	767.153	14129	112
776.16/776.22	776.189	14128	113
785.16/785.21	785.182	14127	114
794.36/794.49	794.459	14126	116
803.46/803.52	803.495	14125	117
812.36/812.45	812.418	14124	118
821.16/821.28	821.256	14123	119
830.16/830.21	830.185	14122	123
838.96/839.08	839.052	14121	125
848.06/848.19	848.163	14120	126
856.96/857.09	857.058	14119	127
866.16/866.23	866.201	14118	128
875.16/875.25	875.223	14117	129
884.15/884.29	884.255	14116	130
893.16/893.27	893.243	14115	132
902.15/902.27	902.234	14114	133
911.25/911.32	911.287	14113	134
920.05/920.16	920.126	14112	135
928.95/929.07	929.038	14110	136
937.95/938.02	937.992	14109	138
946.85/946.97	946.935	14108	140
955.76/955.86	955.824	14107	141
964.66/964.74	964.705	14106	142
973.55/973.64	973.61	14105	143
982.55/982.60	982.562	14104	144
991.45/991.55	991.512	14103	151
