65.79/65.80	65.7977	14178	0
74.89/74.98	74.9749	14177	2
84.39/84.43	84.4246	14176	7
93.68/93.77	93.7728	14175	8
102.99/103.02	103.018	14174	10
112.09/112.15	112.148	14173	11
121.78/121.88	121.874	14172	17
131.18/131.27	131.272	14171	18
140.39/140.42	140.417	14169	19
149.49/149.58	149.581	14168	21
158.48/158.54	158.531	14167	23
167.68/167.72	167.714	14166	24
176.88/176.93	176.923	14165	25
185.90/185.98	185.98	14164	26
195.39/195.44	195.44	14163	28
204.50/204.51	204.501	14162	29
213.79/213.83	213.822	14161	30
223.30/223.31	223.306	14160	32
232.88/232.97	232.96	14159	33
242.88/242.97	242.963	14158	34
252.18/252.27	252.267	14157	36
261.88/261.90	261.894	14156	37
271.08/271.16	271.154	14155	38
280.28/280.40	280.391	14154	44
289.58/289.65	289.641	14153	45
299.38/299.40	299.391	14152	46
309.48/309.57	309.559	14151	47
319.48/319.54	319.53	14150	48
329.58/329.61	329.598	14149	49
339.57/339.61	339.605	14148	50
349.47/349.50	349.488	14147	51
358.98/359.04	359.025	14146	52
368.88/368.95	368.941	14145	53
378.97/379.07	379.063	14144	54
388.67/388.71	388.694	14143	55
398.28/398.39	398.379	14142	56
407.47/407.51	407.498	14141	57
416.68/416.80	416.788	14140	58
426.68/426.76	426.751	14139	59
436.27/436.33	436.317	14138	60
446.07/446.15	446.139	14137	62
456.27/456.36	456.343	14136	63
466.17/466.26	466.243	14135	64
476.07/476.18	476.167	14134	66
485.98/486.05	486.034	14133	67
495.98/496.10	496.082	14132	68
505.58/505.65	505.629	14131	69
514.78/514.86	514.844	14130	70
523.98/524.05	524.036	14129	71
532.98/533.05	533.03	14128	72
542.07/542.11	542.093	14127	73
551.37/551.47	551.457	14126	74
560.57/560.62	560.599	14125	75
569.57/569.60	569.585	14124	76
578.57/578.64	578.617	14123	79
588.07/588.19	588.169	14122	85
597.77/597.89	597.872	14121	87
607.57/607.60	607.582	14120	88
616.98/617.06	617.043	14119	89
626.16/626.22	626.204	14118	90
635.37/635.44	635.415	14117	91
644.58/644.62	644.604	14116	93
653.67/653.74	653.718	14115	94
662.76/662.86	662.843	14114	95
671.86/671.97	671.953	14113	96
681.16/681.26	681.235	14112	98
690.96/691.00	690.979	14111	101
700.46/700.54	700.516	14110	102
710.36/710.44	710.414	14109	104
720.37/720.42	720.399	14108	105
730.17/730.27	730.247	14107	106
740.36/740.46	740.439	14106	110
749.96/750.08	750.053	14105	111
759.26/759.38	759.353	14104	112
769.17/769.28	769.259	14103	114
778.67/778.72	778.697	14102	115
787.76/787.85	787.828	14101	117
796.76/796.85	796.827	14100	118
805.86/805.93	805.904	14099	119
814.97/815.05	815.023	14098	120
823.96/824.07	824.039	14097	121
833.16/833.26	833.23	14096	122
842.26/842.36	842.336	14095	123
851.64/851.70	851.649	14094	124
860.54/860.66	860.612	14093	126
869.95/870.09	870.045	14092	128
879.64/879.76	879.714	14091	129
888.65/888.75	888.703	14090	130
897.84/897.97	897.916	14089	131
906.84/906.95	906.9	14087	134
916.43/916.59	916.538	14086	135
925.74/925.89	925.843	14085	136
935.34/935.41	935.359	14084	137
944.85/944.96	944.91	14083	138
954.74/954.89	954.841	14082	139
964.34/964.41	964.354	14080	140
973.45/973.55	973.494	14079	141
982.63/982.71	982.653	14078	142
992.14/992.29	992.239	14077	143
