67.39/67.48	67.4792	14175	0
77.59/77.63	77.6259	14174	1
87.19/87.21	87.2043	14173	2
96.59/96.67	96.663	14172	3
106.48/106.53	106.524	14171	4
116.99/117.07	117.07	14170	5
126.28/126.40	126.395	14169	6
135.59/135.63	135.627	14168	7
144.99/145.07	145.064	14167	8
154.49/154.55	154.547	14166	9
163.98/164.09	164.082	14165	10
173.49/173.53	173.53	14164	11
184.19/184.23	184.226	14163	12
194.39/194.40	194.393	14162	13
203.98/204.06	204.051	14161	14
213.18/213.28	213.272	14160	15
222.38/222.46	222.449	14159	16
231.48/231.58	231.573	14158	17
240.68/240.76	240.752	14157	18
250.08/250.17	250.165	14156	19
259.68/259.79	259.784	14155	20
269.18/269.29	269.277	14154	21
278.98/279.06	279.057	14153	25
288.78/288.89	288.879	14152	26
298.09/298.16	298.15	14151	27
307.78/307.87	307.857	14150	28
316.88/316.96	316.953	14149	29
326.48/326.53	326.52	14148	30
335.68/335.79	335.777	14147	32
344.88/344.94	344.933	14146	33
353.98/354.06	354.045	14145	35
363.38/363.42	363.411	14144	37
372.89/372.94	372.925	14143	38
382.48/382.50	382.489	14142	39
391.98/392.07	392.062	14141	41
401.98/402.04	402.027	14139	43
411.97/412.07	412.061	14138	44
422.17/422.26	422.251	14137	45
431.97/432.08	432.063	14136	46
441.97/442.08	442.071	14135	48
451.77/451.81	451.794	14134	49
461.67/461.73	461.715	14133	50
471.47/471.55	471.533	14132	51
481.18/481.28	481.27	14131	52
491.17/491.26	491.245	14130	53
501.28/501.35	501.331	14129	54
511.07/511.18	511.163	14128	55
520.87/520.95	520.929	14127	58
530.57/530.66	530.641	14126	59
541.18/541.25	541.232	14125	62
550.87/550.99	550.973	14124	64
560.47/560.58	560.557	14123	65
570.37/570.47	570.455	14122	66
580.27/580.37	580.351	14120	67
590.58/590.63	590.613	14119	68
599.77/599.88	599.856	14118	69
608.97/609.09	609.067	14117	71
618.18/618.27	618.251	14116	72
627.48/627.52	627.5	14115	73
636.57/636.69	636.67	14114	75
645.77/645.86	645.841	14113	76
655.17/655.26	655.238	14112	77
665.07/665.14	665.114	14111	81
674.97/675.00	674.979	14110	85
684.57/684.63	684.604	14109	86
693.98/694.09	694.068	14108	87
703.66/703.74	703.713	14107	90
713.27/713.37	713.345	14106	91
722.87/722.96	722.934	14105	92
732.48/732.59	732.568	14104	94
742.16/742.29	742.266	14103	95
752.37/752.48	752.45	14102	97
762.17/762.23	762.209	14101	98
772.07/772.13	772.1	14100	99
781.76/781.87	781.84	14099	100
792.16/792.26	792.238	14098	101
802.26/802.33	802.302	14097	104
812.06/812.10	812.071	14096	105
821.86/821.96	821.933	14095	107
831.57/831.65	831.617	14094	110
841.26/841.35	841.326	14093	111
851.46/851.54	851.515	14092	112
860.76/860.81	860.784	14091	113
870.35/870.47	870.44	14090	115
880.06/880.11	880.083	14089	116
889.87/889.98	889.945	14088	118
899.36/899.42	899.39	14086	121
908.56/908.64	908.612	14085	123
917.86/917.91	917.88	14084	124
927.06/927.10	927.067	14083	126
936.26/936.38	936.349	14082	128
945.55/945.60	945.571	14081	129
955.06/955.12	955.085	14080	131
964.25/964.33	964.296	14079	132
973.76/973.80	973.771	14078	133
983.66/983.72	983.682	14077	134
993.55/993.65	993.613	14076	135
