3.79/3.83	3.83294	2033	0
3.79/4.05	4.05627	2032	1
3.79/4.28	4.28214	2031	5
4.49/4.50	4.50497	2030	7
4.71/4.73	4.72833	2029	8
4.89/4.95	4.95138	2028	10
5.09/5.17	5.17285	2027	11
5.29/5.39	5.39544	2026	12
5.40/5.62	5.6208	2025	21
5.40/5.84	5.84307	2024	22
5.99/6.06	6.06601	2023	24
6.21/6.29	6.28849	2022	25
6.49/6.51	6.5105	2021	28
6.69/6.74	6.73785	2019	34
6.79/6.97	6.96942	2018	45
6.79/7.19	7.19018	2017	46
6.79/7.42	7.4182	2016	58
7.59/7.64	7.63882	2015	59
7.81/7.88	7.88287	2014	94
8.09/8.10	8.10432	2013	96
8.29/8.32	8.32433	2012	97
8.40/8.55	8.55093	2011	104
8.40/8.77	8.77317	2010	105
8.89/8.99	8.99671	2009	110
9.11/9.21	9.21636	2008	111
9.39/9.43	9.43524	2007	112
9.59/9.66	9.66105	2006	118
9.79/9.88	9.88063	2005	120
9.89/10.10	10.102	2004	124
9.89/10.32	10.325	2003	130
10.51/10.56	10.5664	2002	154
10.71/10.79	10.787	2001	159
10.99/11.01	11.0159	2000	169
11.19/11.23	11.235	1999	171
11.39/11.45	11.4553	1998	173
11.39/11.67	11.6738	1997	174
11.39/11.91	11.9147	1996	198
12.09/12.13	12.1329	1995	199
12.30/12.36	12.3566	1994	200
12.49/12.57	12.5738	1993	201
12.69/12.79	12.7946	1992	206
12.89/13.01	13.0118	1991	209
12.89/13.23	13.23	1990	211
12.89/13.45	13.4494	1989	214
13.59/13.67	13.6678	1988	216
13.79/13.88	13.8847	1987	217
14.09/14.10	14.1008	1986	218
14.29/14.32	14.3232	1985	223
14.39/14.54	14.5382	1984	224
14.39/14.75	14.7555	1983	228
14.39/14.97	14.9721	1982	230
15.19/15.20	15.1968	1981	241
15.40/15.41	15.4138	1980	242
15.59/15.63	15.6364	1979	244
15.79/15.85	15.8542	1978	246
15.79/16.09	16.0893	1977	259
15.79/16.31	16.3119	1976	260
16.49/16.54	16.5415	1975	276
16.69/16.76	16.7602	1974	281
16.89/16.97	16.975	1973	283
17.10/17.19	17.1919	1972	288
17.29/17.41	17.4087	1971	291
17.29/17.62	17.6239	1970	293
17.29/17.84	17.8389	1969	296
17.99/18.05	18.055	1967	299
18.19/18.27	18.2689	1966	300
18.39/18.48	18.4846	1965	307
18.60/18.70	18.7023	1963	311
18.79/18.93	18.9322	1962	331
18.79/19.15	19.1475	1961	335
18.79/19.36	19.362	1960	337
19.49/19.58	19.5825	1959	344
19.79/19.81	19.8104	1958	354
19.99/20.05	20.0481	1957	377
20.20/20.27	20.2692	1956	387
20.20/20.48	20.4826	1955	391
20.20/20.70	20.699	1954	396
20.89/20.92	20.9208	1953	404
21.09/21.13	21.1348	1952	408
21.29/21.35	21.3518	1951	414
21.49/21.56	21.5657	1950	418
21.69/21.78	21.7786	1949	419
21.69/22.01	22.0067	1948	434
22.21/22.22	22.2259	1947	441
22.39/22.44	22.442	1946	446
22.59/22.66	22.6599	1945	451
22.79/22.88	22.8773	1944	452
22.99/23.09	23.093	1943	457
23.19/23.30	23.3034	1942	458
23.19/23.52	23.5209	1941	464
23.69/23.74	23.7429	1940	471
23.89/23.95	23.9529	1939	473
24.09/24.19	24.1864	1938	499
24.39/24.40	24.4019	1937	511
24.59/24.61	24.6152	1936	515
24.69/24.82	24.8248	1935	516
24.69/25.03	25.0356	1934	518
25.17/25.25	25.2471	1933	521
25.39/25.46	25.4577	1932	523
25.59/25.67	25.6721	1931	528
25.79/25.88	25.8817	1930	530
25.99/26.09	26.092	1929	531
26.19/26.31	26.3074	1928	533
26.19/26.52	26.5219	1927	541
26.67/26.73	26.7338	1926	549
26.89/26.95	26.9463	1925	553
27.09/27.17	27.1665	1924	559
27.29/27.37	27.3756	1923	562
27.59/27.60	27.5987	1922	580
27.59/27.82	27.8249	1921	600
27.59/28.04	28.0432	1920	604
27.59/28.25	28.2509	1919	605
28.39/28.46	28.4587	1918	606
28.59/28.68	28.6786	1916	618
28.79/28.89	28.8885	1915	623
29.09/29.10	29.1043	1914	626
29.19/29.35	29.3522	1913	673
29.19/29.57	29.574	1912	692
29.73/29.78	29.7822	1911	695
29.99/30.00	29.9978	1910	705
30.19/30.21	30.2109	1909	712
30.39/30.42	30.4248	1908	723
30.59/30.68	30.6817	1907	769
30.59/30.89	30.8951	1906	770
30.59/31.10	31.1005	1905	771
31.26/31.32	31.3165	1903	780
31.49/31.53	31.5258	1902	787
31.69/31.74	31.7349	1901	790
31.89/31.94	31.9397	1900	791
32.09/32.15	32.1464	1899	793
32.19/32.35	32.3545	1898	795
32.19/32.57	32.5704	1897	805
32.74/32.79	32.7904	1896	821
32.99/33.00	32.995	1895	823
33.19/33.21	33.2121	1894	834
33.39/33.42	33.4228	1893	835
33.59/33.64	33.6374	1892	846
33.69/33.87	33.8745	1891	878
33.69/34.08	34.0798	1890	881
34.29/34.30	34.2985	1889	899
34.49/34.51	34.5138	1888	906
34.69/34.72	34.7211	1887	913
34.89/34.93	34.928	1886	917
35.09/35.14	35.1379	1885	929
35.09/35.34	35.3442	1884	934
35.09/35.56	35.5628	1883	951
35.75/35.77	35.7724	1882	955
35.89/35.99	35.9855	1881	961
36.19/36.21	36.2125	1880	985
36.39/36.42	36.4156	1879	987
36.59/36.62	36.6185	1878	989
36.59/36.82	36.8215	1877	990
36.59/37.03	37.0286	1876	995
37.16/37.23	37.2313	1875	996
37.39/37.44	37.4438	1874	1005
37.59/37.66	37.6563	1873	1014
37.79/37.88	37.8752	1872	1024
37.99/38.08	38.0819	1871	1031
38.09/38.33	38.3246	1870	1064
38.09/38.54	38.5343	1869	1072
38.71/38.79	38.788	1868	1124
38.99/39.00	38.9966	1867	1132
39.19/39.22	39.2177	1866	1152
39.39/39.42	39.418	1865	1153
39.49/39.62	39.6184	1864	1155
39.76/39.83	39.8248	1863	1163
39.76/40.03	40.0269	1862	1166
40.19/40.25	40.2464	1861	1190
40.39/40.45	40.4502	1860	1195
40.59/40.65	40.6494	1859	1196
40.89/40.92	40.9197	1858	1271
40.99/41.12	41.1216	1857	1274
40.99/41.33	41.3258	1856	1279
41.51/41.55	41.5439	1855	1308
41.69/41.76	41.7534	1854	1318
41.89/41.99	41.984	1853	1356
42.19/42.26	42.2573	1852	1435
42.39/42.47	42.4678	1851	1448
42.39/42.71	42.7094	1850	1484
42.39/42.91	42.9118	1849	1488
43.09/43.14	43.1375	1848	1514
43.29/43.34	43.3359	1847	1515
43.49/43.54	43.5359	1846	1518
43.69/43.74	43.7424	1845	1528
43.79/43.95	43.9498	1844	1542
44.13/44.16	44.1614	1843	1557
44.13/44.37	44.3632	1842	1562
44.69/44.71	44.7068	1841	1714
44.89/44.95	44.9512	1840	1761
45.09/45.18	45.1818	1839	1794
45.29/45.46	45.4613	1838	1865
45.29/45.68	45.6767	1837	1883
45.83/45.88	45.8757	1836	1885
45.99/46.07	46.072	1835	1886
46.19/46.28	46.2754	1834	1894
46.39/46.48	46.4758	1833	1902
46.69/46.73	46.7268	1832	1957
46.90/46.97	46.9684	1831	2003
46.90/47.20	47.1978	1830	2035
47.39/47.43	47.4224	1829	2066
47.59/47.62	47.6206	1828	2070
47.79/47.89	47.8822	1827	2145
47.99/48.09	48.0909	1826	2156
48.19/48.40	48.4016	1825	2260
48.79/48.85	48.8434	1824	2491
49.09/49.10	49.0984	1823	2542
49.49/49.50	49.4969	1822	2716
49.59/49.69	49.6918	1821	2717
49.59/50.10	50.0962	1820	2907
50.29/50.33	50.3298	1819	2940
50.79/50.86	50.8518	1817	3237
51.09/51.27	51.2715	1816	3442
51.09/51.53	51.53	1815	3500
51.69/51.75	51.742	1814	3519
51.89/51.95	51.945	1813	3528
52.09/52.14	52.1397	1812	3530
52.29/52.34	52.3346	1811	3532
52.49/52.55	52.5483	1810	3553
52.49/52.79	52.7859	1809	3595
52.97/52.99	52.9881	1808	3605
53.19/53.26	53.2582	1807	3677
53.89/53.96	53.9595	1806	4160
53.89/54.23	54.2234	1805	4224
54.59/54.69	54.6835	1804	4462
54.89/54.96	54.9516	1803	4530
55.39/55.44	55.4326	1802	4816
56.69/56.74	56.7315	1801	5810
56.89/57.23	57.2212	1800	6081
57.79/57.81	57.8106	1799	6464
58.19/58.22	58.2169	1798	6665
58.49/58.74	58.7342	1797	6979
58.49/58.95	58.949	1796	7004
59.19/59.26	59.2532	1795	7113
59.59/59.63	59.6224	1794	7277
59.89/60.23	60.23	1793	7667
60.89/60.97	60.967	1792	8157
61.29/61.47	61.4676	1791	8447
61.29/61.84	61.8329	1790	8606
62.29/62.35	62.3497	1789	8895
62.79/62.88	62.8776	1787	9204
63.03/63.22	63.2165	1786	9342
63.03/63.42	63.4152	1785	9355
63.99/64.03	64.0256	1784	9749
64.39/64.42	64.419	1783	9953
64.39/64.62	64.6121	1782	9960
64.39/64.81	64.8101	1781	9969
65.69/65.71	65.7061	1780	10650
66.52/66.53	66.5261	1779	11218
66.88/66.97	66.961	1778	11451
67.99/68.06	68.0568	1777	12265
68.78/68.92	68.9109	1776	12893
70.29/70.36	70.353	1775	14025
71.68/71.71	71.7054	1774	15136
71.68/71.99	71.9813	1773	15221
72.58/72.63	72.6273	1772	15634
74.08/74.15	74.1419	1771	16912
74.48/74.55	74.5489	1770	17123
76.41/76.59	76.5843	1769	18876
78.48/78.55	78.5468	1768	20532
78.98/79.31	79.3087	1767	21086
79.51/79.53	79.5278	1766	21120
79.88/79.96	79.9555	1765	21362
80.08/80.16	80.1583	1764	21380
81.89/82.28	82.2748	1763	23163
83.28/83.66	83.6571	1762	24266
84.68/84.93	84.9228	1761	25301
85.58/85.61	85.6033	1760	25775
88.48/88.59	88.5827	1759	28410
88.78/88.83	88.8253	1758	28462
89.98/90.05	90.0415	1757	29485
90.58/90.65	90.6486	1756	29885
92.75/92.78	92.7739	1755	31764
96.08/96.18	96.1694	1754	34787
97.38/97.42	97.417	1753	35769
97.58/97.68	97.6782	1752	35836
103.88/104.05	104.04	1751	41568
105.08/105.12	105.118	1750	42373
106.58/106.63	106.625	1749	43575
106.78/107.05	107.048	1748	43791
108.85/108.87	108.867	1747	45304
109.28/109.38	109.369	1746	45608
114.88/114.90	114.891	1745	50465
115.48/115.92	115.916	1744	51241
118.28/118.33	118.327	1743	53303
118.38/118.85	118.846	1742	53621
119.78/119.88	119.877	1741	54388
123.39/123.43	123.419	1740	57489
128.18/128.23	128.221	1739	61910
131.18/131.27	131.265	1738	64772
141.48/141.55	141.539	1737	74441
141.78/142.08	142.07	1736	74803
164.58/164.69	164.686	1735	96296
166.58/166.64	166.633	1734	98059
166.68/166.88	166.873	1733	98110
172.28/172.34	172.33	1732	103139
172.69/172.89	172.885	1731	103497
175.28/175.36	175.346	1730	105691
178.28/178.38	178.373	1729	108401
178.59/179.01	179.006	1728	108832
191.67/191.87	191.861	1727	120744
194.58/194.60	194.592	1726	123143
194.58/194.89	194.88	1725	123232
199.78/199.87	199.855	1724	127689
208.48/208.59	208.582	1723	135919
209.08/209.41	209.399	1722	136535
361.67/361.81	361.795	1721	278452
363.17/363.39	363.374	1720	279710
364.57/364.62	364.604	1719	280738
379.07/379.12	379.097	1718	294405
392.26/392.36	392.338	1717	306762
394.86/394.96	394.942	1716	309021
401.56/401.68	401.657	1715	315295
662.85/663.01	662.983	1714	558728
750.86/751.19	751.154	1713	641504
768.25/768.31	768.276	1712	657726
999.95/1000.04	874808
