3.79/3.90	3.89918	2039	0
4.09/4.12	4.12189	2038	1
4.29/4.34	4.34687	2037	4
4.29/4.57	4.5681	2036	5
4.76/4.79	4.79348	2035	9
4.99/5.01	5.01565	2034	12
5.19/5.24	5.24	2033	15
5.43/5.46	5.46126	2032	16
5.59/5.68	5.68245	2031	17
5.69/5.90	5.90741	2030	23
6.09/6.14	6.13821	2029	39
6.29/6.36	6.35938	2028	40
6.49/6.58	6.58165	2027	44
6.79/6.80	6.80263	2026	45
6.89/7.02	7.02265	2025	46
6.89/7.25	7.24941	2024	53
7.39/7.47	7.46886	2023	54
7.59/7.69	7.6911	2022	57
7.90/7.91	7.91224	2021	59
8.09/8.13	8.13194	2020	60
8.19/8.35	8.35542	2019	64
8.55/8.57	8.57428	2018	65
8.69/8.79	8.7936	2017	66
8.99/9.01	9.0142	2016	68
9.20/9.23	9.23398	2015	69
9.39/9.45	9.45273	2014	70
9.49/9.67	9.67633	2013	74
9.89/9.90	9.89829	2012	78
10.09/10.12	10.1256	2011	86
10.29/10.34	10.3464	2010	89
10.51/10.56	10.5666	2008	94
10.59/10.78	10.7874	2006	96
10.99/11.01	11.0168	2005	106
11.19/11.24	11.2407	2004	112
11.39/11.46	11.4655	2003	119
11.59/11.68	11.6832	2002	120
11.81/11.90	11.9019	2001	123
11.81/12.12	12.1204	2000	126
12.29/12.34	12.3375	1999	127
12.49/12.55	12.5544	1998	129
12.69/12.77	12.7717	1997	130
12.89/12.99	12.9893	1996	133
13.11/13.22	13.2198	1995	143
13.39/13.44	13.4378	1994	145
13.59/13.65	13.6541	1993	146
13.79/13.87	13.8737	1992	149
13.99/14.09	14.0903	1991	151
14.20/14.30	14.3068	1990	152
14.31/14.52	14.5269	1989	157
14.69/14.74	14.7459	1988	162
14.89/14.96	14.9666	1987	167
15.09/15.19	15.1903	1986	178
15.39/15.40	15.4059	1985	179
15.50/15.62	15.625	1984	183
15.81/15.84	15.8413	1983	184
15.99/16.06	16.0625	1982	192
16.19/16.27	16.2746	1981	194
16.39/16.49	16.4892	1980	195
16.69/16.71	16.7082	1979	198
16.69/16.92	16.9238	1978	200
17.09/17.14	17.1386	1977	202
17.29/17.35	17.356	1976	205
17.49/17.57	17.5728	1975	209
17.69/17.79	17.7918	1974	216
17.89/18.00	18.0055	1973	217
17.89/18.21	18.2164	1972	218
18.39/18.42	18.4195	1971	219
18.59/18.62	18.6263	1970	224
18.79/18.83	18.8312	1969	227
18.99/19.04	19.0443	1968	231
19.20/19.26	19.265	1967	240
19.41/19.47	19.4765	1966	243
19.59/19.68	19.6847	1965	256
19.79/19.89	19.8874	1964	259
19.99/20.09	20.0907	1963	263
20.19/20.29	20.2926	1962	264
20.41/20.50	20.5008	1961	271
20.69/20.71	20.7082	1960	275
20.89/20.91	20.9106	1959	278
21.09/21.12	21.1191	1958	282
21.29/21.33	21.3291	1957	286
21.49/21.54	21.5437	1956	294
21.49/21.75	21.7554	1955	296
21.89/21.96	21.966	1954	299
22.09/22.17	22.1742	1953	302
22.29/22.38	22.3827	1952	306
22.49/22.59	22.5895	1951	307
22.69/22.82	22.8178	1950	326
22.94/23.03	23.031	1949	329
23.19/23.24	23.2413	1948	332
23.39/23.45	23.4493	1947	334
23.59/23.65	23.655	1946	336
23.79/23.87	23.8741	1945	348
24.00/24.08	24.0838	1944	350
24.27/24.29	24.2929	1943	351
24.49/24.51	24.5098	1942	366
24.69/24.72	24.7213	1941	371
24.89/24.92	24.9269	1940	372
25.09/25.13	25.1353	1939	377
25.09/25.36	25.3595	1938	390
25.49/25.57	25.5686	1937	394
25.69/25.78	25.7805	1936	399
25.89/25.99	25.9871	1935	401
26.09/26.19	26.1935	1934	403
26.29/26.42	26.4258	1933	431
26.48/26.64	26.6433	1932	441
26.79/26.85	26.8533	1931	450
26.99/27.06	27.061	1930	453
27.19/27.27	27.2675	1929	456
27.39/27.47	27.4755	1928	459
27.49/27.68	27.6864	1927	464
27.84/27.89	27.895	1925	471
28.09/28.10	28.1047	1924	484
28.29/28.31	28.3125	1923	487
28.49/28.54	28.5398	1922	513
28.69/28.75	28.7499	1921	521
28.91/28.97	28.9734	1920	538
29.09/29.18	29.1817	1919	543
29.29/29.38	29.3862	1918	545
29.49/29.59	29.5928	1917	550
29.79/29.80	29.7989	1916	554
29.89/30.03	30.0317	1915	593
30.19/30.24	30.242	1914	602
30.39/30.44	30.4442	1913	606
30.59/30.64	30.64	1912	608
30.79/30.84	30.838	1911	611
30.99/31.03	31.0346	1910	613
31.13/31.25	31.2551	1909	635
31.39/31.45	31.4499	1908	637
31.59/31.64	31.6461	1907	641
31.79/31.85	31.8493	1906	645
31.99/32.05	32.0502	1905	647
32.19/32.25	32.2523	1904	654
32.34/32.45	32.4557	1903	660
32.59/32.65	32.6533	1902	666
32.79/32.86	32.8598	1901	680
32.99/33.06	33.0627	1900	694
33.19/33.26	33.2643	1899	699
33.29/33.48	33.4857	1898	723
33.69/33.72	33.7168	1897	755
33.89/33.93	33.9288	1896	766
34.09/34.14	34.1425	1895	780
34.29/34.35	34.3468	1894	785
34.49/34.55	34.547	1893	787
34.70/34.77	34.7683	1892	808
34.89/34.97	34.9728	1891	825
35.09/35.18	35.1782	1890	837
35.29/35.37	35.3709	1889	838
35.49/35.56	35.5648	1888	841
35.69/35.77	35.7674	1887	844
35.85/35.97	35.9728	1886	849
36.09/36.17	36.1677	1885	852
36.29/36.36	36.3653	1884	859
36.49/36.58	36.5777	1883	871
36.69/36.78	36.7822	1882	878
36.96/36.99	36.9894	1881	888
37.19/37.20	37.2044	1880	907
37.39/37.40	37.4027	1879	915
37.49/37.59	37.5952	1878	918
37.79/37.81	37.8099	1877	939
37.89/38.00	38.0017	1876	942
38.19/38.20	38.2015	1875	947
38.39/38.42	38.4223	1874	980
38.59/38.63	38.6344	1873	1003
38.79/38.83	38.8329	1872	1005
38.99/39.03	39.0359	1871	1012
39.11/39.24	39.2387	1870	1016
39.39/39.46	39.4593	1869	1038
39.59/39.66	39.6572	1868	1041
39.79/39.86	39.858	1867	1045
39.99/40.06	40.0581	1866	1052
40.20/40.26	40.2663	1865	1066
40.41/40.46	40.4647	1864	1067
40.59/40.66	40.6619	1863	1070
40.79/40.86	40.8635	1862	1083
40.99/41.05	41.0546	1861	1087
41.19/41.24	41.2453	1860	1090
41.29/41.47	41.4735	1859	1126
41.65/41.69	41.6917	1858	1152
41.89/41.91	41.9153	1857	1190
42.09/42.15	42.1535	1856	1231
42.29/42.36	42.362	1855	1244
42.49/42.56	42.5618	1854	1250
42.69/42.78	42.7784	1853	1270
42.99/43.01	43.0064	1852	1309
43.19/43.20	43.1983	1851	1315
43.39/43.40	43.3986	1850	1334
43.59/43.64	43.6443	1849	1400
43.80/43.84	43.8399	1848	1404
43.99/44.03	44.0362	1847	1416
44.19/44.23	44.2274	1846	1421
44.39/44.42	44.4255	1845	1433
44.59/44.63	44.6351	1844	1457
44.69/44.83	44.8275	1843	1463
44.99/45.05	45.0557	1842	1506
45.19/45.25	45.2479	1841	1515
45.39/45.49	45.4936	1840	1572
45.69/45.75	45.7506	1839	1656
45.90/45.99	45.9958	1838	1714
46.19/46.22	46.2183	1837	1747
46.39/46.43	46.4325	1836	1776
46.59/46.63	46.6322	1835	1792
46.79/46.85	46.8469	1834	1821
47.01/47.08	47.0765	1833	1867
47.19/47.29	47.2869	1832	1897
47.39/47.49	47.494	1831	1930
47.79/47.83	47.836	1830	2097
47.99/48.02	48.0248	1829	2110
48.25/48.26	48.2651	1828	2188
48.39/48.49	48.4902	1827	2242
48.69/48.78	48.7834	1826	2364
48.89/48.96	48.9621	1825	2368
49.39/49.42	49.4181	1824	2654
49.59/49.63	49.632	1823	2695
49.79/49.85	49.8486	1822	2737
49.99/50.08	50.0779	1821	2796
50.31/50.36	50.3642	1820	2917
50.59/50.61	50.61	1819	2989
50.79/50.80	50.8054	1818	3025
50.99/51.09	51.0943	1817	3156
51.19/51.27	51.2751	1816	3162
51.39/51.49	51.4863	1815	3200
51.69/51.71	51.7149	1814	3254
51.89/51.97	51.9724	1813	3351
52.09/52.16	52.164	1812	3369
52.39/52.44	52.4445	1811	3494
52.62/52.64	52.6366	1810	3510
52.79/52.83	52.8259	1809	3524
53.19/53.22	53.2236	1808	3734
53.39/53.43	53.43	1807	3759
53.59/53.63	53.631	1806	3779
53.89/53.90	53.8974	1805	3854
54.19/54.23	54.2262	1804	4000
54.39/54.43	54.4274	1803	4020
54.59/54.61	54.6112	1802	4025
55.29/55.39	55.3869	1801	4603
55.59/55.62	55.6245	1800	4656
55.79/55.92	55.9176	1799	4754
56.39/56.44	56.4443	1798	5068
56.59/56.69	56.6934	1797	5137
56.89/56.95	56.9538	1796	5211
57.19/57.21	57.2086	1795	5281
57.39/57.40	57.4024	1794	5296
58.49/58.59	58.5863	1793	6238
58.99/59.04	59.0368	1792	6502
59.29/59.31	59.3079	1791	6584
59.49/59.55	59.5525	1790	6651
59.89/59.92	59.9244	1789	6840
60.49/60.50	60.5	1788	7222
60.69/60.71	60.7083	1787	7250
61.09/61.13	61.1309	1786	7509
61.30/61.36	61.3608	1785	7558
61.89/61.95	61.9535	1784	7962
62.69/62.77	62.7714	1783	8566
63.69/63.73	63.7257	1782	9324
63.89/63.99	63.9854	1781	9409
64.49/64.58	64.5851	1780	9835
64.79/64.80	64.7987	1779	9868
65.19/65.21	65.2142	1778	10090
65.59/65.70	65.6997	1777	10392
65.99/66.00	65.9962	1776	10502
67.09/67.11	67.1122	1775	11418
67.79/67.81	67.8105	1774	11920
68.29/68.30	68.2992	1773	12244
68.49/68.55	68.5483	1772	12322
69.99/70.00	69.9995	1771	13590
70.21/70.24	70.2441	1770	13651
70.49/70.57	70.5659	1769	13796
71.39/71.40	71.4029	1768	14415
71.99/72.01	72.0081	1767	14826
72.19/72.26	72.264	1766	14906
73.40/73.49	73.4904	1765	15913
73.99/74.04	74.0366	1764	16285
74.62/74.65	74.647	1763	16698
74.89/74.93	74.9292	1762	16796
77.80/77.85	77.8501	1761	19479
78.79/78.84	78.8389	1760	20321
80.00/80.06	80.0644	1759	21391
80.89/80.90	80.8952	1758	22028
83.59/83.69	83.6849	1757	24588
83.99/84.01	84.0054	1756	24745
85.09/85.16	85.1561	1755	25818
86.49/86.51	86.5081	1754	26989
87.99/88.03	88.0337	1753	28321
88.59/88.63	88.634	1752	28753
89.39/89.42	89.4161	1751	29333
89.79/89.84	89.8356	1750	29578
91.69/91.77	91.7682	1749	31240
94.89/94.97	94.9654	1748	34256
96.64/96.66	96.659	1747	35764
98.39/98.48	98.4804	1746	37415
98.69/98.77	98.7663	1745	37526
99.69/99.71	99.7093	1744	38309
100.39/100.46	100.46	1743	38890
102.99/103.11	103.106	1742	41333
105.18/105.31	105.313	1741	43413
105.58/105.66	105.659	1740	43599
107.18/107.23	107.225	1739	44986
108.38/108.41	108.408	1738	45965
111.59/111.62	111.622	1737	48975
113.69/113.77	113.771	1736	50869
114.79/114.86	114.859	1735	51733
115.58/115.62	115.62	1734	52310
116.29/116.41	116.411	1733	52926
119.08/119.17	119.167	1732	55417
131.39/131.43	131.432	1731	67189
131.59/131.62	131.621	1730	67208
136.39/136.44	136.442	1729	71722
140.64/140.66	140.656	1728	75671
141.19/141.26	141.258	1727	76082
151.68/151.73	151.729	1726	86303
215.78/215.85	215.847	1725	150337
279.88/279.91	279.899	1724	214708
352.57/352.68	352.672	1723	285846
372.98/373.06	373.052	1722	306011
422.37/422.44	422.431	1721	354997
427.98/428.02	428.009	1720	360498
439.87/439.95	439.934	1719	372305
442.98/443.13	443.119	1718	375346
452.68/452.74	452.729	1717	384830
617.27/617.36	617.347	1716	549791
845.97/846.04	846.016	1715	779431
914.36/914.46	914.44	1714	848789
914.56/914.65	914.625	1713	848804
924.26/924.38	924.36	1712	858562
927.46/927.59	927.566	1711	861634
999.96/1000.03	933884
