3.69/3.78	3.78083	2036	0
3.92/4.00	4.00357	2035	1
3.92/4.22	4.22757	2034	3
4.39/4.45	4.44962	2033	4
4.59/4.67	4.67204	2032	5
4.79/4.89	4.89548	2031	8
5.09/5.12	5.12438	2030	13
5.19/5.34	5.34644	2029	14
5.19/5.57	5.56808	2028	15
5.79/5.80	5.79865	2026	27
5.99/6.02	6.02024	2025	28
6.19/6.24	6.24368	2024	30
6.39/6.46	6.46663	2023	32
6.49/6.68	6.6876	2022	33
6.49/6.91	6.90826	2021	34
7.10/7.13	7.12967	2020	35
7.29/7.35	7.35637	2019	40
7.49/7.57	7.57728	2018	42
7.79/7.80	7.79795	2017	43
8.00/8.02	8.01785	2016	44
8.00/8.24	8.23938	2015	46
8.37/8.46	8.45998	2014	48
8.59/8.68	8.68129	2013	50
8.89/8.90	8.90228	2012	53
9.09/9.12	9.12442	2011	59
9.29/9.36	9.36393	2010	73
9.29/9.58	9.58313	2009	74
9.77/9.80	9.80286	2008	75
9.99/10.02	10.0224	2007	76
10.19/10.24	10.2416	2006	77
10.39/10.46	10.4597	2005	78
10.59/10.68	10.6855	2004	85
10.69/10.91	10.9107	2003	90
10.69/11.13	11.1287	2002	91
11.00/11.34	11.3461	2001	92
11.49/11.56	11.5652	2000	94
11.69/11.79	11.7894	1999	100
11.99/12.00	12.0067	1998	101
12.19/12.22	12.2243	1997	102
12.29/12.44	12.4419	1996	103
12.29/12.66	12.662	1995	106
12.84/12.88	12.8794	1994	107
13.09/13.10	13.1052	1993	114
13.29/13.32	13.3216	1992	115
13.49/13.53	13.5375	1991	116
13.69/13.76	13.7586	1990	122
13.69/13.97	13.974	1989	123
13.69/14.19	14.1904	1988	124
14.39/14.40	14.4059	1987	125
14.59/14.65	14.6494	1986	147
14.79/14.86	14.8644	1985	148
14.99/15.08	15.087	1984	155
15.19/15.30	15.3041	1983	158
15.19/15.52	15.5189	1982	159
15.19/15.73	15.7354	1981	161
15.89/15.95	15.9509	1980	164
16.09/16.16	16.1663	1979	165
16.29/16.38	16.3815	1978	167
16.59/16.60	16.6016	1977	175
16.76/16.81	16.8158	1976	176
16.76/17.04	17.0391	1975	188
17.17/17.25	17.2536	1974	189
17.39/17.46	17.467	1973	190
17.59/17.68	17.681	1972	191
17.79/17.89	17.8941	1971	192
18.09/18.11	18.1083	1970	193
18.09/18.32	18.3218	1969	194
18.09/18.53	18.5348	1968	196
18.71/18.75	18.7483	1967	197
18.89/18.96	18.9611	1966	199
19.09/19.17	19.1768	1965	202
19.29/19.39	19.3971	1964	210
19.59/19.61	19.6129	1963	213
19.59/19.82	19.827	1962	216
19.59/20.04	20.0441	1961	220
20.19/20.25	20.2568	1960	221
20.39/20.47	20.4709	1959	223
20.59/20.68	20.6872	1958	228
20.89/20.90	20.9051	1957	233
20.99/21.11	21.1171	1956	234
20.99/21.33	21.3293	1955	235
21.49/21.55	21.5484	1954	243
21.69/21.76	21.7616	1953	245
21.89/21.97	21.973	1952	246
22.09/22.18	22.1843	1951	247
22.29/22.39	22.3954	1950	248
22.49/22.61	22.609	1949	252
22.49/22.82	22.822	1948	255
22.95/23.03	23.0322	1947	256
23.19/23.24	23.2441	1946	258
23.39/23.45	23.4573	1945	263
23.59/23.67	23.6716	1944	268
23.79/23.88	23.8847	1943	274
23.99/24.11	24.1088	1942	300
23.99/24.32	24.3227	1941	305
23.99/24.53	24.5346	1940	310
24.69/24.75	24.7565	1939	324
24.89/24.97	24.9762	1938	339
25.09/25.20	25.1975	1937	350
25.39/25.41	25.4097	1936	356
25.49/25.62	25.6252	1935	362
25.49/25.83	25.8355	1934	366
25.98/26.04	26.0442	1933	367
26.19/26.25	26.255	1932	370
26.39/26.46	26.4647	1931	372
26.59/26.68	26.6775	1930	376
26.89/26.94	26.9416	1929	435
26.89/27.16	27.1645	1928	448
26.89/27.37	27.3748	1927	452
27.52/27.58	27.5834	1926	454
27.69/27.79	27.7932	1925	456
27.99/28.01	28.0158	1924	475
28.19/28.26	28.2655	1923	521
28.39/28.47	28.4731	1922	522
28.39/28.69	28.6876	1921	535
28.39/28.90	28.9022	1920	542
29.09/29.11	29.1172	1919	550
29.29/29.32	29.326	1918	555
29.49/29.53	29.5349	1917	559
29.69/29.74	29.7416	1916	560
29.89/29.95	29.9481	1915	561
29.89/30.15	30.155	1914	562
29.89/30.36	30.3631	1913	564
30.49/30.57	30.5727	1912	568
30.69/30.78	30.7834	1911	575
30.99/31.01	31.0104	1910	595
31.19/31.22	31.2213	1909	599
31.29/31.43	31.4308	1908	604
31.29/31.65	31.6529	1907	622
31.78/31.86	31.8587	1906	624
31.99/32.09	32.0904	1905	655
32.19/32.30	32.2974	1904	657
32.49/32.50	32.5046	1903	661
32.69/32.71	32.7107	1902	663
32.79/32.92	32.9187	1901	666
32.79/33.12	33.1265	1900	669
32.79/33.34	33.3372	1899	676
33.49/33.57	33.5717	1898	704
33.69/33.79	33.7942	1897	723
33.99/34.00	33.9976	1896	724
34.19/34.22	34.2246	1895	746
34.19/34.43	34.4318	1894	751
34.45/34.65	34.6483	1893	764
34.70/34.86	34.8615	1892	775
34.99/35.08	35.0789	1891	790
35.19/35.28	35.287	1890	795
35.39/35.49	35.4907	1889	798
35.59/35.69	35.6938	1888	799
35.83/35.90	35.8979	1887	804
35.83/36.12	36.1193	1886	818
36.24/36.32	36.3247	1885	822
36.49/36.53	36.5305	1884	827
36.69/36.74	36.7403	1883	836
36.89/36.94	36.9466	1882	843
37.09/37.16	37.1606	1881	855
37.19/37.40	37.4007	1880	892
37.19/37.61	37.6095	1879	899
37.64/37.85	37.8471	1878	934
37.99/38.06	38.058	1877	943
38.19/38.26	38.2634	1876	948
38.39/38.48	38.4819	1875	965
38.59/38.68	38.6831	1874	966
38.86/38.92	38.9181	1873	996
38.86/39.12	39.1251	1872	1003
39.24/39.34	39.3414	1871	1018
39.49/39.59	39.5921	1870	1059
39.69/39.79	39.7936	1869	1060
39.89/39.99	39.9959	1868	1062
40.19/40.20	40.198	1867	1065
40.19/40.40	40.4018	1866	1069
40.19/40.61	40.6083	1865	1077
40.80/40.83	40.8296	1864	1096
40.99/41.03	41.0305	1863	1099
41.19/41.24	41.2376	1862	1107
41.39/41.44	41.4457	1861	1117
41.59/41.64	41.6465	1860	1119
41.69/41.88	41.8844	1859	1161
41.69/42.10	42.1036	1858	1181
42.29/42.30	42.3035	1857	1183
42.49/42.51	42.5135	1856	1194
42.69/42.79	42.7936	1855	1280
42.99/43.00	43.0017	1854	1289
43.09/43.21	43.2098	1853	1299
43.09/43.44	43.4413	1852	1332
43.60/43.67	43.6716	1851	1365
43.89/43.94	43.9437	1850	1426
44.09/44.16	44.1607	1849	1450
44.29/44.39	44.3893	1848	1483
44.59/44.60	44.6041	1847	1500
44.59/44.80	44.8032	1846	1503
44.59/45.03	45.0342	1845	1536
45.29/45.34	45.3403	1844	1635
45.59/45.64	45.6439	1843	1726
45.79/45.85	45.8519	1842	1737
45.99/46.05	46.0562	1841	1747
46.09/46.29	46.293	1840	1785
46.09/46.49	46.4926	1839	1789
46.68/46.69	46.6925	1838	1793
46.89/46.90	46.9014	1837	1807
47.09/47.13	47.1331	1836	1841
47.29/47.33	47.3335	1835	1846
47.49/47.66	47.6594	1834	1971
47.49/47.94	47.9401	1833	2047
48.14/48.17	48.1683	1832	2079
48.29/48.38	48.382	1831	2094
48.59/48.62	48.6174	1830	2128
48.79/48.82	48.8219	1829	2146
48.99/49.02	49.0241	1828	2156
48.99/49.22	49.2226	1827	2160
48.99/49.42	49.4233	1826	2165
49.60/49.68	49.6774	1825	2239
49.79/49.89	49.8927	1824	2261
49.99/50.09	50.0957	1823	2271
50.29/50.36	50.3638	1822	2345
50.49/50.58	50.578	1821	2365
50.49/50.92	50.9219	1820	2496
51.29/51.31	51.3134	1819	2681
51.49/51.59	51.5877	1818	2753
51.69/51.79	51.7958	1817	2767
51.99/52.06	52.0598	1816	2830
51.99/52.26	52.2608	1815	2837
51.99/52.48	52.4782	1814	2860
52.79/52.87	52.8765	1813	3029
53.39/53.48	53.4795	1812	3382
53.49/53.73	53.7311	1811	3439
54.05/54.09	54.0903	1810	3582
54.59/54.65	54.6559	1809	3927
54.89/54.90	54.905	1808	3979
54.89/55.17	55.1723	1807	4050
55.33/55.42	55.4182	1806	4100
55.59/55.66	55.6572	1805	4140
55.99/56.02	56.0249	1804	4306
56.19/56.28	56.2782	1803	4357
56.29/56.48	56.4776	1802	4364
56.29/56.77	56.7754	1801	4467
57.09/57.17	57.1691	1800	4651
57.39/57.48	57.4812	1799	4768
57.69/57.74	57.737	1798	4820
57.80/58.25	58.2512	1797	5104
58.41/58.47	58.476	1796	5142
58.59/58.69	58.6906	1795	5163
59.42/59.68	59.6825	1794	5867
59.89/59.95	59.954	1793	5941
61.49/61.51	61.5087	1792	7164
62.09/62.39	62.3886	1791	7809
63.59/63.64	63.6412	1790	8801
63.59/63.87	63.871	1789	8841
64.00/64.12	64.1206	1788	8899
64.49/64.52	64.5242	1787	9101
64.69/64.72	64.724	1786	9111
64.89/64.97	64.9762	1785	9173
65.69/65.77	65.7717	1784	9742
65.99/66.09	66.0948	1783	9875
66.29/66.34	66.3422	1782	9930
66.49/66.98	66.9809	1781	10353
67.17/67.19	67.1867	1780	10367
67.59/67.67	67.6742	1779	10640
67.79/67.86	67.864	1778	10643
67.99/68.11	68.1134	1777	10697
67.99/68.38	68.3857	1776	10775
69.09/69.13	69.1348	1775	11286
69.39/69.62	69.6195	1774	11554
70.09/70.18	70.1776	1773	11877
70.89/71.20	71.2	1772	12656
71.69/71.73	71.7283	1771	12967
72.09/72.10	72.098	1770	13145
72.19/72.29	72.2899	1769	13150
72.39/72.63	72.6295	1768	13280
73.59/73.69	73.6893	1767	14104
74.35/74.41	74.4083	1766	14599
74.59/74.64	74.6433	1765	14647
74.99/75.09	75.0885	1764	14895
75.29/75.63	75.6335	1763	15233
76.59/76.63	76.6358	1762	16009
76.79/77.16	77.1582	1761	16312
79.69/80.01	80.0099	1760	18754
80.79/80.80	80.801	1759	19277
81.09/81.36	81.3629	1758	19604
81.61/81.70	81.7015	1757	19751
83.89/83.97	83.9667	1756	21792
86.79/86.88	86.8851	1755	24300
87.10/87.31	87.3152	1754	24516
88.49/88.96	88.9647	1753	25843
90.40/90.42	90.4217	1752	26969
94.29/94.68	94.6801	1751	30689
95.09/95.17	95.1718	1750	30979
101.29/101.34	101.344	1749	36236
102.59/102.66	102.665	1748	37206
102.88/102.94	102.936	1747	37283
104.68/104.74	104.743	1746	38710
106.08/106.55	106.55	1745	40123
114.29/114.38	114.382	1744	46791
118.49/118.50	118.501	1743	50400
119.92/119.96	119.965	1742	51600
135.19/135.29	135.292	1741	65606
135.39/135.48	135.48	1740	65613
139.19/139.22	139.221	1739	68825
148.69/148.99	148.993	1738	77525
150.09/150.18	150.175	1737	78402
156.35/156.40	156.403	1736	84010
158.89/159.27	159.272	1735	86459
163.57/163.76	163.762	1734	90256
166.51/166.56	166.558	1733	92597
166.88/166.99	166.994	1732	92836
167.48/167.50	167.504	1731	93121
183.08/183.12	183.116	1730	107456
183.68/183.87	183.865	1729	107984
186.39/186.43	186.43	1728	110201
197.27/197.34	197.334	1727	120066
209.58/209.68	209.681	1726	131591
213.10/213.21	213.206	1725	134763
223.39/223.51	223.503	1724	144276
240.08/240.13	240.122	1723	159459
245.08/245.22	245.22	1722	164020
245.88/245.95	245.948	1721	164499
263.29/263.33	263.327	1720	180247
265.86/266.09	266.09	1719	182702
273.49/273.59	273.585	1718	189508
355.58/355.65	355.645	1717	265351
355.98/356.09	356.084	1716	265608
357.68/357.75	357.746	1715	267015
487.28/487.39	487.379	1714	387486
999.97/1000.02	863405
