3.69/3.70	3.70092	2020	0
3.89/3.93	3.93172	2019	10
4.09/4.15	4.15425	2018	14
4.19/4.37	4.37481	2017	19
4.19/4.59	4.59668	2016	23
4.79/4.81	4.81509	2015	24
4.99/5.04	5.03873	2014	30
5.19/5.25	5.25731	2013	31
5.39/5.47	5.47497	2012	32
5.59/5.69	5.69397	2011	34
5.59/5.91	5.91173	2010	36
6.11/6.13	6.12966	2009	38
6.29/6.35	6.34775	2008	39
6.49/6.57	6.56964	2007	42
6.69/6.79	6.7883	2006	43
6.99/7.00	7.00569	2005	44
7.09/7.22	7.22314	2004	45
7.09/7.44	7.444	2003	49
7.09/7.66	7.66311	2002	52
7.79/7.88	7.88107	2001	54
8.09/8.10	8.10337	2000	59
8.29/8.32	8.31993	1999	60
8.49/8.53	8.53659	1998	61
8.59/8.75	8.75464	1997	66
8.59/8.97	8.97302	1996	69
9.12/9.19	9.1928	1995	72
9.39/9.41	9.40867	1994	73
9.59/9.62	9.62656	1993	76
9.79/9.84	9.84193	1992	77
9.99/10.06	10.0583	1991	78
10.09/10.27	10.2742	1990	79
10.09/10.49	10.4926	1989	82
10.69/10.71	10.716	1988	92
10.89/10.93	10.9311	1987	93
11.09/11.15	11.148	1986	95
11.29/11.36	11.3624	1985	96
11.49/11.58	11.5808	1984	100
11.49/11.80	11.798	1983	103
11.98/12.01	12.0133	1982	104
12.19/12.23	12.2301	1981	106
12.39/12.44	12.4445	1980	107
12.59/12.66	12.6594	1979	108
12.79/12.87	12.8746	1978	110
12.99/13.09	13.0894	1977	111
12.99/13.31	13.3095	1976	117
12.99/13.52	13.5242	1975	120
13.69/13.74	13.7388	1974	123
13.89/13.95	13.9524	1973	124
14.09/14.17	14.1685	1972	127
14.29/14.38	14.3815	1971	128
14.49/14.60	14.5988	1970	132
14.49/14.81	14.8154	1969	134
14.49/15.03	15.0315	1968	138
15.19/15.24	15.2442	1967	139
15.39/15.45	15.4568	1966	140
15.59/15.67	15.6733	1965	144
15.79/15.88	15.8859	1964	145
16.00/16.10	16.0992	1963	148
16.00/16.31	16.3157	1962	153
16.00/16.53	16.5361	1961	160
16.69/16.75	16.7568	1960	167
16.89/16.98	16.9841	1959	180
17.09/17.19	17.1965	1958	183
17.39/17.41	17.4117	1957	189
17.60/17.62	17.6238	1956	190
17.60/17.83	17.8365	1955	192
18.00/18.05	18.0498	1954	197
18.19/18.26	18.2635	1953	201
18.39/18.47	18.4763	1952	207
18.59/18.69	18.6972	1951	215
18.89/18.91	18.9079	1950	216
18.99/19.12	19.1236	1949	221
18.99/19.34	19.3379	1948	225
19.53/19.55	19.5511	1947	230
19.69/19.76	19.7625	1946	232
19.89/19.97	19.9755	1945	236
20.09/20.18	20.1857	1944	237
20.29/20.40	20.4014	1943	248
20.40/20.61	20.6122	1942	250
20.78/20.82	20.8243	1941	253
20.99/21.03	21.0366	1940	256
21.19/21.25	21.2477	1939	258
21.39/21.46	21.4573	1938	259
21.59/21.67	21.6673	1937	260
21.79/21.87	21.8762	1936	261
21.79/22.09	22.0891	1935	265
22.27/22.30	22.3044	1934	271
22.49/22.52	22.5216	1933	280
22.69/22.73	22.732	1932	283
22.89/22.94	22.9428	1931	286
23.09/23.16	23.1571	1930	293
23.19/23.37	23.3676	1929	296
23.19/23.58	23.5827	1928	306
23.19/23.79	23.7927	1927	311
23.99/24.00	24.0025	1926	314
24.19/24.21	24.2127	1925	316
24.39/24.43	24.4297	1924	329
24.59/24.65	24.6473	1923	339
24.81/24.86	24.8612	1922	348
24.81/25.09	25.0942	1921	372
25.29/25.31	25.3075	1920	379
25.49/25.52	25.5223	1919	388
25.69/25.74	25.7407	1918	398
25.89/25.95	25.9486	1917	401
26.09/26.16	26.1574	1916	404
26.09/26.36	26.3632	1915	405
26.09/26.57	26.5694	1914	407
26.73/26.79	26.7884	1913	421
26.89/26.99	26.9964	1912	425
27.19/27.21	27.2079	1911	432
27.39/27.42	27.418	1910	437
27.59/27.64	27.6403	1909	453
27.70/27.85	27.8484	1908	458
27.70/28.05	28.0549	1907	461
28.21/28.27	28.2742	1906	476
28.39/28.48	28.4798	1905	478
28.59/28.68	28.6867	1904	482
28.89/28.93	28.9307	1903	516
29.09/29.14	29.1431	1902	525
29.09/29.36	29.358	1901	537
29.09/29.56	29.562	1900	538
29.69/29.77	29.7749	1899	549
29.89/29.98	29.9831	1898	554
30.19/30.20	30.2037	1897	574
30.39/30.43	30.4297	1896	597
30.49/30.63	30.6357	1895	599
30.49/30.85	30.8483	1894	606
30.49/31.06	31.0668	1893	618
31.22/31.29	31.2914	1892	639
31.49/31.50	31.4998	1891	646
31.69/31.71	31.7128	1890	656
31.89/31.91	31.9152	1889	657
32.16/32.20	32.1995	1888	729
32.16/32.40	32.4055	1887	734
32.58/32.61	32.6076	1886	735
32.79/32.81	32.8092	1885	736
32.99/33.03	33.0283	1884	754
33.19/33.24	33.243	1883	768
33.39/33.48	33.4825	1882	800
33.49/33.70	33.6977	1881	813
33.49/33.92	33.9233	1880	834
34.09/34.12	34.1263	1879	836
34.29/34.38	34.3789	1878	887
34.49/34.59	34.5957	1877	907
34.79/34.82	34.8223	1876	933
34.89/35.09	35.0877	1875	991
34.89/35.30	35.2976	1874	1000
35.42/35.50	35.5041	1873	1009
35.69/35.70	35.7059	1872	1012
35.89/35.92	35.9213	1871	1029
36.09/36.16	36.1608	1870	1064
36.29/36.37	36.3686	1869	1072
36.39/36.58	36.5851	1868	1088
36.39/36.80	36.8025	1867	1106
36.95/37.01	37.0091	1866	1113
37.19/37.21	37.2093	1865	1116
37.39/37.41	37.4121	1864	1120
37.59/37.67	37.6765	1863	1180
37.79/37.89	37.8904	1862	1196
37.89/38.10	38.1036	1861	1209
37.89/38.31	38.3088	1860	1217
38.46/38.52	38.5176	1859	1228
38.69/38.75	38.7486	1858	1261
38.89/38.95	38.9513	1857	1267
39.09/39.18	39.1794	1856	1296
39.39/39.40	39.401	1855	1319
39.39/39.67	39.6694	1854	1386
39.39/39.90	39.8977	1853	1417
40.09/40.19	40.19	1852	1501
40.29/40.39	40.3882	1851	1504
40.49/40.59	40.5892	1850	1508
40.79/40.90	40.8992	1849	1612
41.04/41.15	41.1475	1848	1655
41.04/41.36	41.3621	1847	1670
41.55/41.58	41.5773	1846	1685
41.69/41.78	41.7784	1845	1689
41.99/42.00	42.0014	1844	1716
42.29/42.30	42.3041	1843	1810
42.54/42.56	42.5576	1842	1861
42.54/42.75	42.7545	1841	1862
42.76/43.01	43.0119	1840	1927
43.19/43.24	43.241	1839	1956
43.39/43.46	43.464	1838	1983
43.59/43.68	43.6854	1837	2012
43.79/43.95	43.9503	1836	2086
44.04/44.27	44.2743	1835	2205
44.40/44.49	44.4951	1834	2229
44.69/44.72	44.7208	1833	2257
44.89/44.92	44.926	1832	2273
45.09/45.12	45.1256	1831	2279
45.29/45.39	45.3873	1830	2345
45.52/45.61	45.6162	1829	2378
46.09/46.13	46.1351	1828	2655
46.59/46.63	46.6267	1827	2912
46.99/47.06	47.0612	1826	3129
47.21/47.38	47.3801	1825	3241
47.59/47.69	47.6951	1824	3348
47.79/47.89	47.8906	1823	3351
48.19/48.23	48.2317	1822	3476
48.19/48.42	48.4257	1821	3478
48.49/48.80	48.8056	1820	3652
49.19/49.28	49.2834	1819	3893
49.69/49.70	49.7038	1818	4093
50.16/50.28	50.286	1817	4430
50.49/50.54	50.5412	1816	4485
50.69/50.75	50.7542	1815	4504
50.99/51.00	51.0002	1814	4555
51.09/51.21	51.2103	1813	4573
51.09/51.46	51.4584	1812	4626
51.47/51.65	51.6557	1811	4630
51.89/51.91	51.9086	1810	4684
52.09/52.14	52.1365	1809	4721
52.29/52.34	52.3402	1808	4732
52.49/52.53	52.5351	1807	4737
52.59/52.77	52.7667	1806	4775
52.94/52.98	52.9789	1805	4796
53.15/53.20	53.1967	1804	4822
53.49/53.51	53.5118	1803	4926
53.99/54.31	54.31	1802	5429
54.72/54.75	54.7495	1801	5654
54.89/54.99	54.9942	1800	5702
55.29/55.32	55.3251	1799	5829
56.19/56.24	56.2453	1798	6464
56.49/56.55	56.5461	1797	6563
56.79/56.87	56.8726	1796	6689
56.89/57.16	57.1611	1795	6776
57.89/57.92	57.9237	1794	7263
58.19/58.20	58.1969	1793	7340
58.29/58.46	58.4597	1792	7407
58.29/58.85	58.8512	1791	7583
58.99/59.05	59.0476	1790	7591
59.29/59.31	59.3138	1788	7665
59.69/59.70	59.6986	1787	7832
59.79/59.97	59.9673	1786	7900
60.38/60.50	60.496	1785	8221
60.70/60.72	60.7228	1784	8258
60.98/61.04	61.0452	1783	8386
62.08/62.10	62.1027	1782	9171
62.68/62.71	62.7075	1781	9549
63.88/63.94	63.944	1780	10471
64.08/64.19	64.1909	1779	10528
64.08/64.38	64.3849	1778	10536
64.70/64.74	64.7415	1777	10698
64.98/65.00	64.998	1776	10762
65.58/65.66	65.6617	1775	11165
65.58/65.89	65.8929	1774	11208
65.58/66.08	66.0814	1773	11210
66.38/66.48	66.4803	1772	11408
66.68/66.79	66.7908	1771	11515
66.98/67.50	67.5003	1770	11986
68.09/68.12	68.1168	1769	12376
71.09/71.12	71.1176	1768	14945
71.39/71.50	71.4962	1767	15127
72.06/72.09	72.0856	1766	15484
72.29/72.35	72.3473	1765	15562
73.89/73.91	73.9154	1764	16853
75.59/75.64	75.6386	1763	18248
75.79/75.85	75.8546	1762	18277
77.55/77.78	77.7842	1761	19887
78.19/78.20	78.2006	1760	20104
78.39/78.48	78.4841	1759	20194
80.19/80.27	80.2723	1758	21636
80.51/80.56	80.5564	1757	21723
81.19/81.23	81.2266	1756	22171
81.95/81.97	81.9704	1755	22684
87.86/88.20	88.1987	1754	28266
90.19/90.21	90.2094	1753	29985
92.21/92.40	92.3996	1752	31769
92.44/92.63	92.6306	1751	31809
93.64/93.74	93.7441	1750	32673
94.19/94.20	94.2028	1749	32932
94.59/94.67	94.6732	1748	33190
96.29/96.34	96.3366	1747	34653
96.59/96.71	96.7063	1746	34831
96.84/97.09	97.0899	1745	35007
97.89/97.95	97.9497	1744	35632
98.09/98.46	98.462	1743	35931
98.79/98.82	98.8244	1742	36098
99.56/99.81	99.8077	1741	36793
103.19/103.26	103.26	1740	39766
103.79/103.84	103.841	1739	40141
106.49/106.56	106.562	1738	42395
111.37/111.46	111.455	1737	46619
136.68/136.70	136.699	1736	69590
136.88/136.98	136.982	1735	69680
138.88/139.12	139.116	1734	71519
141.18/141.22	141.221	1733	73229
141.88/142.19	142.188	1732	73929
150.29/150.32	150.323	1731	81250
152.78/152.81	152.808	1730	83396
154.98/155.09	155.09	1729	85402
157.09/157.18	157.183	1728	87142
164.58/164.65	164.649	1727	94053
171.18/171.41	171.408	1726	100316
223.24/223.28	223.28	1725	148260
227.79/227.80	227.798	1724	152334
236.78/236.83	236.827	1723	160569
237.99/238.10	238.091	1722	161583
239.69/239.72	239.716	1721	162944
249.49/249.50	249.5	1720	171996
256.09/256.57	256.565	1719	178425
259.74/259.78	259.771	1718	181293
261.68/261.70	261.691	1717	182929
392.52/392.83	392.822	1716	306023
399.58/399.64	399.632	1715	312061
526.57/526.66	526.646	1714	432354
697.47/697.57	697.547	1713	594617
999.82/1000.03	875846
