3.70/3.76	3.7627	2034	0
3.89/3.98	3.98352	2033	1
4.19/4.20	4.20659	2032	3
4.39/4.42	4.42713	2031	5
4.49/4.65	4.64843	2030	7
4.60/4.87	4.87095	2029	11
4.99/5.09	5.09215	2028	13
5.29/5.31	5.31173	2027	14
5.49/5.53	5.53125	2026	15
5.69/5.75	5.75088	2025	16
5.80/5.97	5.97068	2024	17
5.80/6.19	6.18982	2023	18
6.40/6.41	6.40848	2022	19
6.59/6.63	6.63532	2021	26
6.79/6.85	6.85479	2020	28
6.99/7.07	7.07486	2019	29
7.20/7.29	7.29646	2018	33
7.20/7.52	7.51842	2017	38
7.63/7.74	7.74148	2016	43
7.89/7.96	7.96351	2015	48
8.09/8.18	8.18551	2014	54
8.39/8.40	8.40346	2013	55
8.59/8.62	8.62297	2012	57
8.70/8.84	8.84133	2011	58
8.70/9.06	9.06261	2010	62
9.30/9.30	9.30506	2009	85
9.49/9.52	9.52355	2008	86
9.69/9.74	9.74132	2007	87
9.89/9.96	9.9595	2006	88
10.09/10.17	10.1767	2005	90
10.09/10.39	10.3932	2004	91
10.09/10.61	10.6125	2003	94
10.79/10.83	10.8329	2002	98
10.99/11.05	11.0498	2001	99
11.19/11.26	11.2677	2000	101
11.39/11.48	11.4879	1999	105
11.60/11.71	11.7056	1998	107
11.60/11.93	11.9307	1997	115
12.05/12.15	12.1486	1996	117
12.29/12.36	12.3644	1995	118
12.49/12.58	12.5836	1994	121
12.79/12.80	12.8013	1993	124
12.98/13.01	13.0178	1992	125
12.98/13.23	13.2345	1991	128
12.98/13.45	13.4496	1990	129
13.62/13.66	13.6662	1989	131
13.78/13.88	13.8875	1988	139
14.08/14.11	14.1107	1987	150
14.28/14.32	14.3259	1986	151
14.48/14.54	14.541	1985	152
14.48/14.76	14.7581	1984	154
14.48/14.97	14.9751	1983	157
14.92/15.19	15.1894	1982	158
15.38/15.40	15.4035	1981	159
15.58/15.62	15.6181	1980	160
15.78/15.83	15.8315	1979	161
15.98/16.05	16.0479	1977	166
15.98/16.26	16.2647	1976	170
15.98/16.48	16.4785	1975	171
16.60/16.69	16.6923	1974	174
16.88/16.91	16.9091	1973	178
17.08/17.12	17.1235	1972	179
17.28/17.33	17.3363	1971	180
17.49/17.55	17.5493	1970	181
17.49/17.76	17.7658	1969	186
17.49/17.98	17.979	1968	188
18.08/18.19	18.1924	1967	190
18.38/18.40	18.4059	1966	193
18.58/18.62	18.6184	1965	194
18.78/18.83	18.8337	1964	198
18.88/19.05	19.0476	1963	201
18.88/19.26	19.2614	1962	204
19.40/19.47	19.4732	1961	205
19.58/19.68	19.6862	1960	208
19.88/19.90	19.899	1959	213
20.08/20.12	20.1207	1958	222
20.28/20.34	20.3398	1957	230
20.38/20.55	20.5538	1956	235
20.38/20.76	20.7649	1955	236
20.90/20.98	20.9805	1954	240
21.08/21.20	21.197	1953	247
21.38/21.41	21.4123	1952	255
21.58/21.62	21.6227	1951	256
21.78/21.83	21.8364	1950	260
21.89/22.05	22.0557	1949	268
21.89/22.27	22.2703	1948	274
22.46/22.48	22.4836	1947	279
22.58/22.69	22.6937	1946	280
22.88/22.91	22.9098	1945	285
23.08/23.12	23.1201	1944	287
23.28/23.33	23.3289	1943	288
23.28/23.54	23.539	1942	289
23.28/23.75	23.7502	1941	291
23.92/23.96	23.9611	1940	293
24.08/24.17	24.1694	1939	294
24.38/24.41	24.4073	1938	325
24.58/24.62	24.6236	1937	331
24.78/24.83	24.8343	1936	333
24.78/25.04	25.0437	1935	335
24.78/25.26	25.2572	1934	343
25.40/25.47	25.466	1933	344
25.58/25.68	25.6825	1932	354
25.78/25.89	25.8939	1931	359
26.08/26.10	26.1027	1930	361
26.28/26.32	26.3159	1929	369
26.28/26.53	26.5351	1928	380
26.28/26.74	26.742	1927	381
26.89/26.95	26.9499	1926	382
27.09/27.16	27.1623	1925	388
27.29/27.37	27.3688	1924	389
27.49/27.59	27.5867	1923	408
27.69/27.81	27.8082	1922	422
27.69/28.02	28.0168	1921	424
27.69/28.24	28.2394	1920	440
28.20/28.45	28.4511	1919	447
28.59/28.66	28.6573	1918	448
28.79/28.87	28.8708	1917	457
28.99/29.08	29.0826	1916	470
29.19/29.29	29.2937	1915	478
29.42/29.50	29.5016	1914	481
29.42/29.71	29.7112	1913	484
29.89/29.92	29.9223	1912	492
30.09/30.13	30.1326	1911	498
30.29/30.34	30.3444	1910	505
30.49/30.55	30.55	1909	506
30.69/30.77	30.7667	1908	517
30.69/30.98	30.9832	1907	528
30.69/31.20	31.1997	1906	539
31.39/31.40	31.404	1905	540
31.59/31.62	31.6229	1904	555
31.79/31.83	31.8285	1903	560
31.99/32.04	32.0421	1902	572
32.19/32.25	32.2494	1901	579
32.19/32.48	32.478	1900	603
32.19/32.68	32.6844	1899	606
32.89/32.90	32.8965	1898	613
33.09/33.15	33.1506	1897	655
33.29/33.36	33.3544	1896	658
33.49/33.57	33.5731	1895	675
33.59/33.78	33.7797	1894	680
33.59/33.98	33.9834	1893	681
33.59/34.19	34.1914	1892	687
34.38/34.41	34.4047	1891	698
34.58/34.61	34.6089	1890	700
34.78/34.82	34.8185	1889	710
34.98/35.04	35.0392	1888	727
35.08/35.27	35.268	1887	755
35.27/35.52	35.521	1886	813
35.65/35.73	35.7246	1885	818
35.89/35.96	35.9587	1884	849
36.09/36.16	36.1634	1883	853
36.39/36.44	36.4391	1882	921
36.59/36.66	36.6607	1881	940
36.59/36.91	36.9117	1880	987
36.59/37.14	37.1389	1879	1013
37.29/37.35	37.3439	1878	1018
37.49/37.57	37.568	1877	1046
37.69/37.79	37.785	1876	1063
37.89/37.99	37.9865	1875	1066
38.12/38.19	38.1869	1874	1068
38.12/38.39	38.3901	1873	1072
38.52/38.61	38.6059	1872	1085
38.79/38.81	38.8085	1871	1088
38.99/39.03	39.0279	1870	1110
39.19/39.23	39.2286	1869	1112
39.39/39.43	39.4274	1868	1113
39.49/39.66	39.6589	1867	1145
39.49/39.87	39.8629	1866	1149
40.05/40.08	40.0741	1865	1160
40.19/40.28	40.2729	1864	1161
40.39/40.49	40.4828	1863	1174
40.69/40.70	40.693	1862	1190
40.89/40.90	40.8972	1861	1198
40.89/41.11	41.106	1860	1206
40.89/41.33	41.3298	1859	1238
41.49/41.55	41.5435	1858	1253
41.69/41.79	41.7858	1857	1294
41.89/41.99	41.9876	1856	1300
42.09/42.19	42.1867	1855	1302
42.29/42.42	42.4208	1854	1336
42.29/42.62	42.6218	1853	1343
42.75/42.85	42.8444	1852	1368
42.99/43.07	43.063	1851	1390
43.19/43.27	43.2686	1850	1398
43.49/43.53	43.5314	1849	1465
43.69/43.76	43.7581	1848	1497
43.69/44.01	44.0092	1847	1562
43.69/44.22	44.2208	1846	1580
44.49/44.51	44.5038	1845	1666
44.69/44.72	44.7166	1844	1686
44.89/44.96	44.9569	1843	1726
45.09/45.17	45.1647	1842	1737
45.32/45.43	45.4234	1841	1798
45.32/45.67	45.6618	1840	1837
45.80/45.86	45.8576	1839	1838
45.99/46.06	46.0594	1838	1844
46.19/46.26	46.2569	1837	1847
46.39/46.46	46.4611	1836	1858
46.59/46.70	46.6947	1835	1901
46.69/47.03	47.0305	1834	2031
47.22/47.26	47.2551	1833	2064
47.39/47.49	47.486	1832	2100
47.59/47.68	47.68	1831	2101
47.89/47.90	47.8927	1830	2118
47.99/48.09	48.0902	1829	2121
48.09/48.35	48.3494	1828	2177
48.54/48.62	48.6207	1827	2251
48.79/48.83	48.8242	1826	2258
48.99/49.05	49.0504	1825	2289
49.39/49.40	49.3941	1824	2434
49.49/49.61	49.6086	1823	2456
49.49/49.82	49.8193	1822	2475
49.49/50.02	50.0155	1821	2478
50.39/50.45	50.4427	1820	2700
50.69/50.74	50.7344	1819	2789
51.09/51.42	51.4186	1818	3228
51.78/51.84	51.8375	1817	3440
52.08/52.17	52.1629	1816	3551
52.28/52.38	52.3776	1815	3567
52.48/52.58	52.5756	1814	3573
52.48/52.99	52.9891	1813	3768
53.28/53.35	53.3481	1812	3923
53.58/53.68	53.676	1811	4049
53.99/54.48	54.4707	1810	4605
54.68/54.79	54.7874	1809	4732
54.98/55.08	55.0751	1808	4823
55.18/55.27	55.2694	1807	4825
55.38/55.47	55.47	1806	4832
55.38/55.95	55.9443	1805	5096
56.08/56.19	56.1814	1804	5139
56.88/57.34	57.3327	1803	6018
57.68/57.79	57.7883	1802	6270
57.98/58.07	58.068	1801	6352
58.28/58.37	58.3637	1800	6456
58.28/58.68	58.6779	1799	6572
59.08/59.10	59.0947	1798	6789
59.28/59.33	59.3224	1797	6820
59.48/59.56	59.5519	1796	6855
59.78/59.86	59.8499	1795	6953
60.48/60.52	60.5185	1794	7414
60.68/60.78	60.7751	1793	7483
61.08/61.12	61.1166	1792	7630
61.28/61.37	61.3693	1791	7692
62.08/62.10	62.0949	1790	8161
62.58/62.65	62.6471	1789	8491
62.79/62.86	62.8582	1788	8509
62.79/63.14	63.138	1787	8591
62.79/63.35	63.3459	1786	8608
63.78/63.87	63.8661	1785	8900
64.08/64.12	64.1159	1784	8958
64.18/64.40	64.3977	1783	9046
64.18/64.62	64.6115	1782	9069
64.88/64.96	64.9508	1781	9216
65.28/65.37	65.3682	1780	9442
65.68/65.71	65.6996	1779	9569
67.78/67.84	67.8374	1778	11364
67.98/68.06	68.0564	1777	11392
68.38/68.49	68.4885	1776	11600
68.58/68.84	68.8376	1775	11748
69.28/69.33	69.3263	1774	12024
70.08/70.42	70.4154	1773	12860
70.98/71.02	71.0175	1772	13229
71.48/71.54	71.5378	1771	13540
71.58/71.77	71.7651	1770	13576
72.01/72.05	72.0412	1769	13660
73.08/73.32	73.3138	1768	14702
73.78/73.80	73.7987	1767	14986
74.48/74.98	74.969	1766	15908
78.78/78.81	78.8008	1765	19263
78.88/79.42	79.4094	1764	19641
79.78/79.81	79.7988	1763	19824
83.73/83.84	83.8322	1762	23312
84.58/84.66	84.6573	1761	23909
84.68/84.88	84.8697	1760	23935
85.58/85.61	85.6027	1759	24433
85.98/86.04	86.0288	1758	24645
86.78/86.85	86.844	1757	25258
86.98/87.05	87.0474	1756	25275
87.48/87.51	87.5067	1755	25536
88.17/88.21	88.2046	1754	26029
88.78/88.83	88.8281	1753	26431
91.10/91.19	91.1837	1752	28535
91.38/91.45	91.4407	1751	28616
91.98/92.28	92.2713	1750	29228
92.68/92.76	92.7576	1749	29521
93.08/93.10	93.0916	1748	29664
93.38/93.97	93.968	1747	30344
100.38/100.41	100.406	1746	36202
102.28/102.31	102.305	1745	37807
103.78/104.09	104.083	1744	39262
105.18/105.27	105.268	1743	40246
105.18/105.46	105.454	1742	40250
106.48/106.56	106.551	1741	41098
106.68/106.77	106.761	1740	41124
109.58/110.07	110.058	1739	43993
114.00/114.40	114.388	1738	47920
116.18/116.21	116.198	1737	49461
122.49/122.80	122.792	1736	55412
128.18/128.75	128.739	1735	61579
129.18/129.22	129.206	1734	61850
130.68/130.76	130.748	1733	63131
152.25/152.39	152.376	1732	83098
165.18/165.28	165.272	1731	95112
173.18/173.26	173.243	1730	102335
181.28/181.34	181.328	1729	109757
186.08/186.50	186.485	1728	114500
187.28/187.36	187.345	1727	115152
190.28/190.33	190.316	1726	117809
193.47/193.68	193.672	1725	120926
193.47/193.87	193.858	1724	120932
216.57/216.64	216.624	1723	141997
224.08/224.16	224.144	1722	148772
232.17/232.20	232.185	1721	156364
240.77/240.83	240.814	1720	164345
252.47/252.57	252.553	1719	175535
333.46/333.53	333.511	1718	252512
337.67/337.74	337.72	1717	256421
380.37/380.79	380.774	1716	298115
393.77/394.16	394.136	1715	310944
397.66/397.78	397.755	1714	314311
422.16/422.22	422.194	1713	337800
738.08/738.19	738.162	1712	638217
751.06/751.10	751.071	1711	650305
752.76/752.86	752.828	1710	651764
999.94/1000.04	886153
