3.80/3.83	3.83658	2031	0
3.90/4.06	4.06325	2030	1
3.90/4.29	4.28849	2029	2
4.50/4.52	4.51762	2028	5
4.69/4.74	4.74454	2027	8
4.89/4.97	4.96966	2026	9
5.09/5.19	5.19533	2025	10
5.39/5.42	5.42259	2024	14
5.39/5.65	5.6475	2023	15
5.39/5.87	5.87401	2022	17
6.09/6.10	6.10068	2021	22
6.29/6.32	6.32636	2020	25
6.49/6.55	6.55538	2019	30
6.69/6.78	6.78643	2018	35
6.79/7.01	7.01135	2017	38
6.79/7.23	7.23668	2016	41
7.40/7.46	7.46006	2015	42
7.59/7.68	7.68342	2014	43
7.89/7.91	7.90832	2013	47
8.09/8.13	8.13507	2012	53
8.29/8.36	8.36007	2011	56
8.29/8.58	8.58291	2010	57
8.29/8.80	8.80589	2009	59
8.99/9.03	9.02831	2008	61
9.19/9.25	9.2537	2007	65
9.39/9.47	9.47576	2006	66
9.69/9.70	9.70307	2005	71
9.79/9.92	9.92477	2004	73
9.79/10.14	10.1468	2003	74
10.25/10.37	10.3681	2002	75
10.49/10.59	10.5909	2001	76
10.79/10.81	10.8137	2000	78
10.99/11.05	11.0518	1998	80
11.19/11.27	11.2748	1997	83
11.19/11.49	11.4948	1996	84
11.19/11.71	11.7153	1995	85
11.89/11.93	11.9352	1994	86
12.09/12.15	12.1555	1993	87
12.29/12.38	12.3793	1992	91
12.59/12.60	12.5997	1991	92
12.69/12.82	12.8194	1990	93
12.69/13.04	13.0432	1989	99
13.17/13.26	13.2642	1988	101
13.39/13.48	13.4834	1987	102
13.69/13.70	13.7044	1986	104
13.89/13.92	13.9234	1985	105
14.09/14.14	14.1459	1984	108
14.19/14.37	14.3756	1983	121
14.19/14.59	14.595	1982	122
14.80/14.83	14.8276	1981	132
14.99/15.04	15.0465	1980	133
15.19/15.26	15.265	1979	134
15.39/15.48	15.4844	1978	136
15.69/15.70	15.7037	1977	138
15.69/15.92	15.9213	1976	139
15.69/16.14	16.1392	1975	140
16.14/16.36	16.3594	1974	144
16.49/16.58	16.5815	1973	149
16.79/16.80	16.8011	1972	152
16.99/17.02	17.0184	1971	153
17.20/17.23	17.2362	1970	154
17.20/17.45	17.4534	1969	155
17.62/17.67	17.6736	1968	159
17.88/17.90	17.8988	1967	168
18.08/18.12	18.1192	1966	173
18.28/18.33	18.3355	1965	174
18.48/18.55	18.5537	1964	177
18.58/18.77	18.7695	1963	178
18.58/18.99	18.9866	1962	180
19.15/19.20	19.2046	1961	182
19.38/19.42	19.426	1960	191
19.58/19.64	19.6451	1959	194
19.78/19.86	19.8621	1958	196
19.98/20.08	20.0797	1957	201
20.08/20.29	20.2955	1956	202
20.08/20.51	20.5109	1955	203
20.70/20.73	20.7289	1954	205
20.88/20.95	20.947	1953	210
21.08/21.17	21.1702	1952	218
21.28/21.38	21.3854	1951	219
21.58/21.60	21.6013	1950	220
21.58/21.82	21.8263	1949	229
21.58/22.05	22.0465	1948	235
22.18/22.27	22.2702	1947	247
22.38/22.49	22.4945	1946	261
22.68/22.71	22.711	1945	265
22.88/22.93	22.9313	1944	271
22.98/23.16	23.1566	1943	282
22.98/23.37	23.3713	1942	285
22.98/23.58	23.586	1941	286
23.78/23.81	23.8157	1940	299
23.98/24.04	24.0456	1939	318
24.18/24.26	24.2592	1938	319
24.38/24.48	24.4775	1937	325
24.59/24.70	24.6985	1936	337
24.59/24.92	24.9185	1935	347
25.09/25.14	25.1423	1934	360
25.28/25.35	25.3547	1933	361
25.48/25.57	25.5728	1932	370
25.68/25.78	25.786	1931	371
25.99/26.00	26.002	1930	376
25.99/26.23	26.2311	1929	395
25.99/26.45	26.4517	1928	402
26.58/26.67	26.6666	1927	405
26.78/26.88	26.881	1926	410
27.08/27.11	27.116	1925	442
27.28/27.34	27.3452	1924	459
27.38/27.57	27.5665	1923	469
27.38/27.78	27.7781	1922	471
27.95/27.99	27.9917	1921	474
28.18/28.21	28.2096	1920	481
28.38/28.42	28.422	1919	484
28.58/28.64	28.6407	1918	492
28.78/28.85	28.8542	1917	496
28.88/29.07	29.0669	1916	501
28.88/29.29	29.2893	1915	513
29.47/29.51	29.5133	1914	526
29.69/29.73	29.7319	1913	534
29.89/29.95	29.952	1912	548
30.09/30.17	30.1733	1911	565
30.29/30.38	30.3854	1910	569
30.39/30.61	30.6078	1909	580
30.81/30.83	30.8297	1908	595
30.99/31.04	31.0393	1907	596
31.19/31.25	31.2513	1906	600
31.39/31.46	31.4609	1905	603
31.59/31.67	31.6747	1904	608
31.79/31.89	31.8961	1903	619
31.79/32.10	32.1056	1902	620
31.79/32.31	32.3142	1901	621
32.50/32.53	32.5328	1900	639
32.69/32.75	32.7506	1899	648
32.89/32.96	32.9611	1898	653
33.09/33.18	33.1814	1897	668
33.29/33.40	33.4026	1896	683
33.40/33.64	33.6449	1895	712
33.79/33.85	33.8546	1894	715
33.99/34.06	34.0621	1893	716
34.19/34.28	34.2786	1892	725
34.39/34.49	34.4888	1891	730
34.69/34.71	34.7123	1890	753
34.69/34.92	34.9209	1889	757
34.69/35.13	35.1335	1888	762
34.69/35.34	35.3405	1887	764
35.49/35.55	35.5479	1886	767
35.69/35.76	35.7615	1885	775
35.89/35.97	35.9676	1884	776
36.09/36.18	36.1851	1883	786
36.30/36.40	36.4018	1882	800
36.30/36.61	36.6077	1881	801
36.30/36.82	36.8191	1880	806
36.99/37.03	37.0262	1879	810
37.19/37.23	37.2339	1878	813
37.39/37.44	37.4447	1877	821
37.69/37.70	37.6982	1876	870
37.69/37.91	37.9138	1875	881
37.69/38.13	38.1271	1874	888
37.69/38.33	38.3336	1873	891
38.49/38.54	38.5418	1872	893
38.69/38.75	38.7475	1871	896
38.89/38.96	38.9615	1870	905
39.09/39.18	39.1796	1869	920
39.19/39.41	39.408	1868	946
39.41/39.65	39.6501	1867	983
39.83/39.85	39.8544	1866	984
39.99/40.08	40.0802	1865	1001
40.29/40.32	40.3205	1864	1033
40.49/40.56	40.5632	1863	1067
40.69/40.77	40.7688	1862	1069
40.69/41.00	40.9979	1861	1093
40.69/41.21	41.2117	1860	1105
41.39/41.42	41.4187	1859	1113
41.59/41.67	41.6723	1858	1170
41.89/41.92	41.9197	1857	1209
42.09/42.13	42.1288	1856	1216
42.19/42.34	42.3436	1855	1228
42.19/42.55	42.5464	1854	1229
42.65/42.77	42.7724	1853	1249
42.99/43.01	43.014	1852	1294
43.19/43.24	43.2364	1851	1319
43.39/43.47	43.466	1850	1348
43.59/43.67	43.6711	1849	1351
43.59/43.90	43.9041	1848	1381
44.09/44.13	44.1282	1847	1401
44.29/44.33	44.329	1846	1402
44.49/44.53	44.5312	1845	1405
44.69/44.75	44.7472	1844	1423
44.89/44.96	44.9624	1843	1435
45.09/45.17	45.1737	1842	1447
45.09/45.38	45.3856	1841	1459
45.09/45.59	45.5868	1840	1460
45.57/45.80	45.8029	1839	1476
45.99/46.01	46.0149	1838	1488
46.19/46.27	46.2709	1837	1543
46.49/46.51	46.5148	1836	1579
46.71/46.72	46.7161	1835	1581
46.71/46.92	46.9194	1834	1586
46.71/47.12	47.1232	1833	1592
47.29/47.33	47.3308	1832	1601
47.49/47.55	47.5466	1831	1615
47.69/47.75	47.7507	1830	1620
47.89/47.95	47.9512	1829	1623
48.09/48.15	48.1509	1828	1625
48.09/48.40	48.3965	1827	1672
48.54/48.60	48.5973	1826	1675
48.79/48.81	48.8069	1825	1686
48.99/49.03	49.0284	1824	1708
49.19/49.26	49.2607	1823	1738
49.39/49.46	49.4607	1822	1741
49.49/49.70	49.6971	1821	1781
49.49/49.97	49.971	1820	1860
50.15/50.19	50.1888	1819	1881
50.29/50.39	50.3859	1818	1882
50.49/50.59	50.5934	1817	1893
50.79/50.80	50.7984	1816	1901
50.99/51.02	51.021	1815	1928
50.99/51.37	51.3734	1814	2081
51.43/51.57	51.5725	1813	2084
51.89/51.90	51.897	1812	2214
52.09/52.13	52.1356	1811	2257
52.39/52.41	52.4091	1810	2330
52.39/52.76	52.7601	1809	2487
52.39/52.96	52.9644	1808	2499
53.29/53.36	53.3588	1807	2676
53.59/53.67	53.6745	1806	2793
53.89/53.97	53.9689	1805	2878
53.99/54.17	54.1736	1804	2889
53.99/54.45	54.4475	1803	2959
55.09/55.10	55.0971	1802	3372
55.39/55.84	55.8413	1801	3854
56.09/56.15	56.152	1800	3948
56.69/56.75	56.7519	1799	4317
57.59/57.61	57.6061	1798	4928
57.79/57.80	57.8021	1797	4930
57.99/58.00	58.0007	1796	4935
58.29/58.35	58.3524	1795	5101
58.29/58.70	58.7021	1794	5235
58.82/58.90	58.903	1793	5245
59.79/59.80	59.7978	1792	5913
59.79/60.19	60.1856	1791	6086
60.40/60.48	60.4782	1790	6176
60.69/60.76	60.7563	1789	6258
60.99/61.08	61.0784	1788	6383
61.29/61.52	61.5197	1787	6623
61.29/61.77	61.7753	1786	6678
62.09/62.15	62.1502	1785	6842
62.79/62.97	62.9724	1784	7394
62.79/63.17	63.1671	1783	7397
63.39/63.42	63.4226	1782	7448
64.19/64.59	64.5927	1781	8295
66.58/66.63	66.6294	1780	9878
66.88/66.99	66.9904	1779	10026
67.19/67.40	67.3961	1778	10202
68.38/68.48	68.4824	1777	10982
68.58/69.03	69.0346	1776	11289
69.98/70.00	70.0049	1775	11985
70.08/70.56	70.5577	1774	12291
70.71/70.76	70.7564	1773	12300
72.98/73.47	73.4675	1772	14518
74.28/74.33	74.333	1771	15172
74.48/74.52	74.5241	1770	15173
75.58/75.66	75.6591	1769	16115
76.53/76.58	76.5826	1768	16810
76.79/76.86	76.8585	1767	16898
77.29/77.37	77.3745	1766	17190
78.03/78.07	78.0747	1765	17670
80.39/80.54	80.5357	1764	19855
81.09/81.15	81.149	1763	20256
81.29/81.36	81.3644	1762	20286
81.79/81.81	81.8137	1761	20534
82.89/82.94	82.9413	1760	21408
83.64/83.83	83.8254	1759	22072
84.09/84.12	84.1206	1758	22163
84.79/84.89	84.8867	1757	22673
86.19/86.26	86.2555	1756	23769
89.98/90.02	90.0197	1755	27100
92.98/93.08	93.0798	1754	29803
96.48/96.99	96.9929	1753	33165
97.48/97.53	97.5285	1752	33482
97.99/98.35	98.3473	1751	34054
98.69/98.76	98.7606	1750	34254
100.19/100.29	100.291	1749	35529
100.79/100.87	100.873	1748	35928
103.89/104.11	104.107	1747	38705
105.29/105.84	105.843	1746	40126
106.19/106.27	106.269	1745	40351
106.49/106.55	106.553	1744	40450
106.79/106.85	106.848	1743	40559
110.26/110.34	110.344	1742	43617
110.89/110.91	110.905	1741	43946
123.55/123.59	123.587	1740	55309
127.09/127.11	127.105	1739	58359
135.18/135.29	135.29	1738	65712
144.88/145.18	145.174	1737	74377
144.88/145.40	145.399	1736	74411
154.89/154.92	154.922	1735	82988
155.09/155.11	155.111	1734	82993
156.39/156.45	156.453	1733	84078
158.67/158.83	158.831	1732	86120
159.59/159.68	159.682	1731	86746
166.98/167.30	167.296	1730	93676
168.09/168.17	168.167	1729	94298
178.28/178.39	178.393	1728	103604
180.08/180.17	180.172	1727	105125
181.48/181.56	181.557	1726	106231
247.78/248.00	247.997	1725	169474
280.18/280.42	280.412	1724	200362
298.98/299.07	299.06	1723	218855
312.48/312.52	312.514	1722	231661
316.02/316.09	316.085	1721	234934
320.98/321.07	321.065	1720	239697
865.77/866.22	866.205	1719	756326
914.18/914.42	914.403	1718	800635
939.17/939.52	939.5	1717	824210
943.17/943.27	943.251	1716	827555
947.47/947.52	947.499	1715	831325
966.87/966.99	966.973	1714	849709
999.97/1000.02	881166
