3.59/3.71	3.71753	2027	0
3.93/3.95	3.95297	2026	9
4.09/4.18	4.18561	2025	10
4.39/4.41	4.41697	2024	11
4.59/4.65	4.64834	2023	12
4.79/4.88	4.87915	2022	13
4.89/5.11	5.10942	2021	14
5.29/5.34	5.34648	2020	18
5.56/5.57	5.57664	2019	19
5.79/5.81	5.8098	2018	25
5.99/6.04	6.04086	2017	27
6.19/6.27	6.27587	2016	31
6.40/6.51	6.5091	2015	34
6.40/6.74	6.74748	2014	40
6.89/6.98	6.97841	2013	43
7.19/7.21	7.20851	2012	44
7.39/7.44	7.43813	2011	46
7.59/7.66	7.66765	2010	47
7.69/7.91	7.91594	2009	65
7.69/8.14	8.14728	2008	67
8.29/8.37	8.37587	2007	68
8.59/8.60	8.60423	2006	69
8.79/8.84	8.83807	2005	75
8.99/9.06	9.06675	2004	76
9.09/9.29	9.29591	2003	77
9.09/9.53	9.52844	2002	82
9.73/9.76	9.75827	2001	84
9.89/9.99	9.98911	2000	88
10.19/10.21	10.2176	1999	89
10.39/10.45	10.4501	1998	95
10.59/10.68	10.6814	1997	99
10.59/10.91	10.9109	1996	103
11.08/11.14	11.1436	1995	108
11.29/11.37	11.371	1994	110
11.59/11.60	11.6031	1993	118
11.79/11.83	11.8299	1992	119
11.99/12.05	12.0578	1991	121
12.09/12.28	12.2855	1990	122
12.09/12.51	12.5118	1989	123
12.69/12.74	12.7389	1988	124
12.89/12.97	12.97	1987	129
13.09/13.19	13.1978	1986	131
13.39/13.42	13.4261	1985	134
13.49/13.67	13.6691	1984	147
13.49/13.90	13.9029	1983	155
13.99/14.13	14.1292	1982	156
14.29/14.36	14.3615	1981	165
14.49/14.59	14.5884	1980	168
14.79/14.81	14.8141	1979	169
14.99/15.04	15.04	1978	171
14.99/15.26	15.2657	1977	172
14.99/15.49	15.4916	1976	174
15.70/15.72	15.7205	1975	179
15.89/15.94	15.9446	1974	180
16.09/16.17	16.1715	1973	182
16.29/16.39	16.3968	1972	186
16.39/16.62	16.6248	1971	190
16.39/16.85	16.8486	1970	191
17.02/17.07	17.0724	1969	193
17.19/17.29	17.2972	1968	195
17.49/17.52	17.5238	1967	198
17.69/17.75	17.7482	1966	200
17.89/17.97	17.9714	1965	201
17.89/18.20	18.2049	1964	209
18.36/18.43	18.4314	1963	216
18.59/18.68	18.6809	1962	241
18.89/18.90	18.9054	1961	244
19.09/19.13	19.1303	1960	246
19.29/19.36	19.3594	1959	252
19.40/19.58	19.5841	1958	256
19.40/19.81	19.8081	1957	259
19.99/20.03	20.0296	1956	260
20.19/20.26	20.2663	1955	278
20.39/20.49	20.4878	1954	279
20.69/20.71	20.7104	1953	281
20.79/20.93	20.932	1952	282
20.79/21.15	21.1541	1951	283
21.33/21.37	21.3752	1950	284
21.49/21.59	21.597	1949	286
21.79/21.82	21.8205	1948	288
21.99/22.04	22.0413	1947	289
22.19/22.26	22.263	1946	291
22.29/22.48	22.4871	1945	295
22.29/22.71	22.7082	1944	297
22.59/22.93	22.9372	1943	308
23.09/23.16	23.1581	1942	309
23.29/23.39	23.3879	1941	319
23.59/23.61	23.6106	1940	324
23.79/23.86	23.8616	1939	325
23.90/24.10	24.0999	1938	329
24.26/24.39	24.3903	1937	353
24.59/24.61	24.6122	1936	357
24.79/24.83	24.8358	1935	360
24.99/25.06	25.058	1934	365
25.19/25.28	25.2786	1933	367
25.29/25.50	25.4979	1932	370
25.29/25.72	25.7215	1931	374
25.89/25.94	25.9401	1930	376
26.09/26.16	26.1611	1929	380
26.29/26.38	26.3795	1928	381
26.59/26.60	26.6001	1927	387
26.69/26.82	26.8193	1926	388
26.69/27.04	27.0386	1925	390
27.23/27.26	27.2593	1924	393
27.39/27.47	27.4771	1923	394
27.59/27.69	27.6952	1922	395
27.89/27.92	27.92	1921	403
28.09/28.14	28.1395	1920	405
28.19/28.35	28.3569	1919	406
28.19/28.58	28.5827	1918	415
28.70/28.81	28.808	1917	425
28.99/29.02	29.0258	1916	428
29.19/29.25	29.2552	1915	442
29.39/29.47	29.4735	1914	444
29.59/29.70	29.6976	1913	450
29.69/29.91	29.9154	1912	453
29.69/30.13	30.1351	1911	456
30.30/30.37	30.3714	1910	476
30.49/30.58	30.5871	1909	477
30.79/30.80	30.8058	1908	481
30.99/31.02	31.0227	1907	485
31.19/31.24	31.2421	1906	489
31.19/31.47	31.4686	1905	506
31.67/31.73	31.732	1904	549
31.89/31.95	31.9476	1903	550
32.09/32.17	32.1748	1902	560
32.39/32.41	32.4076	1901	581
32.59/32.63	32.6302	1900	590
32.59/32.85	32.8555	1899	607
32.59/33.07	33.0726	1898	611
33.39/33.40	33.406	1897	725
33.59/33.62	33.6248	1896	731
33.79/33.84	33.8406	1895	734
34.09/34.11	34.1162	1894	793
34.09/34.36	34.361	1893	826
34.09/34.58	34.5807	1892	833
34.79/34.80	34.803	1891	842
34.99/35.04	35.0462	1890	866
35.19/35.27	35.2707	1889	879
35.49/35.52	35.5185	1888	885
35.59/35.78	35.7819	1887	899
35.59/36.03	36.0297	1886	945
36.19/36.25	36.2529	1885	956
36.39/36.47	36.4723	1884	962
36.69/36.72	36.7204	1883	996
36.89/36.93	36.9345	1882	1000
36.99/37.15	37.1539	1881	1008
36.99/37.38	37.3828	1880	1026
36.99/37.60	37.5973	1879	1030
37.79/37.82	37.8203	1878	1049
37.99/38.03	38.0337	1877	1051
38.19/38.25	38.2506	1876	1056
38.39/38.46	38.4627	1875	1058
38.63/38.67	38.6757	1874	1061
38.63/38.88	38.8862	1873	1063
39.09/39.10	39.1053	1872	1071
39.29/39.32	39.3187	1871	1074
39.49/39.54	39.5401	1870	1084
39.69/39.77	39.7743	1869	1108
39.89/40.01	40.0169	1868	1145
39.89/40.23	40.2325	1867	1151
40.40/40.47	40.4744	1866	1177
40.69/40.76	40.7571	1865	1252
40.99/41.00	41.0024	1864	1288
41.19/41.21	41.2127	1863	1289
41.29/41.43	41.4285	1862	1295
41.29/41.69	41.6872	1861	1340
41.90/41.91	41.9147	1860	1360
42.09/42.14	42.1378	1859	1377
42.29/42.35	42.3563	1858	1387
42.59/42.61	42.6092	1857	1434
42.79/42.84	42.8462	1856	1463
42.79/43.13	43.1286	1855	1481
43.33/43.34	43.3422	1854	1485
43.49/43.59	43.5908	1853	1522
43.79/43.85	43.852	1852	1557
44.09/44.13	44.1272	1851	1571
44.19/44.42	44.4267	1850	1650
44.76/44.77	44.7699	1849	1774
44.99/45.01	45.0161	1848	1811
45.39/45.46	45.4663	1847	2018
45.59/45.68	45.6829	1846	2027
45.59/45.90	45.9013	1845	2038
46.08/46.14	46.1461	1844	2071
46.29/46.35	46.3543	1843	2074
46.49/46.58	46.5798	1842	2096
46.79/46.84	46.841	1841	2150
47.09/47.29	47.2875	1840	2369
47.09/47.55	47.5525	1839	2421
47.79/47.84	47.8449	1838	2504
47.99/48.09	48.0934	1837	2545
48.39/48.44	48.4441	1836	2670
48.49/48.66	48.6569	1835	2678
48.49/48.88	48.878	1834	2691
49.05/49.08	49.0837	1833	2692
49.49/49.51	49.5105	1832	2896
49.69/49.73	49.7305	1831	2912
49.89/49.94	49.9447	1830	2920
49.89/50.22	50.2206	1829	2985
50.36/50.46	50.4602	1828	3018
50.99/51.02	51.0194	1827	3358
51.19/51.29	51.2954	1826	3420
51.29/51.52	51.5202	1825	3442
51.78/51.89	51.896	1824	3595
52.09/52.10	52.1037	1823	3600
52.29/52.38	52.3859	1822	3683
52.79/53.00	53.0037	1821	4055
52.79/53.21	53.2127	1820	4064
53.39/53.43	53.4306	1819	4080
53.89/53.90	53.9036	1818	4313
54.09/54.11	54.1084	1817	4316
54.19/54.51	54.5116	1816	4509
54.19/54.76	54.7656	1815	4554
55.29/55.36	55.3617	1814	4917
55.59/55.69	55.6897	1813	5030
56.22/56.24	56.2426	1812	5289
56.59/56.69	56.6899	1811	5512
56.99/57.01	57.0128	1810	5617
57.21/57.31	57.3102	1809	5635
57.21/57.53	57.5303	1808	5653
58.19/58.21	58.2071	1807	6061
58.39/58.49	58.4901	1806	6097
58.59/58.83	58.8276	1805	6171
59.69/59.71	59.7074	1804	6726
59.89/59.97	59.9686	1803	6790
60.76/60.78	60.7776	1802	7282
61.09/61.16	61.1576	1801	7436
61.59/61.63	61.6302	1800	7674
61.59/61.88	61.8853	1799	7725
62.69/62.71	62.7142	1798	8277
62.89/62.95	62.9465	1797	8306
63.48/63.49	63.496	1796	8627
63.79/63.81	63.8109	1795	8739
63.99/64.05	64.0505	1794	8777
64.29/64.36	64.3618	1793	8882
64.49/64.79	64.7942	1792	9108
65.29/65.31	65.3155	1791	9404
65.49/65.54	65.5432	1790	9439
65.69/65.76	65.7642	1789	9463
65.89/65.98	65.9784	1788	9476
65.89/66.29	66.2928	1787	9586
66.52/66.58	66.5824	1786	9670
67.29/67.33	67.3304	1785	10176
67.39/67.63	67.6355	1784	10271
68.29/68.34	68.3385	1783	10733
69.30/69.34	69.3441	1782	11478
69.58/69.68	69.6812	1781	11610
69.98/70.06	70.0614	1780	11770
70.28/70.41	70.4114	1779	11906
70.98/71.02	71.0221	1778	12276
71.48/71.59	71.5879	1777	12632
72.58/72.65	72.6516	1776	13402
72.98/73.05	73.0493	1775	13587
73.18/73.44	73.4448	1774	13781
74.68/75.20	75.2014	1773	15181
75.38/75.44	75.439	1772	15219
76.18/76.20	76.1986	1771	15756
78.38/78.47	78.4752	1770	17705
79.08/79.23	79.2323	1769	18237
82.09/82.64	82.6369	1768	21203
83.80/84.18	84.1821	1767	22481
85.12/85.23	85.2337	1766	23314
87.88/88.41	88.4063	1765	26181
89.39/89.80	89.7989	1764	27333
90.19/90.20	90.1974	1763	27514
90.59/90.64	90.6385	1762	27743
91.49/91.52	91.5201	1761	28389
93.79/93.81	93.8087	1760	30370
97.79/97.85	97.8522	1759	33883
98.64/98.67	98.6683	1758	34465
99.39/99.41	99.4079	1757	34989
100.28/100.30	100.302	1756	35692
101.88/101.93	101.934	1755	37097
103.48/103.58	103.579	1754	38434
107.60/107.66	107.66	1753	42053
108.08/108.13	108.134	1752	42313
108.48/108.51	108.515	1751	42508
109.48/109.53	109.534	1750	43304
113.69/113.76	113.757	1749	47194
113.89/113.99	113.988	1748	47232
114.29/114.73	114.728	1747	47774
120.19/120.75	120.751	1746	53312
126.64/126.67	126.669	1745	58574
129.79/129.87	129.865	1744	61187
133.75/133.94	133.94	1743	64613
157.99/158.03	158.03	1742	86599
161.71/161.73	161.729	1741	89784
163.89/163.90	163.897	1739	91505
166.18/166.26	166.263	1738	93439
184.08/184.14	184.138	1737	109748
213.68/213.75	213.743	1736	137157
216.58/216.64	216.633	1735	139574
231.68/231.79	231.79	1734	153579
232.68/232.79	232.791	1733	154339
238.02/238.16	238.157	1732	159148
238.48/238.54	238.538	1731	159317
244.19/244.28	244.281	1730	164587
245.69/245.78	245.776	1729	165811
252.18/252.34	252.333	1728	171669
257.78/257.82	257.817	1727	176718
321.68/321.79	321.783	1726	235007
331.08/331.27	331.265	1725	243695
390.68/390.71	390.699	1724	298664
391.18/391.24	391.23	1723	298964
399.28/399.34	399.329	1722	306164
399.48/399.57	399.56	1721	306208
404.08/404.19	404.185	1720	310186
408.78/409.01	409.005	1719	314551
786.87/787.24	787.221	1718	664994
793.97/794.07	794.055	1717	670975
831.09/831.48	831.457	1716	705223
999.96/1000.03	858307
