3.69/3.74	3.74381	2031	0
3.89/3.96	3.96467	2030	1
4.09/4.19	4.19187	2027	9
4.29/4.41	4.41333	2026	12
4.29/4.63	4.63303	2025	13
4.75/4.85	4.85403	2024	14
4.99/5.07	5.07484	2023	16
5.19/5.29	5.29502	2022	17
5.49/5.51	5.51618	2021	22
5.69/5.74	5.73799	2020	24
5.69/5.96	5.96045	2019	29
5.69/6.18	6.18099	2018	31
6.39/6.40	6.40202	2017	35
6.59/6.62	6.62358	2016	37
6.79/6.84	6.84505	2015	42
6.99/7.06	7.0666	2014	45
7.19/7.29	7.28802	2013	47
7.19/7.50	7.50621	2012	48
7.19/7.72	7.72506	2011	49
7.89/7.94	7.9464	2010	54
8.09/8.17	8.16846	2009	63
8.29/8.39	8.38898	2008	64
8.59/8.60	8.60732	2007	65
8.70/8.82	8.8267	2006	68
8.70/9.04	9.04433	2005	69
9.25/9.26	9.26355	2004	71
9.39/9.48	9.48138	2003	72
9.59/9.70	9.69813	2002	73
9.89/9.92	9.92331	2001	80
10.09/10.14	10.1421	2000	83
10.09/10.36	10.3594	1999	84
10.09/10.57	10.5759	1998	86
10.73/10.79	10.7935	1997	88
10.99/11.01	11.0106	1996	90
11.19/11.22	11.2269	1995	91
11.39/11.44	11.4454	1994	93
11.59/11.66	11.6629	1993	95
11.59/11.88	11.883	1992	99
12.08/12.10	12.1016	1991	103
12.29/12.32	12.3178	1990	104
12.49/12.53	12.5336	1989	108
12.69/12.75	12.7486	1988	109
12.89/12.97	12.9698	1987	115
13.09/13.18	13.186	1986	117
13.09/13.40	13.4008	1985	118
13.59/13.62	13.6197	1984	124
13.79/13.84	13.8394	1983	129
13.99/14.05	14.0561	1982	133
14.19/14.27	14.272	1981	135
14.39/14.48	14.4869	1980	137
14.49/14.70	14.7004	1979	138
14.49/14.91	14.9161	1978	140
14.49/15.13	15.1313	1977	143
15.29/15.35	15.3493	1976	147
15.49/15.56	15.5657	1975	154
15.69/15.78	15.7804	1974	156
15.89/15.99	15.993	1973	157
16.09/16.20	16.2075	1972	159
16.09/16.42	16.4237	1971	162
16.53/16.64	16.6379	1970	165
16.79/16.85	16.8537	1969	170
16.99/17.06	17.0669	1968	172
17.19/17.28	17.2796	1967	173
17.39/17.50	17.498	1966	181
17.49/17.71	17.7147	1965	192
17.49/17.93	17.928	1964	193
18.05/18.14	18.1426	1963	196
18.29/18.36	18.3611	1962	207
18.49/18.57	18.5746	1961	210
18.69/18.79	18.7909	1960	215
18.99/19.00	19.0046	1959	218
18.99/19.21	19.2151	1958	219
18.99/19.43	19.432	1957	225
19.59/19.64	19.6467	1956	229
19.79/19.87	19.8718	1955	244
19.99/20.08	20.0875	1954	250
20.29/20.30	20.2992	1953	253
20.39/20.51	20.5117	1952	256
20.39/20.72	20.7242	1951	259
20.83/20.94	20.9454	1950	270
21.09/21.15	21.1561	1949	272
21.29/21.37	21.3705	1948	276
21.49/21.58	21.5854	1946	287
21.79/21.81	21.8153	1945	309
21.79/22.02	22.0258	1944	311
22.10/22.23	22.2357	1943	313
22.42/22.45	22.4535	1942	321
22.59/22.68	22.6793	1941	338
22.79/22.89	22.8891	1940	339
23.09/23.10	23.1037	1939	347
23.29/23.31	23.3143	1938	350
23.29/23.53	23.528	1937	357
23.29/23.74	23.7423	1936	362
23.89/23.95	23.9498	1935	363
24.09/24.17	24.1718	1934	375
24.29/24.38	24.3834	1933	378
24.49/24.59	24.5956	1932	387
24.69/24.83	24.8309	1931	423
24.69/25.04	25.0381	1929	424
25.18/25.28	25.2806	1928	461
25.39/25.49	25.4907	1927	464
25.69/25.70	25.6998	1926	467
25.89/25.92	25.927	1925	488
26.09/26.14	26.1431	1924	497
26.19/26.35	26.35	1923	498
26.19/26.55	26.5563	1922	499
26.62/26.76	26.7665	1921	503
26.89/26.98	26.9817	1920	512
27.19/27.21	27.2123	1919	536
27.39/27.42	27.4188	1918	537
27.59/27.63	27.6343	1917	547
27.69/27.84	27.84	1916	548
27.69/28.05	28.0506	1915	555
28.25/28.26	28.2617	1914	560
28.39/28.48	28.4806	1913	574
28.59/28.69	28.6892	1912	578
28.89/28.90	28.9032	1911	590
29.09/29.12	29.1192	1910	601
29.09/29.32	29.3242	1909	602
29.09/29.53	29.5321	1908	606
29.71/29.74	29.741	1907	610
29.89/29.96	29.9623	1906	630
30.09/30.17	30.1681	1905	633
30.29/30.37	30.3727	1904	634
30.49/30.58	30.5792	1903	637
30.59/30.80	30.8029	1902	653
30.59/31.01	31.0112	1901	658
31.19/31.22	31.2201	1900	663
31.39/31.42	31.4267	1899	665
31.59/31.63	31.6327	1898	669
31.79/31.84	31.8431	1897	676
31.99/32.05	32.0509	1896	682
31.99/32.27	32.2724	1895	699
31.99/32.47	32.4764	1894	702
32.63/32.68	32.6859	1893	708
32.79/32.89	32.8896	1892	710
33.09/33.10	33.1014	1891	720
33.29/33.33	33.3291	1890	743
33.49/33.54	33.5417	1889	754
33.49/33.75	33.7496	1888	760
33.49/33.95	33.9526	1887	762
34.10/34.16	34.16	1886	768
34.29/34.37	34.3705	1885	775
34.49/34.58	34.5869	1884	793
34.69/34.79	34.7924	1883	797
34.98/35.05	35.0519	1882	855
34.98/35.26	35.2614	1881	864
34.98/35.48	35.4848	1880	896
35.65/35.69	35.687	1879	898
35.88/35.93	35.9352	1878	977
36.08/36.17	36.1766	1877	1028
36.28/36.39	36.3888	1876	1041
36.50/36.61	36.6125	1875	1065
36.50/36.82	36.8185	1874	1072
36.98/37.03	37.0282	1873	1086
37.18/37.25	37.2532	1872	1115
37.38/37.48	37.482	1871	1141
37.58/37.69	37.6919	1870	1153
37.88/37.96	37.9634	1869	1222
37.88/38.18	38.1834	1868	1241
37.88/38.38	38.3849	1867	1244
38.51/38.59	38.592	1866	1252
38.78/38.80	38.8018	1865	1261
38.98/39.02	39.0195	1864	1279
39.18/39.24	39.2371	1863	1295
39.38/39.44	39.4431	1862	1304
39.38/39.65	39.6512	1861	1314
39.86/39.90	39.8995	1860	1364
40.08/40.13	40.13	1859	1396
40.28/40.37	40.3767	1858	1442
40.58/40.61	40.6083	1857	1479
40.78/40.81	40.8135	1856	1485
40.78/41.04	41.0446	1855	1525
40.78/41.25	41.2518	1854	1534
40.78/41.45	41.451	1853	1536
41.58/41.65	41.6491	1852	1538
41.78/41.86	41.8595	1851	1550
41.98/42.07	42.0678	1850	1564
42.18/42.28	42.2854	1849	1586
42.38/42.50	42.5057	1848	1609
42.38/42.73	42.7356	1847	1645
42.95/42.96	42.9617	1846	1670
43.18/43.22	43.2248	1845	1732
43.38/43.49	43.4916	1844	1795
43.68/43.75	43.7529	1843	1853
43.78/43.99	43.9921	1842	1892
43.78/44.22	44.2201	1841	1923
44.40/44.46	44.4615	1840	1968
44.68/44.70	44.6969	1839	2011
44.88/44.90	44.9064	1838	2026
45.08/45.11	45.1121	1837	2036
45.28/45.41	45.4074	1836	2127
45.28/45.63	45.6306	1835	2158
45.76/45.85	45.8525	1834	2187
46.08/46.12	46.119	1833	2250
46.28/46.33	46.3266	1832	2262
46.48/46.54	46.5452	1831	2287
46.68/46.86	46.8585	1830	2402
46.68/47.11	47.1106	1829	2458
47.49/47.52	47.524	1828	2672
47.69/47.77	47.7671	1827	2720
48.09/48.14	48.1453	1826	2896
48.19/48.42	48.422	1825	2982
48.70/48.74	48.7391	1824	3096
48.99/49.04	49.0396	1823	3199
49.49/49.53	49.5333	1822	3483
49.69/49.75	49.7489	1821	3509
49.69/49.97	49.9689	1820	3534
49.69/50.21	50.2138	1819	3582
50.39/50.42	50.4256	1818	3598
50.59/50.63	50.6323	1817	3609
50.89/50.90	50.898	1816	3681
51.09/51.22	51.2245	1815	3797
51.31/51.43	51.4352	1814	3812
51.31/51.69	51.6955	1813	3870
51.89/51.91	51.9107	1812	3890
52.19/52.23	52.2315	1811	4011
52.39/52.45	52.4551	1810	4044
52.69/52.72	52.7209	1809	4109
52.69/53.02	53.0239	1808	4207
53.18/53.23	53.2313	1807	4220
53.39/53.49	53.4905	1806	4280
53.79/53.83	53.8319	1805	4420
54.09/54.14	54.1392	1804	4514
54.09/54.43	54.4264	1803	4612
54.79/54.80	54.8039	1802	4768
54.99/55.00	55.0051	1801	4779
55.49/55.75	55.7491	1800	5264
55.49/55.94	55.9422	1799	5268
56.14/56.15	56.1523	1798	5286
56.39/56.43	56.4304	1797	5369
56.69/56.71	56.7141	1796	5462
56.89/56.97	56.9713	1795	5527
57.45/57.60	57.6028	1794	5930
58.09/58.16	58.1592	1793	6285
58.39/58.48	58.479	1792	6409
58.49/58.91	58.9123	1791	6627
59.19/59.28	59.2765	1790	6785
59.89/60.35	60.3503	1789	7639
60.99/61.09	61.0865	1788	8131
61.39/61.51	61.5143	1787	8366
61.39/61.78	61.7841	1786	8441
62.09/62.13	62.1272	1785	8583
62.29/62.32	62.3232	1784	8591
62.49/62.51	62.5144	1783	8595
62.69/62.70	62.7044	1782	8598
63.79/63.86	63.8635	1781	9442
64.29/64.50	64.5024	1780	9860
65.39/65.44	65.4419	1779	10524
66.03/66.31	66.3126	1778	11125
66.69/66.75	66.7546	1777	11350
67.51/67.65	67.6511	1776	12016
68.69/68.74	68.7448	1775	12863
69.36/69.38	69.3829	1774	13280
69.69/69.78	69.7856	1773	13492
69.99/70.05	70.0513	1772	13571
70.19/70.26	70.2607	1771	13592
71.59/71.61	71.6082	1770	14684
71.69/71.94	71.9435	1769	14830
72.99/73.09	73.0926	1768	15721
75.89/75.96	75.9581	1767	18336
75.99/76.42	76.4198	1766	18602
76.89/76.98	76.9822	1765	18990
77.19/77.21	77.2087	1764	19031
77.59/77.65	77.6492	1763	19270
77.96/78.05	78.0522	1762	19487
78.29/78.39	78.3859	1761	19659
78.89/78.94	78.9366	1760	20012
79.59/79.67	79.6698	1759	20542
80.39/80.68	80.6845	1758	21339
80.39/80.91	80.9103	1757	21380
81.09/81.10	81.0969	1756	21382
84.09/84.17	84.171	1755	24493
84.89/85.31	85.3118	1754	25397
85.49/85.53	85.5337	1753	25439
87.79/88.21	88.2101	1752	27820
88.59/88.64	88.6384	1751	28072
91.79/91.85	91.8507	1750	30935
92.99/93.00	93.0012	1749	31837
94.58/94.67	94.6711	1748	33298
97.28/97.31	97.3119	1747	35556
97.78/97.82	97.8244	1746	35882
102.28/102.36	102.359	1745	40003
103.48/103.50	103.501	1744	40937
106.68/106.72	106.72	1743	43930
107.69/107.79	107.794	1742	44795
108.69/108.77	108.775	1741	45530
110.29/110.35	110.354	1740	46774
111.09/111.39	111.387	1739	47558
113.99/114.00	114.004	1738	49728
118.29/118.30	118.295	1737	53437
120.89/120.91	120.906	1736	55697
126.79/126.89	126.893	1735	61032
141.88/141.99	141.993	1734	74728
153.48/153.50	153.498	1733	85461
157.89/158.18	158.175	1732	89687
158.58/158.65	158.644	1731	89955
162.91/163.02	163.016	1730	93974
163.48/163.53	163.529	1729	94288
172.59/173.00	172.998	1728	103016
173.78/173.86	173.857	1727	103644
199.49/199.53	199.524	1726	127291
222.88/222.90	222.893	1725	148533
227.88/227.94	227.933	1724	153126
228.20/228.33	228.322	1723	153335
231.68/231.72	231.714	1722	156411
254.39/254.77	254.766	1721	177870
287.08/287.15	287.145	1720	208444
293.78/293.87	293.866	1719	214710
294.68/294.77	294.763	1718	215403
296.38/296.40	296.395	1717	216849
391.58/391.86	391.85	1716	308385
432.08/432.17	432.156	1715	347118
500.77/500.80	500.789	1714	411831
505.98/506.08	506.067	1713	416741
523.98/524.07	524.06	1712	433589
560.67/560.97	560.958	1711	467870
708.07/708.19	708.17	1710	605538
999.96/1000.03	880671
