3.68/3.74	3.74562	2026	0
3.88/3.97	3.97304	2025	2
3.88/4.20	4.19908	2024	4
4.36/4.42	4.42006	2023	5
4.59/4.64	4.64019	2022	6
4.78/4.86	4.86718	2021	12
4.98/5.09	5.0898	2020	13
5.28/5.31	5.30995	2019	14
5.38/5.53	5.53031	2018	16
5.38/5.75	5.75172	2017	18
5.38/5.97	5.97428	2016	22
6.10/6.19	6.19469	2015	23
6.38/6.42	6.42346	2014	32
6.58/6.64	6.64334	2013	33
6.78/6.86	6.86253	2012	34
6.88/7.08	7.0838	2011	37
6.88/7.30	7.30275	2010	38
7.44/7.52	7.52224	2009	39
7.68/7.74	7.74083	2008	40
7.88/7.96	7.96101	2007	42
8.08/8.18	8.18437	2006	44
8.38/8.40	8.40684	2005	54
8.38/8.62	8.62688	2003	56
8.38/8.84	8.84527	2002	59
8.38/9.07	9.07417	2001	65
9.20/9.29	9.29304	2000	68
9.49/9.51	9.51022	1999	69
9.69/9.73	9.7285	1998	70
9.89/9.94	9.9459	1997	71
10.10/10.16	10.1646	1996	73
10.10/10.38	10.3852	1995	76
10.57/10.60	10.605	1994	79
10.79/10.82	10.8218	1993	80
10.99/11.04	11.0389	1992	81
11.19/11.25	11.2555	1991	82
11.39/11.47	11.4728	1990	86
11.49/11.69	11.6924	1989	90
11.49/11.91	11.9082	1988	91
12.11/12.12	12.125	1987	92
12.29/12.34	12.3404	1986	93
12.49/12.55	12.5557	1985	94
12.69/12.77	12.7731	1984	97
12.89/12.99	12.9916	1983	100
12.99/13.21	13.2104	1982	106
12.99/13.42	13.4256	1981	107
13.42/13.64	13.641	1980	108
13.79/13.86	13.8629	1979	116
13.99/14.08	14.0797	1978	118
14.19/14.29	14.2972	1977	122
14.49/14.51	14.5173	1976	127
14.49/14.73	14.7372	1975	133
14.49/14.95	14.9511	1974	134
15.09/15.16	15.166	1973	135
15.29/15.38	15.3845	1972	140
15.59/15.60	15.6042	1971	146
15.79/15.81	15.8174	1970	147
15.89/16.03	16.0317	1969	148
15.89/16.24	16.2455	1968	149
16.39/16.46	16.4651	1967	160
16.59/16.68	16.6862	1966	166
16.89/16.90	16.8996	1965	167
17.09/17.12	17.1179	1964	173
17.29/17.33	17.3314	1963	174
17.39/17.54	17.5439	1962	175
17.39/17.76	17.7601	1961	178
17.86/17.97	17.9759	1960	187
18.09/18.19	18.1939	1959	200
18.39/18.40	18.407	1958	202
18.59/18.62	18.6244	1957	210
18.79/18.84	18.8408	1956	214
18.79/19.05	19.0541	1955	215
18.79/19.27	19.2682	1954	218
19.45/19.48	19.4795	1953	219
19.59/19.69	19.691	1952	220
19.89/19.91	19.9112	1951	234
20.09/20.12	20.1265	1950	242
20.29/20.34	20.3432	1949	249
20.29/20.55	20.5546	1948	251
20.75/20.77	20.7676	1947	255
20.90/20.98	20.9818	1946	261
21.09/21.19	21.1925	1945	262
21.39/21.41	21.4086	1944	268
21.59/21.62	21.6219	1943	270
21.79/21.83	21.8322	1942	272
21.79/22.07	22.068	1941	299
21.79/22.28	22.2784	1940	300
22.39/22.49	22.4907	1939	303
22.69/22.70	22.7022	1938	305
22.89/22.92	22.9181	1937	312
23.09/23.13	23.1323	1936	317
23.19/23.34	23.3417	1935	319
23.19/23.55	23.5531	1934	326
23.69/23.76	23.7629	1933	327
23.89/23.97	23.9736	1932	329
24.09/24.18	24.1869	1931	334
24.29/24.39	24.3969	1930	337
24.59/24.61	24.6083	1929	341
24.69/24.82	24.8202	1928	344
24.69/25.03	25.0301	1927	346
25.18/25.24	25.2422	1926	350
25.39/25.45	25.4565	1925	359
25.59/25.66	25.6659	1924	361
25.79/25.88	25.8832	1923	370
25.99/26.09	26.095	1922	373
26.09/26.31	26.3132	1921	390
26.09/26.52	26.5214	1920	392
26.61/26.73	26.7366	1919	401
26.89/26.95	26.9542	1918	413
27.09/27.17	27.1719	1917	426
27.29/27.38	27.3821	1916	435
27.49/27.59	27.5962	1915	441
27.59/27.82	27.8176	1914	458
27.59/28.02	28.0265	1913	461
28.16/28.23	28.2364	1912	464
28.39/28.44	28.4473	1911	469
28.59/28.65	28.6538	1910	470
28.79/28.86	28.8638	1909	474
28.99/29.08	29.0808	1908	486
29.09/29.30	29.3072	1907	514
29.09/29.51	29.5153	1906	518
29.69/29.72	29.721	1905	519
29.89/29.92	29.9266	1904	520
30.09/30.14	30.143	1903	535
30.29/30.35	30.3482	1902	536
30.49/30.56	30.5665	1901	552
30.49/30.78	30.7839	1900	564
30.49/30.99	30.9909	1899	568
31.16/31.19	31.1965	1898	569
31.39/31.40	31.4016	1897	571
31.59/31.60	31.6064	1896	572
31.79/31.82	31.8224	1895	582
31.99/32.03	32.0331	1894	592
31.99/32.24	32.2392	1893	596
31.99/32.44	32.4458	1892	599
32.62/32.67	32.6681	1891	617
32.79/32.87	32.8745	1890	623
32.99/33.08	33.081	1889	626
33.19/33.29	33.2877	1888	631
33.49/33.50	33.4997	1887	638
33.49/33.70	33.707	1886	643
33.49/33.91	33.9117	1885	647
34.10/34.12	34.119	1884	651
34.29/34.32	34.3236	1883	653
34.49/34.55	34.5511	1882	675
34.69/34.76	34.7641	1881	690
34.89/34.98	34.9836	1880	708
34.99/35.22	35.2238	1879	753
35.43/35.44	35.4399	1878	765
35.59/35.64	35.6436	1877	768
35.79/35.85	35.8516	1876	775
35.99/36.08	36.085	1875	804
36.29/36.30	36.302	1874	826
36.39/36.51	36.5081	1873	831
36.39/36.73	36.7345	1872	858
36.89/36.94	36.942	1871	866
37.09/37.15	37.1472	1870	871
37.29/37.35	37.3477	1869	872
37.49/37.55	37.5482	1868	873
37.69/37.78	37.7799	1867	902
37.89/38.00	38.0003	1866	921
37.89/38.23	38.2284	1865	950
38.40/38.45	38.4554	1864	977
38.59/38.69	38.6914	1863	1010
38.79/38.89	38.8933	1862	1012
39.09/39.10	39.107	1861	1022
39.29/39.32	39.3214	1860	1036
39.39/39.52	39.5266	1859	1043
39.39/39.73	39.7348	1858	1054
39.39/39.94	39.9374	1857	1058
40.09/40.18	40.1815	1856	1102
40.39/40.43	40.4369	1855	1157
40.59/40.66	40.6581	1854	1176
40.79/40.89	40.8874	1853	1212
40.89/41.14	41.1401	1852	1262
40.89/41.36	41.3588	1851	1287
41.59/41.60	41.5986	1850	1323
41.79/41.83	41.8293	1849	1355
41.99/42.09	42.0873	1848	1412
42.19/42.29	42.2959	1847	1424
42.29/42.53	42.5319	1846	1459
42.29/42.73	42.7312	1845	1461
42.91/42.94	42.9406	1844	1472
43.19/43.26	43.2579	1843	1592
43.39/43.48	43.4798	1842	1621
43.59/43.68	43.6843	1841	1628
43.79/43.88	43.8816	1840	1629
43.79/44.14	44.1404	1839	1679
44.25/44.38	44.3803	1838	1719
44.49/44.59	44.5892	1837	1730
44.79/44.83	44.8333	1836	1769
45.19/45.20	45.1987	1835	1923
45.29/45.43	45.4324	1834	1960
45.77/45.83	45.8288	1833	2141
45.99/46.03	46.0276	1832	2144
46.29/46.36	46.3655	1831	2273
46.69/46.73	46.7307	1830	2428
46.69/47.02	47.0263	1829	2522
47.21/47.28	47.2832	1828	2575
47.49/47.50	47.5017	1827	2598
47.69/47.76	47.7644	1826	2662
47.89/47.96	47.9635	1825	2667
48.19/48.29	48.2946	1824	2791
48.19/48.64	48.6464	1823	2938
48.83/48.84	48.8457	1822	2942
48.99/49.07	49.067	1821	2966
49.29/49.37	49.3739	1820	3076
49.59/49.67	49.6719	1819	3183
49.69/50.03	50.0312	1818	3327
50.12/50.25	50.2479	1817	3347
50.39/50.47	50.4672	1816	3370
50.59/50.67	50.6738	1815	3381
50.89/50.95	50.9563	1814	3461
51.09/51.59	51.5934	1813	3889
51.89/51.90	51.9051	1812	3990
52.09/52.15	52.1556	1811	4040
52.39/52.47	52.4731	1810	4154
52.59/52.68	52.6798	1809	4169
53.49/53.50	53.5047	1808	4788
54.19/54.31	54.3082	1807	5374
55.09/55.12	55.1202	1806	5958
55.39/55.40	55.3999	1805	6046
55.59/55.81	55.8165	1804	6248
55.59/56.02	56.0206	1803	6257
56.39/56.40	56.4037	1802	6437
56.69/56.79	56.7958	1801	6628
57.09/57.20	57.2022	1800	6824
57.09/57.44	57.4377	1799	6865
57.79/57.86	57.8662	1798	7086
58.09/58.18	58.1804	1797	7216
58.49/58.58	58.5858	1796	7420
58.49/59.04	59.0366	1795	7659
59.79/59.84	59.8416	1794	8248
59.99/60.19	60.1874	1793	8387
59.99/60.39	60.3943	1792	8401
61.29/61.37	61.3693	1791	9113
61.49/61.56	61.5645	1790	9119
61.49/61.76	61.7595	1789	9127
62.29/62.31	62.3157	1788	9483
62.59/62.60	62.6046	1787	9571
63.99/64.04	64.0385	1786	10750
64.19/64.24	64.2437	1785	10763
64.50/64.62	64.6207	1784	10936
64.50/64.89	64.8934	1783	11022
65.59/65.65	65.6515	1782	11516
65.89/65.94	65.9404	1781	11617
65.89/66.16	66.161	1780	11647
66.99/67.03	67.0276	1779	12294
67.39/67.73	67.729	1778	12764
67.99/68.05	68.0528	1777	12885
68.19/68.27	68.272	1776	12915
68.69/68.77	68.775	1775	13205
69.28/69.43	69.4283	1774	13641
69.89/69.97	69.9752	1773	13962
70.29/70.33	70.3314	1772	14115
70.29/70.59	70.5906	1771	14179
70.99/71.01	71.0063	1770	14385
72.50/72.56	72.5589	1769	15662
72.99/73.09	73.0905	1768	15980
73.79/73.89	73.8949	1767	16550
74.59/74.93	74.9318	1766	17354
75.59/75.67	75.6677	1765	17843
75.88/75.90	75.8967	1764	17883
76.08/76.19	76.1943	1763	17981
77.28/77.36	77.3626	1762	18905
78.98/79.15	79.1532	1761	20413
79.78/79.83	79.8336	1760	20866
79.98/80.03	80.0351	1759	20879
81.28/81.36	81.3652	1758	21989
81.68/81.77	81.7746	1757	22199
81.88/82.14	82.1408	1756	22371
82.58/82.61	82.6104	1755	22641
83.28/83.36	83.3591	1754	23217
83.39/83.57	83.5736	1753	23243
86.99/87.02	87.0158	1752	26352
90.09/90.12	90.1176	1751	29129
90.79/91.09	91.0917	1750	29881
91.49/91.50	91.5023	1749	30094
91.99/92.07	92.0732	1748	30451
92.19/92.56	92.5576	1747	30736
92.65/92.76	92.7557	1746	30752
92.89/92.98	92.9855	1745	30795
102.39/102.59	102.593	1744	39488
106.79/107.01	107.008	1743	43452
107.25/107.29	107.288	1742	43547
109.58/109.67	109.674	1741	45608
111.19/111.49	111.487	1740	47518
112.09/112.11	112.106	1739	47940
127.39/127.56	127.559	1738	62797
128.09/128.13	128.127	1737	63147
129.89/129.91	129.91	1736	64667
133.74/133.85	133.85	1735	68239
135.69/135.75	135.753	1734	69844
141.48/141.55	141.554	1733	75054
146.09/146.12	146.121	1732	79119
149.89/149.91	149.913	1731	82474
150.60/150.80	150.794	1730	83121
154.98/155.30	155.301	1729	87104
164.68/164.73	164.728	1728	95751
165.38/165.63	165.625	1727	96427
166.08/166.13	166.133	1726	96700
171.08/171.11	171.104	1725	101260
172.48/172.51	172.504	1724	102425
172.68/172.73	172.724	1723	102463
175.58/175.65	175.648	1722	105102
176.98/177.02	177.014	1721	106191
213.79/213.96	213.953	1720	141449
371.58/372.05	372.046	1719	290475
377.28/377.32	377.31	1718	295491
378.24/378.26	378.252	1717	296199
384.01/384.24	384.235	1716	301718
399.88/399.96	399.955	1715	316482
427.98/428.09	428.08	1714	343166
451.28/451.39	451.383	1713	366461
505.57/505.66	505.652	1712	417427
918.26/918.64	918.623	1711	804154
999.97/1000.02	879469
