3.80/3.86	3.86099	2031	0
3.80/4.08	4.08489	2030	1
4.21/4.31	4.30754	2029	3
4.49/4.53	4.53482	2027	7
4.69/4.75	4.7558	2026	8
4.89/4.99	4.98818	2025	18
5.19/5.21	5.21702	2024	22
5.19/5.44	5.44195	2023	27
5.19/5.66	5.66558	2022	30
5.80/5.88	5.8866	2021	31
6.09/6.11	6.10797	2020	32
6.29/6.34	6.33813	2019	33
6.49/6.56	6.56489	2018	35
6.69/6.79	6.79705	2017	38
6.69/7.02	7.02439	2016	41
6.69/7.24	7.24417	2015	42
7.39/7.46	7.46471	2014	43
7.69/7.70	7.70092	2013	51
7.89/7.92	7.92445	2012	52
8.09/8.14	8.14381	2011	53
8.19/8.37	8.36814	2010	58
8.19/8.60	8.6001	2009	61
8.79/8.82	8.82296	2008	62
8.99/9.04	9.04219	2007	63
9.19/9.26	9.26311	2006	65
9.39/9.48	9.48609	2005	67
9.59/9.70	9.705	2004	68
9.59/9.93	9.93255	2003	69
9.59/10.16	10.1607	2002	74
10.35/10.39	10.3934	2001	79
10.59/10.61	10.6165	2000	80
10.79/10.84	10.8445	1999	82
10.99/11.07	11.0711	1998	86
11.22/11.30	11.3004	1997	89
11.22/11.52	11.5227	1996	90
11.65/11.75	11.7494	1995	91
11.89/11.97	11.9722	1994	94
12.19/12.20	12.199	1993	103
12.39/12.41	12.4167	1992	105
12.59/12.63	12.6359	1991	107
12.69/12.85	12.8567	1990	110
12.69/13.07	13.0761	1989	112
13.29/13.30	13.2981	1988	119
13.49/13.52	13.5175	1987	124
13.69/13.74	13.7397	1986	132
13.89/13.96	13.9589	1985	134
14.09/14.18	14.1849	1984	135
14.09/14.40	14.4048	1983	137
14.55/14.62	14.6198	1982	138
14.79/14.83	14.8353	1981	140
14.99/15.06	15.0597	1980	141
15.29/15.30	15.3027	1979	167
15.49/15.52	15.5178	1978	168
15.49/15.73	15.7322	1977	169
15.49/15.95	15.9491	1976	173
16.09/16.16	16.1666	1975	176
16.29/16.38	16.3804	1974	177
16.59/16.60	16.5997	1973	183
16.79/16.82	16.8231	1972	184
16.99/17.06	17.059	1971	200
16.99/17.27	17.273	1970	202
17.41/17.49	17.492	1969	215
17.69/17.71	17.71	1968	219
17.89/17.93	17.9327	1967	230
18.09/18.15	18.149	1966	231
18.29/18.37	18.3692	1965	233
18.39/18.59	18.5879	1964	236
18.39/18.81	18.8152	1963	244
18.98/19.03	19.0345	1962	247
19.19/19.25	19.2476	1961	249
19.39/19.46	19.4614	1960	252
19.59/19.69	19.6888	1959	269
19.89/19.90	19.9064	1958	276
19.89/20.13	20.1342	1957	283
20.33/20.36	20.3631	1956	297
20.49/20.57	20.5754	1955	298
20.69/20.79	20.7921	1954	304
20.99/21.01	21.0143	1953	314
21.19/21.22	21.2249	1952	315
21.29/21.43	21.4363	1951	316
21.29/21.65	21.6508	1950	319
21.77/21.86	21.861	1949	320
21.99/22.07	22.0729	1948	321
22.19/22.29	22.2941	1947	335
22.49/22.51	22.507	1946	337
22.69/22.72	22.7209	1945	342
22.79/22.93	22.9364	1944	347
22.79/23.15	23.1498	1943	351
23.30/23.36	23.361	1942	353
23.49/23.57	23.5716	1941	354
23.69/23.79	23.7954	1940	366
23.99/24.01	24.0086	1939	372
24.19/24.22	24.2175	1938	373
24.29/24.46	24.4574	1937	405
24.29/24.68	24.6799	1936	418
24.89/24.90	24.9021	1935	430
25.09/25.12	25.1224	1934	440
25.29/25.33	25.334	1933	444
25.49/25.54	25.5444	1932	446
25.69/25.77	25.7748	1931	467
25.69/25.98	25.9854	1930	470
25.69/26.20	26.2	1929	478
26.39/26.42	26.4176	1928	487
26.59/26.64	26.6371	1927	500
26.79/26.85	26.8482	1926	504
26.99/27.06	27.06	1925	511
27.19/27.27	27.2753	1924	520
27.19/27.49	27.4881	1923	525
27.19/27.69	27.6949	1922	526
27.89/27.90	27.9015	1921	527
28.09/28.11	28.113	1920	532
28.29/28.32	28.3198	1919	533
28.49/28.53	28.5341	1918	542
28.69/28.74	28.7421	1917	544
28.69/28.95	28.9525	1916	547
28.69/29.16	29.1627	1915	550
29.29/29.37	29.3731	1914	555
29.49/29.58	29.58	1913	556
29.79/29.80	29.8003	1912	569
29.99/30.00	30.0059	1911	570
30.09/30.21	30.2156	1910	577
30.09/30.44	30.4397	1909	597
30.09/30.67	30.6712	1908	621
30.79/30.88	30.8811	1906	629
30.99/31.09	31.0892	1905	632
31.19/31.29	31.2955	1904	634
31.49/31.52	31.5205	1903	652
31.59/31.73	31.7331	1902	660
31.59/31.94	31.9414	1901	664
32.12/32.15	32.1553	1900	673
32.29/32.36	32.3648	1899	681
32.49/32.57	32.5747	1898	689
32.69/32.79	32.7898	1897	699
32.99/33.01	33.0121	1896	716
33.09/33.22	33.2175	1895	718
33.09/33.45	33.4551	1894	749
33.65/33.67	33.6664	1893	757
33.79/33.88	33.8827	1892	770
34.09/34.10	34.1028	1891	784
34.29/34.31	34.3127	1890	794
34.49/34.52	34.5171	1889	796
34.49/34.72	34.7224	1888	799
34.49/34.94	34.942	1887	815
35.12/35.16	35.1603	1886	830
35.29/35.37	35.3705	1885	839
35.49/35.58	35.5802	1884	846
35.79/35.80	35.7985	1883	861
35.99/36.01	36.0122	1882	872
36.10/36.30	36.3032	1881	964
36.10/36.51	36.5145	1880	973
36.69/36.72	36.7163	1879	974
36.89/36.93	36.9327	1878	987
37.09/37.14	37.1409	1877	992
37.29/37.35	37.3561	1876	1005
37.49/37.56	37.5635	1875	1010
37.49/37.77	37.769	1874	1015
37.97/37.98	37.9771	1873	1021
38.10/38.19	38.1911	1872	1034
38.29/38.39	38.3955	1871	1038
38.59/38.63	38.6287	1870	1072
38.79/38.83	38.8319	1869	1076
38.89/39.10	39.1008	1868	1138
38.89/39.31	39.3106	1867	1150
38.89/39.51	39.5115	1866	1151
39.69/39.71	39.715	1865	1155
39.89/39.92	39.9245	1864	1166
40.09/40.15	40.1487	1863	1192
40.29/40.35	40.3501	1862	1196
40.51/40.57	40.5726	1861	1220
40.51/40.77	40.7751	1860	1226
40.99/41.00	41.0004	1859	1249
41.19/41.22	41.2168	1858	1267
41.39/41.42	41.4172	1857	1271
41.59/41.63	41.6262	1856	1283
41.79/41.83	41.8328	1855	1291
41.89/42.04	42.0421	1854	1301
41.89/42.24	42.2402	1853	1302
41.89/42.45	42.4503	1852	1314
42.59/42.65	42.6509	1851	1317
42.79/42.87	42.8718	1850	1339
42.99/43.08	43.0784	1849	1347
43.29/43.30	43.3001	1848	1369
43.39/43.50	43.5003	1847	1372
43.39/43.72	43.7245	1846	1396
43.90/43.95	43.9499	1845	1422
44.09/44.16	44.1654	1844	1438
44.29/44.38	44.3779	1843	1454
44.49/44.58	44.5772	1842	1458
44.69/44.79	44.7898	1841	1476
44.89/45.01	45.0092	1840	1497
44.89/45.21	45.2113	1839	1502
45.35/45.43	45.4358	1838	1529
45.59/45.69	45.6861	1837	1583
45.89/45.90	45.8963	1836	1595
46.09/46.14	46.1457	1835	1644
46.29/46.38	46.3839	1834	1681
46.29/46.64	46.6412	1833	1743
46.29/46.91	46.9131	1832	1820
47.09/47.15	47.1479	1831	1853
47.29/47.36	47.3655	1830	1873
47.49/47.57	47.5755	1829	1888
47.69/47.77	47.771	1828	1890
47.90/48.05	48.0555	1827	1971
47.90/48.40	48.398	1826	2123
48.59/48.63	48.63	1825	2160
48.79/48.86	48.8651	1824	2196
49.09/49.17	49.1676	1823	2304
49.40/49.73	49.7354	1822	2668
49.89/49.98	49.9804	1821	2716
50.29/50.30	50.301	1820	2833
50.49/50.58	50.5821	1819	2912
50.79/50.95	50.9468	1818	3070
51.23/51.34	51.3457	1817	3245
51.49/51.57	51.5733	1816	3279
51.79/51.89	51.8957	1815	3394
52.19/52.20	52.1982	1814	3494
52.19/52.55	52.5482	1813	3639
52.99/53.04	53.0423	1812	3907
53.29/53.39	53.3921	1811	4052
53.59/53.60	53.6042	1810	4071
53.69/54.04	54.0436	1809	4282
54.39/54.41	54.4058	1808	4450
54.59/54.60	54.6001	1807	4452
54.79/54.89	54.8892	1806	4543
56.39/56.49	56.4947	1805	5802
56.59/56.90	56.902	1804	5994
57.08/57.10	57.1041	1803	6004
57.29/57.31	57.3123	1802	6021
58.99/59.05	59.0507	1801	7427
59.29/59.33	59.3269	1800	7511
59.59/59.75	59.7473	1799	7734
59.59/59.96	59.9618	1798	7758
60.29/60.34	60.3444	1797	7930
60.49/60.54	60.5451	1796	7939
60.69/60.74	60.74	1795	7943
60.89/60.98	60.9811	1794	7990
60.99/61.33	61.3299	1793	8126
61.89/61.90	61.9046	1792	8461
62.29/62.36	62.358	1791	8697
63.29/63.38	63.3797	1790	9483
63.69/63.70	63.7008	1789	9603
63.99/64.11	64.1114	1788	9805
64.79/64.83	64.8346	1787	10281
66.29/66.36	66.3597	1786	11462
66.59/66.62	66.6216	1785	11525
66.89/66.92	66.924	1784	11622
66.89/67.13	67.1307	1783	11637
67.69/67.75	67.749	1782	12019
68.61/68.79	68.7951	1781	12766
69.89/70.04	70.0442	1780	13696
70.55/70.56	70.5653	1779	13996
70.69/70.79	70.786	1778	14025
71.09/71.16	71.1561	1777	14207
72.19/72.25	72.2544	1776	15035
72.39/72.49	72.4915	1775	15079
74.08/74.10	74.0987	1774	16369
74.18/74.29	74.2948	1773	16379
76.31/76.33	76.3294	1772	18048
76.58/76.66	76.6646	1771	18193
76.98/77.01	77.0071	1770	18335
77.61/77.64	77.6434	1769	18744
78.38/78.46	78.4565	1768	19329
79.38/79.41	79.4083	1767	20040
79.68/79.73	79.7279	1766	20161
79.98/80.05	80.0485	1765	20280
80.54/80.62	80.6168	1764	20616
82.18/82.20	82.1986	1763	21821
83.50/83.59	83.5937	1762	22942
83.79/83.82	83.8235	1761	22985
85.89/85.99	85.988	1760	24779
86.51/86.51	86.5146	1759	25096
86.69/86.74	86.7404	1758	25139
87.09/87.12	87.1201	1757	25310
87.29/87.38	87.3788	1756	25372
87.89/87.93	87.934	1755	25689
90.44/90.56	90.5639	1754	27818
91.79/92.01	92.0074	1753	28976
94.49/94.51	94.5119	1752	31082
99.09/99.55	99.5445	1751	35516
99.57/99.81	99.8123	1750	35598
100.59/100.65	100.654	1749	36223
102.09/102.58	102.58	1748	37830
106.49/106.53	106.526	1747	41223
108.69/108.75	108.746	1746	43045
110.39/110.40	110.403	1745	44408
110.79/110.81	110.814	1744	44612
112.29/112.55	112.551	1743	46128
113.49/113.59	113.585	1742	46943
119.69/119.82	119.817	1741	52472
120.39/120.49	120.493	1740	52928
124.09/124.37	124.365	1739	56315
124.89/124.95	124.951	1738	56711
125.39/125.41	125.41	1737	56978
126.78/126.81	126.812	1736	58187
128.18/128.27	128.271	1735	59492
152.98/153.00	153	1734	82485
156.28/156.33	156.325	1733	85499
173.99/174.00	174.001	1732	101659
174.79/174.86	174.853	1731	102277
184.99/185.07	185.067	1730	111713
190.88/190.92	190.913	1729	117033
209.09/209.19	209.186	1728	134127
214.68/214.76	214.753	1727	139174
216.28/216.34	216.339	1726	140489
229.79/230.38	230.373	1725	153757
255.58/255.67	255.662	1724	177281
262.98/263.05	263.044	1723	184171
272.08/272.10	272.092	1722	192728
286.98/287.05	287.044	1721	206799
288.78/289.04	289.03	1720	208537
301.05/301.07	301.062	1719	219704
437.48/437.53	437.516	1718	347260
449.07/449.14	449.122	1717	357887
479.87/479.98	479.966	1716	386955
737.27/737.43	737.413	1715	625463
827.29/827.38	827.354	1714	709140
828.86/828.97	828.943	1713	710477
831.07/831.42	831.399	1712	712585
999.96/1000.03	869984
