1.57/1.60	1.59502	353	0
1.57/1.60	1.59561	352	2
1.57/1.60	1.59626	351	5
1.57/1.61	1.59668	350	7
1.57/1.61	1.5976	349	13
1.57/1.61	1.59799	348	15
1.57/1.61	1.59934	347	22
1.57/1.61	1.60109	345	30
1.57/1.61	1.6037	344	40
1.57/1.61	1.60503	342	46
1.57/1.61	1.60593	341	51
1.57/1.62	1.60717	340	57
1.57/1.62	1.6082	339	63
1.57/1.62	1.60929	338	70
1.57/1.62	1.60994	337	73
1.57/1.62	1.61101	336	80
1.57/1.62	1.61456	335	93
1.57/1.62	1.61604	334	98
1.57/1.63	1.61699	333	103
1.57/1.63	1.61784	332	108
1.57/1.63	1.61893	331	115
1.57/1.63	1.62031	330	121
1.57/1.63	1.62241	329	130
1.57/1.63	1.62474	328	139
1.57/1.64	1.62759	327	150
1.57/1.64	1.62857	326	156
1.57/1.64	1.6305	325	168
1.57/1.64	1.63235	324	179
1.57/1.64	1.63362	323	184
1.57/1.64	1.635	322	192
1.57/1.65	1.63707	321	205
1.57/1.65	1.64038	320	226
1.57/1.65	1.64349	319	237
1.57/1.65	1.64449	318	243
1.57/1.65	1.6453	317	248
1.57/1.66	1.6482	316	259
1.57/1.66	1.65232	315	285
1.57/1.66	1.65551	314	299
1.57/1.67	1.65642	313	304
1.57/1.67	1.65945	312	316
1.57/1.67	1.66118	311	321
1.57/1.67	1.66535	310	347
1.57/1.68	1.66779	309	365
1.57/1.69	1.68038	308	409
1.57/1.69	1.6825	307	422
1.57/1.70	1.68636	306	438
1.67/1.70	1.68776	305	447
1.67/1.70	1.69286	304	483
1.67/1.70	1.69586	303	499
1.67/1.71	1.69758	302	507
1.67/1.71	1.70108	301	534
1.67/1.72	1.70945	300	582
1.67/1.72	1.71146	299	594
1.67/1.72	1.71256	298	601
1.67/1.73	1.71938	297	634
1.67/1.73	1.72176	296	651
1.67/1.73	1.72443	295	664
1.67/1.74	1.72798	294	685
1.67/1.74	1.73215	293	704
1.67/1.75	1.74091	292	760
1.67/1.76	1.75	291	829
1.67/1.76	1.75132	290	837
1.67/1.76	1.75614	289	862
1.67/1.77	1.75818	288	875
1.67/1.78	1.77489	287	992
1.67/1.79	1.77753	286	1003
1.77/1.81	1.79931	285	1146
1.77/1.81	1.80565	284	1179
1.77/1.82	1.80966	283	1205
1.77/1.83	1.81658	282	1256
1.77/1.84	1.82631	281	1318
1.77/1.84	1.83069	280	1329
1.77/1.86	1.85193	279	1455
1.77/1.87	1.85746	278	1480
1.77/1.88	1.86688	277	1511
1.77/1.88	1.87159	276	1525
1.87/1.94	1.92784	275	1840
1.87/1.95	1.93778	274	1898
1.87/1.96	1.94784	273	1958
1.87/1.99	1.98308	272	2209
1.98/2.01	1.99969	271	2310
1.98/2.02	2.01204	270	2352
1.98/2.03	2.01758	269	2365
1.98/2.04	2.02844	268	2430
2.28/2.40	2.39504	267	5211
2.28/2.51	2.50176	266	5883
2.76/2.86	2.85605	265	8583
2.98/3.01	3.00579	264	9703
3.28/3.37	3.36602	263	12509
3.68/4.09	4.0786	262	17489
3.68/4.12	4.10678	261	17660
3.68/4.17	4.15656	260	17959
3.68/4.18	4.17517	259	18063
4.78/4.86	4.84989	258	23327
5.74/5.84	5.82753	257	30457
6.68/6.76	6.74683	256	37194
8.97/9.06	9.05234	255	53035
9.57/9.69	9.68216	254	57106
9.67/9.70	9.68909	253	57162
9.67/9.78	9.77015	252	57543
9.67/9.87	9.86495	251	57953
9.67/9.92	9.91505	250	58203
9.67/9.96	9.94613	249	58337
9.67/10.22	10.208	248	59791
10.24/10.32	10.3073	247	60393
10.87/10.99	10.9815	246	64332
15.68/15.86	15.8527	245	95678
18.68/18.80	18.7933	244	112159
18.68/19.21	19.1957	243	114734
19.58/19.66	19.6474	242	117741
57.28/57.33	57.3148	241	297674
62.48/62.59	62.5844	240	330754
935.63/935.72	935.666	239	3736674
