1.60/1.69	1.69394	351	0
1.60/1.69	1.69585	350	8
1.60/1.70	1.69798	349	17
1.60/1.70	1.69891	348	22
1.60/1.70	1.69928	347	23
1.60/1.70	1.7003	346	27
1.60/1.70	1.70072	345	29
1.60/1.70	1.70316	343	37
1.60/1.70	1.70386	342	40
1.60/1.70	1.70459	341	44
1.60/1.70	1.70671	340	52
1.60/1.70	1.70718	339	54
1.60/1.71	1.70888	337	62
1.60/1.71	1.71349	336	75
1.60/1.71	1.71418	335	79
1.60/1.71	1.71569	334	87
1.60/1.72	1.71782	333	98
1.60/1.72	1.72053	332	105
1.60/1.72	1.72255	331	112
1.60/1.72	1.72449	330	121
1.60/1.72	1.72667	329	131
1.60/1.73	1.72741	328	135
1.60/1.73	1.73013	327	146
1.60/1.73	1.73121	326	152
1.60/1.73	1.73208	325	158
1.60/1.73	1.7332	324	164
1.60/1.73	1.73656	323	177
1.60/1.74	1.73833	322	185
1.60/1.74	1.7398	321	191
1.60/1.74	1.74155	320	202
1.60/1.74	1.74602	319	213
1.75/1.75	1.75232	318	242
1.75/1.75	1.75334	317	248
1.75/1.75	1.75539	316	259
1.75/1.75	1.75668	315	266
1.75/1.76	1.75769	314	273
1.75/1.76	1.76035	313	286
1.75/1.76	1.76242	312	293
1.75/1.76	1.76557	311	309
1.75/1.77	1.77142	310	338
1.75/1.77	1.77491	309	359
1.75/1.78	1.78002	308	377
1.75/1.78	1.78289	307	395
1.75/1.78	1.78461	306	404
1.75/1.79	1.78752	305	420
1.75/1.79	1.79009	304	435
1.75/1.79	1.79252	303	450
1.75/1.79	1.79588	302	471
1.80/1.80	1.79813	301	486
1.80/1.80	1.80171	300	496
1.80/1.80	1.80549	299	521
1.80/1.81	1.80925	298	538
1.80/1.82	1.82012	297	616
1.80/1.82	1.82091	296	619
1.80/1.82	1.82431	295	636
1.80/1.83	1.82826	294	656
1.80/1.83	1.83401	293	681
1.80/1.83	1.83696	292	693
1.80/1.85	1.85529	291	820
1.80/1.86	1.85952	290	842
1.80/1.86	1.86166	289	855
1.80/1.87	1.86921	288	904
1.80/1.87	1.8728	287	916
1.80/1.87	1.87555	286	931
1.80/1.89	1.89237	285	1013
1.89/1.90	1.90464	284	1078
1.89/1.91	1.91146	283	1123
1.89/1.94	1.9377	282	1261
1.89/1.95	1.95308	281	1357
1.89/1.96	1.96544	280	1433
1.99/2.01	2.01086	279	1684
1.99/2.06	2.06541	278	1981
1.99/2.07	2.07079	277	2014
2.09/2.10	2.09899	276	2208
2.09/2.10	2.10045	275	2213
2.19/2.20	2.19981	274	2833
2.19/2.21	2.21153	273	2857
2.19/2.22	2.22457	272	2920
2.19/2.25	2.25308	271	3108
2.19/2.26	2.26177	270	3126
2.19/2.27	2.27195	269	3160
2.29/2.30	2.30387	268	3398
2.29/2.32	2.32385	267	3500
2.29/2.36	2.36004	266	3713
2.39/2.41	2.41152	265	3965
2.39/2.42	2.42598	264	3986
2.39/2.44	2.44438	263	4085
2.39/2.49	2.49099	262	4396
2.49/2.51	2.51149	261	4468
2.59/2.66	2.66098	260	5357
2.59/2.89	2.89513	259	6862
2.59/3.02	3.02038	258	7677
3.10/3.22	3.22391	257	9003
3.28/3.37	3.37226	256	9899
3.48/3.53	3.52775	255	10864
3.78/3.81	3.80739	254	12409
4.09/4.56	4.56344	253	16760
4.57/4.59	4.58782	252	16897
4.99/5.04	5.04625	251	19184
6.88/6.95	6.94754	250	30925
6.98/7.02	7.02347	249	31332
11.48/12.00	12.0003	248	61213
15.99/16.29	16.2885	247	87969
15.99/16.41	16.408	246	88793
15.99/16.55	16.5554	245	89371
27.39/27.49	27.4961	244	149959
27.69/27.97	27.9732	243	153232
63.77/63.90	63.901	242	325751
152.19/152.59	152.587	241	743476
167.78/167.88	167.874	240	824292
247.88/247.94	247.935	239	1177654
