1.59/1.68	1.68352	355	0
1.59/1.68	1.68396	354	1
1.59/1.68	1.68529	353	7
1.59/1.68	1.68603	352	11
1.59/1.69	1.68735	351	18
1.59/1.70	1.6887	350	24
1.59/1.70	1.68942	349	28
1.59/1.70	1.69125	348	37
1.59/1.70	1.69171	347	39
1.59/1.70	1.69217	346	41
1.59/1.70	1.69512	345	52
1.59/1.70	1.69677	344	62
1.59/1.70	1.69828	343	70
1.59/1.70	1.69918	342	76
1.59/1.70	1.69982	341	79
1.59/1.70	1.70094	340	85
1.59/1.70	1.70264	339	93
1.59/1.70	1.70316	338	95
1.59/1.70	1.70415	337	101
1.59/1.70	1.70673	336	111
1.59/1.71	1.70792	335	117
1.59/1.71	1.70833	334	118
1.59/1.71	1.7108	333	130
1.59/1.71	1.7139	332	138
1.59/1.71	1.71455	331	142
1.59/1.72	1.71784	330	159
1.59/1.72	1.71924	329	165
1.59/1.72	1.71959	328	166
1.59/1.72	1.72159	327	177
1.59/1.72	1.72428	326	187
1.59/1.72	1.72592	325	195
1.59/1.73	1.72969	324	216
1.59/1.73	1.73157	323	227
1.59/1.73	1.73372	322	243
1.59/1.73	1.73506	321	250
1.59/1.73	1.73644	320	258
1.59/1.74	1.73815	319	269
1.59/1.74	1.73998	318	278
1.59/1.74	1.74731	317	327
1.59/1.75	1.75028	316	344
1.59/1.75	1.75384	315	366
1.59/1.75	1.75448	314	369
1.59/1.75	1.75668	313	384
1.59/1.76	1.75935	312	397
1.59/1.76	1.7615	311	406
1.59/1.76	1.76299	310	410
1.59/1.76	1.76428	309	416
1.59/1.77	1.76738	308	434
1.59/1.77	1.76954	307	443
1.59/1.77	1.77267	306	462
1.59/1.78	1.77738	305	488
1.59/1.78	1.78145	304	505
1.59/1.78	1.78393	303	517
1.59/1.78	1.78734	302	539
1.59/1.79	1.79001	301	549
1.59/1.79	1.79469	300	569
1.59/1.80	1.79963	299	586
1.59/1.80	1.80269	298	605
1.59/1.81	1.80997	297	628
1.59/1.81	1.81176	296	638
1.59/1.81	1.81292	295	645
1.59/1.82	1.81921	294	666
1.59/1.82	1.82243	293	681
1.59/1.83	1.83502	292	754
1.59/1.83	1.83587	291	757
1.59/1.84	1.84245	290	795
1.59/1.85	1.85115	289	821
1.59/1.85	1.85615	288	844
1.59/1.86	1.86657	287	916
1.59/1.90	1.8984	286	1140
1.59/1.96	1.95986	285	1583
1.59/2.01	2.01159	284	1950
1.59/2.05	2.05323	283	2270
1.59/2.05	2.05692	282	2279
1.59/2.09	2.09307	281	2550
1.59/2.11	2.11539	280	2711
1.59/2.12	2.12346	279	2743
1.59/2.12	2.12708	278	2764
1.59/2.13	2.1307	277	2786
1.59/2.17	2.17373	276	3093
1.59/2.18	2.18376	275	3143
1.59/2.19	2.19107	274	3170
1.59/2.24	2.2448	273	3459
2.27/2.28	2.27974	272	3697
2.27/2.29	2.29175	271	3726
2.28/2.33	2.33435	270	3963
2.28/2.34	2.34302	269	4021
2.28/2.39	2.38779	268	4278
2.38/2.41	2.41317	267	4405
2.38/2.42	2.42396	266	4471
2.38/2.43	2.43687	265	4539
2.38/2.44	2.4463	264	4573
2.38/2.49	2.4922	263	4862
4.39/4.48	4.48272	262	19387
4.49/4.55	4.55545	261	19878
4.49/4.56	4.5631	260	19917
4.60/4.69	4.69079	259	20803
6.09/6.68	6.68409	258	35440
7.09/7.13	7.13494	257	38697
7.19/7.21	7.21565	256	39231
7.59/7.64	7.64702	255	42433
8.15/8.17	8.16948	254	46009
8.15/8.18	8.18605	253	46068
10.18/10.23	10.2294	252	59743
10.58/10.70	10.6993	251	62782
10.58/11.23	11.2324	250	66257
11.49/11.52	11.524	249	68086
11.69/11.79	11.7879	248	69645
12.19/12.59	12.5929	247	72754
12.99/13.04	13.0423	246	75045
14.49/14.56	14.5633	245	83575
14.79/14.84	14.8378	244	85084
45.09/45.37	45.367	243	248108
45.89/45.96	45.9609	242	251770
68.89/68.95	68.9542	241	360980
68.99/69.49	69.4919	240	364072
434.97/435.35	435.335	239	1818049
