1.50/1.53	1.53297	351	0
1.50/1.53	1.53364	350	2
1.50/1.53	1.53396	349	3
1.50/1.53	1.53513	348	11
1.50/1.53	1.53633	347	17
1.50/1.53	1.53702	346	21
1.50/1.53	1.53765	345	24
1.50/1.54	1.53848	344	28
1.50/1.54	1.5394	342	32
1.50/1.54	1.54091	341	41
1.50/1.54	1.54279	340	49
1.50/1.54	1.54448	339	57
1.50/1.54	1.54613	338	65
1.50/1.54	1.54743	337	70
1.50/1.55	1.54943	336	80
1.50/1.55	1.54977	335	81
1.50/1.55	1.55005	334	82
1.50/1.55	1.55059	333	85
1.50/1.55	1.55166	332	92
1.50/1.55	1.55492	331	103
1.50/1.55	1.5567	330	112
1.50/1.55	1.55811	329	119
1.50/1.56	1.56078	328	132
1.50/1.56	1.5626	327	143
1.50/1.56	1.56446	326	151
1.50/1.56	1.56636	325	160
1.50/1.56	1.56713	324	164
1.50/1.57	1.56869	323	175
1.50/1.57	1.57076	322	187
1.50/1.57	1.5713	321	190
1.50/1.57	1.57461	320	202
1.50/1.57	1.57606	319	211
1.50/1.58	1.57917	318	225
1.50/1.58	1.58191	317	236
1.50/1.58	1.58327	316	243
1.50/1.58	1.5847	315	251
1.50/1.58	1.58601	314	260
1.50/1.58	1.58692	313	265
1.50/1.59	1.5885	312	275
1.50/1.59	1.58999	311	285
1.50/1.59	1.59513	310	322
1.50/1.59	1.59557	309	324
1.60/1.60	1.59872	308	336
1.60/1.61	1.6142	307	455
1.60/1.61	1.61609	306	466
1.60/1.62	1.61943	305	490
1.60/1.62	1.62371	304	510
1.60/1.62	1.62513	303	517
1.60/1.63	1.62944	302	545
1.60/1.63	1.6307	301	552
1.60/1.63	1.63413	300	576
1.60/1.64	1.64225	299	617
1.60/1.66	1.65948	298	731
1.60/1.66	1.66275	297	748
1.60/1.66	1.66706	296	774
1.60/1.67	1.66971	295	789
1.60/1.67	1.67525	294	812
1.69/1.72	1.72387	293	1220
1.89/1.91	1.91196	292	2873
2.09/2.11	2.11577	291	4638
2.09/2.11	2.11817	290	4648
2.09/2.14	2.13935	289	4784
2.09/2.15	2.15704	288	4900
2.09/2.16	2.15855	287	4907
2.09/2.18	2.18823	286	5135
2.09/2.19	2.18992	285	5143
2.09/2.20	2.19826	284	5187
2.19/2.20	2.20382	283	5208
2.19/2.21	2.21105	282	5234
2.19/2.23	2.23353	281	5390
2.19/2.28	2.28319	280	5797
2.19/2.32	2.31884	279	6025
2.19/2.37	2.36952	278	6419
2.19/2.37	2.37616	277	6441
2.19/2.39	2.38854	276	6503
2.38/2.39	2.39455	275	6536
2.38/2.40	2.40589	274	6588
2.38/2.42	2.42765	273	6745
2.49/2.54	2.54652	272	7596
2.49/2.56	2.55904	271	7635
2.59/2.60	2.59927	270	7859
2.59/2.65	2.65415	269	8251
2.69/2.76	2.76348	268	9037
2.79/2.88	2.88024	267	9876
2.89/2.90	2.89966	266	10003
2.89/2.91	2.91059	265	10053
2.89/2.93	2.93716	264	10203
2.89/2.94	2.94181	263	10238
2.89/2.96	2.96	262	10352
2.89/2.98	2.98111	261	10458
2.89/2.99	2.99445	260	10547
2.99/3.03	3.03199	259	10743
3.09/3.12	3.12114	258	11326
3.19/3.20	3.19946	257	11806
3.29/3.30	3.3029	256	12348
5.13/5.16	5.16127	255	24234
5.19/5.22	5.221	254	24480
7.39/7.70	7.70559	253	41245
7.39/7.72	7.72162	252	41320
7.39/7.76	7.75852	251	41509
7.39/7.80	7.80211	250	41764
8.00/8.09	8.09459	249	43592
10.29/10.57	10.5694	248	58853
11.49/11.56	11.5609	247	65348
12.58/12.60	12.6003	246	71999
23.68/23.99	23.9952	245	138065
36.69/36.75	36.7522	244	219648
69.28/69.38	69.3812	243	381690
116.59/116.61	116.607	242	629113
150.29/150.59	150.585	241	782453
207.49/207.50	207.497	240	1049918
209.68/209.96	209.961	239	1061940
