1.49/1.54	1.54389	353	0
1.49/1.54	1.54465	352	3
1.49/1.54	1.54577	351	9
1.49/1.54	1.54665	350	14
1.49/1.54	1.54711	349	16
1.49/1.54	1.5476	348	18
1.49/1.55	1.54863	347	23
1.49/1.55	1.5529	345	35
1.49/1.55	1.55578	344	45
1.49/1.56	1.55989	343	58
1.49/1.56	1.56142	342	66
1.49/1.56	1.56217	341	69
1.49/1.56	1.56307	339	72
1.49/1.56	1.56518	338	81
1.49/1.56	1.56606	337	86
1.49/1.56	1.56662	336	89
1.49/1.56	1.5678	335	95
1.49/1.57	1.56972	333	101
1.49/1.57	1.57147	332	106
1.49/1.57	1.57262	331	113
1.49/1.58	1.57862	330	126
1.49/1.58	1.58373	329	145
1.49/1.58	1.58417	328	147
1.49/1.59	1.58805	327	160
1.49/1.59	1.59312	326	181
1.49/1.59	1.59559	325	191
1.59/1.60	1.59964	324	204
1.59/1.60	1.60159	323	213
1.59/1.60	1.60488	322	229
1.59/1.60	1.60569	321	233
1.59/1.61	1.608	320	243
1.59/1.61	1.60979	319	253
1.59/1.61	1.61157	318	262
1.59/1.61	1.61357	317	273
1.59/1.61	1.61649	316	291
1.59/1.62	1.61892	315	305
1.59/1.62	1.62209	314	322
1.59/1.62	1.62417	313	329
1.59/1.62	1.62625	312	335
1.59/1.63	1.63366	311	357
1.59/1.63	1.63489	310	363
1.59/1.63	1.63706	309	377
1.59/1.64	1.63873	308	387
1.59/1.64	1.64348	307	409
1.59/1.64	1.64454	306	415
1.59/1.65	1.64802	305	428
1.59/1.65	1.65017	304	442
1.59/1.65	1.65292	303	454
1.59/1.65	1.65724	302	473
1.59/1.66	1.65913	301	487
1.59/1.66	1.6609	300	496
1.59/1.66	1.66288	299	510
1.59/1.67	1.6698	298	540
1.59/1.67	1.67466	297	558
1.59/1.67	1.67737	296	578
1.59/1.68	1.68586	295	638
1.59/1.69	1.69689	294	719
1.69/1.70	1.69884	293	725
1.69/1.71	1.71179	292	779
1.69/1.71	1.71304	291	784
1.69/1.71	1.71744	290	804
1.69/1.72	1.71887	289	811
1.69/1.72	1.72344	288	830
1.69/1.72	1.72479	287	835
1.69/1.73	1.73056	286	866
1.69/1.73	1.73313	285	877
1.69/1.73	1.73745	284	895
1.69/1.75	1.74973	283	975
1.69/1.76	1.7602	282	1052
1.69/1.77	1.76896	281	1110
1.69/1.77	1.77544	280	1136
1.69/1.78	1.78173	279	1167
1.69/1.78	1.78633	278	1198
1.79/1.80	1.80074	277	1264
1.79/1.80	1.80698	276	1300
1.79/1.82	1.82297	275	1376
1.79/1.83	1.8291	274	1408
1.79/1.85	1.85436	273	1543
1.79/1.86	1.86568	272	1610
1.79/1.87	1.87292	271	1638
1.79/1.89	1.89403	270	1736
1.89/1.91	1.90829	269	1796
1.89/1.91	1.91499	268	1814
1.89/1.98	1.98753	267	2196
1.99/2.02	2.02334	266	2306
1.99/2.03	2.03638	265	2352
1.99/2.06	2.06566	264	2430
1.99/2.08	2.07872	263	2465
2.09/2.11	2.11043	262	2660
2.09/2.15	2.14983	261	2928
2.09/2.21	2.21389	260	3366
2.26/2.33	2.3317	259	4198
2.36/2.37	2.37775	258	4461
2.39/2.45	2.44904	257	4862
2.79/2.80	2.80269	256	7054
2.79/2.83	2.82797	255	7208
2.89/2.93	2.93582	254	7974
3.19/3.55	3.55009	253	12475
3.99/4.07	4.07581	252	16086
5.04/5.09	5.08768	251	23378
5.88/6.23	6.22905	250	31295
7.18/7.25	7.25281	249	38178
7.39/7.41	7.41169	248	39277
8.69/8.71	8.71728	247	47126
11.29/11.31	11.3096	246	66075
21.15/21.19	21.1931	245	115481
38.19/38.25	38.2493	244	195194
62.29/62.38	62.3756	243	321265
180.38/180.62	180.615	242	907116
620.77/620.84	620.819	241	2862415
675.47/675.59	675.57	240	3077022
