1.19/1.45	1.44891	347	0
1.19/1.45	1.45076	346	6
1.19/1.45	1.45196	345	13
1.19/1.45	1.45273	343	16
1.19/1.45	1.45418	342	24
1.19/1.46	1.45572	341	32
1.19/1.46	1.45684	340	37
1.19/1.46	1.45778	339	42
1.19/1.46	1.45854	338	46
1.19/1.46	1.45964	337	52
1.19/1.46	1.4602	336	55
1.19/1.46	1.46242	335	67
1.19/1.46	1.46305	334	71
1.19/1.46	1.46389	333	75
1.19/1.47	1.46602	332	85
1.19/1.47	1.46665	331	89
1.19/1.47	1.46912	330	98
1.19/1.47	1.47026	329	106
1.19/1.47	1.47369	328	118
1.19/1.47	1.47518	327	125
1.19/1.48	1.47968	326	138
1.19/1.48	1.48069	325	143
1.19/1.48	1.48426	324	157
1.19/1.48	1.48525	323	163
1.19/1.49	1.4861	322	169
1.19/1.49	1.48668	321	172
1.19/1.49	1.48862	320	183
1.19/1.49	1.4907	319	193
1.19/1.49	1.49315	318	211
1.19/1.49	1.4951	317	227
1.19/1.50	1.49699	316	237
1.19/1.50	1.49841	315	246
1.19/1.50	1.50012	314	257
1.19/1.50	1.50304	313	270
1.19/1.51	1.50857	312	287
1.19/1.51	1.50978	311	295
1.19/1.51	1.51214	310	306
1.19/1.51	1.51457	309	327
1.51/1.52	1.51717	308	342
1.51/1.52	1.5204	307	359
1.51/1.52	1.52257	306	373
1.51/1.52	1.52435	305	385
1.51/1.53	1.52658	304	395
1.51/1.53	1.53054	303	424
1.51/1.53	1.53151	302	429
1.51/1.53	1.53387	301	443
1.51/1.54	1.5407	300	495
1.51/1.55	1.55008	299	533
1.51/1.56	1.55785	298	592
1.51/1.56	1.5608	297	614
1.51/1.56	1.56387	296	625
1.51/1.56	1.56511	295	631
1.51/1.57	1.56988	294	654
1.51/1.57	1.57356	293	672
1.51/1.59	1.58832	292	781
1.51/1.59	1.59414	291	808
1.51/1.60	1.59706	290	823
1.51/1.60	1.59995	289	841
1.51/1.60	1.60127	288	847
1.51/1.62	1.61563	287	971
1.61/1.62	1.62378	286	1013
1.61/1.63	1.62674	285	1034
1.61/1.65	1.64566	284	1141
1.61/1.66	1.6633	283	1280
1.61/1.67	1.66986	282	1326
1.61/1.67	1.67315	281	1350
1.61/1.68	1.67707	280	1374
1.69/1.77	1.76958	279	2123
1.69/1.78	1.77729	278	2162
1.69/1.79	1.78911	277	2236
1.79/1.80	1.80066	276	2315
1.79/1.84	1.84502	275	2657
1.79/1.85	1.85389	274	2683
1.89/1.90	1.90463	273	3041
1.89/1.91	1.91518	272	3132
1.89/1.93	1.93539	271	3201
1.89/1.94	1.94186	270	3238
2.49/2.58	2.57673	269	8489
3.38/3.40	3.40152	268	14954
4.31/4.38	4.37913	267	22970
4.69/4.79	4.79321	266	26578
4.79/4.82	4.82358	265	26731
5.29/5.53	5.53138	264	32082
5.29/5.64	5.63855	263	32782
5.29/5.65	5.65004	262	32841
5.29/5.67	5.66875	261	32970
5.29/5.73	5.72717	260	33216
5.97/5.99	5.98997	259	34898
6.39/6.43	6.42956	258	37965
6.39/6.45	6.45498	257	38065
7.58/7.62	7.61568	256	46517
7.58/7.68	7.6831	255	46884
8.09/8.15	8.15443	254	50317
8.19/8.31	8.30697	253	50912
11.09/11.10	11.0964	252	64988
11.35/11.43	11.4268	251	67184
11.35/11.55	11.5501	250	67895
11.89/11.97	11.9743	249	70594
14.21/14.54	14.5444	248	84124
16.21/16.31	16.3094	247	94437
16.31/16.33	16.3333	246	94534
17.98/18.05	18.0495	245	106427
56.98/57.42	57.4159	244	326779
57.88/57.98	57.9769	243	329888
59.28/59.39	59.3926	242	340088
61.39/61.79	61.793	241	356398
142.68/143.33	143.33	240	703570
197.98/198.04	198.037	239	937175
