1.56/1.65	1.65641	345	0
1.56/1.66	1.65763	344	6
1.56/1.66	1.65808	343	8
1.56/1.66	1.65942	342	15
1.56/1.66	1.6603	341	20
1.65/1.66	1.66169	340	27
1.65/1.66	1.66224	339	29
1.65/1.66	1.66308	338	34
1.65/1.66	1.66449	337	39
1.65/1.66	1.66512	336	43
1.65/1.67	1.66739	335	53
1.65/1.67	1.67046	333	64
1.65/1.67	1.67259	332	71
1.65/1.67	1.67296	331	72
1.65/1.67	1.67411	330	77
1.65/1.68	1.67769	329	91
1.65/1.68	1.67835	328	95
1.65/1.68	1.67969	327	106
1.65/1.68	1.68034	326	110
1.65/1.68	1.68257	325	121
1.65/1.68	1.68419	324	127
1.65/1.68	1.68545	323	133
1.65/1.68	1.6868	322	141
1.65/1.69	1.68941	321	152
1.65/1.69	1.6909	320	160
1.65/1.69	1.69167	319	165
1.65/1.69	1.69331	318	175
1.65/1.69	1.6946	317	182
1.65/1.69	1.69728	316	196
1.69/1.70	1.70164	315	212
1.69/1.70	1.70392	314	229
1.69/1.70	1.70602	313	244
1.69/1.71	1.70788	312	252
1.69/1.71	1.7096	311	258
1.69/1.71	1.71198	310	273
1.69/1.71	1.71389	309	282
1.69/1.72	1.71859	308	311
1.69/1.72	1.71961	307	317
1.69/1.72	1.72409	306	335
1.69/1.73	1.73045	305	380
1.69/1.73	1.73229	304	386
1.69/1.73	1.73374	303	395
1.69/1.74	1.73987	302	427
1.69/1.74	1.74698	301	465
1.69/1.75	1.74797	300	470
1.69/1.75	1.74959	299	480
1.69/1.75	1.75336	298	509
1.69/1.75	1.75491	297	519
1.69/1.75	1.75681	296	528
1.69/1.76	1.76185	295	552
1.69/1.76	1.76492	294	567
1.69/1.77	1.77029	293	595
1.69/1.78	1.78421	292	642
1.69/1.78	1.78672	291	654
1.69/1.79	1.79167	290	682
1.69/1.79	1.79581	289	718
1.79/1.80	1.80607	288	751
1.79/1.82	1.81816	287	772
1.79/1.84	1.84399	286	912
1.79/1.86	1.86485	285	1028
1.79/1.87	1.8695	284	1056
1.79/1.87	1.87191	283	1064
1.79/1.87	1.87413	282	1077
1.79/1.88	1.87929	281	1097
1.79/1.89	1.89183	280	1133
1.89/1.92	1.91963	279	1305
1.89/1.93	1.93626	278	1423
1.89/1.95	1.94903	277	1517
1.99/2.03	2.03718	276	2139
1.99/2.04	2.04293	275	2166
1.99/2.04	2.04542	274	2178
1.99/2.05	2.04839	273	2198
1.99/2.06	2.06132	272	2226
1.99/2.10	2.09757	271	2483
2.09/2.11	2.11045	270	2565
2.09/2.12	2.12087	269	2612
2.09/2.16	2.16313	268	2930
2.09/2.17	2.17446	267	2968
2.09/2.19	2.18957	266	3020
2.19/2.27	2.2747	265	3559
2.29/2.32	2.3268	264	3921
2.29/2.34	2.34183	263	3960
2.29/2.36	2.35859	262	4098
2.39/2.43	2.4364	261	4653
2.39/2.47	2.47272	260	4903
2.49/2.80	2.80614	259	7342
2.49/2.98	2.97741	258	8550
2.49/3.00	2.9999	257	8623
2.49/3.04	3.04097	256	8873
2.49/3.08	3.08694	255	9199
2.49/3.10	3.10288	254	9277
3.29/3.32	3.32705	253	10726
4.10/4.39	4.38953	252	18013
4.10/4.40	4.40695	251	18099
9.29/9.35	9.35035	250	51494
21.19/21.29	21.288	249	91273
21.79/21.85	21.8555	248	94637
33.58/33.68	33.6807	247	161911
35.29/35.44	35.4387	246	170995
45.18/45.21	45.2107	245	223324
51.49/51.53	51.5352	244	261270
51.69/51.85	51.8548	243	263426
71.20/71.40	71.397	242	369705
124.09/124.17	124.17	241	637336
385.48/385.56	385.557	240	1757801
