1.50/1.56	1.56493	359	0
1.50/1.56	1.567	357	8
1.50/1.57	1.56808	356	13
1.50/1.57	1.56851	355	15
1.50/1.57	1.56905	354	17
1.50/1.57	1.56997	353	22
1.50/1.57	1.57043	352	24
1.50/1.57	1.57338	351	35
1.50/1.57	1.57393	350	38
1.50/1.57	1.57451	349	41
1.50/1.57	1.57514	348	45
1.50/1.57	1.57745	347	56
1.50/1.58	1.57801	346	59
1.50/1.58	1.57839	345	61
1.50/1.58	1.5793	344	67
1.50/1.58	1.58062	343	73
1.50/1.58	1.58247	342	83
1.50/1.58	1.58334	341	89
1.50/1.58	1.58426	340	93
1.50/1.58	1.58545	339	98
1.50/1.58	1.58623	338	102
1.50/1.59	1.5885	337	113
1.50/1.59	1.58907	336	116
1.50/1.59	1.59284	335	130
1.50/1.59	1.59433	334	137
1.50/1.59	1.59522	333	142
1.50/1.59	1.59636	332	150
1.50/1.59	1.59742	331	154
1.50/1.60	1.59965	330	168
1.50/1.60	1.60116	329	175
1.50/1.60	1.60215	328	181
1.50/1.60	1.60351	327	185
1.50/1.60	1.60409	326	187
1.50/1.60	1.60524	325	192
1.50/1.61	1.60801	324	203
1.50/1.61	1.61108	323	224
1.50/1.61	1.6127	322	232
1.60/1.61	1.61364	321	237
1.60/1.61	1.61759	320	257
1.60/1.62	1.62051	319	268
1.60/1.62	1.6231	318	288
1.60/1.62	1.62424	317	293
1.60/1.62	1.6277	316	306
1.60/1.63	1.63164	315	339
1.60/1.63	1.63339	314	348
1.60/1.64	1.63812	313	367
1.60/1.64	1.64199	312	379
1.60/1.64	1.64315	311	385
1.60/1.64	1.64636	310	405
1.60/1.65	1.64906	309	419
1.60/1.65	1.65436	308	453
1.60/1.66	1.65972	307	490
1.60/1.66	1.6618	306	503
1.60/1.66	1.6646	305	518
1.60/1.66	1.6672	304	535
1.60/1.67	1.6699	303	556
1.60/1.67	1.6741	302	572
1.60/1.68	1.67863	301	596
1.60/1.68	1.68216	300	605
1.60/1.68	1.68671	299	636
1.60/1.69	1.68975	298	655
1.60/1.69	1.69403	297	673
1.69/1.70	1.70501	296	760
1.69/1.72	1.72208	295	842
1.69/1.72	1.7255	294	857
1.69/1.73	1.72957	293	880
1.69/1.73	1.73702	292	922
1.69/1.74	1.74744	291	971
1.69/1.75	1.75778	290	1042
1.69/1.76	1.76059	289	1060
1.69/1.76	1.76381	288	1078
1.69/1.77	1.77663	287	1144
1.69/1.78	1.78535	286	1195
1.79/1.81	1.80853	285	1365
1.79/1.84	1.84644	284	1668
1.79/1.85	1.85743	283	1730
1.79/1.87	1.87133	282	1771
1.89/1.94	1.94498	281	2335
1.89/1.95	1.94839	280	2355
2.19/2.22	2.22	279	4165
2.19/2.24	2.24358	278	4250
2.39/2.44	2.44048	277	5568
2.39/2.44	2.44569	276	5597
2.39/2.45	2.44942	275	5613
2.39/2.49	2.495	274	5842
2.99/3.04	3.04584	273	9721
3.09/3.19	3.19244	272	10735
3.19/3.20	3.20139	271	10786
3.19/3.29	3.29261	270	11433
3.29/3.32	3.32124	269	11604
3.39/3.40	3.40466	268	12215
3.79/4.10	4.10189	267	16952
3.79/4.12	4.1273	266	17130
4.49/4.55	4.55291	265	20176
4.59/4.63	4.63277	264	20823
4.69/4.76	4.76339	263	21819
5.29/5.64	5.63934	262	28532
6.69/6.87	6.87271	261	37003
7.40/7.48	7.47918	260	41391
9.59/9.97	9.96827	259	60511
10.32/10.36	10.3618	258	63372
10.89/10.91	10.908	257	67668
10.89/10.94	10.9405	256	67827
11.19/11.43	11.4312	255	71405
11.79/11.89	11.891	254	74681
12.39/12.41	12.4113	253	78335
13.08/13.18	13.1859	252	83651
14.11/14.57	14.5765	251	92253
15.49/15.90	15.8988	250	100940
16.39/16.46	16.4592	249	105185
16.79/16.82	16.8245	248	107541
23.59/23.62	23.6186	247	147696
25.59/25.68	25.6771	246	158373
25.99/26.02	26.0231	245	160107
25.99/26.19	26.1868	244	160624
31.78/31.88	31.8813	243	194468
51.99/52.04	52.0437	242	290343
71.29/71.39	71.385	241	377474
72.49/72.51	72.512	240	384810
