1.39/1.44	1.44747	348	0
1.39/1.44	1.44813	347	3
1.39/1.45	1.44913	346	9
1.39/1.45	1.44956	345	11
1.39/1.45	1.45034	344	15
1.39/1.45	1.45209	343	22
1.39/1.45	1.45321	342	29
1.39/1.45	1.4549	341	38
1.39/1.45	1.45838	340	52
1.39/1.46	1.45995	339	59
1.39/1.46	1.46057	338	62
1.39/1.46	1.46335	337	77
1.39/1.46	1.46429	336	82
1.39/1.46	1.4651	335	88
1.39/1.46	1.46615	334	96
1.39/1.46	1.46689	333	100
1.39/1.46	1.46805	332	108
1.39/1.47	1.46872	331	112
1.39/1.47	1.46926	330	115
1.39/1.47	1.47167	328	125
1.39/1.47	1.47222	327	128
1.39/1.47	1.47292	326	131
1.39/1.47	1.475	324	140
1.39/1.47	1.47626	323	147
1.39/1.47	1.4774	322	154
1.39/1.48	1.47857	321	162
1.39/1.48	1.48052	320	173
1.39/1.48	1.48256	319	182
1.39/1.48	1.48497	318	199
1.39/1.48	1.48596	317	205
1.39/1.48	1.4868	316	211
1.39/1.48	1.48775	315	215
1.39/1.49	1.48968	314	224
1.39/1.49	1.49104	313	233
1.39/1.49	1.49205	312	240
1.39/1.49	1.49345	311	251
1.39/1.49	1.49511	310	260
1.49/1.50	1.49907	309	281
1.49/1.50	1.50174	308	293
1.49/1.50	1.50363	307	303
1.49/1.50	1.50658	306	317
1.49/1.51	1.51054	305	335
1.49/1.51	1.51422	304	350
1.49/1.52	1.51978	303	376
1.49/1.52	1.52277	302	396
1.49/1.52	1.52475	301	410
1.49/1.52	1.52729	300	426
1.49/1.53	1.53336	299	459
1.49/1.53	1.53476	298	468
1.49/1.54	1.54119	297	508
1.49/1.54	1.5471	296	535
1.49/1.55	1.55205	295	569
1.49/1.55	1.55641	294	597
1.49/1.56	1.56239	293	633
1.49/1.56	1.56641	292	663
1.49/1.58	1.58103	291	752
1.49/1.59	1.59261	290	799
1.49/1.59	1.59513	289	812
1.49/1.59	1.59838	288	828
1.59/1.60	1.60783	287	871
1.59/1.62	1.62674	286	975
1.59/1.64	1.64116	285	1059
1.59/1.65	1.65128	284	1089
1.59/1.65	1.65219	283	1094
1.59/1.67	1.67798	282	1249
1.59/1.68	1.68309	281	1281
1.59/1.69	1.69536	280	1337
1.69/1.70	1.70828	279	1403
1.69/1.75	1.75147	278	1635
1.69/1.76	1.76371	277	1699
1.69/1.80	1.79845	276	1877
1.79/1.83	1.83089	275	2090
1.79/1.83	1.8325	274	2098
1.79/1.85	1.85592	273	2261
1.79/1.86	1.86147	272	2284
1.99/2.07	2.06927	271	3517
2.09/2.11	2.11644	270	3822
2.69/2.72	2.72616	269	8329
2.69/2.75	2.74913	268	8442
2.69/2.78	2.78286	267	8697
3.59/3.69	3.68976	266	15167
3.99/4.07	4.07112	265	17752
3.99/4.08	4.08014	264	17813
4.10/4.14	4.14408	263	18204
4.10/4.14	4.14644	262	18213
4.10/4.17	4.1713	261	18395
4.10/4.17	4.17319	260	18404
4.29/4.31	4.31551	259	19406
6.89/7.31	7.31017	258	39183
6.89/7.48	7.48805	257	40454
7.61/7.64	7.64796	256	41482
8.97/9.02	9.02634	255	50610
8.97/9.03	9.03226	254	50632
9.19/9.24	9.2467	253	52134
9.19/9.25	9.24988	252	52146
9.19/9.25	9.25384	251	52165
9.89/10.02	10.0224	250	57669
11.99/12.07	12.0758	249	70969
11.99/12.08	12.0876	248	71003
12.39/12.47	12.4767	247	73414
15.90/16.16	16.1618	246	93344
17.28/17.81	17.8089	245	102536
19.99/20.08	20.0789	244	115169
22.98/23.03	23.0301	243	132501
26.99/27.01	27.0162	242	155546
37.36/37.39	37.3901	241	203784
333.58/333.87	333.862	240	1479405
