1.49/1.56	1.56588	348	0
1.49/1.56	1.56661	347	3
1.49/1.56	1.568	346	10
1.49/1.57	1.56889	345	15
1.49/1.57	1.5701	344	21
1.49/1.57	1.57181	343	29
1.49/1.57	1.57442	341	38
1.49/1.57	1.57526	340	43
1.49/1.57	1.57666	339	51
1.49/1.58	1.58012	337	64
1.49/1.58	1.58127	336	69
1.49/1.58	1.58208	335	74
1.49/1.58	1.58407	333	82
1.49/1.58	1.58573	332	91
1.49/1.58	1.58729	331	100
1.49/1.59	1.58841	330	106
1.49/1.59	1.59103	329	119
1.49/1.59	1.59255	328	129
1.49/1.59	1.59351	327	136
1.49/1.59	1.59394	326	138
1.49/1.59	1.59588	325	149
1.49/1.59	1.59741	324	156
1.59/1.60	1.6005	323	168
1.59/1.60	1.60209	322	176
1.59/1.60	1.60349	321	184
1.59/1.60	1.60569	320	195
1.59/1.60	1.60747	319	204
1.59/1.60	1.6081	318	207
1.59/1.61	1.61046	317	217
1.59/1.61	1.61187	316	224
1.59/1.61	1.61392	315	234
1.59/1.61	1.6151	314	241
1.59/1.61	1.61619	313	247
1.59/1.62	1.61923	312	259
1.59/1.62	1.62092	311	270
1.59/1.62	1.62194	310	276
1.59/1.62	1.62334	309	285
1.59/1.62	1.62683	308	302
1.59/1.63	1.63259	307	321
1.59/1.64	1.63884	306	343
1.59/1.64	1.64095	305	354
1.59/1.64	1.64412	304	378
1.59/1.64	1.64751	303	395
1.59/1.65	1.6513	302	422
1.59/1.65	1.65494	301	442
1.59/1.65	1.65596	300	448
1.59/1.66	1.66683	299	503
1.59/1.67	1.66849	298	509
1.59/1.67	1.6755	297	542
1.59/1.69	1.69432	296	680
1.69/1.70	1.70016	295	707
1.69/1.71	1.71601	294	806
1.69/1.72	1.72175	293	847
1.69/1.72	1.7244	292	861
1.69/1.73	1.73264	291	923
1.69/1.74	1.73928	290	967
1.69/1.74	1.74053	289	972
1.69/1.76	1.7614	288	1125
1.69/1.77	1.77068	287	1185
1.69/1.77	1.77755	286	1218
1.69/1.78	1.78477	285	1247
1.69/1.78	1.78728	284	1256
1.79/1.85	1.85034	283	1562
1.79/1.85	1.85105	282	1566
1.79/1.86	1.86715	281	1658
1.89/1.92	1.91975	280	2081
1.89/1.92	1.92591	279	2123
1.89/1.94	1.94644	278	2241
1.89/1.98	1.98232	277	2488
1.99/2.01	2.00997	276	2656
1.99/2.01	2.01444	275	2684
1.99/2.02	2.02574	274	2761
1.99/2.05	2.05258	273	2902
1.99/2.06	2.06697	272	2941
2.11/2.13	2.12988	271	3349
2.11/2.18	2.18013	270	3692
2.21/2.25	2.2516	269	4172
2.49/2.56	2.56362	268	6481
2.69/2.71	2.71604	267	7667
3.49/3.50	3.50084	266	13699
3.49/3.50	3.50685	265	13731
3.69/3.71	3.7181	264	15330
3.69/3.75	3.75172	263	15547
3.79/3.83	3.82832	262	16005
3.99/4.02	4.01848	261	17331
4.09/4.17	4.17578	260	18370
4.19/4.26	4.25998	259	18890
4.29/4.57	4.57221	258	21132
6.49/6.52	6.52653	257	33831
9.79/9.82	9.82468	256	55769
10.09/10.50	10.5075	255	61231
10.09/10.57	10.5711	254	61686
10.71/10.74	10.7472	253	62801
10.71/10.76	10.7631	252	62895
11.59/12.01	12.0116	251	71140
12.69/12.70	12.7036	250	76280
13.09/13.20	13.2015	249	79708
14.48/14.55	14.5498	248	88297
14.48/14.99	14.9937	247	91177
17.38/17.46	17.4626	246	105897
18.29/18.39	18.3959	245	111696
19.69/19.76	19.7647	244	120620
19.99/20.01	20.0114	243	121694
26.19/26.24	26.2418	242	149463
40.79/40.86	40.8573	241	233037
43.79/43.87	43.8729	240	250146
98.39/98.40	98.4043	239	489005
