0.00/0.12	0.11897	104	0
0.00/0.13	0.128819	103	1
0.00/0.14	0.137873	102	2
0.00/0.15	0.146791	101	3
0.00/0.16	0.155624	100	4
0.16/0.16	0.164394	99	5
0.16/0.17	0.172742	98	6
0.16/0.18	0.181146	97	7
0.16/0.19	0.189275	96	8
0.19/0.20	0.197064	95	9
0.19/0.21	0.205012	94	10
0.19/0.21	0.212699	93	11
0.19/0.22	0.220993	92	13
0.19/0.23	0.229562	91	15
0.19/0.24	0.237292	90	16
0.19/0.25	0.245387	89	18
0.19/0.26	0.256955	88	24
0.19/0.27	0.268384	87	29
0.19/0.28	0.283908	86	36
0.29/0.30	0.295279	85	42
0.29/0.31	0.305694	84	47
0.29/0.32	0.318357	83	54
0.29/0.33	0.32741	82	58
0.29/0.34	0.336399	81	63
0.29/0.35	0.353127	80	78
0.39/0.41	0.414616	79	168
0.39/0.45	0.450403	78	205
0.49/0.56	0.561559	77	333
0.59/0.64	0.638258	76	423
0.89/0.90	0.900987	75	822
0.89/0.96	0.958398	74	910
3.19/3.29	3.28692	73	4048
7.86/7.89	7.88455	72	10778
9.79/9.86	9.86079	71	13668
