0.09/0.11	0.116783	102	0
0.09/0.12	0.126275	101	1
0.09/0.13	0.135274	100	2
0.09/0.14	0.143656	99	3
0.09/0.15	0.151973	98	4
0.09/0.16	0.160454	96	5
0.09/0.17	0.16852	95	6
0.09/0.17	0.176625	94	7
0.09/0.18	0.18462	93	8
0.09/0.19	0.192447	92	9
0.19/0.20	0.200202	91	10
0.19/0.21	0.208756	90	13
0.19/0.21	0.217313	89	15
0.19/0.22	0.227356	88	19
0.19/0.23	0.236295	87	22
0.19/0.25	0.248004	86	26
0.19/0.25	0.257053	85	29
0.19/0.27	0.269056	84	37
0.19/0.28	0.278953	83	41
0.19/0.29	0.289715	82	47
0.29/0.30	0.300769	81	53
0.29/0.31	0.313615	80	61
0.29/0.36	0.361366	79	110
0.39/0.40	0.401223	78	156
0.39/0.48	0.480036	77	246
0.49/0.56	0.56737	76	349
1.19/1.24	1.24396	75	1538
1.39/1.44	1.44581	74	1891
1.69/1.75	1.75173	73	2419
2.59/2.66	2.66685	72	3796
13.68/13.77	13.7701	71	21227
