0.09/0.13	0.135427	104	0
0.09/0.14	0.144533	103	1
0.09/0.15	0.153491	102	2
0.09/0.16	0.162545	100	3
0.09/0.17	0.171144	99	4
0.09/0.18	0.179706	98	5
0.09/0.19	0.188424	97	6
0.09/0.19	0.197112	96	7
0.19/0.20	0.206806	95	9
0.19/0.21	0.214334	94	10
0.19/0.22	0.223091	93	12
0.19/0.23	0.231872	92	14
0.19/0.24	0.24023	91	16
0.19/0.25	0.249447	90	20
0.19/0.26	0.258279	89	24
0.19/0.27	0.270067	88	28
0.19/0.28	0.279111	87	31
0.19/0.28	0.287058	86	33
0.19/0.30	0.297817	85	37
0.30/0.31	0.316628	84	51
0.30/0.32	0.32632	83	55
0.30/0.36	0.363558	82	84
0.30/0.39	0.390045	81	97
0.39/0.42	0.426505	80	127
0.39/0.49	0.495591	79	199
0.79/0.81	0.813347	78	559
0.79/0.85	0.8545	77	608
0.79/0.86	0.86676	76	615
1.10/1.12	1.12618	75	919
2.69/2.77	2.77725	74	3395
2.79/2.84	2.8434	73	3473
6.29/6.34	6.34224	72	8490
7.29/7.36	7.36217	71	10167
