0.10/0.13	0.127462	106	0
0.10/0.13	0.136861	105	1
0.10/0.14	0.145687	104	2
0.10/0.15	0.155089	103	3
0.10/0.16	0.163993	102	4
0.10/0.17	0.172843	101	5
0.10/0.18	0.18158	100	6
0.10/0.19	0.190058	99	7
0.19/0.20	0.198433	98	8
0.19/0.20	0.207404	97	10
0.19/0.21	0.216892	96	12
0.19/0.23	0.227604	95	15
0.19/0.24	0.237645	94	18
0.19/0.24	0.245549	93	19
0.19/0.25	0.254346	92	21
0.19/0.26	0.262405	91	23
0.19/0.27	0.272895	90	27
0.19/0.28	0.282191	89	30
0.19/0.29	0.292873	88	35
0.29/0.30	0.305487	87	40
0.29/0.31	0.312851	86	42
0.29/0.32	0.32078	85	45
0.29/0.33	0.32996	84	49
0.29/0.34	0.339368	83	53
0.29/0.34	0.346788	82	55
0.29/0.36	0.361318	81	66
0.29/0.38	0.378939	80	79
0.39/0.41	0.411746	79	111
0.39/0.42	0.42025	78	116
0.39/0.44	0.440455	77	134
0.49/0.57	0.569556	76	284
0.99/1.00	1.00408	75	958
0.99/1.10	1.10028	74	1105
1.10/1.19	1.18952	73	1258
2.79/2.86	2.86699	72	3767
2.89/2.90	2.90214	71	3813
