0.09/0.12	0.122649	104	0
0.09/0.13	0.132921	103	1
0.09/0.14	0.143201	102	2
0.09/0.15	0.152226	101	3
0.09/0.16	0.160742	100	4
0.09/0.17	0.169926	99	5
0.09/0.18	0.178797	98	6
0.09/0.18	0.187185	97	7
0.09/0.19	0.19535	96	8
0.19/0.20	0.203536	95	9
0.19/0.21	0.211592	94	10
0.19/0.22	0.220272	93	12
0.19/0.23	0.229016	92	14
0.19/0.24	0.237874	91	16
0.19/0.24	0.245884	90	18
0.19/0.25	0.253636	89	20
0.19/0.26	0.261781	88	22
0.19/0.27	0.27052	87	25
0.19/0.28	0.279183	86	28
0.19/0.29	0.290415	85	32
0.29/0.30	0.30071	84	36
0.29/0.31	0.307861	83	38
0.29/0.32	0.318738	82	44
0.29/0.33	0.330999	81	52
0.39/0.40	0.407234	80	137
0.39/0.43	0.436518	79	166
0.49/0.54	0.546917	78	292
0.49/0.56	0.563395	77	307
0.89/0.95	0.950184	76	766
1.49/1.53	1.53075	75	1627
1.99/2.09	2.09184	74	2538
2.10/2.18	2.17892	73	2701
3.09/3.11	3.11119	72	4109
11.19/11.28	11.2855	71	16280
