0.09/0.11	0.116273	104	0
0.09/0.12	0.126231	103	1
0.09/0.13	0.136042	101	2
0.09/0.14	0.14491	100	3
0.09/0.15	0.154205	99	4
0.09/0.16	0.162834	98	5
0.09/0.17	0.171156	97	6
0.09/0.18	0.17935	96	7
0.09/0.18	0.187127	95	8
0.09/0.19	0.197212	94	10
0.19/0.20	0.204975	93	11
0.19/0.21	0.212516	92	12
0.19/0.22	0.220863	91	14
0.19/0.23	0.230152	90	17
0.19/0.24	0.239981	89	22
0.19/0.25	0.24982	88	26
0.19/0.26	0.25986	87	30
0.19/0.27	0.270116	86	34
0.19/0.28	0.284143	85	40
0.19/0.29	0.295418	84	46
0.29/0.32	0.320396	83	68
0.29/0.37	0.373549	82	126
0.39/0.41	0.415326	81	168
0.39/0.42	0.425236	80	173
0.39/0.44	0.438012	79	183
0.39/0.49	0.491276	78	243
0.49/0.54	0.542007	77	300
0.49/0.55	0.55027	76	304
0.89/0.92	0.926844	75	892
1.19/1.29	1.29712	74	1537
1.28/1.39	1.39607	73	1732
1.38/1.41	1.41647	72	1761
3.09/3.10	3.09953	71	4491
