0.10/0.11	0.117063	101	0
0.10/0.12	0.12598	100	1
0.10/0.13	0.134957	99	2
0.10/0.14	0.14365	98	3
0.10/0.15	0.152175	97	4
0.10/0.16	0.160465	96	5
0.10/0.17	0.16862	95	6
0.10/0.17	0.17697	94	8
0.10/0.18	0.184512	93	9
0.10/0.19	0.193199	92	11
0.20/0.20	0.202571	91	14
0.20/0.21	0.21183	90	17
0.20/0.22	0.226082	89	25
0.20/0.23	0.235302	88	28
0.20/0.24	0.243533	87	30
0.20/0.25	0.251457	86	32
0.20/0.26	0.259196	85	34
0.20/0.27	0.26949	84	37
0.20/0.28	0.286952	83	50
0.30/0.30	0.305379	82	65
0.30/0.32	0.32524	81	82
0.30/0.33	0.332759	80	85
0.30/0.34	0.342155	79	90
0.40/0.49	0.489441	78	300
0.50/0.55	0.556764	77	372
0.50/0.57	0.572705	76	385
0.60/0.66	0.660699	75	484
1.30/1.38	1.3799	74	1652
1.70/1.71	1.7101	73	2206
1.89/1.98	1.98411	72	2683
4.59/4.68	4.67876	71	7210
