0.09/0.11	0.115567	99	0
0.09/0.12	0.123965	98	1
0.09/0.13	0.132667	97	2
0.09/0.14	0.140933	96	3
0.09/0.15	0.148971	95	4
0.09/0.15	0.156951	94	5
0.09/0.16	0.164781	93	6
0.09/0.17	0.172411	92	7
0.09/0.18	0.181883	91	10
0.09/0.19	0.193048	90	15
0.19/0.20	0.2001	89	16
0.19/0.21	0.208274	88	18
0.19/0.21	0.217332	87	21
0.19/0.22	0.226273	86	24
0.19/0.23	0.235025	85	28
0.19/0.25	0.249327	84	34
0.19/0.26	0.261651	83	41
0.19/0.28	0.278975	82	58
0.19/0.29	0.295038	81	66
0.29/0.31	0.316609	80	85
0.29/0.35	0.350275	79	119
0.29/0.38	0.383432	78	147
0.39/0.48	0.483551	77	258
0.69/0.76	0.759646	76	658
0.99/1.03	1.03344	75	1097
1.28/1.30	1.29906	74	1521
1.68/1.72	1.72342	73	2183
3.29/3.33	3.33516	72	4960
10.19/10.20	10.2041	71	15627
