0.10/0.11	0.115914	101	0
0.10/0.12	0.124894	99	1
0.10/0.13	0.133861	98	2
0.10/0.14	0.141778	97	3
0.10/0.15	0.149707	96	4
0.10/0.16	0.157669	95	5
0.10/0.16	0.166071	94	6
0.10/0.17	0.174313	93	7
0.10/0.18	0.182931	92	9
0.10/0.19	0.19056	91	10
0.20/0.20	0.198941	90	12
0.20/0.21	0.21267	89	19
0.20/0.22	0.224466	88	24
0.20/0.23	0.232768	87	26
0.20/0.24	0.240923	86	29
0.20/0.25	0.251099	85	32
0.20/0.26	0.257966	84	33
0.20/0.27	0.267515	83	38
0.40/0.40	0.402886	82	194
0.40/0.41	0.412938	81	199
0.40/0.43	0.431801	80	214
0.40/0.45	0.450302	79	230
0.40/0.47	0.47041	78	242
0.49/0.53	0.531723	77	297
0.89/1.00	0.998817	76	855
1.10/1.18	1.18487	75	1063
1.39/1.44	1.44544	74	1472
1.59/1.62	1.6196	73	1749
4.30/4.35	4.35672	72	6430
4.30/4.37	4.37659	71	6457
