0.09/0.11	0.113469	100	0
0.09/0.12	0.122343	99	1
0.09/0.13	0.13112	98	2
0.09/0.14	0.140278	97	3
0.09/0.15	0.148732	96	4
0.09/0.16	0.15774	95	6
0.09/0.16	0.166129	94	7
0.09/0.17	0.174054	93	8
0.09/0.18	0.18237	92	10
0.09/0.19	0.190653	91	11
0.19/0.20	0.198766	90	13
0.19/0.21	0.208925	89	17
0.19/0.22	0.218988	88	21
0.19/0.23	0.228766	87	25
0.19/0.24	0.240649	86	31
0.19/0.25	0.254021	85	39
0.19/0.26	0.262017	84	42
0.19/0.27	0.274725	83	47
0.19/0.28	0.287269	82	55
0.29/0.30	0.301942	81	65
0.29/0.32	0.326752	80	86
0.29/0.34	0.339866	79	94
0.29/0.36	0.362485	78	116
0.49/0.50	0.50352	77	284
0.59/0.61	0.613351	76	419
1.19/1.22	1.22377	75	1409
1.19/1.28	1.28332	74	1498
1.49/1.59	1.59112	73	1976
2.49/2.54	2.54475	72	3539
2.69/2.74	2.7426	71	3854
