3.90/3.96	3.96562	2033	0
4.09/4.19	4.19529	2032	1
4.38/4.42	4.42609	2031	5
4.58/4.65	4.6544	2030	7
4.78/4.88	4.88349	2029	8
4.88/5.11	5.11233	2028	10
5.22/5.34	5.34032	2027	11
5.48/5.57	5.56804	2026	12
5.78/5.80	5.80001	2025	21
5.98/6.03	6.02734	2024	22
6.19/6.25	6.25701	2023	24
6.19/6.48	6.48559	2022	25
6.67/6.71	6.71455	2021	28
6.89/6.95	6.94749	2019	34
7.09/7.18	7.18616	2018	45
7.39/7.41	7.41281	2017	46
7.59/7.64	7.64648	2016	58
7.69/7.87	7.87378	2015	59
7.69/8.12	8.12372	2014	94
8.33/8.35	8.35144	2013	96
8.49/8.58	8.57711	2012	97
8.79/8.81	8.81071	2011	104
8.99/9.04	9.03807	2010	105
9.19/9.27	9.2686	2009	110
9.19/9.49	9.494	2008	111
9.63/9.72	9.71972	2007	112
9.89/9.95	9.95192	2006	118
10.09/10.18	10.178	2005	120
10.39/10.41	10.4073	2004	124
10.59/10.64	10.6371	2003	130
10.59/10.88	10.8869	2002	154
10.59/11.11	11.1137	2001	159
11.29/11.35	11.35	2000	169
11.49/11.57	11.5746	1999	171
11.79/11.80	11.8014	1998	173
11.99/12.02	12.026	1997	174
12.09/12.27	12.2722	1996	198
12.09/12.49	12.4955	1995	199
12.53/12.72	12.7195	1994	200
12.89/12.94	12.9436	1993	201
13.09/13.17	13.172	1992	206
13.29/13.39	13.3964	1991	209
13.59/13.62	13.6211	1990	211
13.59/13.85	13.8483	1989	214
13.59/14.07	14.0729	1988	216
14.20/14.29	14.2965	1987	217
14.49/14.52	14.5195	1986	218
14.69/14.75	14.7488	1985	223
14.89/14.97	14.9708	1984	224
15.09/15.19	15.1953	1983	228
15.09/15.42	15.419	1982	230
15.57/15.65	15.6503	1981	241
15.79/15.87	15.8725	1980	242
15.99/16.09	16.0956	1979	244
16.29/16.32	16.3188	1978	246
16.49/16.55	16.5524	1977	259
16.49/16.77	16.7739	1976	260
17.00/17.01	17.0088	1975	276
17.19/17.23	17.235	1974	281
17.39/17.46	17.4567	1973	283
17.59/17.68	17.6816	1972	288
17.89/17.90	17.9034	1971	291
17.99/18.12	18.1253	1970	293
17.99/18.35	18.3468	1969	296
18.49/18.57	18.57	1967	299
18.69/18.79	18.7907	1966	300
18.99/19.01	19.013	1965	307
19.19/19.23	19.2362	1963	311
19.39/19.47	19.4732	1962	331
19.49/19.69	19.6957	1961	335
19.49/19.92	19.9165	1960	337
20.07/20.14	20.1412	1959	344
20.29/20.37	20.3696	1958	354
20.59/20.61	20.6146	1957	377
20.79/20.84	20.8433	1956	387
20.99/21.06	21.063	1955	391
20.99/21.29	21.2864	1954	396
20.99/21.51	21.5143	1953	404
21.71/21.73	21.7357	1952	408
21.89/21.96	21.9591	1951	414
22.09/22.18	22.181	1950	418
22.39/22.40	22.3984	1949	419
22.62/22.63	22.6269	1948	434
22.62/22.85	22.853	1947	441
22.62/23.07	23.0743	1946	446
23.29/23.30	23.2977	1945	451
23.49/23.51	23.5145	1944	452
23.69/23.74	23.7375	1943	457
23.89/23.95	23.9543	1942	458
24.12/24.18	24.1781	1941	464
24.12/24.40	24.3999	1940	471
24.50/24.62	24.6169	1939	473
24.79/24.86	24.8579	1938	499
24.99/25.08	25.0808	1937	511
25.29/25.30	25.3019	1936	515
25.49/25.52	25.5173	1935	516
25.49/25.73	25.7352	1934	518
25.91/25.95	25.9529	1933	521
26.09/26.17	26.1699	1932	523
26.29/26.39	26.3903	1931	528
26.59/26.61	26.6061	1930	530
26.79/26.82	26.8212	1929	531
26.89/27.04	27.0366	1928	533
26.89/27.26	27.2587	1927	541
27.40/27.48	27.4766	1926	549
27.59/27.69	27.6951	1925	553
27.89/27.91	27.915	1924	559
28.09/28.13	28.1303	1923	562
28.29/28.36	28.3608	1922	580
28.39/28.59	28.5919	1921	600
28.39/28.81	28.8107	1920	604
29.01/29.02	29.0245	1919	605
29.19/29.24	29.2392	1918	606
29.39/29.47	29.4655	1916	618
29.59/29.68	29.6807	1915	623
29.89/29.90	29.8963	1914	626
29.89/30.15	30.1507	1913	673
30.36/30.38	30.3801	1912	692
30.49/30.59	30.5942	1911	695
30.79/30.82	30.817	1910	705
30.99/31.04	31.0356	1909	712
31.19/31.26	31.2566	1908	723
31.29/31.52	31.5187	1907	769
31.29/31.73	31.7314	1906	770
31.85/31.94	31.9436	1905	771
32.09/32.17	32.1658	1903	780
32.29/32.38	32.3815	1902	787
32.59/32.60	32.5962	1901	790
32.79/32.81	32.8077	1900	791
32.79/33.02	33.0202	1899	793
32.79/33.23	33.2327	1898	795
33.37/33.45	33.448	1897	805
33.59/33.67	33.6744	1896	821
33.79/33.89	33.8858	1895	823
34.09/34.11	34.1074	1894	834
34.29/34.32	34.318	1893	835
34.29/34.54	34.5395	1892	846
34.29/34.78	34.7836	1891	878
34.89/35.00	34.9955	1890	881
35.19/35.22	35.2188	1889	899
35.39/35.43	35.4336	1888	906
35.59/35.65	35.6467	1887	913
35.69/35.86	35.8604	1886	917
35.69/36.08	36.0768	1885	929
36.21/36.29	36.2891	1884	934
36.49/36.51	36.5146	1883	951
36.69/36.73	36.7286	1882	955
36.89/36.94	36.9407	1881	961
37.09/37.17	37.1743	1880	985
37.19/37.38	37.384	1879	987
37.19/37.59	37.5929	1878	989
37.67/37.80	37.8015	1877	990
37.99/38.01	38.0149	1876	995
38.19/38.22	38.2236	1875	996
38.39/38.44	38.4423	1874	1005
38.59/38.66	38.6596	1873	1014
38.69/38.88	38.8774	1872	1024
38.69/39.09	39.0903	1871	1031
39.29/39.34	39.3395	1870	1064
39.49/39.56	39.5556	1869	1072
39.79/39.82	39.8161	1868	1124
39.99/40.03	40.0314	1867	1132
40.09/40.26	40.2597	1866	1152
40.09/40.47	40.4666	1865	1153
40.09/40.67	40.6739	1864	1155
40.87/40.89	40.8863	1863	1163
40.99/41.09	41.0941	1862	1166
41.29/41.32	41.3199	1861	1190
41.49/41.53	41.5303	1860	1195
41.69/41.74	41.7362	1859	1196
41.69/42.01	42.0132	1858	1271
41.69/42.22	42.2218	1857	1274
42.39/42.43	42.4316	1856	1279
42.59/42.66	42.6563	1855	1308
42.79/42.87	42.8731	1854	1318
43.09/43.11	43.114	1853	1356
43.19/43.39	43.3945	1852	1435
43.19/43.61	43.6115	1851	1448
43.79/43.86	43.8599	1850	1484
43.99/44.07	44.0684	1849	1488
44.29/44.30	44.3016	1848	1514
44.49/44.51	44.5059	1847	1515
44.59/44.71	44.713	1846	1518
44.59/44.93	44.9254	1845	1528
45.11/45.14	45.14	1844	1542
45.29/45.36	45.3587	1843	1557
45.49/45.57	45.5658	1842	1562
45.89/45.92	45.9172	1841	1714
46.09/46.17	46.1689	1840	1761
46.09/46.41	46.4064	1839	1794
46.57/46.69	46.6907	1838	1865
46.89/46.91	46.9124	1837	1883
47.09/47.12	47.1169	1836	1885
47.29/47.32	47.32	1835	1886
47.49/47.53	47.5291	1834	1894
47.59/47.74	47.7361	1833	1902
47.59/47.99	47.9925	1832	1957
48.19/48.24	48.2417	1831	2003
48.39/48.48	48.4797	1830	2035
48.69/48.71	48.7127	1829	2066
48.89/48.92	48.9172	1828	2070
48.99/49.19	49.1858	1827	2145
48.99/49.40	49.4012	1826	2156
49.65/49.72	49.7194	1825	2260
50.09/50.17	50.1717	1824	2491
50.39/50.43	50.4339	1823	2542
50.75/50.84	50.8417	1822	2716
50.75/51.04	51.0428	1821	2717
51.39/51.45	51.4466	1820	2907
51.59/51.69	51.6858	1819	2940
51.99/52.22	52.215	1817	3237
52.62/52.64	52.6434	1816	3442
52.89/52.91	52.9062	1815	3500
53.09/53.12	53.1219	1814	3519
53.29/53.33	53.3317	1813	3528
53.49/53.53	53.5328	1812	3530
53.69/53.73	53.7335	1811	3532
53.69/53.95	53.9534	1810	3553
53.95/54.20	54.1975	1809	3595
54.39/54.41	54.4057	1808	3605
54.59/54.68	54.6831	1807	3677
55.15/55.40	55.3957	1806	4160
55.63/55.67	55.6667	1805	4224
56.09/56.14	56.1381	1804	4462
56.39/56.41	56.4135	1803	4530
56.49/56.91	56.906	1802	4816
57.89/58.22	58.2238	1801	5810
58.69/58.72	58.7239	1800	6081
59.29/59.32	59.3237	1799	6464
59.39/59.74	59.7371	1798	6665
60.19/60.28	60.2794	1797	6979
60.49/60.50	60.5006	1796	7004
60.79/60.81	60.8124	1795	7113
60.89/61.19	61.1901	1794	7277
61.79/61.82	61.8151	1793	7667
62.51/62.56	62.5627	1792	8157
62.84/63.07	63.0744	1791	8447
63.39/63.44	63.4438	1790	8606
63.89/63.98	63.9757	1789	8895
64.37/64.51	64.5146	1787	9204
64.79/64.85	64.853	1786	9342
64.99/65.06	65.0581	1785	9355
65.39/65.66	65.6641	1784	9749
66.05/66.07	66.0695	1783	9953
66.19/66.27	66.2692	1782	9960
66.39/66.47	66.4729	1781	9969
66.89/67.39	67.3888	1780	10650
68.19/68.23	68.2252	1779	11218
68.50/68.67	68.6727	1778	11451
69.69/69.79	69.7936	1777	12265
70.59/70.65	70.6523	1776	12893
72.09/72.11	72.1034	1775	14025
73.41/73.49	73.4848	1774	15136
73.68/73.77	73.7708	1773	15221
74.40/74.44	74.4338	1772	15634
75.78/75.97	75.9706	1771	16912
76.27/76.40	76.3941	1770	17123
78.38/78.46	78.4616	1769	18876
80.40/80.44	80.4341	1768	20532
81.18/81.22	81.2164	1767	21086
81.38/81.44	81.4421	1766	21120
81.78/81.88	81.8756	1765	21362
81.89/82.09	82.083	1764	21380
84.18/84.21	84.209	1763	23163
85.58/85.61	85.6087	1762	24266
86.70/86.90	86.8963	1761	25301
87.48/87.58	87.5752	1760	25775
90.59/90.61	90.6117	1759	28410
90.79/90.86	90.8577	1758	28462
91.99/92.08	92.0807	1757	29485
92.19/92.70	92.7013	1756	29885
94.79/94.85	94.846	1755	31764
98.19/98.27	98.2621	1754	34787
99.49/99.53	99.527	1753	35769
99.59/99.80	99.7959	1752	35836
106.18/106.22	106.219	1751	41568
106.98/107.32	107.316	1750	42373
108.48/108.84	108.832	1749	43575
109.18/109.27	109.268	1748	43791
111.09/111.13	111.123	1747	45304
111.49/111.65	111.646	1746	45608
117.19/117.20	117.195	1745	50465
118.06/118.24	118.234	1744	51241
120.59/120.64	120.635	1743	53303
121.15/121.17	121.166	1742	53621
122.09/122.21	122.203	1741	54388
125.68/125.74	125.737	1740	57489
130.59/130.60	130.597	1739	61910
133.58/133.68	133.679	1738	64772
144.08/144.10	144.09	1737	74441
144.61/144.63	144.629	1736	74803
167.38/167.46	167.452	1735	96296
169.38/169.44	169.435	1734	98059
169.58/169.69	169.683	1733	98110
175.19/175.20	175.198	1732	103139
175.75/175.77	175.764	1731	103497
178.28/178.31	178.301	1730	105691
181.28/181.36	181.358	1729	108401
181.72/182.00	181.997	1728	108832
194.88/195.03	195.026	1727	120744
197.68/197.79	197.788	1726	123143
197.78/198.09	198.083	1725	123232
202.98/203.08	203.076	1724	127689
211.75/211.92	211.909	1723	135919
212.68/212.74	212.735	1722	136535
365.58/365.69	365.678	1721	278452
367.18/367.27	367.264	1720	279710
368.48/368.53	368.518	1719	280738
383.07/383.10	383.093	1718	294405
396.38/396.41	396.395	1717	306762
398.98/399.04	399.032	1716	309021
405.68/405.74	405.725	1715	315295
668.77/669.26	669.241	1714	558728
757.67/758.24	758.217	1713	641504
775.36/775.54	775.519	1712	657726
