3.86/3.96	3.96773	2039	0
4.09/4.19	4.19752	2038	1
4.39/4.43	4.42938	2037	4
4.59/4.65	4.65716	2036	5
4.79/4.89	4.8887	2035	9
4.89/5.12	5.11855	2034	12
5.29/5.35	5.34881	2033	15
5.49/5.57	5.577	2032	16
5.79/5.80	5.80432	2031	17
5.99/6.03	6.0373	2030	23
6.19/6.27	6.27457	2029	39
6.47/6.50	6.50306	2028	40
6.69/6.73	6.73196	2027	44
6.89/6.96	6.95942	2026	45
7.09/7.18	7.1864	2025	46
7.39/7.42	7.41988	2024	53
7.39/7.64	7.64604	2023	54
7.84/7.87	7.87438	2022	57
8.09/8.10	8.1028	2021	59
8.29/8.33	8.32864	2020	60
8.49/8.56	8.55887	2019	64
8.70/8.78	8.78276	2018	65
8.93/9.00	9.00246	2017	66
9.19/9.22	9.22382	2016	68
9.39/9.45	9.44933	2015	69
9.59/9.67	9.67295	2014	70
9.79/9.89	9.89603	2013	74
9.89/10.11	10.1141	2012	78
10.29/10.34	10.342	2011	86
10.49/10.56	10.5629	2010	89
10.69/10.78	10.7836	2008	94
10.99/11.00	11.0047	2006	96
11.09/11.23	11.2348	2005	106
11.43/11.46	11.459	2004	112
11.59/11.68	11.6844	2003	119
11.89/11.90	11.9027	2002	120
12.09/12.12	12.1216	2001	123
12.29/12.34	12.339	2000	126
12.50/12.55	12.5548	1999	127
12.69/12.77	12.7742	1998	129
12.89/13.00	12.9981	1997	130
13.19/13.21	13.2165	1996	133
13.39/13.44	13.4458	1995	143
13.49/13.66	13.6632	1994	145
13.79/13.88	13.8848	1993	146
14.09/14.10	14.1022	1992	149
14.29/14.31	14.3097	1991	151
14.49/14.51	14.5171	1990	152
14.59/14.73	14.7297	1989	157
14.81/14.94	14.9393	1988	162
15.09/15.15	15.1507	1987	167
15.29/15.36	15.3644	1986	178
15.49/15.57	15.5713	1985	179
15.69/15.78	15.7813	1984	183
15.79/15.98	15.9874	1983	184
16.19/16.21	16.2078	1982	192
16.39/16.42	16.4212	1981	194
16.59/16.62	16.6276	1980	195
16.79/16.83	16.8372	1979	198
16.89/17.04	17.0444	1978	200
17.23/17.25	17.2553	1977	202
17.39/17.47	17.4704	1976	205
17.59/17.68	17.6782	1975	209
17.79/17.89	17.8882	1974	216
17.99/18.09	18.0937	1973	217
18.27/18.30	18.2979	1972	218
18.49/18.50	18.504	1971	219
18.69/18.71	18.7127	1970	224
18.89/18.92	18.9202	1969	227
19.09/19.13	19.1282	1968	231
19.19/19.34	19.3435	1967	240
19.51/19.55	19.55	1966	243
19.69/19.76	19.7598	1965	256
19.89/19.96	19.9658	1964	259
20.09/20.17	20.1715	1963	263
20.29/20.37	20.3744	1962	264
20.51/20.58	20.5829	1961	271
20.69/20.79	20.7895	1960	275
20.89/20.99	20.9952	1959	278
21.19/21.20	21.2015	1958	282
21.39/21.40	21.4067	1957	286
21.49/21.61	21.6157	1956	294
21.79/21.82	21.8191	1955	296
21.99/22.02	22.0232	1954	299
22.19/22.22	22.2252	1953	302
22.39/22.43	22.4305	1952	306
22.59/22.63	22.6322	1951	307
22.69/22.85	22.8535	1950	326
22.99/23.06	23.0579	1949	329
23.19/23.26	23.2619	1948	332
23.39/23.46	23.466	1947	334
23.59/23.66	23.6671	1946	336
23.80/23.88	23.8812	1945	348
24.00/24.08	24.0832	1944	350
24.19/24.28	24.2837	1943	351
24.39/24.49	24.4958	1942	366
24.69/24.70	24.701	1941	371
24.89/24.90	24.902	1940	372
25.01/25.10	25.1048	1939	377
25.29/25.32	25.319	1938	390
25.49/25.52	25.5239	1937	394
25.69/25.73	25.7297	1936	399
25.89/25.93	25.9324	1935	401
26.11/26.13	26.1328	1934	403
26.29/26.35	26.3571	1933	431
26.49/26.56	26.5666	1932	441
26.69/26.77	26.77	1931	450
26.89/26.97	26.9744	1930	453
27.09/27.17	27.1755	1929	456
27.33/27.38	27.3784	1928	459
27.49/27.58	27.5813	1927	464
27.69/27.78	27.7828	1925	471
27.89/27.99	27.9876	1924	484
28.09/28.19	28.1895	1923	487
28.31/28.41	28.413	1922	513
28.59/28.62	28.618	1921	521
28.79/28.83	28.8319	1920	538
28.99/29.03	29.0352	1919	543
29.19/29.23	29.2344	1918	545
29.41/29.43	29.4369	1917	550
29.59/29.63	29.6372	1916	554
29.79/29.86	29.8606	1915	593
29.99/30.06	30.0654	1914	602
30.19/30.26	30.2652	1913	606
30.39/30.46	30.4648	1912	608
30.63/30.66	30.6652	1911	611
30.79/30.86	30.8626	1910	613
30.99/31.08	31.08	1909	635
31.19/31.27	31.2764	1908	637
31.39/31.47	31.477	1907	641
31.61/31.67	31.6753	1906	645
31.79/31.87	31.8729	1905	647
31.99/32.07	32.0749	1904	654
32.19/32.27	32.2768	1903	660
32.39/32.47	32.4766	1902	666
32.59/32.68	32.6848	1901	680
32.83/32.89	32.89	1900	694
32.99/33.09	33.0901	1899	699
33.29/33.30	33.3035	1898	723
33.49/33.52	33.5266	1897	755
33.69/33.73	33.7341	1896	766
33.93/33.94	33.9426	1895	780
34.09/34.14	34.1405	1894	785
34.29/34.33	34.3364	1893	787
34.49/34.55	34.5553	1892	808
34.69/34.76	34.7629	1891	825
34.91/34.97	34.9685	1890	837
35.09/35.16	35.1631	1889	838
35.29/35.36	35.3584	1888	841
35.49/35.55	35.5547	1887	844
35.69/35.75	35.7546	1886	849
35.89/35.95	35.951	1885	852
36.13/36.15	36.1513	1884	859
36.29/36.36	36.358	1883	871
36.49/36.56	36.558	1882	878
36.69/36.76	36.7582	1881	888
36.89/36.97	36.9724	1880	907
37.11/37.17	37.1725	1879	915
37.29/37.36	37.367	1878	918
37.49/37.58	37.5842	1877	939
37.69/37.78	37.7787	1876	942
37.89/37.97	37.9759	1875	947
38.09/38.20	38.2001	1874	980
38.39/38.41	38.4154	1873	1003
38.59/38.61	38.6083	1872	1005
38.79/38.80	38.807	1871	1012
38.99/39.00	39.0015	1870	1016
39.19/39.22	39.2176	1869	1038
39.31/39.41	39.4113	1868	1041
39.59/39.60	39.606	1867	1045
39.79/39.80	39.802	1866	1052
39.99/40.00	40.0041	1865	1066
40.09/40.19	40.1952	1864	1067
40.29/40.39	40.3877	1863	1070
40.53/40.59	40.5927	1862	1083
40.69/40.78	40.7863	1861	1087
40.89/40.98	40.9793	1860	1090
41.19/41.21	41.2074	1859	1126
41.39/41.42	41.4253	1858	1152
41.63/41.65	41.6485	1857	1190
41.79/41.88	41.8806	1856	1231
41.99/42.08	42.0848	1855	1244
42.19/42.28	42.2791	1854	1250
42.39/42.49	42.4873	1853	1270
42.61/42.71	42.7136	1852	1309
42.89/42.91	42.908	1851	1315
43.09/43.11	43.1106	1850	1334
43.29/43.36	43.3577	1849	1400
43.49/43.55	43.5508	1848	1404
43.71/43.75	43.751	1847	1416
43.89/43.94	43.9443	1846	1421
44.09/44.14	44.1443	1845	1433
44.29/44.35	44.3559	1844	1457
44.49/44.55	44.5478	1843	1463
44.69/44.77	44.774	1842	1506
44.93/44.97	44.969	1841	1515
45.19/45.22	45.2179	1840	1572
45.39/45.47	45.4764	1839	1656
45.69/45.72	45.7182	1838	1714
45.91/45.94	45.9417	1837	1747
46.09/46.16	46.1572	1836	1776
46.29/46.36	46.3586	1835	1792
46.49/46.57	46.5753	1834	1821
46.79/46.80	46.8061	1833	1867
47.01/47.02	47.0252	1832	1897
47.19/47.24	47.2433	1831	1930
47.59/47.60	47.6002	1830	2097
47.79/47.80	47.7988	1829	2110
47.99/48.04	48.0452	1828	2188
48.23/48.28	48.2821	1827	2242
48.49/48.58	48.5866	1826	2364
48.69/48.77	48.7751	1825	2368
49.21/49.25	49.248	1824	2654
49.39/49.47	49.4719	1823	2695
49.69/49.70	49.6986	1822	2737
49.89/49.94	49.9412	1821	2796
50.19/50.24	50.2387	1820	2917
50.49/50.50	50.5043	1819	2989
50.69/50.72	50.7174	1818	3025
50.99/51.03	51.0301	1817	3156
51.19/51.22	51.2225	1816	3162
51.41/51.44	51.4414	1815	3200
51.59/51.68	51.6782	1814	3254
51.89/51.95	51.9478	1813	3351
52.09/52.15	52.1498	1812	3369
52.39/52.44	52.4442	1811	3494
52.63/52.64	52.6413	1810	3510
52.79/52.84	52.8405	1809	3524
53.19/53.25	53.247	1808	3734
53.39/53.46	53.4567	1807	3759
53.61/53.66	53.6574	1806	3779
53.89/53.92	53.9224	1805	3854
54.19/54.25	54.2535	1804	4000
54.39/54.46	54.4574	1803	4020
54.59/54.64	54.6435	1802	4025
55.39/55.41	55.4135	1801	4603
55.59/55.65	55.653	1800	4656
55.93/55.94	55.9456	1799	4754
56.39/56.47	56.4723	1798	5068
56.69/56.72	56.7225	1797	5137
56.91/56.98	56.9821	1796	5211
57.19/57.24	57.2377	1795	5281
57.39/57.43	57.4352	1794	5296
58.59/58.61	58.6086	1793	6238
58.99/59.06	59.0608	1792	6502
59.29/59.33	59.3291	1791	6584
59.49/59.57	59.5764	1790	6651
59.89/59.95	59.9556	1789	6840
60.49/60.52	60.5264	1788	7222
60.69/60.73	60.7356	1787	7250
61.09/61.16	61.164	1786	7509
61.31/61.39	61.3925	1785	7558
61.89/61.98	61.9835	1784	7962
62.79/62.80	62.7985	1783	8566
63.69/63.75	63.7502	1782	9324
63.99/64.01	64.0125	1781	9409
64.49/64.62	64.6174	1780	9835
64.79/64.83	64.8286	1779	9868
65.19/65.25	65.2467	1778	10090
65.71/65.73	65.732	1777	10392
65.99/66.03	66.0282	1776	10502
67.09/67.15	67.1517	1775	11418
67.79/67.86	67.8571	1774	11920
68.29/68.35	68.3551	1773	12244
68.59/68.61	68.6158	1772	12322
69.99/70.11	70.108	1771	13590
70.29/70.35	70.3506	1770	13651
70.59/70.68	70.6783	1769	13796
71.49/71.52	71.517	1768	14415
72.09/72.13	72.128	1767	14826
72.31/72.39	72.3862	1766	14906
73.59/73.61	73.6132	1765	15913
74.09/74.16	74.1634	1764	16285
74.69/74.77	74.7747	1763	16698
74.99/75.06	75.0615	1762	16796
77.93/77.98	77.9832	1761	19479
78.91/78.98	78.9789	1760	20321
80.19/80.20	80.2049	1759	21391
80.99/81.04	81.0396	1758	22028
83.79/83.83	83.8278	1757	24588
84.09/84.15	84.1531	1756	24745
85.29/85.30	85.305	1755	25818
86.62/86.66	86.6602	1754	26989
88.09/88.19	88.1868	1753	28321
88.69/88.79	88.7923	1752	28753
89.49/89.58	89.5765	1751	29333
89.92/90.00	90.0011	1750	29578
91.89/91.94	91.9363	1749	31240
95.09/95.13	95.1339	1748	34256
96.79/96.83	96.8271	1747	35764
98.59/98.65	98.654	1746	37415
98.89/98.94	98.9415	1745	37526
99.82/99.89	99.888	1744	38309
100.59/100.64	100.64	1743	38890
103.23/103.29	103.289	1742	41333
105.49/105.50	105.496	1741	43413
105.79/105.84	105.844	1740	43599
107.39/107.41	107.413	1739	44986
108.49/108.60	108.599	1738	45965
111.79/111.81	111.812	1737	48975
113.89/113.96	113.963	1736	50869
114.99/115.05	115.053	1735	51733
115.79/115.82	115.819	1734	52310
116.59/116.61	116.61	1733	52926
119.29/119.37	119.368	1732	55417
131.59/131.62	131.622	1731	67189
131.71/131.82	131.815	1730	67208
136.58/136.63	136.628	1729	71722
140.79/140.84	140.838	1728	75671
141.39/141.45	141.446	1727	76082
151.88/151.91	151.906	1726	86303
215.88/215.97	215.968	1725	150337
279.98/280.06	280.051	1724	214708
352.80/352.91	352.904	1723	285846
373.08/373.18	373.168	1722	306011
422.48/422.55	422.544	1721	354997
428.07/428.13	428.124	1720	360498
439.97/440.05	440.038	1719	372305
443.18/443.24	443.229	1718	375346
452.77/452.85	452.839	1717	384830
617.38/617.49	617.474	1716	549791
845.97/846.00	845.975	1715	779431
914.27/914.36	914.335	1714	848789
914.47/914.55	914.525	1713	848804
924.16/924.26	924.234	1712	858562
927.36/927.46	927.435	1711	861634
