3.89/3.90	3.90079	2036	0
3.99/4.12	4.1231	2035	1
3.99/4.34	4.34462	2034	3
4.49/4.56	4.56532	2033	4
4.69/4.78	4.78649	2032	5
4.99/5.01	5.00849	2031	8
5.19/5.23	5.23611	2030	13
5.39/5.45	5.45676	2029	14
5.39/5.67	5.67795	2028	15
5.39/5.90	5.90638	2026	27
6.12/6.12	6.12723	2025	28
6.29/6.35	6.34871	2024	30
6.49/6.57	6.56991	2023	32
6.69/6.79	6.7893	2022	33
7.00/7.01	7.00849	2021	34
7.00/7.23	7.2288	2020	35
7.41/7.45	7.45427	2019	40
7.59/7.67	7.67446	2018	42
7.79/7.89	7.89306	2017	43
8.09/8.11	8.11236	2016	44
8.29/8.33	8.33218	2015	46
8.39/8.55	8.5512	2014	48
8.39/8.77	8.77124	2013	50
8.97/8.99	8.99062	2012	53
9.19/9.21	9.21141	2011	59
9.39/9.45	9.44882	2010	73
9.59/9.66	9.66728	2009	74
9.79/9.88	9.88495	2008	75
9.79/10.10	10.103	2007	76
9.79/10.32	10.3207	2006	77
10.49/10.53	10.5378	2005	78
10.69/10.76	10.7628	2004	85
10.89/10.98	10.9864	2003	90
11.19/11.20	11.2034	2002	91
11.29/11.42	11.4202	2001	92
11.29/11.64	11.6387	2000	94
11.81/11.86	11.8611	1999	100
11.99/12.07	12.0772	1998	101
12.19/12.29	12.2942	1997	102
12.49/12.51	12.5111	1996	103
12.69/12.73	12.7304	1995	106
12.79/12.94	12.9466	1994	107
12.79/13.17	13.1719	1993	114
13.25/13.38	13.3877	1992	115
13.59/13.60	13.6038	1991	116
13.79/13.82	13.8238	1990	122
13.99/14.04	14.0389	1989	123
14.19/14.25	14.2552	1988	124
14.19/14.47	14.4697	1987	125
14.19/14.71	14.7126	1986	147
14.89/14.92	14.9271	1985	148
15.09/15.15	15.1497	1984	155
15.29/15.36	15.3656	1983	158
15.49/15.58	15.5797	1982	159
15.69/15.79	15.7955	1981	161
15.69/16.01	16.0105	1980	164
15.69/16.22	16.2251	1979	165
16.39/16.44	16.4398	1978	167
16.59/16.66	16.6592	1977	175
16.79/16.87	16.8729	1976	176
16.99/17.09	17.096	1975	188
17.19/17.31	17.3093	1974	189
17.19/17.52	17.5225	1973	190
17.19/17.73	17.736	1972	191
17.89/17.95	17.9486	1971	192
18.09/18.16	18.1623	1970	193
18.29/18.37	18.3754	1969	194
18.49/18.59	18.5891	1968	196
18.69/18.80	18.8015	1967	197
18.69/19.01	19.014	1966	199
18.69/19.23	19.2292	1965	202
19.42/19.45	19.4491	1964	210
19.59/19.66	19.6643	1963	213
19.79/19.87	19.8774	1962	216
19.99/20.09	20.094	1961	220
20.29/20.30	20.3055	1960	221
20.29/20.52	20.5187	1959	223
20.29/20.73	20.7343	1958	228
20.89/20.95	20.952	1957	233
21.09/21.16	21.1632	1956	234
21.29/21.37	21.3745	1955	235
21.49/21.59	21.5932	1954	243
21.69/21.80	21.8052	1953	245
21.69/22.01	22.0158	1952	246
22.16/22.22	22.2265	1951	247
22.39/22.43	22.4371	1950	248
22.59/22.65	22.65	1949	252
22.79/22.86	22.8624	1948	255
22.99/23.07	23.0719	1947	256
23.19/23.28	23.283	1946	258
23.19/23.49	23.4955	1945	263
23.63/23.71	23.7091	1944	268
23.89/23.92	23.9217	1943	274
24.09/24.14	24.1454	1942	300
24.29/24.36	24.3586	1941	305
24.49/24.57	24.5696	1940	310
24.59/24.79	24.7908	1939	324
24.59/25.01	25.0095	1938	339
25.14/25.23	25.2302	1937	350
25.39/25.44	25.4416	1936	356
25.59/25.65	25.6567	1935	362
25.79/25.86	25.8666	1934	366
25.99/26.07	26.0742	1933	367
26.09/26.28	26.2841	1932	370
26.09/26.49	26.4928	1931	372
26.61/26.70	26.7048	1930	376
26.89/26.97	26.968	1929	435
27.09/27.19	27.1903	1928	448
27.39/27.40	27.4	1927	452
27.59/27.61	27.6085	1926	454
27.59/27.81	27.8167	1925	456
27.59/28.04	28.0388	1924	475
28.20/28.28	28.2874	1923	521
28.39/28.49	28.4941	1922	522
28.69/28.71	28.7079	1921	535
28.89/28.92	28.9215	1920	542
29.09/29.13	29.1357	1919	550
29.09/29.34	29.3434	1918	555
29.09/29.55	29.5514	1917	559
29.69/29.75	29.7572	1916	560
29.89/29.96	29.963	1915	561
30.09/30.17	30.1691	1914	562
30.29/30.37	30.3768	1913	564
30.49/30.58	30.5865	1912	568
30.49/30.79	30.7959	1911	575
30.49/31.02	31.0216	1910	595
30.81/31.23	31.2314	1909	599
31.39/31.44	31.4399	1908	604
31.59/31.66	31.66	1907	622
31.79/31.86	31.8652	1906	624
31.99/32.09	32.0961	1905	655
32.13/32.30	32.3022	1904	657
32.13/32.51	32.5089	1903	661
32.69/32.71	32.7146	1902	663
32.89/32.92	32.922	1901	666
33.09/33.13	33.1291	1900	669
33.29/33.34	33.3392	1899	676
33.49/33.57	33.5725	1898	704
33.49/33.79	33.7947	1897	723
33.49/33.99	33.9975	1896	724
34.19/34.22	34.2234	1895	746
34.39/34.43	34.4298	1894	751
34.59/34.64	34.6457	1893	764
34.79/34.86	34.8583	1892	775
34.99/35.07	35.0752	1891	790
34.99/35.28	35.2828	1890	795
34.99/35.48	35.4861	1889	798
35.59/35.69	35.6889	1888	799
35.79/35.89	35.8924	1887	804
36.09/36.11	36.1133	1886	818
36.29/36.32	36.3182	1885	822
36.39/36.52	36.5236	1884	827
36.39/36.73	36.7348	1883	836
36.92/36.94	36.9414	1882	843
37.09/37.15	37.1551	1881	855
37.29/37.39	37.3944	1880	892
37.59/37.60	37.6028	1879	899
37.79/37.84	37.8404	1878	934
37.89/38.05	38.0514	1877	943
37.89/38.25	38.2561	1876	948
37.89/38.47	38.4743	1875	965
38.62/38.67	38.675	1874	966
38.89/38.91	38.9094	1873	996
39.09/39.11	39.116	1872	1003
39.29/39.33	39.3316	1871	1018
39.51/39.58	39.5811	1870	1059
39.51/39.78	39.781	1869	1060
39.77/39.98	39.9818	1868	1062
40.09/40.18	40.1838	1867	1065
40.29/40.38	40.3872	1866	1069
40.49/40.59	40.5932	1865	1077
40.79/40.81	40.8142	1864	1096
40.89/41.01	41.0145	1863	1099
40.89/41.22	41.2209	1862	1107
41.17/41.43	41.4285	1861	1117
41.59/41.63	41.6287	1860	1119
41.79/41.87	41.8678	1859	1161
41.99/42.09	42.0901	1858	1181
42.19/42.29	42.2895	1857	1183
42.29/42.50	42.4992	1856	1194
42.29/42.78	42.7791	1855	1280
42.54/42.98	42.9869	1854	1289
43.09/43.19	43.1945	1853	1299
43.39/43.42	43.4245	1852	1332
43.59/43.65	43.6547	1851	1365
43.79/43.92	43.9263	1850	1426
43.79/44.14	44.143	1849	1450
44.35/44.37	44.3708	1848	1483
44.49/44.58	44.5849	1847	1500
44.69/44.78	44.7833	1846	1503
44.99/45.01	45.0141	1845	1536
45.19/45.32	45.3204	1844	1635
45.19/45.62	45.6194	1843	1726
45.81/45.82	45.8264	1842	1737
45.99/46.03	46.0302	1841	1747
46.19/46.26	46.2663	1840	1785
46.39/46.46	46.4655	1839	1789
46.59/46.66	46.665	1838	1793
46.69/46.87	46.8732	1837	1807
47.00/47.10	47.1043	1836	1841
47.29/47.30	47.3045	1835	1846
47.59/47.63	47.6298	1834	1971
47.89/47.91	47.9084	1833	2047
48.09/48.13	48.1335	1832	2079
48.09/48.34	48.3469	1831	2094
48.09/48.58	48.5815	1830	2128
48.63/48.78	48.7861	1829	2146
48.89/48.99	48.9878	1828	2156
49.09/49.18	49.1857	1827	2160
49.29/49.38	49.3859	1826	2165
49.59/49.64	49.6398	1825	2239
49.72/49.85	49.8546	1824	2261
49.72/50.05	50.0568	1823	2271
50.31/50.33	50.3297	1822	2345
50.49/50.54	50.543	1821	2365
50.79/50.88	50.8837	1820	2496
51.09/51.27	51.2746	1819	2681
51.28/51.55	51.5498	1818	2753
51.75/51.76	51.758	1817	2767
51.99/52.02	52.0217	1816	2830
52.19/52.22	52.2222	1815	2837
52.39/52.44	52.4391	1814	2860
52.60/52.83	52.8296	1813	3029
53.39/53.42	53.4224	1812	3382
53.59/53.67	53.6737	1811	3439
53.99/54.03	54.0323	1810	3582
54.57/54.60	54.6048	1809	3927
54.79/54.85	54.8513	1808	3979
55.09/55.12	55.1183	1807	4050
55.29/55.36	55.3643	1806	4100
55.49/55.60	55.6035	1805	4140
55.93/55.97	55.9725	1804	4306
56.19/56.22	56.2263	1803	4357
56.39/56.42	56.4264	1802	4364
56.69/56.72	56.7228	1801	4467
56.89/57.11	57.1158	1800	4651
56.89/57.43	57.4274	1799	4768
57.63/57.68	57.6826	1798	4820
58.19/58.21	58.2074	1797	5104
58.39/58.43	58.4318	1796	5142
58.50/58.64	58.6458	1795	5163
59.59/59.64	59.6449	1794	5867
59.89/59.92	59.9239	1793	5941
61.39/61.48	61.4788	1792	7164
62.29/62.36	62.3596	1791	7809
63.59/63.61	63.6136	1790	8801
63.79/63.84	63.8431	1789	8841
63.99/64.09	64.092	1788	8899
64.29/64.49	64.4945	1787	9101
64.29/64.69	64.6936	1786	9111
64.68/64.94	64.9451	1785	9173
65.69/65.74	65.7404	1784	9742
65.79/66.06	66.0582	1783	9875
66.28/66.30	66.3056	1782	9930
66.89/66.94	66.9436	1781	10353
67.09/67.15	67.1473	1780	10367
67.29/67.64	67.6396	1779	10640
67.78/67.83	67.8288	1778	10643
67.99/68.08	68.0804	1777	10697
68.29/68.35	68.3525	1776	10775
68.79/69.10	69.0979	1775	11286
69.49/69.58	69.585	1774	11554
70.09/70.14	70.1423	1773	11877
71.09/71.16	71.1616	1772	12656
71.59/71.69	71.6924	1771	12967
71.79/72.06	72.061	1770	13145
72.18/72.25	72.2532	1769	13150
72.49/72.59	72.5889	1768	13280
73.65/73.66	73.6584	1767	14104
74.29/74.39	74.393	1766	14599
74.59/74.63	74.6312	1765	14647
74.69/75.07	75.0708	1764	14895
75.59/75.62	75.6241	1763	15233
76.19/76.64	76.6419	1762	16009
77.09/77.15	77.1468	1761	16312
79.89/79.99	79.9964	1760	18754
80.49/80.78	80.7788	1759	19277
81.29/81.34	81.3421	1758	19604
81.59/81.68	81.6819	1757	19751
83.86/83.95	83.956	1756	21792
86.40/86.88	86.8803	1755	24300
87.29/87.32	87.3224	1754	24516
88.89/88.96	88.9597	1753	25843
90.39/90.41	90.4128	1752	26969
94.69/94.70	94.699	1751	30689
95.09/95.18	95.1853	1750	30979
100.89/101.33	101.333	1749	36236
102.39/102.63	102.631	1748	37206
102.39/102.90	102.902	1747	37283
104.69/104.71	104.713	1746	38710
106.49/106.54	106.54	1745	40123
114.29/114.39	114.396	1744	46791
118.49/118.51	118.512	1743	50400
119.89/119.99	119.995	1742	51600
134.79/135.41	135.412	1741	65606
135.59/135.60	135.6	1740	65613
139.29/139.32	139.315	1739	68825
148.99/149.03	149.033	1738	77525
149.70/150.21	150.207	1737	78402
156.38/156.44	156.436	1736	84010
159.28/159.33	159.326	1735	86459
163.69/163.79	163.787	1734	90256
166.49/166.58	166.576	1733	92597
166.99/167.01	167.011	1732	92836
167.29/167.51	167.508	1731	93121
182.98/183.09	183.094	1730	107456
183.69/183.85	183.847	1729	107984
186.28/186.39	186.39	1728	110201
196.79/197.26	197.259	1727	120066
209.49/209.52	209.516	1726	131591
212.99/213.00	213	1725	134763
223.19/223.21	223.206	1724	144276
239.59/239.66	239.662	1723	159459
244.79/244.81	244.804	1722	164020
245.49/245.51	245.511	1721	164499
262.69/262.76	262.759	1720	180247
265.49/265.51	265.505	1719	182702
272.88/272.95	272.943	1718	189508
354.38/354.40	354.399	1717	265351
354.68/354.85	354.843	1716	265608
356.08/356.51	356.506	1715	267015
485.58/485.81	485.805	1714	387486
