3.78/3.85	3.85759	2020	0
3.98/4.09	4.09532	2019	10
4.17/4.32	4.32371	2018	14
4.17/4.55	4.55074	2017	19
4.69/4.78	4.77912	2016	23
4.98/5.00	5.00386	2015	24
5.18/5.23	5.23378	2014	30
5.38/5.46	5.45834	2013	31
5.50/5.68	5.68257	2012	32
5.50/5.91	5.9083	2011	34
6.08/6.13	6.13268	2010	36
6.28/6.35	6.35686	2009	38
6.48/6.58	6.58137	2008	39
6.78/6.81	6.81001	2007	42
6.88/7.03	7.0339	2006	43
6.88/7.25	7.25789	2005	44
7.46/7.48	7.48107	2004	45
7.68/7.70	7.70786	2003	49
7.88/7.93	7.93277	2002	52
8.08/8.15	8.15694	2001	54
8.28/8.38	8.38514	2000	59
8.28/8.60	8.60731	1999	60
8.28/8.83	8.83081	1998	61
8.98/9.05	9.05432	1997	66
9.18/9.28	9.27941	1996	69
9.48/9.50	9.50456	1995	72
9.68/9.72	9.72673	1994	73
9.78/9.95	9.95042	1993	76
9.78/10.17	10.1726	1992	77
10.34/10.39	10.3952	1991	78
10.58/10.61	10.6166	1990	79
10.78/10.84	10.8417	1989	82
10.98/11.07	11.0706	1988	92
11.18/11.29	11.2919	1987	93
11.18/11.51	11.5142	1986	95
11.18/11.73	11.7344	1985	96
11.88/11.96	11.9585	1984	100
12.08/12.18	12.1816	1983	103
12.38/12.40	12.4033	1982	104
12.58/12.62	12.625	1981	106
12.68/12.84	12.8458	1980	107
12.68/13.06	13.0663	1979	108
13.27/13.28	13.2877	1978	110
13.48/13.50	13.5075	1977	111
13.68/13.73	13.7338	1976	117
13.88/13.95	13.9551	1975	120
14.08/14.17	14.1748	1974	123
14.08/14.39	14.3948	1973	124
14.08/14.61	14.6168	1972	127
14.78/14.83	14.8362	1971	128
14.98/15.06	15.058	1970	132
15.18/15.28	15.2803	1969	134
15.48/15.50	15.5022	1968	138
15.58/15.72	15.7202	1967	139
15.58/15.94	15.9391	1966	140
16.09/16.16	16.1608	1965	144
16.28/16.38	16.3795	1964	145
16.58/16.60	16.5983	1963	148
16.78/16.82	16.8212	1962	153
16.98/17.04	17.0477	1961	160
17.08/17.27	17.274	1960	167
17.08/17.50	17.5075	1959	180
17.70/17.72	17.7253	1958	183
17.88/17.94	17.9471	1957	189
18.08/18.16	18.1642	1956	190
18.28/18.38	18.3835	1955	192
18.58/18.60	18.6027	1954	197
18.58/18.82	18.8224	1953	201
18.58/19.04	19.0413	1952	207
19.19/19.27	19.2681	1951	215
19.38/19.48	19.4846	1950	216
19.68/19.70	19.7055	1949	221
19.88/19.92	19.926	1948	225
19.98/20.14	20.1454	1947	230
19.98/20.36	20.3625	1946	232
19.98/20.58	20.5811	1945	236
20.75/20.79	20.7969	1944	237
20.98/21.02	21.0185	1943	248
21.18/21.23	21.2344	1942	250
21.38/21.45	21.4528	1941	253
21.59/21.67	21.6705	1940	256
21.59/21.88	21.8876	1939	258
22.03/22.10	22.1027	1938	259
22.28/22.32	22.3184	1937	260
22.48/22.53	22.5329	1936	261
22.68/22.75	22.7519	1935	265
22.88/22.97	22.973	1934	271
22.98/23.19	23.1957	1933	280
22.98/23.41	23.4121	1932	283
22.98/23.63	23.6287	1931	286
23.78/23.85	23.8485	1930	293
23.98/24.06	24.0649	1929	296
24.18/24.28	24.2859	1928	306
24.48/24.50	24.5018	1927	311
24.65/24.71	24.7173	1926	314
24.65/24.93	24.9332	1925	316
25.13/25.15	25.1545	1924	329
25.28/25.38	25.3776	1923	339
25.48/25.59	25.5971	1922	348
25.78/25.83	25.8361	1921	372
25.98/26.05	26.0551	1920	379
25.98/26.27	26.2762	1919	388
25.98/26.50	26.4998	1918	398
26.68/26.71	26.7134	1917	401
26.88/26.93	26.9279	1916	404
27.08/27.14	27.1393	1915	405
27.28/27.35	27.3516	1914	407
27.38/27.57	27.5762	1913	421
27.38/27.79	27.7908	1912	425
27.38/28.00	28.0071	1911	432
28.18/28.22	28.2232	1910	437
28.38/28.45	28.4505	1909	453
28.58/28.66	28.6643	1908	458
28.78/28.87	28.8774	1907	461
28.88/29.10	29.1018	1906	476
29.12/29.31	29.3138	1905	478
29.12/29.52	29.5261	1904	482
29.68/29.77	29.7764	1903	516
29.88/29.99	29.995	1902	525
30.18/30.21	30.2156	1901	537
30.38/30.42	30.4259	1900	538
30.49/30.64	30.6439	1899	549
30.49/30.86	30.8581	1898	554
31.07/31.08	31.0838	1897	574
31.28/31.31	31.3162	1896	597
31.48/31.52	31.5274	1895	599
31.68/31.74	31.7456	1894	606
31.88/31.97	31.9706	1893	618
31.88/32.20	32.2005	1892	639
32.35/32.41	32.4154	1891	646
32.59/32.63	32.6337	1890	656
32.79/32.84	32.8422	1889	657
33.09/33.13	33.1322	1888	729
33.29/33.34	33.3439	1887	734
33.29/33.55	33.5513	1886	735
33.29/33.76	33.7588	1885	736
33.94/33.98	33.9836	1884	754
34.19/34.20	34.2022	1883	768
34.39/34.45	34.4483	1882	800
34.59/34.67	34.6686	1881	813
34.79/34.90	34.9005	1880	834
34.90/35.11	35.1084	1879	836
34.90/35.36	35.3673	1878	887
35.49/35.59	35.5891	1877	907
35.79/35.82	35.8219	1876	933
35.99/36.09	36.0927	1875	991
36.29/36.31	36.3085	1874	1000
36.29/36.52	36.5205	1873	1009
36.29/36.72	36.7272	1872	1012
36.89/36.95	36.9487	1871	1029
37.09/37.19	37.1937	1870	1064
37.39/37.41	37.4078	1869	1072
37.59/37.63	37.6295	1868	1088
37.80/37.85	37.8527	1867	1106
37.80/38.06	38.0647	1866	1113
37.80/38.27	38.2702	1865	1116
38.39/38.48	38.4781	1864	1120
38.69/38.75	38.7495	1863	1180
38.89/38.97	38.969	1862	1196
39.09/39.18	39.187	1861	1209
39.19/39.40	39.3985	1860	1217
39.19/39.61	39.6129	1859	1228
39.74/39.85	39.849	1858	1261
39.99/40.06	40.0573	1857	1267
40.19/40.29	40.2904	1856	1296
40.49/40.52	40.5176	1855	1319
40.69/40.79	40.7917	1854	1386
40.69/41.02	41.0261	1853	1417
41.24/41.32	41.3242	1852	1501
41.49/41.53	41.528	1851	1504
41.69/41.73	41.7339	1850	1508
41.99/42.05	42.051	1849	1612
42.19/42.30	42.3055	1848	1655
42.19/42.52	42.5256	1847	1670
42.68/42.74	42.7456	1846	1685
42.89/42.95	42.9529	1845	1689
43.09/43.18	43.1815	1844	1716
43.39/43.49	43.4903	1843	1810
43.69/43.75	43.7499	1842	1861
43.69/43.95	43.9513	1841	1862
43.69/44.21	44.2157	1840	1927
44.39/44.45	44.4507	1839	1956
44.59/44.68	44.6792	1838	1983
44.89/44.90	44.9061	1837	2012
45.09/45.18	45.1774	1836	2086
45.29/45.51	45.5131	1835	2205
45.64/45.74	45.7392	1834	2229
45.89/45.97	45.9708	1833	2257
46.09/46.18	46.1813	1832	2273
46.29/46.38	46.3865	1831	2279
46.59/46.65	46.6538	1830	2345
46.59/46.89	46.8886	1829	2378
47.39/47.43	47.43	1828	2655
47.89/47.93	47.933	1827	2912
48.28/48.38	48.3808	1826	3129
48.68/48.70	48.7067	1825	3241
48.99/49.03	49.028	1824	3348
49.19/49.23	49.229	1823	3351
49.49/49.57	49.5766	1822	3476
49.59/49.77	49.7763	1821	3478
50.12/50.16	50.1635	1820	3652
50.58/50.66	50.6568	1819	3893
50.98/51.08	51.0847	1818	4093
51.61/51.67	51.6766	1817	4430
51.88/51.94	51.9381	1816	4485
52.08/52.15	52.156	1815	4504
52.38/52.41	52.4084	1814	4555
52.48/52.62	52.6231	1813	4573
52.48/52.88	52.8774	1812	4626
53.03/53.08	53.0793	1811	4630
53.28/53.34	53.337	1810	4684
53.48/53.57	53.5693	1809	4721
53.68/53.78	53.7784	1808	4732
53.88/53.98	53.9787	1807	4737
53.98/54.21	54.2154	1806	4775
53.98/54.43	54.4335	1805	4796
54.62/54.66	54.6582	1804	4822
54.88/54.98	54.9814	1803	4926
55.48/55.78	55.7856	1802	5429
56.18/56.23	56.2317	1801	5654
56.38/56.48	56.4827	1800	5702
56.78/56.82	56.8217	1799	5829
57.69/57.76	57.7618	1798	6464
57.99/58.07	58.0688	1797	6563
58.39/58.40	58.4024	1796	6689
58.49/58.70	58.6985	1795	6776
59.39/59.47	59.4742	1794	7263
59.69/59.75	59.7537	1793	7340
59.89/60.02	60.0224	1792	7407
59.89/60.42	60.4209	1791	7583
60.59/60.62	60.6221	1790	7591
60.79/60.89	60.8949	1788	7665
61.19/61.28	61.2841	1787	7832
61.29/61.56	61.5592	1786	7900
62.09/62.10	62.0989	1785	8221
62.29/62.33	62.3354	1784	8258
62.59/62.66	62.6661	1783	8386
63.69/63.74	63.7408	1782	9171
64.29/64.35	64.3553	1781	9549
65.59/65.60	65.5976	1780	10471
65.79/65.85	65.8509	1779	10528
65.79/66.05	66.0505	1778	10536
66.39/66.42	66.4164	1777	10698
66.59/66.68	66.6765	1776	10762
67.19/67.32	67.3258	1775	11165
67.19/67.56	67.5627	1774	11208
67.19/67.76	67.7565	1773	11210
68.09/68.16	68.1617	1772	11408
68.39/68.48	68.4791	1771	11515
68.79/69.19	69.1917	1770	11986
69.79/69.81	69.8161	1769	12376
72.79/72.85	72.8523	1768	14945
73.19/73.24	73.2394	1767	15127
73.83/73.85	73.8509	1766	15484
74.09/74.12	74.1184	1765	15562
75.69/75.71	75.7149	1764	16853
77.39/77.45	77.4481	1763	18248
77.49/77.67	77.6709	1762	18277
79.56/79.62	79.6175	1761	19887
79.99/80.05	80.0507	1760	20104
80.29/80.34	80.3407	1759	20194
81.99/82.15	82.147	1758	21636
81.99/82.44	82.4361	1757	21723
83.09/83.12	83.1202	1756	22171
83.39/83.87	83.8706	1755	22684
90.08/90.17	90.1671	1754	28266
92.18/92.21	92.2102	1753	29985
94.35/94.43	94.4264	1752	31769
94.58/94.66	94.6627	1751	31809
95.28/95.80	95.797	1750	32673
96.18/96.27	96.2681	1749	32932
96.68/96.75	96.7479	1748	33190
98.18/98.45	98.4474	1747	34653
98.75/98.82	98.824	1746	34831
99.18/99.22	99.216	1745	35007
99.68/100.10	100.102	1744	35632
100.59/100.62	100.624	1743	35931
100.89/101.00	100.995	1742	36098
101.99/102.00	101.997	1741	36793
105.49/105.52	105.519	1740	39766
106.03/106.11	106.113	1739	40141
108.61/108.85	108.855	1738	42395
113.69/113.77	113.775	1737	46619
139.19/139.22	139.215	1736	69590
139.49/139.51	139.505	1735	69680
141.59/141.68	141.675	1734	71519
143.68/143.76	143.763	1733	73229
144.68/144.75	144.753	1732	73929
152.78/152.94	152.943	1731	81250
155.39/155.46	155.458	1730	83396
157.39/157.77	157.769	1729	85402
159.79/159.88	159.881	1728	87142
167.39/167.42	167.414	1727	94053
174.18/174.20	174.201	1726	100316
226.18/226.24	226.238	1725	148260
230.69/230.78	230.781	1724	152334
239.69/239.79	239.787	1723	160569
240.99/241.07	241.064	1722	161583
242.68/242.70	242.698	1721	162944
252.49/252.50	252.494	1720	171996
259.59/259.63	259.625	1719	178425
262.79/262.88	262.879	1718	181293
264.78/264.82	264.82	1717	182929
397.08/397.18	397.172	1716	306023
403.58/404.05	404.037	1715	312061
531.68/532.04	532.029	1714	432354
703.97/704.61	704.598	1713	594617
