3.88/3.99	3.97673	2034	0
4.17/4.21	4.20019	2033	1
4.37/4.43	4.42438	2032	3
4.57/4.66	4.6475	2031	5
4.79/4.88	4.87048	2030	7
4.79/5.11	5.09582	2029	11
5.28/5.33	5.3188	2028	13
5.47/5.55	5.5408	2027	14
5.67/5.77	5.76317	2026	15
5.87/5.99	5.98488	2025	16
6.10/6.22	6.20727	2024	17
6.10/6.44	6.42886	2023	18
6.58/6.66	6.65041	2022	19
6.77/6.89	6.87846	2021	26
7.07/7.11	7.10057	2020	28
7.27/7.33	7.32172	2019	29
7.47/7.55	7.54528	2018	33
7.47/7.78	7.76968	2017	38
7.92/8.00	7.99496	2016	43
8.17/8.23	8.21938	2015	48
8.38/8.45	8.44393	2014	54
8.57/8.67	8.66497	2013	55
8.87/8.90	8.88613	2012	57
8.87/9.12	9.10725	2011	58
8.87/9.34	9.33024	2010	62
9.48/9.58	9.57502	2009	85
9.77/9.80	9.7956	2008	86
9.97/10.02	10.0155	2007	87
10.17/10.25	10.2361	2006	88
10.38/10.47	10.4559	2005	90
10.38/10.68	10.6752	2004	91
10.87/10.91	10.8961	2003	94
11.07/11.13	11.1193	2002	98
11.27/11.35	11.3384	2001	99
11.47/11.57	11.5587	2000	101
11.67/11.79	11.7815	1999	105
11.67/12.01	12.002	1998	107
12.21/12.24	12.2301	1997	115
12.37/12.46	12.4497	1996	117
12.57/12.68	12.6685	1995	118
12.87/12.90	12.8894	1994	121
13.07/13.12	13.1096	1993	124
13.07/13.34	13.3278	1992	125
13.50/13.56	13.5471	1991	128
13.67/13.77	13.7648	1990	129
13.87/13.99	13.9834	1989	131
14.17/14.22	14.2073	1988	139
14.37/14.44	14.4323	1987	150
14.47/14.66	14.6506	1986	151
14.47/14.88	14.8673	1985	152
14.96/15.10	15.0867	1984	154
15.27/15.32	15.3057	1983	157
15.47/15.53	15.5221	1982	158
15.67/15.75	15.7393	1981	159
15.87/15.96	15.9554	1980	160
15.98/16.18	16.172	1979	161
15.98/16.40	16.3902	1977	166
16.59/16.62	16.6098	1976	170
16.77/16.83	16.8252	1975	171
16.97/17.05	17.0413	1974	174
17.17/17.27	17.2608	1973	178
17.37/17.49	17.476	1972	179
17.48/17.70	17.6918	1971	180
17.86/17.92	17.9064	1970	181
18.07/18.14	18.1258	1969	186
18.27/18.35	18.3405	1968	188
18.47/18.57	18.5562	1967	190
18.67/18.78	18.7723	1966	193
18.88/19.00	18.9867	1965	194
18.88/19.21	19.2048	1964	198
18.88/19.43	19.4208	1963	201
19.57/19.65	19.6374	1962	204
19.77/19.86	19.8507	1961	205
19.97/20.08	20.066	1960	208
20.17/20.29	20.2815	1959	213
20.27/20.52	20.5057	1958	222
20.27/20.74	20.7276	1957	230
20.92/20.95	20.9441	1956	235
21.07/21.17	21.1578	1955	236
21.27/21.38	21.3752	1954	240
21.57/21.60	21.5944	1953	247
21.77/21.82	21.8119	1952	255
21.77/22.03	22.0245	1951	256
21.77/22.25	22.2411	1950	260
22.44/22.47	22.4617	1949	268
22.57/22.69	22.679	1948	274
22.87/22.90	22.894	1947	279
23.07/23.12	23.1068	1946	280
23.27/23.33	23.325	1945	285
23.27/23.55	23.5367	1944	287
23.27/23.76	23.7482	1943	288
23.91/23.97	23.9599	1942	289
24.07/24.18	24.1733	1941	291
24.37/24.40	24.387	1940	293
24.57/24.61	24.5982	1939	294
24.77/24.85	24.8379	1938	325
24.77/25.06	25.0542	1937	331
24.77/25.28	25.2665	1936	333
25.38/25.49	25.4775	1935	335
25.67/25.70	25.6935	1934	343
25.87/25.91	25.9037	1933	344
26.07/26.13	26.1228	1932	354
26.27/26.35	26.3365	1931	359
26.27/26.56	26.5473	1930	361
26.27/26.77	26.7631	1929	369
26.87/26.99	26.9842	1928	380
27.17/27.20	27.1938	1927	381
27.37/27.41	27.4028	1926	382
27.57/27.63	27.6179	1925	388
27.67/27.84	27.8265	1924	389
27.67/28.06	28.0463	1923	408
27.67/28.28	28.2708	1922	422
28.42/28.49	28.4806	1921	424
28.67/28.72	28.7058	1920	440
28.87/28.93	28.9191	1919	447
29.07/29.14	29.1282	1918	448
29.28/29.35	29.3439	1917	457
29.28/29.57	29.5576	1916	470
29.68/29.78	29.7713	1915	478
29.87/29.99	29.9807	1914	481
30.17/30.20	30.193	1913	484
30.37/30.42	30.4066	1912	492
30.57/30.63	30.6191	1911	498
30.67/30.84	30.8333	1910	505
30.67/31.05	31.0406	1909	506
31.13/31.27	31.2602	1908	517
31.37/31.49	31.4777	1907	528
31.67/31.71	31.6967	1906	539
31.87/31.91	31.903	1905	540
32.07/32.13	32.124	1904	555
32.07/32.34	32.3317	1903	560
32.07/32.56	32.5471	1902	572
32.72/32.77	32.7572	1901	579
32.97/33.00	32.9877	1900	603
33.17/33.21	33.1968	1899	606
33.37/33.42	33.4107	1898	613
33.57/33.68	33.6674	1897	655
33.70/33.88	33.8736	1896	658
33.70/34.10	34.0945	1895	675
34.27/34.31	34.3031	1894	680
34.47/34.52	34.5083	1893	681
34.67/34.73	34.7188	1892	687
34.87/34.94	34.9343	1891	698
35.07/35.15	35.1407	1890	700
35.07/35.36	35.3525	1889	710
35.56/35.58	35.5746	1888	727
35.77/35.82	35.8094	1887	755
35.97/36.07	36.0645	1886	813
36.17/36.28	36.2707	1885	818
36.47/36.52	36.5078	1884	849
36.47/36.73	36.7153	1883	853
36.47/37.00	36.9939	1882	921
37.20/37.23	37.2179	1881	940
37.37/37.48	37.4721	1880	987
37.67/37.71	37.7017	1879	1013
37.87/37.92	37.9088	1878	1018
38.09/38.15	38.1353	1877	1046
38.09/38.36	38.3542	1876	1063
38.52/38.57	38.5573	1875	1066
38.67/38.77	38.7603	1874	1068
38.87/38.98	38.9655	1873	1072
39.07/39.19	39.1834	1872	1085
39.37/39.40	39.3882	1871	1088
39.47/39.62	39.6113	1870	1110
39.47/39.82	39.8142	1869	1112
39.99/40.03	40.0155	1868	1113
40.17/40.26	40.2496	1867	1145
40.37/40.47	40.4551	1866	1149
40.57/40.68	40.6684	1865	1160
40.77/40.88	40.8695	1864	1161
40.97/41.09	41.0812	1863	1174
40.97/41.30	41.2944	1862	1190
40.97/41.51	41.5011	1861	1198
41.68/41.72	41.7121	1860	1206
41.88/41.95	41.9385	1859	1238
42.08/42.16	42.1547	1858	1253
42.38/42.41	42.3984	1857	1294
42.49/42.61	42.6027	1856	1300
42.49/42.81	42.804	1855	1302
42.49/43.05	43.0409	1854	1336
43.18/43.25	43.2438	1853	1343
43.38/43.48	43.4694	1852	1368
43.68/43.70	43.6901	1851	1390
43.88/43.91	43.8976	1850	1398
43.99/44.17	44.163	1849	1465
43.99/44.40	44.3923	1848	1497
44.57/44.66	44.6471	1847	1562
44.77/44.87	44.8606	1846	1580
45.07/45.16	45.1473	1845	1666
45.27/45.37	45.3624	1844	1686
45.37/45.62	45.6056	1843	1726
45.37/45.83	45.8156	1842	1737
45.98/46.09	46.0768	1841	1798
46.27/46.33	46.3176	1840	1837
46.47/46.53	46.5154	1839	1838
46.67/46.73	46.7194	1838	1844
46.87/46.93	46.9189	1837	1847
46.87/47.14	47.1253	1836	1858
46.87/47.37	47.3609	1835	1901
47.67/47.71	47.6999	1834	2031
47.87/47.94	47.9267	1833	2064
48.07/48.17	48.1618	1832	2100
48.27/48.37	48.3582	1831	2101
48.27/48.58	48.5732	1830	2118
48.27/48.78	48.7731	1829	2121
48.97/49.04	49.0339	1828	2177
49.27/49.31	49.3046	1827	2251
49.47/49.52	49.5069	1826	2258
49.67/49.75	49.7356	1825	2289
49.77/50.09	50.0822	1824	2434
49.77/50.31	50.2994	1823	2456
50.47/50.52	50.5122	1822	2475
50.67/50.72	50.7106	1821	2478
51.07/51.16	51.1479	1820	2700
51.27/51.45	51.4425	1819	2789
52.07/52.13	52.1244	1818	3228
52.47/52.56	52.5451	1817	3440
52.67/52.88	52.869	1816	3551
52.67/53.10	53.0858	1815	3567
53.24/53.30	53.2865	1814	3573
53.67/53.71	53.7011	1813	3768
53.97/54.07	54.0635	1812	3923
54.17/54.41	54.3947	1811	4049
55.17/55.20	55.1885	1810	4605
55.47/55.52	55.5078	1809	4732
55.67/55.81	55.7983	1808	4823
55.67/56.01	55.9946	1807	4825
56.15/56.21	56.1972	1806	4832
56.57/56.69	56.676	1805	5096
56.87/56.93	56.9153	1804	5139
57.97/58.09	58.0782	1803	6018
58.47/58.55	58.5376	1802	6270
58.57/58.83	58.82	1801	6352
59.07/59.13	59.1194	1800	6456
59.37/59.45	59.4363	1799	6572
59.77/59.87	59.857	1798	6789
60.07/60.10	60.0852	1797	6820
60.07/60.33	60.3158	1796	6855
60.53/60.63	60.6164	1795	6953
61.27/61.30	61.2909	1794	7414
61.47/61.56	61.5541	1793	7483
61.57/61.91	61.899	1792	7630
62.10/62.17	62.155	1791	7692
62.77/62.88	62.8699	1790	8161
63.08/63.43	63.4157	1789	8491
63.61/63.64	63.6256	1788	8509
63.87/63.92	63.9066	1787	8591
64.07/64.13	64.1173	1786	8608
64.47/64.65	64.641	1785	8900
64.47/64.90	64.8931	1784	8958
65.11/65.19	65.1786	1783	9046
65.37/65.40	65.3939	1782	9069
65.67/65.75	65.7364	1781	9216
65.97/66.16	66.1542	1780	9442
65.97/66.50	66.4892	1779	9569
68.57/68.66	68.649	1778	11364
68.77/68.88	68.8697	1777	11392
68.87/69.32	69.3061	1776	11600
69.57/69.67	69.6548	1775	11748
70.07/70.16	70.1482	1774	12024
71.17/71.26	71.2481	1773	12860
71.77/71.86	71.8506	1772	13229
72.32/72.39	72.3792	1771	13540
72.57/72.62	72.6095	1770	13576
72.87/72.90	72.8875	1769	13660
74.08/74.19	74.1755	1768	14702
74.58/74.67	74.664	1767	14986
75.78/75.85	75.8436	1766	15908
79.18/79.72	79.7088	1765	19263
80.28/80.33	80.3223	1764	19641
80.68/80.73	80.7168	1763	19824
84.68/84.78	84.7725	1762	23312
85.18/85.63	85.6156	1761	23909
85.77/85.84	85.8302	1760	23935
86.47/86.57	86.5579	1759	24433
86.57/86.99	86.9822	1758	24645
87.77/87.83	87.8199	1757	25258
87.97/88.04	88.0248	1756	25275
88.48/88.50	88.493	1755	25536
89.18/89.20	89.1909	1754	26029
89.48/89.83	89.8149	1753	26431
92.08/92.18	92.1731	1752	28535
92.38/92.44	92.426	1751	28616
93.18/93.29	93.2777	1750	29228
93.68/93.78	93.7656	1749	29521
93.78/94.11	94.0975	1748	29664
94.88/94.98	94.9712	1747	30344
101.17/101.44	101.433	1746	36202
103.27/103.35	103.343	1745	37807
105.07/105.11	105.094	1744	39262
105.81/106.29	106.274	1743	40246
106.37/106.47	106.462	1742	40250
107.18/107.57	107.562	1741	41098
107.74/107.79	107.775	1740	41124
110.97/111.07	111.057	1739	43993
115.38/115.47	115.453	1738	47920
117.18/117.28	117.272	1737	49461
123.84/123.93	123.917	1736	55412
129.87/129.98	129.97	1735	61579
130.37/130.45	130.437	1734	61850
131.98/132.02	132.003	1733	63131
153.78/153.81	153.799	1732	83098
166.38/166.71	166.695	1731	95112
174.67/174.74	174.729	1730	102335
182.68/182.93	182.913	1729	109757
188.07/188.18	188.171	1728	114500
188.57/189.06	189.051	1727	115152
191.67/192.09	192.072	1726	117809
195.47/195.50	195.49	1725	120926
195.57/195.69	195.678	1724	120932
218.28/218.68	218.67	1723	141997
225.77/226.25	226.231	1722	148772
234.27/234.36	234.345	1721	156364
242.97/243.09	243.08	1720	164345
254.97/255.01	254.994	1719	175535
336.56/337.17	337.154	1718	252512
341.08/341.47	341.455	1717	256421
385.16/385.26	385.237	1716	298115
398.77/398.84	398.822	1715	310944
402.47/402.53	402.506	1714	314311
427.27/427.39	427.371	1713	337800
747.26/747.36	747.328	1712	638217
760.26/760.32	760.296	1711	650305
761.96/762.07	762.042	1710	651764
