3.99/4.02	4.02651	2031	0
3.99/4.25	4.24985	2030	1
3.99/4.47	4.47188	2029	2
4.69/4.70	4.69901	2028	5
4.89/4.92	4.92235	2027	8
5.09/5.14	5.14425	2026	9
5.29/5.36	5.36686	2025	10
5.49/5.59	5.59106	2024	14
5.49/5.81	5.81293	2023	15
5.90/6.03	6.03614	2022	17
6.19/6.26	6.25999	2021	22
6.39/6.48	6.48268	2020	25
6.69/6.71	6.70876	2019	30
6.89/6.93	6.936	2018	35
6.89/7.15	7.15771	2017	38
6.89/7.38	7.38011	2016	41
7.59/7.60	7.60043	2015	42
7.79/7.82	7.82112	2014	43
7.99/8.04	8.0433	2013	47
8.19/8.26	8.26764	2012	53
8.39/8.49	8.49035	2011	56
8.39/8.71	8.71054	2010	57
8.88/8.93	8.93106	2009	59
9.09/9.15	9.15083	2008	61
9.29/9.37	9.37427	2007	65
9.49/9.59	9.59393	2006	66
9.79/9.82	9.8187	2005	71
9.79/10.03	10.038	2004	73
9.79/10.25	10.2571	2003	74
10.44/10.47	10.4756	2002	75
10.59/10.69	10.6953	2001	76
10.89/10.91	10.915	2000	78
11.09/11.13	11.134	1998	80
11.29/11.35	11.3551	1997	83
11.29/11.57	11.5727	1996	84
11.76/11.79	11.7909	1995	85
11.99/12.01	12.0083	1994	86
12.19/12.22	12.2261	1993	87
12.39/12.44	12.4472	1992	91
12.59/12.66	12.6648	1991	92
12.79/12.88	12.8821	1990	93
12.79/13.10	13.1027	1989	99
13.25/13.32	13.3219	1988	101
13.49/13.54	13.5384	1987	102
13.69/13.75	13.7572	1986	104
13.89/13.97	13.9736	1985	105
14.09/14.19	14.1934	1984	108
14.29/14.42	14.4204	1983	121
14.29/14.63	14.6365	1982	122
14.29/14.86	14.867	1981	132
14.99/15.08	15.083	1980	133
15.29/15.30	15.2993	1979	134
15.49/15.51	15.5162	1978	136
15.69/15.73	15.7327	1977	138
15.81/15.95	15.9479	1976	139
15.81/16.16	16.1633	1975	140
16.35/16.38	16.381	1974	144
16.59/16.60	16.5996	1973	149
16.79/16.81	16.8169	1972	152
16.99/17.03	17.0317	1971	153
17.19/17.24	17.2474	1970	154
17.19/17.46	17.4621	1969	155
17.19/17.68	17.6803	1968	159
17.89/17.90	17.903	1967	168
18.09/18.12	18.1203	1966	173
18.29/18.33	18.3348	1965	174
18.49/18.55	18.5502	1964	177
18.69/18.76	18.7641	1963	178
18.69/18.98	18.9782	1962	180
18.69/19.19	19.1937	1961	182
19.39/19.41	19.4127	1960	191
19.59/19.63	19.629	1959	194
19.79/19.84	19.8441	1958	196
19.99/20.06	20.0586	1957	201
20.19/20.27	20.2731	1956	202
20.19/20.48	20.4862	1955	203
20.68/20.70	20.7019	1954	205
20.89/20.91	20.9176	1953	210
21.09/21.13	21.1375	1952	218
21.29/21.35	21.3507	1951	219
21.49/21.56	21.5629	1950	220
21.59/21.78	21.7857	1949	229
21.59/22.00	22.0026	1948	235
22.12/22.22	22.2245	1947	247
22.39/22.44	22.4464	1946	261
22.59/22.66	22.6608	1945	265
22.79/22.88	22.8784	1944	271
23.09/23.10	23.1007	1943	282
23.09/23.31	23.3131	1942	285
23.09/23.52	23.5247	1941	286
23.69/23.75	23.7527	1940	299
23.89/23.98	23.9793	1939	318
24.09/24.19	24.1911	1938	319
24.39/24.40	24.4072	1937	325
24.49/24.62	24.625	1936	337
24.49/24.84	24.8426	1935	347
25.01/25.06	25.0628	1934	360
25.18/25.27	25.2731	1933	361
25.38/25.49	25.4882	1932	370
25.68/25.70	25.6993	1931	371
25.88/25.91	25.9125	1930	376
25.98/26.14	26.139	1929	395
25.98/26.36	26.3575	1928	402
26.51/26.57	26.5695	1927	405
26.68/26.78	26.7829	1926	410
26.98/27.01	27.0146	1925	442
27.18/27.24	27.2431	1924	459
27.38/27.46	27.4628	1923	469
27.38/27.67	27.6725	1922	471
27.38/27.88	27.8839	1921	474
28.08/28.10	28.0984	1920	481
28.28/28.31	28.3088	1919	484
28.48/28.52	28.5239	1918	492
28.68/28.73	28.7356	1917	496
28.78/28.94	28.9448	1916	501
28.78/29.16	29.1656	1915	513
29.37/29.39	29.3878	1914	526
29.58/29.60	29.6039	1913	534
29.78/29.82	29.8224	1912	548
29.98/30.04	30.0405	1911	565
30.18/30.25	30.2507	1910	569
30.18/30.47	30.4701	1909	580
30.18/30.69	30.6903	1908	595
30.81/30.89	30.8966	1907	596
31.08/31.10	31.106	1906	600
31.28/31.31	31.3141	1905	603
31.48/31.52	31.525	1904	608
31.68/31.74	31.7447	1903	619
31.68/31.95	31.9508	1902	620
31.68/32.15	32.1566	1901	621
32.28/32.37	32.3733	1900	639
32.48/32.59	32.5879	1899	648
32.68/32.79	32.7968	1898	653
32.98/33.01	33.0138	1897	668
33.08/33.23	33.2331	1896	683
33.08/33.47	33.4722	1895	712
33.55/33.68	33.68	1894	715
33.78/33.88	33.8846	1893	716
34.08/34.10	34.0988	1892	725
34.28/34.31	34.3074	1891	730
34.48/34.53	34.528	1890	753
34.58/34.73	34.7349	1889	757
34.58/34.94	34.9443	1888	762
34.97/35.15	35.1483	1887	764
35.28/35.35	35.3536	1886	767
35.48/35.56	35.564	1885	775
35.68/35.77	35.7684	1884	776
35.88/35.98	35.9828	1883	786
36.09/36.20	36.1973	1882	800
36.09/36.40	36.4003	1881	801
36.59/36.61	36.6091	1880	806
36.78/36.81	36.8146	1879	810
36.98/37.02	37.0189	1878	813
37.18/37.23	37.2277	1877	821
37.38/37.48	37.478	1876	870
37.38/37.69	37.6921	1875	881
37.38/37.90	37.9023	1874	888
38.00/38.10	38.1061	1873	891
38.28/38.31	38.3118	1872	893
38.48/38.51	38.5152	1871	896
38.68/38.73	38.7275	1870	905
38.88/38.94	38.9427	1869	920
38.99/39.17	39.169	1868	946
38.99/39.41	39.4077	1867	983
39.58/39.61	39.6089	1866	984
39.78/39.83	39.8322	1865	1001
39.98/40.07	40.0696	1864	1033
40.28/40.31	40.3112	1863	1067
40.38/40.51	40.5147	1862	1069
40.38/40.74	40.7436	1861	1093
40.94/40.96	40.9578	1860	1105
41.08/41.16	41.1644	1859	1113
41.38/41.41	41.4145	1858	1170
41.58/41.66	41.6603	1857	1209
41.78/41.86	41.8661	1856	1216
41.78/42.08	42.0785	1855	1228
41.78/42.28	42.279	1854	1229
42.48/42.50	42.5019	1853	1249
42.68/42.74	42.7425	1852	1294
42.88/42.96	42.9651	1851	1319
43.08/43.19	43.1949	1850	1348
43.28/43.40	43.397	1849	1351
43.28/43.63	43.6272	1848	1381
43.28/43.85	43.849	1847	1401
43.98/44.05	44.0475	1846	1402
44.18/44.25	44.2479	1845	1405
44.38/44.46	44.4607	1844	1423
44.58/44.67	44.6741	1843	1435
44.78/44.88	44.8827	1842	1447
44.78/45.09	45.0953	1841	1459
44.78/45.29	45.294	1840	1460
45.48/45.51	45.5075	1839	1476
45.68/45.72	45.7174	1838	1488
45.88/45.97	45.9741	1837	1543
46.18/46.21	46.2158	1836	1579
46.28/46.41	46.4138	1835	1581
46.28/46.61	46.6149	1834	1586
46.28/46.81	46.8164	1833	1592
46.98/47.02	47.0219	1832	1601
47.18/47.23	47.2353	1831	1615
47.38/47.44	47.4368	1830	1620
47.58/47.63	47.635	1829	1623
47.78/47.83	47.8325	1828	1625
47.78/48.07	48.0756	1827	1672
47.78/48.27	48.2755	1826	1675
48.38/48.48	48.4844	1825	1686
48.68/48.70	48.7038	1824	1708
48.88/48.93	48.9328	1823	1738
49.08/49.13	49.1305	1822	1741
49.18/49.36	49.3643	1821	1781
49.18/49.63	49.6355	1820	1860
49.72/49.85	49.8517	1819	1881
49.98/50.04	50.0464	1818	1882
50.18/50.25	50.2516	1817	1893
50.38/50.45	50.4542	1816	1901
50.58/50.67	50.6752	1815	1928
50.68/51.02	51.0233	1814	2081
51.17/51.22	51.2201	1813	2084
51.48/51.54	51.5408	1812	2214
51.68/51.78	51.7767	1811	2257
51.98/52.05	52.0477	1810	2330
52.18/52.40	52.3969	1809	2487
52.18/52.60	52.599	1808	2499
52.88/52.99	52.9938	1807	2676
53.28/53.31	53.3067	1806	2793
53.58/53.60	53.598	1805	2878
53.58/53.80	53.8012	1804	2889
53.58/54.07	54.0751	1803	2959
54.68/54.72	54.7214	1802	3372
55.08/55.47	55.4703	1801	3854
55.68/55.78	55.7799	1800	3948
56.28/56.37	56.3752	1799	4317
57.18/57.22	57.2244	1798	4928
57.38/57.42	57.4184	1797	4930
57.58/57.61	57.6148	1796	4935
57.88/57.97	57.97	1795	5101
57.98/58.32	58.3219	1794	5235
58.43/58.52	58.5208	1793	5245
59.38/59.42	59.4215	1792	5913
59.38/59.80	59.804	1791	6086
59.98/60.09	60.0957	1790	6176
60.28/60.37	60.3722	1789	6258
60.58/60.69	60.6947	1788	6383
60.78/61.13	61.1357	1787	6623
60.78/61.39	61.3888	1786	6678
61.69/61.76	61.7647	1785	6842
62.29/62.58	62.5823	1784	7394
62.71/62.77	62.7751	1783	7397
62.99/63.03	63.0279	1782	7448
63.69/64.20	64.1986	1781	8295
66.19/66.22	66.2214	1780	9878
66.49/66.58	66.579	1779	10026
66.49/66.98	66.9812	1778	10202
67.99/68.06	68.0596	1777	10982
68.39/68.61	68.6069	1776	11289
69.53/69.57	69.5727	1775	11985
70.09/70.12	70.1191	1774	12291
70.29/70.32	70.316	1773	12300
72.99/73.04	73.037	1772	14518
73.69/73.89	73.8953	1771	15172
73.69/74.08	74.0841	1770	15173
75.19/75.22	75.2217	1769	16115
76.09/76.14	76.1452	1768	16810
76.39/76.42	76.4223	1767	16898
76.59/76.94	76.942	1766	17190
77.59/77.64	77.6425	1765	17670
80.10/80.15	80.148	1764	19855
80.68/80.77	80.7658	1763	20256
80.88/80.98	80.9789	1762	20286
81.12/81.42	81.4226	1761	20534
82.48/82.55	82.5462	1760	21408
83.39/83.44	83.445	1759	22072
83.69/83.74	83.7435	1758	22163
84.43/84.50	84.5018	1757	22673
85.39/85.88	85.8776	1756	23769
89.59/89.66	89.6619	1755	27100
92.69/92.73	92.7279	1754	29803
96.59/96.62	96.6169	1753	33165
97.09/97.15	97.1479	1752	33482
97.89/97.96	97.9602	1751	34054
98.29/98.37	98.3695	1750	34254
99.79/99.89	99.894	1749	35529
100.09/100.48	100.475	1748	35928
103.69/103.73	103.726	1747	38705
105.38/105.44	105.442	1746	40126
105.78/105.86	105.863	1745	40351
105.98/106.15	106.145	1744	40450
105.98/106.44	106.437	1743	40559
109.88/109.96	109.955	1742	43617
110.38/110.52	110.523	1741	43946
123.29/123.32	123.323	1740	55309
126.85/126.86	126.861	1739	58359
134.98/135.11	135.106	1738	65712
144.98/145.06	145.055	1737	74377
145.18/145.28	145.278	1736	74411
154.76/154.88	154.878	1735	82988
154.99/155.07	155.064	1734	82993
156.39/156.41	156.41	1733	84078
158.69/158.78	158.779	1732	86120
159.59/159.64	159.632	1731	86746
167.19/167.25	167.247	1730	93676
168.10/168.13	168.126	1729	94298
178.39/178.46	178.459	1728	103604
180.18/180.24	180.239	1727	105125
181.58/181.64	181.637	1726	106231
248.48/248.53	248.52	1725	169474
281.18/281.21	281.206	1724	200362
299.88/299.95	299.946	1723	218855
313.28/313.55	313.538	1722	231661
317.08/317.16	317.15	1721	234934
321.88/322.17	322.162	1720	239697
872.46/872.58	872.551	1719	756326
920.97/921.08	921.049	1718	800635
946.26/946.33	946.301	1717	824210
949.56/950.10	950.075	1716	827555
953.96/954.36	954.329	1715	831325
973.95/974.06	974.032	1714	849709
