3.79/3.88	3.88401	2027	0
4.09/4.11	4.10903	2026	9
4.29/4.33	4.32998	2025	10
4.49/4.55	4.55037	2024	11
4.59/4.77	4.7711	2023	12
4.95/4.99	4.99122	2022	13
5.19/5.21	5.21112	2021	14
5.39/5.44	5.43754	2020	18
5.59/5.65	5.65708	2019	19
5.79/5.88	5.87965	2018	25
5.79/6.10	6.1003	2017	27
6.29/6.32	6.32455	2016	31
6.49/6.54	6.54704	2015	34
6.69/6.77	6.77487	2014	40
6.89/6.99	6.99486	2013	43
7.09/7.21	7.21386	2012	44
7.09/7.43	7.43367	2011	46
7.63/7.65	7.65217	2010	47
7.79/7.89	7.89049	2009	65
8.09/8.11	8.11089	2008	67
8.29/8.33	8.32941	2007	68
8.49/8.55	8.5474	2006	69
8.49/8.77	8.77099	2005	75
8.94/8.99	8.98931	2004	76
9.19/9.21	9.20744	2003	77
9.39/9.43	9.42963	2002	82
9.59/9.65	9.64832	2001	84
9.79/9.87	9.86928	2000	88
9.79/10.09	10.0874	1999	89
9.79/10.31	10.31	1998	95
10.49/10.53	10.5299	1997	99
10.69/10.75	10.7506	1996	103
10.89/10.97	10.9729	1995	108
11.09/11.19	11.1901	1994	110
11.29/11.41	11.4123	1993	118
11.58/11.63	11.6284	1992	119
11.79/11.84	11.8468	1991	121
11.99/12.06	12.0633	1990	122
12.19/12.28	12.2797	1989	123
12.39/12.49	12.4958	1988	124
12.59/12.71	12.7165	1987	129
12.59/12.93	12.9342	1986	131
12.59/13.15	13.152	1985	134
13.29/13.38	13.3844	1984	147
13.59/13.61	13.6075	1983	155
13.79/13.82	13.8233	1982	156
13.99/14.04	14.0454	1981	165
14.09/14.26	14.2623	1980	168
14.09/14.48	14.4775	1979	169
14.69/14.69	14.6933	1978	171
14.89/14.91	14.9082	1977	172
15.09/15.12	15.124	1976	174
15.29/15.34	15.3426	1975	179
15.49/15.55	15.5564	1974	180
15.49/15.77	15.773	1973	182
15.49/15.99	15.9879	1972	186
16.19/16.20	16.2049	1971	190
16.39/16.42	16.4187	1970	191
16.59/16.63	16.6322	1969	193
16.79/16.84	16.8468	1968	195
16.99/17.06	17.0633	1967	198
16.99/17.28	17.2777	1966	200
16.99/17.49	17.4906	1965	201
17.69/17.71	17.713	1964	209
17.89/17.93	17.9295	1963	216
18.09/18.17	18.1677	1962	241
18.29/18.38	18.3823	1961	244
18.49/18.59	18.5962	1960	246
18.49/18.81	18.8158	1959	252
18.99/19.03	19.0299	1958	256
19.19/19.24	19.2428	1957	259
19.39/19.45	19.4547	1956	260
19.59/19.68	19.6808	1955	278
19.79/19.89	19.893	1954	279
19.89/20.10	20.1047	1953	281
20.11/20.32	20.3173	1952	282
20.11/20.53	20.529	1951	283
20.69/20.74	20.74	1950	284
20.89/20.95	20.9519	1949	286
21.09/21.16	21.1643	1948	288
21.29/21.37	21.3755	1947	289
21.49/21.58	21.5863	1946	291
21.49/21.80	21.8004	1945	295
21.87/22.01	22.0109	1944	297
22.19/22.23	22.2297	1943	308
22.39/22.44	22.4403	1942	309
22.59/22.66	22.66	1941	319
22.79/22.87	22.8733	1940	324
22.89/23.08	23.0832	1939	325
22.89/23.29	23.296	1938	329
23.49/23.53	23.5313	1937	353
23.69/23.74	23.7428	1936	357
23.89/23.95	23.956	1935	360
24.09/24.17	24.1683	1934	365
24.29/24.38	24.379	1933	367
24.39/24.59	24.5885	1932	370
24.39/24.80	24.8021	1931	374
24.99/25.01	25.0112	1930	376
25.19/25.22	25.2215	1929	380
25.39/25.43	25.4305	1928	381
25.59/25.64	25.6409	1927	387
25.79/25.85	25.85	1926	388
25.79/26.06	26.0591	1925	390
25.79/26.27	26.2693	1924	393
26.43/26.48	26.4773	1923	394
26.59/26.68	26.6846	1922	395
26.89/26.90	26.8998	1921	403
27.09/27.11	27.1087	1920	405
27.29/27.31	27.3166	1919	406
27.29/27.53	27.5321	1918	415
27.29/27.75	27.7472	1917	425
27.89/27.95	27.9553	1916	428
28.09/28.17	28.1734	1915	442
28.29/28.38	28.3821	1914	444
28.49/28.59	28.5952	1913	450
28.69/28.80	28.8039	1912	453
28.69/29.01	29.013	1911	456
28.69/29.24	29.2391	1910	476
29.36/29.44	29.4453	1909	477
29.59/29.65	29.6536	1908	481
29.79/29.86	29.861	1907	485
29.99/30.07	30.0697	1906	489
30.19/30.29	30.2868	1905	506
30.44/30.54	30.5392	1904	549
30.44/30.74	30.7448	1903	550
30.94/30.96	30.9617	1902	560
31.09/31.18	31.1843	1901	581
31.39/31.40	31.3969	1900	590
31.59/31.61	31.6119	1899	607
31.69/31.82	31.8198	1898	611
31.93/32.14	32.1414	1897	725
32.33/32.35	32.3505	1896	731
32.49/32.55	32.5564	1895	734
32.79/32.82	32.8214	1894	793
32.99/33.05	33.0559	1893	826
33.19/33.26	33.2663	1892	833
33.44/33.48	33.4777	1891	842
33.44/33.71	33.7104	1890	866
33.91/33.92	33.9252	1889	879
34.09/34.13	34.1325	1888	885
34.29/34.35	34.3485	1887	899
34.49/34.58	34.5862	1886	945
34.69/34.80	34.7991	1885	956
34.91/35.01	35.0087	1884	962
34.91/35.24	35.2464	1883	996
35.39/35.45	35.4514	1882	1000
35.59/35.66	35.6605	1881	1008
35.79/35.88	35.8803	1880	1026
35.99/36.08	36.0853	1879	1030
36.19/36.30	36.2987	1878	1049
36.19/36.50	36.5024	1877	1051
36.19/36.71	36.7089	1876	1056
36.89/36.91	36.9118	1875	1058
37.09/37.11	37.1147	1874	1061
37.29/37.31	37.3164	1873	1063
37.49/37.52	37.5255	1872	1071
37.59/37.73	37.729	1871	1074
37.59/37.94	37.9412	1870	1084
37.59/38.16	38.1649	1869	1108
38.39/38.40	38.3983	1868	1145
38.59/38.60	38.6039	1867	1151
38.79/38.84	38.8367	1866	1177
39.09/39.11	39.1068	1865	1252
39.09/39.34	39.3414	1864	1288
39.35/39.54	39.5409	1863	1289
39.73/39.75	39.747	1862	1295
39.89/39.99	39.9961	1861	1340
40.19/40.21	40.2138	1860	1360
40.39/40.43	40.427	1859	1377
40.59/40.63	40.636	1858	1387
40.82/40.88	40.8795	1857	1434
40.82/41.10	41.1055	1856	1463
41.29/41.32	41.3213	1855	1481
41.49/41.52	41.5236	1854	1485
41.69/41.76	41.7622	1853	1522
41.89/41.99	41.9956	1852	1557
42.09/42.21	42.2099	1851	1571
42.28/42.50	42.4985	1850	1650
42.79/42.83	42.8317	1849	1774
42.99/43.07	43.0683	1848	1811
43.49/43.50	43.5058	1847	2018
43.49/43.71	43.7125	1846	2027
43.75/43.92	43.9218	1845	2038
44.12/44.16	44.1563	1844	2071
44.29/44.35	44.3553	1843	2074
44.49/44.57	44.5711	1842	2096
44.79/44.82	44.8222	1841	2150
45.23/45.26	45.2588	1840	2369
45.23/45.51	45.5138	1839	2421
45.69/45.79	45.7948	1838	2504
45.99/46.03	46.0329	1837	2545
46.29/46.37	46.3726	1836	2670
46.49/46.57	46.5755	1835	2678
46.49/46.79	46.7878	1834	2691
46.93/46.98	46.9838	1833	2692
47.29/47.39	47.3926	1832	2896
47.59/47.60	47.6024	1831	2912
47.79/47.81	47.8076	1830	2920
47.89/48.07	48.0731	1829	2985
47.89/48.30	48.3032	1828	3018
48.79/48.85	48.8491	1827	3358
49.09/49.11	49.1138	1826	3420
49.29/49.33	49.3302	1825	3442
49.39/49.70	49.6976	1824	3595
49.39/49.90	49.8971	1823	3600
50.09/50.17	50.1686	1822	3683
50.69/50.77	50.7745	1821	4055
50.89/50.97	50.9733	1820	4064
50.89/51.18	51.1816	1819	4080
51.59/51.64	51.6427	1818	4313
51.79/51.84	51.8386	1817	4316
52.19/52.23	52.2283	1816	4509
52.39/52.47	52.4723	1815	4554
52.99/53.05	53.0529	1814	4917
53.29/53.37	53.3699	1813	5030
53.79/53.84	53.8407	1812	5289
53.79/54.27	54.2752	1811	5512
54.49/54.57	54.5745	1810	5617
54.69/54.78	54.7832	1809	5635
54.89/54.99	54.9944	1808	5653
55.29/55.66	55.6583	1807	6061
55.84/55.89	55.8898	1806	6097
56.09/56.16	56.1638	1805	6171
56.79/56.98	56.9835	1804	6726
56.79/57.23	57.2327	1803	6790
57.89/57.96	57.9628	1802	7282
58.29/58.33	58.331	1801	7436
58.29/58.79	58.7956	1800	7674
58.99/59.04	59.0418	1799	7725
59.69/59.86	59.8609	1798	8277
59.69/60.08	60.0837	1797	8306
60.59/60.62	60.6203	1796	8627
60.89/60.93	60.927	1795	8739
61.09/61.16	61.1579	1794	8777
61.19/61.46	61.4591	1793	8882
61.86/61.88	61.8803	1792	9108
62.29/62.39	62.3885	1791	9404
62.59/62.61	62.6071	1790	9439
62.69/62.82	62.8196	1789	9463
62.69/63.02	63.0249	1788	9476
63.24/63.33	63.3289	1787	9586
63.59/63.61	63.6086	1786	9670
64.19/64.35	64.3477	1785	10176
64.38/64.64	64.6424	1784	10271
65.29/65.33	65.3323	1783	10733
66.23/66.33	66.3341	1782	11478
66.59/66.66	66.6601	1781	11610
66.99/67.03	67.0266	1780	11770
67.32/67.37	67.3692	1779	11906
67.89/67.97	67.972	1778	12276
68.49/68.54	68.5373	1777	12632
69.49/69.59	69.5923	1776	13402
69.89/69.98	69.9804	1775	13587
69.99/70.37	70.3685	1774	13781
72.08/72.09	72.0882	1773	15181
72.29/72.32	72.3171	1772	15219
72.89/73.07	73.0666	1771	15756
75.29/75.32	75.3238	1770	17705
75.79/76.06	76.0624	1769	18237
79.39/79.44	79.4447	1768	21203
80.89/80.97	80.9738	1767	22481
81.59/82.00	81.9956	1766	23314
85.09/85.13	85.1262	1765	26181
85.98/86.50	86.4992	1764	27333
86.78/86.89	86.8868	1763	27514
87.28/87.32	87.3184	1762	27743
88.08/88.19	88.1869	1761	28389
90.38/90.45	90.4454	1760	30370
94.38/94.44	94.4408	1759	33883
94.78/95.25	95.2474	1758	34465
95.88/95.97	95.9718	1757	34989
96.28/96.86	96.8582	1756	35692
98.38/98.47	98.4725	1755	37097
100.09/100.10	100.097	1754	38434
103.69/104.15	104.153	1753	42053
104.59/104.63	104.633	1752	42313
104.99/105.01	105.006	1751	42508
105.99/106.01	106.006	1750	43304
110.19/110.21	110.207	1749	47194
110.39/110.43	110.431	1748	47232
110.99/111.17	111.165	1747	47774
116.69/117.09	117.088	1746	53312
122.59/122.89	122.889	1745	58574
125.68/125.98	125.978	1744	61187
129.78/129.86	129.857	1743	64613
153.48/153.64	153.643	1742	86599
157.14/157.15	157.148	1741	89784
159.08/159.12	159.118	1739	91505
160.88/161.33	161.325	1738	93439
178.59/178.66	178.656	1737	109748
207.88/207.99	207.989	1736	137157
210.78/210.87	210.868	1735	139574
225.59/225.82	225.813	1734	153579
226.78/226.80	226.799	1733	154339
232.09/232.12	232.119	1732	159148
232.39/232.49	232.488	1731	159317
238.08/238.16	238.161	1730	164587
239.58/239.63	239.627	1729	165811
246.08/246.15	246.15	1728	171669
251.58/251.63	251.63	1727	176718
314.98/315.02	315.012	1726	235007
324.18/324.42	324.415	1725	243695
383.48/383.53	383.527	1724	298664
383.78/384.05	384.045	1723	298964
391.98/392.08	392.076	1722	306164
392.28/392.31	392.298	1721	306208
396.58/396.68	396.673	1720	310186
401.38/401.46	401.455	1719	314551
774.67/774.96	774.945	1718	664994
781.47/781.59	781.575	1717	670975
818.57/818.64	818.616	1716	705223
