3.78/3.92	3.92593	2031	0
3.78/4.15	4.15397	2030	1
4.29/4.38	4.38725	2027	9
4.58/4.61	4.61537	2026	12
4.78/4.84	4.84257	2025	13
4.98/5.07	5.07075	2024	14
5.09/5.30	5.29837	2023	16
5.09/5.52	5.52613	2022	17
5.74/5.75	5.75485	2021	22
5.88/5.98	5.98341	2020	24
6.18/6.21	6.21349	2019	29
6.38/6.44	6.44209	2018	31
6.59/6.67	6.66955	2017	35
6.59/6.89	6.89715	2016	37
7.09/7.12	7.1258	2015	42
7.29/7.35	7.35503	2014	45
7.48/7.58	7.58342	2013	47
7.78/7.81	7.80807	2012	48
7.88/8.03	8.03426	2011	49
7.88/8.26	8.262	2010	54
8.45/8.49	8.49171	2009	63
8.68/8.72	8.71819	2008	64
8.89/8.94	8.94382	2007	65
9.08/9.17	9.16942	2006	68
9.28/9.39	9.39403	2005	69
9.38/9.62	9.61949	2004	71
9.76/9.84	9.8443	2003	72
9.98/10.07	10.0689	2002	73
10.28/10.30	10.3009	2001	80
10.48/10.52	10.527	2000	83
10.68/10.75	10.7505	1999	84
10.78/10.97	10.9746	1998	86
11.06/11.20	11.1984	1997	88
11.39/11.42	11.4218	1996	90
11.58/11.64	11.6445	1995	91
11.78/11.87	11.8695	1994	93
11.98/12.09	12.0945	1993	95
12.18/12.32	12.3214	1992	99
12.18/12.54	12.5474	1991	103
12.58/12.77	12.77	1990	104
12.88/12.99	12.9935	1989	108
13.18/13.21	13.2149	1988	109
13.38/13.44	13.443	1987	115
13.58/13.66	13.6664	1986	117
13.69/13.89	13.8877	1985	118
13.69/14.11	14.1142	1984	124
14.31/14.34	14.3407	1983	129
14.48/14.56	14.5648	1982	133
14.68/14.78	14.7874	1981	135
14.98/15.01	15.01	1980	137
15.19/15.23	15.2304	1979	138
15.19/15.45	15.4531	1978	140
15.19/15.67	15.675	1977	143
15.88/15.90	15.8994	1976	147
16.08/16.12	16.1228	1975	154
16.28/16.34	16.3437	1974	156
16.48/16.56	16.5639	1973	157
16.69/16.78	16.7853	1972	159
16.69/17.01	17.009	1971	162
17.20/17.23	17.2303	1970	165
17.38/17.45	17.4529	1969	170
17.58/17.67	17.6728	1968	172
17.78/17.89	17.8918	1967	173
18.08/18.12	18.1178	1966	181
18.08/18.34	18.3415	1965	192
18.49/18.56	18.5616	1964	193
18.69/18.78	18.7829	1963	196
18.98/19.01	19.0084	1962	207
19.18/19.23	19.2286	1961	210
19.38/19.45	19.4515	1960	215
19.48/19.67	19.6723	1959	218
19.48/19.89	19.8894	1958	219
19.94/20.11	20.1134	1957	225
20.28/20.33	20.3351	1956	229
20.48/20.57	20.5679	1955	244
20.68/20.79	20.7904	1954	250
20.98/21.01	21.0091	1953	253
20.98/21.23	21.2282	1952	256
20.98/21.45	21.4479	1951	259
21.59/21.67	21.6756	1950	270
21.78/21.89	21.8932	1949	272
22.08/22.11	22.1147	1948	276
22.28/22.33	22.3364	1946	287
22.38/22.57	22.574	1945	309
22.38/22.79	22.7906	1944	311
22.85/23.00	23.0071	1943	313
23.18/23.23	23.2331	1942	321
23.38/23.46	23.4666	1941	338
23.58/23.68	23.6825	1940	339
23.88/23.90	23.9042	1939	347
23.88/24.12	24.1212	1938	350
23.88/24.34	24.3418	1937	357
24.48/24.56	24.5627	1936	362
24.68/24.78	24.778	1935	363
24.98/25.01	25.0086	1934	375
25.18/25.22	25.2261	1933	378
25.38/25.44	25.4457	1932	387
25.38/25.69	25.6879	1931	423
25.77/25.90	25.9015	1929	424
26.08/26.15	26.1513	1928	461
26.28/26.37	26.3682	1927	464
26.48/26.58	26.5847	1926	467
26.78/26.82	26.8185	1925	488
26.78/27.04	27.0423	1924	497
27.23/27.25	27.2554	1923	498
27.39/27.47	27.469	1922	499
27.58/27.68	27.6855	1921	503
27.88/27.91	27.908	1920	512
28.08/28.14	28.1469	1919	536
28.18/28.36	28.3594	1918	537
28.18/28.58	28.5823	1917	547
28.64/28.79	28.7954	1916	548
28.98/29.01	29.0143	1915	555
29.18/29.23	29.2314	1914	560
29.38/29.46	29.4581	1913	574
29.58/29.67	29.673	1912	578
29.68/29.89	29.8936	1911	590
29.68/30.12	30.1177	1910	601
30.28/30.33	30.3295	1909	602
30.48/30.54	30.5448	1908	606
30.68/30.76	30.7598	1907	610
30.88/30.99	30.9892	1906	630
31.08/31.20	31.2019	1905	633
31.08/31.41	31.4124	1904	634
31.08/31.62	31.6261	1903	637
31.78/31.85	31.8563	1902	653
31.98/32.07	32.072	1901	658
32.18/32.29	32.2874	1900	663
32.48/32.50	32.5003	1899	665
32.60/32.71	32.7126	1898	669
32.60/32.93	32.9305	1897	676
33.09/33.14	33.1456	1896	682
33.28/33.37	33.3745	1895	699
33.48/33.58	33.5866	1894	702
33.78/33.80	33.8029	1893	708
33.99/34.01	34.0132	1892	710
33.99/34.23	34.2318	1891	720
34.41/34.47	34.468	1890	743
34.58/34.69	34.6874	1889	754
34.88/34.90	34.9016	1888	760
35.08/35.11	35.1134	1887	762
35.28/35.33	35.3295	1886	768
35.38/35.55	35.5477	1885	775
35.38/35.77	35.7714	1884	793
35.96/35.98	35.9836	1883	797
36.18/36.25	36.252	1882	855
36.38/36.47	36.4683	1881	864
36.68/36.70	36.699	1880	896
36.78/36.91	36.9077	1879	898
36.78/37.16	37.1642	1878	977
36.78/37.41	37.4132	1877	1028
37.58/37.63	37.6325	1876	1041
37.78/37.86	37.8648	1875	1065
37.98/38.08	38.0786	1874	1072
38.18/38.29	38.296	1873	1086
38.41/38.53	38.5287	1872	1115
38.72/38.76	38.7656	1871	1141
38.88/38.98	38.9832	1870	1153
39.18/39.26	39.2632	1869	1222
39.38/39.49	39.4905	1868	1241
39.68/39.70	39.7003	1867	1244
39.68/39.91	39.9156	1866	1252
39.68/40.13	40.132	1865	1261
40.17/40.36	40.3572	1864	1279
40.48/40.58	40.5819	1863	1295
40.68/40.79	40.7945	1862	1304
40.98/41.01	41.0115	1861	1314
41.18/41.27	41.2721	1860	1364
41.31/41.51	41.5119	1859	1396
41.72/41.76	41.7666	1858	1442
41.98/42.00	42.0064	1857	1479
42.18/42.22	42.2177	1856	1485
42.38/42.46	42.4576	1855	1525
42.58/42.67	42.6711	1854	1534
42.71/42.88	42.8777	1853	1536
42.71/43.08	43.0846	1852	1538
43.16/43.30	43.3025	1851	1550
43.48/43.52	43.52	1850	1564
43.68/43.74	43.745	1849	1586
43.88/43.97	43.9742	1848	1609
44.08/44.21	44.2113	1847	1645
44.25/44.44	44.4458	1846	1670
44.62/44.72	44.7191	1845	1732
44.88/44.99	44.9955	1844	1795
45.18/45.26	45.2662	1843	1853
45.48/45.51	45.5145	1842	1892
45.58/45.75	45.7495	1841	1923
45.58/46.00	45.9997	1840	1968
46.18/46.24	46.2431	1839	2011
46.38/46.46	46.4591	1838	2026
46.58/46.67	46.671	1837	2036
46.88/46.98	46.9768	1836	2127
46.98/47.21	47.2096	1835	2158
46.98/47.44	47.4421	1834	2187
47.68/47.72	47.7208	1833	2250
47.88/47.94	47.9369	1832	2262
48.08/48.16	48.1637	1831	2287
48.38/48.49	48.4897	1830	2402
48.48/48.75	48.7537	1829	2458
49.12/49.18	49.1822	1828	2672
49.38/49.43	49.4341	1827	2720
49.78/49.83	49.8356	1826	2896
49.98/50.12	50.1238	1825	2982
49.98/50.45	50.4526	1824	3096
50.68/50.76	50.7663	1823	3199
51.18/51.28	51.2822	1822	3483
51.48/51.50	51.5063	1821	3509
51.48/51.74	51.7378	1820	3534
51.48/51.99	51.9905	1819	3582
52.18/52.21	52.2092	1818	3598
52.38/52.42	52.4231	1817	3609
52.68/52.70	52.6977	1816	3681
52.99/53.03	53.034	1815	3797
52.99/53.25	53.2525	1814	3812
53.46/53.52	53.5204	1813	3870
53.68/53.74	53.742	1812	3890
53.98/54.08	54.0794	1811	4011
54.28/54.31	54.3105	1810	4044
54.38/54.58	54.5815	1809	4109
54.38/54.89	54.8952	1808	4207
55.08/55.11	55.11	1807	4220
55.28/55.38	55.3789	1806	4280
55.68/55.73	55.732	1805	4420
55.88/56.05	56.0474	1804	4514
55.88/56.34	56.3438	1803	4612
56.68/56.73	56.7305	1802	4768
56.88/56.94	56.9397	1801	4779
57.28/57.71	57.7089	1800	5264
57.76/57.91	57.9092	1799	5268
58.08/58.13	58.1279	1798	5286
58.38/58.41	58.4147	1797	5369
58.68/58.71	58.7113	1796	5462
58.78/58.98	58.9788	1795	5527
59.58/59.62	59.6246	1794	5930
60.18/60.20	60.2024	1793	6285
60.28/60.53	60.5346	1792	6409
60.88/60.98	60.982	1791	6627
61.28/61.35	61.3517	1790	6785
62.40/62.46	62.4572	1789	7639
63.18/63.22	63.2196	1788	8131
63.31/63.66	63.6632	1787	8366
63.88/63.94	63.943	1786	8441
64.28/64.30	64.2989	1785	8583
64.48/64.50	64.5014	1784	8591
64.68/64.70	64.6987	1783	8595
64.68/64.89	64.8949	1782	8598
65.98/66.09	66.0952	1781	9442
66.70/66.76	66.7575	1780	9860
67.68/67.72	67.726	1779	10524
68.58/68.63	68.6299	1778	11125
68.98/69.08	69.0847	1777	11350
69.98/70.02	70.0223	1776	12016
71.06/71.16	71.1601	1775	12863
71.78/71.84	71.8421	1774	13280
72.08/72.26	72.2596	1773	13492
72.08/72.54	72.5363	1772	13571
72.71/72.75	72.7537	1771	13592
74.00/74.14	74.1449	1770	14684
74.38/74.49	74.4923	1769	14830
75.59/75.68	75.6857	1768	15721
78.59/78.67	78.6743	1767	18336
79.08/79.15	79.155	1766	18602
79.48/79.74	79.7429	1765	18990
79.48/79.98	79.9793	1764	19031
80.38/80.44	80.4382	1763	19270
80.78/80.85	80.8529	1762	19487
80.99/81.20	81.1977	1761	19659
81.69/81.77	81.7684	1760	20012
82.39/82.53	82.5288	1759	20542
83.49/83.57	83.5747	1758	21339
83.79/83.81	83.808	1757	21380
83.91/84.00	84.0011	1756	21382
87.12/87.18	87.1851	1755	24493
88.09/88.38	88.3787	1754	25397
88.56/88.61	88.6081	1753	25439
90.99/91.39	91.3906	1752	27820
91.79/91.84	91.839	1751	28072
95.09/95.14	95.1422	1750	30935
96.29/96.32	96.3237	1749	31837
97.99/98.08	98.0849	1748	33298
100.78/100.80	100.798	1747	35556
101.18/101.32	101.322	1746	35882
105.59/105.98	105.981	1745	40003
107.09/107.17	107.168	1744	40937
110.09/110.53	110.531	1743	43930
111.59/111.62	111.624	1742	44795
112.59/112.63	112.629	1741	45530
114.19/114.24	114.239	1740	46774
115.29/115.31	115.308	1739	47558
117.94/117.99	117.991	1738	49728
121.88/122.34	122.336	1737	53437
124.79/125.00	125.002	1736	55697
131.15/131.19	131.189	1735	61032
146.59/146.95	146.949	1734	74728
158.89/158.94	158.94	1733	85461
163.78/163.80	163.796	1732	89687
164.18/164.29	164.286	1731	89955
168.48/168.82	168.823	1730	93974
169.28/169.37	169.368	1729	94288
178.58/179.10	179.103	1728	103016
179.98/180.00	179.995	1727	103644
206.28/206.61	206.604	1726	127291
230.88/230.90	230.894	1725	148533
235.69/236.13	236.128	1724	153126
236.49/236.53	236.53	1723	153335
239.99/240.06	240.061	1722	156411
263.98/264.05	264.041	1721	177870
297.88/297.92	297.911	1720	208444
304.92/304.94	304.93	1719	214710
305.78/305.86	305.858	1718	215403
307.29/307.59	307.589	1717	216849
406.99/407.05	407.041	1716	308385
448.58/448.78	448.774	1715	347118
520.07/520.15	520.141	1714	411831
525.57/525.67	525.658	1713	416741
544.37/544.45	544.435	1712	433589
582.47/582.53	582.518	1711	467870
735.27/735.30	735.281	1710	605538
