3.99/4.09	4.08981	2026	0
4.29/4.31	4.31157	2025	2
4.49/4.53	4.53461	2024	4
4.70/4.75	4.75715	2023	5
4.89/4.98	4.9776	2022	6
5.20/5.20	5.2054	2021	12
5.39/5.42	5.42619	2020	13
5.39/5.65	5.64771	2019	14
5.39/5.87	5.86855	2018	16
5.99/6.09	6.09057	2017	18
6.30/6.31	6.31384	2016	22
6.49/6.53	6.53424	2015	23
6.70/6.76	6.7641	2014	32
6.79/6.98	6.98423	2013	33
6.79/7.20	7.20474	2012	34
7.39/7.42	7.42651	2011	37
7.59/7.64	7.64623	2010	38
7.80/7.86	7.86618	2009	39
7.99/8.08	8.08517	2008	40
8.20/8.30	8.30633	2007	42
8.20/8.53	8.52971	2006	44
8.71/8.75	8.75302	2005	54
8.89/8.97	8.9735	2003	56
9.09/9.19	9.19337	2002	59
9.39/9.42	9.42296	2001	65
9.59/9.64	9.64305	2000	68
9.59/9.86	9.86093	1999	69
9.59/10.08	10.0798	1998	70
10.29/10.30	10.2974	1997	71
10.49/10.51	10.5167	1996	73
10.70/10.74	10.7387	1995	76
10.89/10.96	10.9585	1994	79
10.99/11.17	11.1765	1993	80
10.99/11.39	11.3948	1992	81
11.59/11.61	11.6122	1991	82
11.79/11.83	11.8303	1990	86
11.99/12.05	12.0496	1989	90
12.20/12.26	12.2665	1988	91
12.39/12.48	12.4838	1987	92
12.39/12.70	12.7008	1986	93
12.39/12.91	12.917	1985	94
13.09/13.13	13.1351	1984	97
13.29/13.35	13.3546	1983	100
13.49/13.57	13.5743	1982	106
13.70/13.79	13.7904	1981	107
13.80/14.00	14.0063	1980	108
13.80/14.23	14.2301	1979	116
14.39/14.45	14.447	1978	118
14.59/14.66	14.6658	1977	122
14.79/14.88	14.8867	1976	127
15.09/15.11	15.1073	1975	133
15.20/15.32	15.3221	1974	134
15.20/15.53	15.5368	1973	135
15.20/15.75	15.7567	1972	140
15.89/15.97	15.9768	1971	146
16.09/16.19	16.1912	1970	147
16.39/16.40	16.4061	1969	148
16.59/16.62	16.6207	1968	149
16.59/16.84	16.8412	1967	160
16.59/17.06	17.063	1966	166
17.19/17.28	17.2773	1965	167
17.39/17.49	17.4963	1964	173
17.69/17.71	17.7108	1963	174
17.89/17.92	17.9242	1962	175
18.09/18.14	18.1411	1961	178
18.09/18.36	18.3574	1960	187
18.09/18.57	18.5762	1959	200
18.69/18.79	18.7904	1958	202
18.99/19.01	19.0079	1957	210
19.19/19.22	19.2256	1956	214
19.39/19.44	19.4398	1955	215
19.49/19.65	19.6546	1954	218
19.49/19.87	19.867	1953	219
19.49/20.08	20.0793	1952	220
20.29/20.30	20.3004	1951	234
20.49/20.51	20.5159	1950	242
20.69/20.73	20.7338	1949	249
20.89/20.94	20.9467	1948	251
21.10/21.16	21.1603	1947	255
21.10/21.37	21.3753	1946	261
21.54/21.59	21.5869	1945	262
21.79/21.80	21.8038	1944	268
21.99/22.02	22.0173	1943	270
22.19/22.23	22.2288	1942	272
22.39/22.46	22.4652	1941	299
22.49/22.67	22.6763	1940	300
22.49/22.89	22.8893	1939	303
22.77/23.10	23.1018	1938	305
23.29/23.32	23.3184	1937	312
23.49/23.53	23.5327	1936	317
23.69/23.74	23.7435	1935	319
23.89/23.95	23.9555	1934	326
23.99/24.16	24.1662	1933	327
23.99/24.38	24.3778	1932	329
24.19/24.59	24.5921	1931	334
24.79/24.80	24.8032	1930	337
24.99/25.01	25.0151	1929	341
25.19/25.23	25.228	1928	344
25.39/25.44	25.4386	1927	346
25.49/25.65	25.6514	1926	350
25.49/25.87	25.8667	1925	359
25.97/26.08	26.077	1924	361
26.19/26.29	26.295	1923	370
26.49/26.50	26.5058	1922	373
26.69/26.72	26.7253	1921	390
26.89/26.93	26.9342	1920	392
26.89/27.15	27.1499	1919	401
26.89/27.37	27.368	1918	413
27.51/27.59	27.5866	1917	426
27.79/27.80	27.7975	1916	435
27.99/28.01	28.0118	1915	441
28.19/28.23	28.2345	1914	458
28.39/28.44	28.4443	1913	461
28.39/28.65	28.6549	1912	464
28.81/28.87	28.8671	1911	469
28.99/29.07	29.0743	1910	470
29.19/29.28	29.2852	1909	474
29.49/29.50	29.5028	1908	486
29.69/29.73	29.7308	1907	514
29.79/29.94	29.9399	1906	518
29.79/30.14	30.1463	1905	519
29.79/30.35	30.3526	1904	520
30.51/30.57	30.57	1903	535
30.69/30.77	30.7757	1902	536
30.89/30.99	30.995	1901	552
31.19/31.21	31.2134	1900	564
31.40/31.42	31.4214	1899	568
31.40/31.63	31.6279	1898	569
31.40/31.83	31.8341	1897	571
31.99/32.04	32.039	1896	572
32.19/32.25	32.2562	1895	582
32.39/32.47	32.4678	1894	592
32.59/32.67	32.6746	1893	596
32.79/32.88	32.8817	1892	599
32.79/33.10	33.1049	1891	617
33.25/33.31	33.312	1890	623
33.49/33.52	33.5188	1889	626
33.69/33.73	33.7271	1888	631
33.89/33.94	33.9403	1887	638
34.09/34.15	34.1482	1886	643
34.29/34.35	34.3537	1885	647
34.29/34.56	34.5617	1884	651
34.70/34.77	34.7671	1883	653
34.89/34.99	34.9955	1882	675
35.19/35.21	35.2095	1881	690
35.39/35.43	35.4299	1880	708
35.59/35.67	35.6709	1879	753
35.69/35.89	35.8877	1878	765
35.69/36.09	36.092	1877	768
36.15/36.30	36.3009	1876	775
36.49/36.53	36.5342	1875	804
36.69/36.75	36.7527	1874	826
36.89/36.96	36.9594	1873	831
37.09/37.19	37.1867	1872	858
37.19/37.39	37.395	1871	866
37.19/37.60	37.6009	1870	871
37.79/37.80	37.8023	1869	872
37.99/38.00	38.0038	1868	873
38.19/38.23	38.2349	1867	902
38.39/38.45	38.4547	1866	921
38.59/38.68	38.6838	1865	950
38.59/38.91	38.9117	1864	977
38.59/39.15	39.1491	1863	1010
39.29/39.35	39.3518	1862	1012
39.49/39.57	39.5663	1861	1022
39.69/39.78	39.7818	1860	1036
39.89/39.99	39.9879	1859	1043
40.09/40.20	40.1968	1858	1054
40.09/40.40	40.4004	1857	1058
40.56/40.64	40.6455	1856	1102
40.89/40.90	40.9021	1855	1157
41.09/41.12	41.1241	1854	1176
41.29/41.35	41.3543	1853	1212
41.49/41.60	41.6049	1852	1262
41.49/41.82	41.8243	1851	1287
41.96/42.06	42.065	1850	1323
42.29/42.30	42.2965	1849	1355
42.49/42.55	42.5559	1848	1412
42.69/42.76	42.7653	1847	1424
43.00/43.00	43.0034	1846	1459
43.00/43.20	43.2035	1845	1461
43.00/43.41	43.4139	1844	1472
43.69/43.73	43.7337	1843	1592
43.89/43.96	43.9575	1842	1621
44.09/44.16	44.163	1841	1628
44.29/44.36	44.3607	1840	1629
44.39/44.62	44.6211	1839	1679
44.66/44.86	44.8631	1838	1719
44.99/45.07	45.0728	1837	1730
45.29/45.32	45.3182	1836	1769
45.59/45.69	45.6865	1835	1923
45.79/45.92	45.9211	1834	1960
45.79/46.32	46.3207	1833	2141
46.43/46.52	46.5204	1832	2144
46.79/46.86	46.8612	1831	2273
47.19/47.23	47.2302	1830	2428
47.40/47.53	47.5275	1829	2522
47.40/47.78	47.7855	1828	2575
47.99/48.00	48.0053	1827	2598
48.19/48.27	48.2738	1826	2662
48.39/48.47	48.4748	1825	2667
48.80/48.80	48.8034	1824	2791
48.80/49.16	49.1605	1823	2938
49.31/49.36	49.3618	1822	2942
49.49/49.58	49.5846	1821	2966
49.79/49.89	49.8927	1820	3076
50.09/50.19	50.1919	1819	3183
50.31/50.56	50.5589	1818	3327
50.31/50.78	50.7762	1817	3347
50.99/51.00	50.9964	1816	3370
51.19/51.20	51.2039	1815	3381
51.39/51.49	51.4882	1814	3461
51.69/52.13	52.1291	1813	3889
52.39/52.44	52.437	1812	3990
52.59/52.69	52.6896	1811	4040
52.99/53.01	53.0079	1810	4154
53.09/53.22	53.2153	1809	4169
53.99/54.06	54.0595	1808	4788
54.70/54.87	54.8737	1807	5374
55.59/55.69	55.6922	1806	5958
55.89/55.97	55.9735	1805	6046
56.09/56.39	56.3889	1804	6248
56.09/56.59	56.5931	1803	6257
56.89/56.98	56.978	1802	6437
57.29/57.38	57.3758	1801	6628
57.59/57.79	57.7862	1800	6824
57.59/58.02	58.0228	1799	6865
58.39/58.46	58.4599	1798	7086
58.69/58.78	58.7794	1797	7216
58.99/59.19	59.1899	1796	7420
59.61/59.65	59.6451	1795	7659
60.39/60.46	60.4558	1794	8248
60.49/60.80	60.8041	1793	8387
60.49/61.01	61.0142	1792	8401
61.89/61.98	61.9806	1791	9113
62.00/62.18	62.1769	1790	9119
62.00/62.37	62.3722	1789	9127
62.89/62.94	62.934	1788	9483
63.19/63.23	63.2249	1787	9571
64.69/64.70	64.6982	1786	10750
64.89/64.90	64.9036	1785	10763
64.89/65.29	65.2856	1784	10936
65.52/65.56	65.5634	1783	11022
66.29/66.33	66.3254	1782	11516
66.39/66.62	66.619	1781	11617
66.39/66.84	66.84	1780	11647
67.69/67.71	67.7124	1779	12294
68.35/68.43	68.432	1778	12764
68.69/68.76	68.7584	1777	12885
68.89/68.98	68.9779	1776	12915
69.29/69.48	69.4836	1775	13205
70.09/70.14	70.1424	1774	13641
70.59/70.69	70.6861	1773	13962
70.79/71.05	71.047	1772	14115
71.24/71.31	71.3055	1771	14179
71.69/71.72	71.7199	1770	14385
73.18/73.29	73.2853	1769	15662
73.68/73.83	73.8268	1768	15980
74.58/74.65	74.6469	1767	16550
75.64/75.69	75.6854	1766	17354
76.39/76.41	76.411	1765	17843
76.59/76.64	76.6415	1764	17883
76.70/76.94	76.9382	1763	17981
78.09/78.13	78.1252	1762	18905
79.59/79.93	79.9319	1761	20413
80.59/80.61	80.6083	1760	20866
80.79/80.81	80.8077	1759	20879
82.09/82.13	82.1272	1758	21989
82.49/82.53	82.5323	1757	22199
82.49/82.90	82.9009	1756	22371
83.29/83.38	83.3739	1755	22641
84.00/84.14	84.1334	1754	23217
84.00/84.35	84.348	1753	23243
87.79/87.82	87.8195	1752	26352
90.88/90.93	90.9275	1751	29129
91.88/91.89	91.8914	1750	29881
92.28/92.31	92.307	1749	30094
92.68/92.89	92.8873	1748	30451
93.34/93.38	93.3793	1747	30736
93.49/93.58	93.5781	1746	30752
93.79/93.81	93.8087	1745	30795
102.98/103.55	103.551	1744	39488
107.48/108.01	108.009	1743	43452
108.28/108.30	108.295	1742	43547
110.38/110.71	110.703	1741	45608
112.43/112.51	112.506	1740	47518
113.08/113.13	113.129	1739	47940
128.69/128.74	128.737	1738	62797
129.19/129.31	129.31	1737	63147
130.69/131.10	131.096	1736	64667
135.09/135.12	135.114	1735	68239
136.95/137.04	137.039	1734	69844
142.29/142.84	142.832	1733	75054
147.39/147.44	147.439	1732	79119
151.09/151.21	151.204	1731	82474
151.99/152.08	152.079	1730	83121
156.48/156.54	156.538	1729	87104
165.98/166.04	166.035	1728	95751
166.78/166.94	166.937	1727	96427
167.38/167.45	167.444	1726	96700
172.38/172.48	172.477	1725	101260
173.78/173.88	173.873	1724	102425
173.88/174.10	174.094	1723	102463
176.78/177.07	177.06	1722	105102
178.28/178.45	178.441	1721	106191
215.78/215.93	215.927	1720	141449
375.08/375.40	375.39	1719	290475
380.68/380.75	380.734	1718	295491
381.28/381.69	381.682	1717	296199
387.58/387.69	387.683	1716	301718
403.28/403.63	403.617	1715	316482
432.08/432.10	432.088	1714	343166
455.57/455.63	455.618	1713	366461
510.38/510.49	510.471	1712	417427
927.98/928.06	928.035	1711	804154
