3.99/4.03	4.03606	2031	0
4.19/4.26	4.26494	2030	1
4.39/4.49	4.49471	2029	3
4.49/4.72	4.72715	2027	7
4.49/4.95	4.95545	2026	8
5.09/5.19	5.19381	2025	18
5.39/5.43	5.42763	2024	22
5.59/5.66	5.65857	2023	27
5.79/5.89	5.88865	2022	30
5.89/6.11	6.11617	2021	31
5.89/6.34	6.34443	2020	32
6.49/6.57	6.57175	2019	33
6.79/6.80	6.80033	2018	35
6.99/7.03	7.02958	2017	38
7.19/7.26	7.25877	2016	41
7.29/7.48	7.48615	2015	42
7.29/7.71	7.71329	2014	43
7.89/7.94	7.94707	2013	51
8.09/8.17	8.17355	2012	52
8.39/8.40	8.40004	2011	53
8.59/8.63	8.63107	2010	58
8.69/8.86	8.86027	2009	61
8.69/9.08	9.08559	2008	62
9.25/9.31	9.31194	2007	63
9.49/9.54	9.5394	2006	65
9.69/9.76	9.76579	2005	67
9.89/9.99	9.99154	2004	68
10.20/10.21	10.2163	2003	69
10.20/10.45	10.4473	2002	74
10.61/10.68	10.6774	2001	79
10.89/10.90	10.9033	2000	80
11.09/11.13	11.1286	1999	82
11.29/11.36	11.3578	1998	86
11.49/11.58	11.5843	1997	89
11.59/11.81	11.8091	1996	90
11.59/12.03	12.0329	1995	91
12.19/12.26	12.2574	1994	94
12.39/12.49	12.4924	1993	103
12.69/12.71	12.7167	1992	105
12.89/12.94	12.9427	1991	107
12.99/13.16	13.1665	1990	110
12.99/13.39	13.3917	1989	112
13.44/13.62	13.6205	1988	119
13.79/13.85	13.8471	1987	124
13.99/14.07	14.0766	1986	132
14.29/14.30	14.3036	1985	134
14.51/14.52	14.5263	1984	135
14.51/14.75	14.7496	1983	137
14.88/14.97	14.9723	1982	138
15.09/15.19	15.1952	1981	140
15.39/15.42	15.4173	1980	141
15.59/15.66	15.6641	1979	167
15.79/15.88	15.8866	1978	168
15.79/16.11	16.1088	1977	169
16.21/16.33	16.3344	1976	173
16.49/16.56	16.5581	1975	176
16.69/16.78	16.7789	1974	177
16.99/17.00	17.0029	1973	183
17.19/17.22	17.2239	1972	184
17.19/17.46	17.4627	1971	200
17.19/17.68	17.6843	1970	202
17.89/17.91	17.911	1969	215
18.09/18.13	18.1341	1968	219
18.29/18.36	18.3619	1967	230
18.49/18.58	18.5815	1966	231
18.69/18.80	18.8069	1965	233
18.69/19.03	19.0293	1964	236
19.23/19.25	19.2542	1963	244
19.39/19.47	19.4768	1962	247
19.59/19.70	19.6971	1961	249
19.89/19.92	19.9188	1960	252
20.10/20.15	20.1531	1959	269
20.10/20.38	20.3784	1958	276
20.54/20.60	20.6032	1957	283
20.79/20.83	20.836	1956	297
20.99/21.05	21.0546	1955	298
21.19/21.28	21.2788	1954	304
21.49/21.51	21.5085	1953	314
21.49/21.72	21.7267	1952	315
21.49/21.94	21.9459	1951	316
22.14/22.16	22.1667	1950	319
22.29/22.38	22.3848	1949	320
22.59/22.60	22.6026	1948	321
22.79/22.83	22.8321	1947	335
22.99/23.05	23.0516	1946	337
22.99/23.27	23.2726	1945	342
23.43/23.49	23.4963	1944	347
23.69/23.71	23.7162	1943	351
23.89/23.93	23.9354	1942	353
24.09/24.15	24.1526	1941	354
24.29/24.38	24.3845	1940	366
24.39/24.60	24.6033	1939	372
24.39/24.82	24.8201	1938	373
25.03/25.07	25.0685	1937	405
25.29/25.30	25.2986	1936	418
25.49/25.53	25.5281	1935	430
25.69/25.75	25.7551	1934	440
25.89/25.97	25.9749	1933	444
25.89/26.19	26.1929	1932	446
26.39/26.43	26.4312	1931	467
26.59/26.65	26.6484	1930	470
26.79/26.87	26.8709	1929	478
26.99/27.09	27.0959	1928	487
27.29/27.32	27.323	1927	500
27.39/27.54	27.5412	1926	504
27.39/27.76	27.7607	1925	511
27.97/27.98	27.9841	1924	520
28.19/28.20	28.2033	1923	525
28.39/28.42	28.418	1922	526
28.59/28.63	28.6319	1921	527
28.79/28.85	28.8509	1920	532
28.79/29.06	29.0649	1919	533
28.79/29.29	29.2867	1918	542
29.49/29.50	29.502	1917	544
29.69/29.72	29.7198	1916	547
29.89/29.94	29.9373	1915	550
30.09/30.15	30.155	1914	555
30.29/30.37	30.3692	1913	556
30.29/30.60	30.597	1912	569
30.29/30.81	30.8098	1911	570
30.99/31.03	31.0268	1910	577
31.19/31.26	31.2583	1909	597
31.49/31.50	31.4975	1908	621
31.69/31.71	31.7146	1906	629
31.79/31.93	31.9301	1905	632
31.79/32.14	32.1442	1904	634
32.35/32.38	32.3768	1903	652
32.59/32.60	32.5969	1902	660
32.79/32.81	32.8124	1901	664
32.99/33.03	33.0327	1900	673
33.19/33.25	33.2494	1899	681
33.29/33.46	33.4664	1898	689
33.29/33.69	33.6888	1897	699
33.90/33.92	33.9186	1896	716
34.09/34.13	34.1311	1895	718
34.29/34.38	34.3772	1894	749
34.49/34.59	34.595	1893	757
34.79/34.82	34.8193	1892	770
34.79/35.04	35.0459	1891	784
35.17/35.26	35.263	1890	794
35.39/35.47	35.4741	1889	796
35.59/35.68	35.6864	1888	799
35.89/35.91	35.9142	1887	815
36.09/36.14	36.1388	1886	830
36.19/36.36	36.3568	1885	839
36.19/36.57	36.5728	1884	846
36.79/36.80	36.7993	1883	861
36.99/37.02	37.0196	1882	872
37.29/37.32	37.3198	1881	964
37.49/37.54	37.5371	1880	973
37.59/37.74	37.7458	1879	974
37.59/37.97	37.9704	1878	987
38.15/38.18	38.185	1877	992
38.39/38.41	38.4081	1876	1005
38.59/38.62	38.6218	1875	1010
38.79/38.83	38.8348	1874	1015
38.99/39.05	39.049	1873	1021
39.09/39.27	39.2699	1872	1034
39.09/39.48	39.4822	1871	1038
39.69/39.72	39.7221	1870	1072
39.89/39.93	39.9334	1869	1076
40.19/40.21	40.2099	1868	1138
40.39/40.43	40.4274	1867	1150
40.49/40.63	40.6344	1866	1151
40.49/40.84	40.8459	1865	1155
40.49/41.06	41.0624	1864	1166
41.19/41.29	41.2944	1863	1192
41.49/41.50	41.5027	1862	1196
41.69/41.73	41.7319	1861	1220
41.89/41.94	41.9422	1860	1226
41.99/42.17	42.173	1859	1249
41.99/42.40	42.3972	1858	1267
42.59/42.60	42.6047	1857	1271
42.79/42.82	42.8209	1856	1283
42.99/43.03	43.0347	1855	1291
43.19/43.25	43.2502	1854	1301
43.39/43.45	43.4559	1853	1302
43.39/43.67	43.6727	1852	1314
43.39/43.88	43.8802	1851	1317
44.09/44.11	44.1085	1850	1339
44.29/44.32	44.322	1849	1347
44.49/44.55	44.5509	1848	1369
44.69/44.76	44.7572	1847	1372
44.89/44.99	44.9894	1846	1396
45.03/45.22	45.2222	1845	1422
45.42/45.44	45.4451	1844	1438
45.59/45.66	45.6647	1843	1454
45.79/45.87	45.8707	1842	1458
45.99/46.09	46.0903	1841	1476
46.29/46.32	46.3167	1840	1497
46.51/46.52	46.5255	1839	1502
46.51/46.76	46.7571	1838	1529
46.99/47.02	47.018	1837	1583
47.19/47.23	47.2354	1836	1595
47.39/47.49	47.4927	1835	1644
47.69/47.74	47.7386	1834	1681
47.92/48.00	48.0037	1833	1743
48.27/48.29	48.288	1832	1820
48.49/48.53	48.5298	1831	1853
48.69/48.75	48.7533	1830	1873
48.89/48.97	48.9704	1829	1888
49.09/49.17	49.1725	1828	1890
49.36/49.46	49.4656	1827	1971
49.79/49.82	49.8187	1826	2123
49.99/50.06	50.0584	1825	2160
50.29/50.31	50.3062	1824	2196
50.59/50.61	50.6152	1823	2304
51.11/51.21	51.2088	1822	2668
51.39/51.47	51.4668	1821	2716
51.79/51.80	51.8003	1820	2833
51.99/52.09	52.089	1819	2912
52.09/52.46	52.4642	1818	3070
52.79/52.88	52.8797	1817	3245
53.09/53.11	53.1125	1816	3279
53.39/53.45	53.4519	1815	3394
53.49/53.76	53.7624	1814	3494
54.09/54.12	54.1224	1813	3639
54.59/54.62	54.6224	1812	3907
54.89/54.98	54.9856	1811	4052
54.89/55.20	55.2042	1810	4071
55.59/55.65	55.6473	1809	4282
55.99/56.02	56.0235	1808	4450
56.19/56.22	56.2246	1807	4452
56.39/56.52	56.5229	1806	4543
57.79/58.16	58.1597	1805	5802
58.49/58.58	58.5782	1804	5994
58.69/58.79	58.7871	1803	6004
58.99/59.00	59.0024	1802	6021
60.79/60.81	60.8062	1801	7427
60.79/61.09	61.0919	1800	7511
61.49/61.53	61.5314	1799	7734
61.69/61.75	61.753	1798	7758
62.09/62.14	62.1446	1797	7930
62.19/62.35	62.3517	1796	7939
62.19/62.55	62.5531	1795	7943
62.77/62.80	62.8017	1794	7990
63.09/63.16	63.159	1793	8126
63.69/63.75	63.7491	1792	8461
63.69/64.21	64.2145	1791	8697
65.19/65.25	65.2527	1790	9483
65.19/65.58	65.5818	1789	9603
65.99/66.00	66.0003	1788	9805
66.59/66.75	66.7515	1787	10281
68.26/68.31	68.3083	1786	11462
68.26/68.58	68.5778	1785	11525
68.79/68.89	68.8898	1784	11622
69.09/69.10	69.1043	1783	11637
69.59/69.73	69.735	1782	12019
70.79/70.83	70.8259	1781	12766
71.99/72.09	72.0922	1780	13696
72.49/72.62	72.6251	1779	13996
72.49/72.85	72.854	1778	14025
73.19/73.23	73.2333	1777	14207
74.00/74.34	74.3421	1776	15035
74.55/74.58	74.5825	1775	15079
76.19/76.22	76.2163	1774	16369
76.39/76.42	76.4195	1773	16379
78.29/78.50	78.4978	1772	18048
78.29/78.84	78.842	1771	18193
79.09/79.19	79.1925	1770	18335
79.69/79.85	79.8457	1769	18744
80.59/80.69	80.6891	1768	19329
81.34/81.69	81.6861	1767	20040
81.99/82.02	82.0163	1766	20161
82.29/82.35	82.3455	1765	20280
82.69/82.93	82.9269	1764	20616
84.54/84.55	84.5494	1763	21821
85.91/85.97	85.9734	1762	22942
86.19/86.21	86.2103	1761	22985
88.29/88.43	88.432	1760	24779
88.91/88.98	88.9768	1759	25096
89.19/89.21	89.2094	1758	25139
89.59/89.60	89.5987	1757	25310
89.79/89.86	89.8639	1756	25372
90.39/90.43	90.4312	1755	25689
93.15/93.17	93.1686	1754	27818
94.09/94.65	94.649	1753	28976
97.09/97.24	97.2423	1752	31082
102.39/102.46	102.46	1751	35516
102.69/102.74	102.74	1750	35598
103.56/103.61	103.611	1749	36223
105.59/105.60	105.603	1748	37830
109.59/109.64	109.637	1747	41223
111.69/111.87	111.873	1746	43045
113.19/113.58	113.577	1745	44408
113.99/114.00	113.998	1744	44612
115.79/115.80	115.795	1743	46128
116.79/116.87	116.866	1742	46943
123.19/123.27	123.27	1741	52472
123.61/123.97	123.967	1740	52928
127.79/127.88	127.881	1739	56315
128.47/128.48	128.483	1738	56711
128.89/128.95	128.953	1737	56978
130.38/130.40	130.398	1736	58187
131.78/131.89	131.886	1735	59492
156.79/157.32	157.322	1734	82485
160.68/160.73	160.723	1733	85499
178.78/178.85	178.849	1732	101659
179.68/179.72	179.713	1731	102277
190.09/190.12	190.121	1730	111713
195.98/196.07	196.064	1729	117033
214.59/214.61	214.608	1728	134127
220.28/220.35	220.343	1727	139174
221.98/222.00	221.993	1726	140489
235.88/236.42	236.418	1725	153757
262.30/262.38	262.371	1724	177281
269.59/269.93	269.929	1723	184171
279.18/279.29	279.281	1722	192728
294.28/294.74	294.738	1721	206799
296.68/296.79	296.784	1720	208537
308.78/309.06	309.053	1719	219704
449.18/449.23	449.223	1718	347260
461.17/461.23	461.219	1717	357887
492.87/492.94	492.932	1716	386955
757.27/757.39	757.37	1715	625463
849.66/850.06	850.037	1714	709140
851.62/851.70	851.683	1713	710477
854.06/854.22	854.2	1712	712585
