0.10/0.12	0.126316	167	0
0.10/0.12	0.126568	166	1
0.10/0.12	0.126745	165	2
0.10/0.12	0.126908	164	3
0.10/0.12	0.127067	163	4
0.10/0.12	0.127247	162	5
0.10/0.12	0.127407	161	6
0.10/0.12	0.127537	160	7
0.10/0.12	0.127695	159	8
0.10/0.13	0.127843	158	9
0.10/0.13	0.128104	157	11
0.10/0.13	0.128389	156	13
0.10/0.13	0.128662	155	15
0.10/0.13	0.129201	154	19
0.10/0.13	0.129506	153	21
0.10/0.13	0.129897	152	24
0.10/0.13	0.130084	151	25
0.10/0.13	0.130478	150	28
0.10/0.13	0.130746	149	31
0.10/0.13	0.131139	147	35
0.10/0.13	0.131417	146	37
0.10/0.13	0.131769	145	40
0.10/0.13	0.132388	144	45
0.10/0.13	0.133111	143	51
0.10/0.13	0.134039	142	59
0.10/0.13	0.134934	141	66
0.10/0.13	0.135948	140	75
0.10/0.13	0.136575	139	80
0.10/0.13	0.137105	138	85
0.10/0.13	0.13751	137	88
0.10/0.14	0.138151	136	93
0.10/0.14	0.13876	135	98
0.10/0.14	0.13927	134	102
0.10/0.14	0.139661	133	105
0.10/0.14	0.142054	132	126
0.10/0.14	0.1449	131	151
0.10/0.14	0.146136	130	163
0.10/0.15	0.150772	129	206
0.10/0.15	0.15156	128	213
0.10/0.15	0.152621	127	222
0.10/0.15	0.154983	126	243
0.10/0.15	0.157349	125	264
0.10/0.16	0.158437	124	273
0.10/0.17	0.17511	123	425
0.19/0.21	0.217209	122	793
0.19/0.24	0.238639	121	987
0.19/0.24	0.245506	120	1050
0.19/0.28	0.280109	119	1357
0.29/0.31	0.310301	118	1622
0.39/0.47	0.469355	117	2951
0.59/0.60	0.598623	116	4076
0.69/0.72	0.720416	115	5291
0.69/0.78	0.784523	114	5911
0.99/1.03	1.03307	113	8196
3.29/3.37	3.37609	112	29960
6.19/6.21	6.21066	111	56763
25.68/25.70	25.7029	110	225854
138.19/138.26	138.257	109	1144456
368.88/369.18	369.174	108	2885994
999.96/1000.02	7303052
