0.02/0.09	0.092829	159	0
0.02/0.09	0.093042	158	1
0.02/0.09	0.093193	157	2
0.02/0.09	0.093374	156	3
0.02/0.09	0.093491	155	4
0.02/0.09	0.09363	154	5
0.02/0.09	0.093788	153	6
0.02/0.09	0.093929	152	7
0.02/0.09	0.09408	151	8
0.02/0.09	0.094385	150	11
0.02/0.09	0.094622	149	13
0.02/0.09	0.094866	148	15
0.02/0.09	0.095189	147	18
0.02/0.09	0.095573	146	21
0.02/0.09	0.095969	145	24
0.02/0.09	0.096202	144	26
0.02/0.09	0.09657	143	29
0.02/0.09	0.097138	142	34
0.02/0.09	0.097511	141	39
0.02/0.09	0.098232	140	46
0.10/0.10	0.098847	139	52
0.10/0.10	0.099091	138	54
0.10/0.10	0.099482	137	58
0.10/0.10	0.099947	136	62
0.10/0.10	0.10053	135	67
0.10/0.10	0.100977	134	72
0.10/0.10	0.102617	133	89
0.10/0.10	0.103655	132	99
0.10/0.11	0.104861	131	111
0.10/0.11	0.107669	130	140
0.10/0.11	0.109069	129	154
0.10/0.11	0.112395	128	188
0.10/0.11	0.115617	127	220
0.10/0.11	0.118176	126	245
0.10/0.13	0.132601	125	401
0.10/0.13	0.138323	124	463
0.10/0.17	0.171455	123	843
0.10/0.17	0.173985	122	867
0.10/0.18	0.188387	121	1005
0.20/0.22	0.221299	120	1329
0.20/0.23	0.231418	119	1430
0.20/0.24	0.24431	118	1561
0.20/0.29	0.294683	117	2068
0.29/0.32	0.32372	116	2359
0.79/0.90	0.906899	115	7906
0.90/0.97	0.973475	114	8550
0.90/1.17	1.17771	113	10698
1.69/1.73	1.73273	112	15979
1.98/2.08	2.08652	111	19484
2.08/2.19	2.19625	110	20545
3.39/3.43	3.43774	109	32137
999.96/1000.03	7913411
