0.00/0.10	0.098921	166	0
0.00/0.10	0.09915	165	1
0.00/0.10	0.099287	164	2
0.00/0.10	0.099444	163	3
0.00/0.10	0.099607	162	4
0.00/0.10	0.099802	161	6
0.00/0.10	0.099968	160	7
0.00/0.10	0.100212	159	9
0.00/0.10	0.100365	158	10
0.00/0.10	0.100545	157	11
0.00/0.10	0.100691	156	12
0.00/0.10	0.100847	155	13
0.00/0.10	0.100983	154	14
0.00/0.10	0.101102	153	15
0.00/0.10	0.101275	152	16
0.00/0.10	0.101667	151	19
0.00/0.10	0.101843	150	20
0.00/0.10	0.102126	149	22
0.00/0.10	0.102698	148	26
0.00/0.10	0.102918	147	28
0.00/0.10	0.103418	146	32
0.00/0.10	0.103823	145	35
0.00/0.10	0.104297	144	39
0.00/0.10	0.104674	143	42
0.00/0.10	0.104923	142	44
0.00/0.10	0.10521	141	46
0.00/0.10	0.105849	140	51
0.00/0.10	0.106021	139	52
0.00/0.10	0.106219	138	54
0.00/0.10	0.106529	137	57
0.00/0.10	0.10693	136	60
0.00/0.10	0.108233	135	72
0.00/0.11	0.108817	134	77
0.00/0.11	0.109858	133	86
0.00/0.11	0.110856	132	95
0.00/0.11	0.112055	131	106
0.00/0.11	0.113996	130	124
0.00/0.11	0.114563	129	130
0.00/0.11	0.116237	128	145
0.00/0.11	0.117932	127	162
0.00/0.12	0.126656	126	249
0.00/0.13	0.129445	125	277
0.00/0.13	0.132522	124	313
0.00/0.14	0.145566	123	478
0.00/0.14	0.146887	122	488
0.00/0.29	0.289472	121	2290
0.00/0.32	0.319529	120	2699
0.00/0.33	0.329713	119	2802
0.00/0.36	0.359149	118	3099
0.00/0.36	0.363042	117	3138
0.00/0.39	0.394666	116	3454
0.39/0.45	0.45004	115	4029
0.58/0.66	0.665305	114	6209
0.58/0.67	0.676261	113	6313
1.40/1.44	1.44737	112	13830
5.39/5.44	5.43736	111	52186
8.49/8.86	8.86271	110	84174
9.79/9.84	9.84275	109	93062
999.96/1000.03	7958680
