0.10/0.10	0.102276	163	0
0.10/0.10	0.102554	162	1
0.10/0.10	0.102724	161	2
0.10/0.10	0.102881	160	3
0.10/0.10	0.103041	159	4
0.10/0.10	0.103145	158	5
0.10/0.10	0.103307	157	6
0.10/0.10	0.103598	156	8
0.10/0.10	0.103737	155	9
0.10/0.10	0.103904	154	10
0.10/0.10	0.104025	153	11
0.10/0.10	0.104201	152	12
0.10/0.10	0.104508	151	14
0.10/0.10	0.104811	150	16
0.10/0.10	0.105078	149	18
0.10/0.10	0.105585	148	22
0.10/0.10	0.105858	147	24
0.10/0.10	0.106262	146	27
0.10/0.10	0.106459	145	28
0.10/0.10	0.106718	144	30
0.10/0.10	0.107681	143	38
0.10/0.11	0.1082	142	42
0.10/0.11	0.108689	141	46
0.10/0.11	0.10987	140	55
0.10/0.11	0.11031	139	58
0.10/0.11	0.111063	138	64
0.10/0.11	0.111795	137	70
0.10/0.11	0.113257	136	83
0.10/0.11	0.113942	135	89
0.10/0.11	0.114717	134	98
0.10/0.11	0.11648	133	114
0.10/0.11	0.117788	132	125
0.10/0.12	0.11862	131	134
0.10/0.12	0.119476	130	141
0.10/0.12	0.120682	129	154
0.10/0.12	0.121956	128	164
0.10/0.12	0.124182	127	182
0.10/0.12	0.126075	126	198
0.10/0.12	0.127764	125	212
0.10/0.14	0.138064	124	312
0.10/0.15	0.156221	123	493
0.10/0.16	0.164847	122	574
0.10/0.17	0.169171	121	613
0.20/0.20	0.205237	120	941
0.20/0.23	0.234524	119	1220
0.20/0.27	0.274324	118	1604
0.39/0.42	0.424628	117	3004
0.89/1.02	1.0182	116	8474
1.00/1.07	1.06672	115	8949
1.00/1.10	1.0997	114	9257
1.00/1.12	1.12596	113	9521
2.39/2.40	2.40391	112	21335
5.79/5.96	5.96266	111	56272
5.79/6.01	6.01322	110	56780
24.09/24.11	24.1122	109	208020
91.58/91.62	91.6187	108	747262
999.96/1000.03	7207780
