0.00/0.13	0.128612	156	0
0.00/0.13	0.128844	155	1
0.00/0.13	0.12902	154	2
0.00/0.13	0.129216	153	3
0.00/0.13	0.129383	152	4
0.00/0.13	0.12959	151	5
0.00/0.13	0.129799	150	7
0.00/0.13	0.130243	149	10
0.00/0.13	0.13055	148	12
0.00/0.13	0.13082	147	14
0.00/0.13	0.131128	146	16
0.00/0.13	0.131498	145	19
0.00/0.13	0.131992	144	23
0.00/0.13	0.132201	143	25
0.00/0.13	0.132851	142	30
0.00/0.13	0.133249	141	33
0.00/0.13	0.1337	140	36
0.00/0.13	0.134374	139	43
0.00/0.13	0.135101	138	49
0.00/0.13	0.135521	137	53
0.00/0.14	0.1364	136	60
0.00/0.14	0.137173	135	66
0.00/0.14	0.138755	134	79
0.00/0.14	0.142321	133	107
0.00/0.14	0.142503	132	108
0.00/0.14	0.143238	131	114
0.00/0.14	0.14399	130	120
0.00/0.14	0.145217	129	130
0.00/0.15	0.148346	128	157
0.00/0.15	0.154658	127	214
0.00/0.15	0.155383	126	220
0.00/0.16	0.156785	125	232
0.00/0.16	0.160709	124	265
0.00/0.17	0.167949	123	331
0.00/0.17	0.171789	122	363
0.00/0.19	0.190047	121	530
0.00/0.20	0.196429	120	587
0.00/0.25	0.251098	119	1066
0.00/0.27	0.275303	118	1263
0.00/0.31	0.313003	117	1602
0.48/0.55	0.548906	116	3689
0.58/0.62	0.621081	115	4329
0.68/0.79	0.789899	114	5839
0.78/0.89	0.886853	113	6737
1.79/1.82	1.82373	112	15474
7.48/7.51	7.50908	111	67495
7.58/7.66	7.66199	110	68984
157.98/158.20	158.191	109	1328535
739.47/739.57	739.546	108	5898038
999.96/1000.03	7774152
