0.11/0.15	0.137329	163	0
0.11/0.15	0.137639	162	1
0.11/0.15	0.1378	161	2
0.11/0.15	0.137974	160	3
0.11/0.15	0.138235	159	5
0.11/0.15	0.138386	158	6
0.11/0.15	0.138541	157	7
0.11/0.15	0.138739	156	8
0.11/0.15	0.138854	155	9
0.11/0.15	0.139035	154	10
0.11/0.15	0.139462	153	13
0.11/0.15	0.139631	152	14
0.11/0.15	0.139798	151	15
0.11/0.15	0.140038	150	17
0.11/0.15	0.140548	149	21
0.11/0.15	0.140964	148	24
0.11/0.15	0.14113	147	25
0.11/0.15	0.141655	146	29
0.11/0.15	0.141931	145	31
0.11/0.15	0.142362	144	34
0.11/0.16	0.142647	143	36
0.11/0.16	0.143485	142	42
0.11/0.16	0.143825	141	45
0.11/0.16	0.144122	140	47
0.11/0.16	0.144532	139	50
0.11/0.16	0.144938	138	53
0.11/0.16	0.145572	137	58
0.11/0.16	0.14611	136	63
0.11/0.16	0.146521	135	66
0.11/0.16	0.147476	134	74
0.11/0.16	0.148742	133	85
0.11/0.16	0.150639	132	102
0.11/0.16	0.152071	131	114
0.11/0.17	0.152687	130	118
0.11/0.17	0.153712	129	127
0.11/0.17	0.154797	128	139
0.11/0.17	0.157853	127	165
0.11/0.18	0.16685	126	264
0.18/0.20	0.187946	125	464
0.18/0.20	0.189991	124	482
0.18/0.21	0.192916	123	518
0.18/0.21	0.197833	122	571
0.18/0.23	0.221461	121	789
0.18/0.24	0.227599	120	845
0.18/0.25	0.241739	119	974
0.28/0.33	0.319099	118	1723
0.48/0.51	0.499149	117	3304
0.48/0.53	0.522281	116	3521
0.48/0.59	0.579679	115	4063
1.19/1.31	1.30003	114	11057
1.58/1.62	1.60887	113	13926
2.72/2.77	2.75775	112	24547
5.76/5.79	5.7805	111	53360
7.38/7.40	7.38771	110	69380
7.38/7.44	7.42412	109	69732
114.67/114.79	114.77	108	927584
999.95/1000.04	7398723
