0.02/0.12	0.124422	163	0
0.02/0.12	0.124693	162	1
0.02/0.12	0.124892	161	2
0.02/0.12	0.125069	160	3
0.02/0.12	0.12535	159	5
0.02/0.12	0.125517	158	6
0.02/0.12	0.125716	157	7
0.02/0.12	0.125897	156	8
0.02/0.12	0.126271	155	11
0.02/0.12	0.126581	154	13
0.02/0.12	0.12716	153	17
0.02/0.13	0.127518	152	19
0.02/0.13	0.12775	151	21
0.02/0.13	0.127953	150	23
0.02/0.13	0.128617	149	28
0.02/0.13	0.129027	148	31
0.02/0.13	0.129535	147	35
0.02/0.13	0.129911	146	38
0.02/0.13	0.130309	145	41
0.02/0.13	0.130801	144	45
0.02/0.13	0.131237	143	48
0.02/0.13	0.131552	142	50
0.02/0.13	0.131968	141	54
0.02/0.13	0.132521	140	58
0.02/0.13	0.133632	139	69
0.02/0.13	0.134267	138	74
0.02/0.13	0.135585	137	85
0.02/0.14	0.137133	136	98
0.02/0.14	0.138982	135	114
0.02/0.14	0.141241	134	134
0.02/0.14	0.143016	133	149
0.02/0.14	0.144148	132	158
0.02/0.14	0.144782	131	163
0.02/0.14	0.145855	130	172
0.02/0.14	0.146734	129	179
0.02/0.15	0.153476	128	255
0.02/0.15	0.15608	127	276
0.02/0.16	0.161528	126	322
0.02/0.16	0.165075	125	351
0.02/0.17	0.170503	124	414
0.02/0.18	0.186312	123	546
0.02/0.19	0.192898	122	602
0.02/0.20	0.202384	121	685
0.02/0.30	0.299154	120	1747
0.02/0.31	0.310772	119	1849
0.02/0.31	0.313976	118	1877
0.02/0.34	0.341893	117	2127
0.02/0.35	0.3475	116	2174
0.02/0.50	0.504779	115	3628
0.63/0.66	0.663943	114	5049
0.89/0.94	0.942395	113	7731
3.80/3.89	3.88753	112	35407
3.90/3.97	3.97297	111	36219
7.68/7.73	7.73396	110	72045
23.49/23.67	23.6732	109	208766
705.06/705.29	705.261	108	5600964
714.06/714.55	714.522	107	5681891
783.96/784.01	783.985	106	6284839
999.85/1000.03	8050659
