0.00/0.09	0.092341	156	0
0.00/0.09	0.092529	155	1
0.00/0.09	0.092689	154	2
0.00/0.09	0.092846	153	3
0.00/0.09	0.093006	152	4
0.00/0.09	0.093157	151	5
0.00/0.09	0.093494	150	8
0.00/0.09	0.093758	149	10
0.00/0.09	0.093991	148	12
0.00/0.09	0.094218	147	14
0.00/0.09	0.09459	146	17
0.00/0.09	0.095264	145	23
0.00/0.09	0.095605	144	26
0.00/0.09	0.095856	143	28
0.00/0.09	0.096043	142	30
0.00/0.09	0.096313	141	32
0.00/0.09	0.096898	140	37
0.00/0.09	0.097203	139	40
0.00/0.09	0.097537	138	43
0.00/0.09	0.098036	137	47
0.00/0.10	0.09853	136	51
0.00/0.10	0.098894	135	54
0.00/0.10	0.099229	134	58
0.00/0.10	0.101249	133	79
0.00/0.10	0.10256	132	92
0.00/0.10	0.103181	131	98
0.00/0.10	0.104294	130	111
0.00/0.10	0.106112	129	129
0.00/0.11	0.111077	128	181
0.00/0.12	0.118545	127	254
0.00/0.13	0.13172	126	394
0.00/0.13	0.137675	125	454
0.00/0.14	0.141995	124	498
0.00/0.15	0.157575	123	660
0.00/0.16	0.165123	122	739
0.00/0.17	0.175121	121	834
0.00/0.17	0.175705	120	841
0.00/0.20	0.200685	119	1139
0.00/0.24	0.238485	118	1501
0.28/0.30	0.307045	117	2208
0.39/0.43	0.435428	116	3812
0.39/0.44	0.43842	115	3850
0.69/0.75	0.748621	114	7160
0.98/1.02	1.02499	113	9880
2.19/2.23	2.23284	112	21855
2.29/2.46	2.46086	111	24168
3.49/3.55	3.54971	110	34704
26.79/26.88	26.883	109	233698
439.27/439.31	439.305	108	3521339
999.97/1000.02	7571275
