0.00/0.11	0.099947	160	0
0.00/0.11	0.100242	159	1
0.00/0.11	0.100422	158	2
0.00/0.11	0.100585	157	3
0.00/0.11	0.10076	156	4
0.00/0.11	0.100955	155	5
0.00/0.11	0.101136	154	6
0.00/0.11	0.101321	153	7
0.00/0.11	0.101474	152	8
0.00/0.11	0.101686	151	10
0.00/0.11	0.10191	150	12
0.00/0.11	0.102305	149	15
0.00/0.11	0.102561	148	17
0.00/0.11	0.103053	147	21
0.00/0.11	0.103311	146	23
0.00/0.11	0.103626	145	25
0.00/0.11	0.1039	144	27
0.00/0.11	0.10419	143	29
0.00/0.12	0.105196	142	37
0.00/0.12	0.105837	141	44
0.00/0.12	0.106212	140	47
0.00/0.12	0.107284	139	56
0.00/0.12	0.107843	138	60
0.00/0.12	0.109439	137	74
0.00/0.12	0.110403	136	82
0.00/0.12	0.110735	135	85
0.00/0.12	0.111967	134	96
0.00/0.12	0.113444	133	109
0.00/0.13	0.114034	132	115
0.00/0.13	0.115973	131	132
0.00/0.13	0.11817	130	152
0.00/0.13	0.121352	129	182
0.00/0.13	0.122864	128	196
0.00/0.14	0.126306	127	236
0.00/0.14	0.127355	126	249
0.00/0.14	0.130267	125	277
0.00/0.15	0.134124	124	317
0.00/0.17	0.162787	123	577
0.00/0.19	0.175569	122	695
0.00/0.20	0.192905	121	859
0.00/0.21	0.194074	120	870
0.00/0.23	0.214834	119	1068
0.21/0.24	0.228348	118	1201
0.21/0.24	0.230295	117	1217
0.21/0.25	0.237671	116	1295
0.48/0.51	0.497689	115	3716
0.48/0.57	0.562737	114	4332
0.88/0.91	0.895498	113	7364
1.08/1.36	1.35108	112	11638
1.08/1.37	1.35934	111	11724
55.97/56.02	56.0112	110	491686
57.67/57.71	57.6934	109	507816
154.97/155.20	155.186	108	1260584
999.86/1000.03	7235732
