0.05/0.09	0.094495	160	0
0.05/0.09	0.09468	159	1
0.05/0.09	0.094855	158	2
0.05/0.09	0.094998	157	3
0.05/0.09	0.095135	156	4
0.05/0.09	0.095282	155	5
0.05/0.09	0.095455	154	6
0.05/0.09	0.095566	153	7
0.05/0.09	0.095716	152	8
0.05/0.09	0.095976	151	10
0.05/0.09	0.096233	150	12
0.05/0.09	0.096471	149	14
0.05/0.09	0.096727	148	16
0.05/0.09	0.097065	147	19
0.05/0.09	0.097513	146	23
0.05/0.09	0.097752	145	25
0.05/0.09	0.097979	144	27
0.05/0.09	0.098227	143	29
0.05/0.10	0.098679	142	33
0.10/0.10	0.099383	141	39
0.10/0.10	0.099671	140	41
0.10/0.10	0.100311	139	47
0.10/0.10	0.100585	138	49
0.10/0.10	0.101223	137	56
0.10/0.10	0.101616	136	59
0.10/0.10	0.102157	135	64
0.10/0.10	0.102544	134	67
0.10/0.10	0.104817	133	89
0.10/0.10	0.105572	132	96
0.10/0.11	0.109029	131	129
0.10/0.11	0.114217	130	181
0.10/0.11	0.115031	129	188
0.10/0.11	0.117087	128	210
0.10/0.12	0.11995	127	237
0.10/0.12	0.122029	126	258
0.10/0.12	0.123585	125	273
0.10/0.12	0.128099	124	317
0.10/0.13	0.130217	123	344
0.10/0.14	0.13878	122	426
0.10/0.17	0.172467	121	793
0.10/0.17	0.175174	120	827
0.10/0.19	0.19207	119	995
0.20/0.23	0.23837	118	1447
0.20/0.26	0.265349	117	1688
0.20/0.29	0.294359	116	1965
0.30/0.30	0.299806	115	2018
1.19/1.23	1.23333	114	12111
1.68/1.78	1.78776	113	17568
2.19/2.38	2.38208	112	23285
4.39/4.43	4.43396	111	43021
32.89/32.96	32.9657	110	297141
200.98/201.00	200.997	109	1695374
764.66/764.72	764.691	108	6102544
999.99/1000.03	7817700
