1.49/1.50	1.50374	6929	0
1.49/1.50	1.50427	6928	1
1.49/1.50	1.50592	6927	7
1.49/1.50	1.50719	6926	11
1.49/1.51	1.50956	6925	19
1.49/1.51	1.51121	6924	25
1.49/1.52	1.51818	6923	53
1.49/1.52	1.51988	6922	59
1.49/1.52	1.52037	6921	60
1.49/1.52	1.52087	6920	61
1.49/1.52	1.52145	6919	62
1.49/1.52	1.52652	6918	84
1.49/1.52	1.5276	6917	87
1.49/1.53	1.52809	6916	88
1.49/1.53	1.52969	6915	95
1.49/1.53	1.53223	6914	106
1.49/1.53	1.53475	6913	115
1.49/1.53	1.53716	6912	124
1.49/1.54	1.53808	6911	127
1.49/1.54	1.54003	6910	135
1.49/1.54	1.54091	6909	138
1.49/1.54	1.54656	6908	162
1.49/1.54	1.54745	6907	165
1.49/1.55	1.54842	6906	168
1.49/1.55	1.54998	6905	173
1.49/1.55	1.5526	6904	185
1.49/1.55	1.55338	6903	187
1.49/1.55	1.55606	6902	197
1.49/1.55	1.55716	6901	201
1.49/1.56	1.56236	6900	224
1.49/1.56	1.56454	6899	233
1.49/1.57	1.56877	6898	250
1.49/1.57	1.56931	6897	251
1.49/1.57	1.57068	6896	256
1.49/1.57	1.57477	6895	274
1.49/1.58	1.58325	6894	311
1.49/1.59	1.58811	6893	333
1.49/1.59	1.58984	6892	339
1.49/1.59	1.59323	6891	353
1.60/1.60	1.59989	6890	385
1.60/1.60	1.60207	6889	394
1.60/1.60	1.60326	6888	398
1.60/1.61	1.60986	6887	427
1.60/1.61	1.61522	6886	452
1.60/1.62	1.61962	6885	471
1.60/1.62	1.6227	6884	484
1.60/1.63	1.63086	6883	519
1.60/1.63	1.63136	6882	520
1.60/1.63	1.63279	6881	525
1.60/1.63	1.63369	6880	528
1.60/1.63	1.63682	6879	541
1.60/1.64	1.63889	6878	549
1.60/1.64	1.64411	6877	572
1.60/1.64	1.64594	6876	579
1.60/1.65	1.65085	6875	601
1.60/1.65	1.65405	6874	615
1.60/1.65	1.65593	6873	623
1.60/1.66	1.66434	6872	660
1.60/1.66	1.66705	6871	671
1.60/1.67	1.6723	6870	694
1.60/1.68	1.68266	6869	740
1.69/1.70	1.70476	6868	841
1.69/1.75	1.75169	6867	1051
1.69/1.77	1.76793	6866	1124
1.69/1.78	1.78211	6865	1188
1.79/1.81	1.81283	6864	1325
1.79/1.82	1.8223	6863	1368
1.79/1.84	1.84269	6862	1454
1.79/1.85	1.8487	6861	1481
1.89/1.90	1.90444	6860	1736
1.89/1.92	1.92097	6859	1811
1.89/1.99	1.99126	6858	2128
1.99/2.02	2.0166	6857	2243
1.99/2.02	2.02046	6856	2259
1.99/2.02	2.02622	6855	2285
1.99/2.03	2.02841	6854	2293
2.09/2.11	2.11137	6853	2669
2.09/2.16	2.15814	6852	2874
2.29/2.39	2.39464	6851	3928
999.96/1000.03	4115114
