1.59/1.61	1.60844	6908	0
1.59/1.61	1.6114	6907	12
1.59/1.61	1.61243	6906	15
1.59/1.61	1.61333	6905	18
1.59/1.61	1.61537	6904	26
1.59/1.62	1.6188	6903	39
1.59/1.62	1.62178	6902	51
1.59/1.62	1.62585	6901	68
1.59/1.63	1.63017	6900	87
1.59/1.63	1.63385	6899	102
1.59/1.63	1.63546	6898	105
1.59/1.64	1.63899	6897	119
1.59/1.64	1.64073	6896	124
1.59/1.64	1.6471	6895	152
1.59/1.65	1.65444	6894	183
1.59/1.65	1.65524	6893	184
1.59/1.66	1.6597	6892	204
1.59/1.66	1.66018	6891	205
1.59/1.66	1.66318	6890	218
1.59/1.67	1.66872	6889	243
1.59/1.67	1.67041	6888	250
1.59/1.67	1.67589	6887	275
1.59/1.68	1.6785	6886	286
1.59/1.68	1.68634	6885	319
1.59/1.68	1.688	6884	325
1.59/1.69	1.69001	6883	333
1.59/1.69	1.69226	6882	342
1.59/1.69	1.69322	6881	345
1.59/1.69	1.6955	6880	354
1.59/1.69	1.6965	6879	357
1.69/1.71	1.71077	6878	419
1.69/1.71	1.71439	6877	434
1.69/1.71	1.71501	6876	436
1.69/1.72	1.719	6875	451
1.69/1.72	1.72543	6874	478
1.69/1.73	1.73039	6873	499
1.69/1.73	1.73392	6872	514
1.69/1.73	1.73547	6871	520
1.69/1.75	1.75411	6870	604
1.69/1.78	1.78283	6869	730
1.69/1.78	1.78475	6868	738
1.69/1.79	1.78869	6867	753
1.69/1.79	1.79594	6866	785
1.79/1.80	1.8044	6865	822
1.79/1.82	1.81882	6864	887
1.79/1.83	1.83024	6863	935
1.79/1.83	1.83137	6862	939
1.79/1.83	1.83604	6861	959
1.79/1.84	1.83868	6860	970
1.79/1.84	1.84613	6859	1005
1.79/1.85	1.85344	6858	1036
1.79/1.87	1.87383	6857	1124
1.79/1.88	1.88246	6856	1161
1.89/1.90	1.89935	6855	1233
1.89/1.98	1.98629	6854	1627
1.99/2.09	2.091	6853	2005
1.99/2.09	2.09623	6852	2028
2.19/2.36	2.35869	6851	3206
999.95/1000.04	4029847
