1.50/1.58	1.58283	6928	0
1.50/1.58	1.58588	6927	11
1.50/1.58	1.58715	6926	15
1.50/1.58	1.58766	6925	16
1.50/1.59	1.59667	6924	52
1.50/1.60	1.6015	6923	72
1.50/1.60	1.60224	6922	74
1.50/1.60	1.60522	6921	86
1.50/1.60	1.60597	6920	88
1.50/1.60	1.60707	6919	92
1.50/1.61	1.60875	6918	98
1.50/1.61	1.61112	6917	106
1.50/1.61	1.61609	6916	127
1.50/1.62	1.61819	6915	135
1.50/1.62	1.62517	6914	164
1.50/1.62	1.62571	6913	165
1.50/1.62	1.62712	6912	170
1.50/1.63	1.62932	6911	178
1.50/1.63	1.63131	6910	185
1.50/1.63	1.63185	6909	186
1.50/1.63	1.63593	6908	202
1.50/1.64	1.63855	6907	212
1.50/1.64	1.64034	6906	219
1.50/1.64	1.6418	6905	224
1.50/1.64	1.64405	6904	233
1.64/1.65	1.64809	6903	249
1.64/1.65	1.65061	6902	258
1.64/1.65	1.65353	6901	270
1.64/1.66	1.65901	6900	294
1.64/1.66	1.65972	6899	296
1.64/1.67	1.67103	6898	346
1.64/1.67	1.67236	6897	351
1.64/1.67	1.67372	6896	356
1.64/1.67	1.67423	6895	357
1.64/1.68	1.68047	6894	384
1.64/1.68	1.68094	6893	385
1.64/1.68	1.68359	6892	396
1.64/1.68	1.68406	6891	397
1.64/1.69	1.68861	6890	417
1.64/1.69	1.69347	6889	437
1.64/1.69	1.69443	6888	440
1.64/1.69	1.69659	6887	449
1.69/1.70	1.69877	6886	457
1.69/1.70	1.70114	6885	466
1.69/1.72	1.71988	6884	549
1.69/1.74	1.74171	6883	644
1.69/1.76	1.75839	6882	716
1.69/1.76	1.76155	6881	729
1.69/1.76	1.76653	6880	750
1.69/1.77	1.76991	6879	764
1.69/1.77	1.7736	6878	779
1.69/1.77	1.77521	6877	785
1.69/1.78	1.78447	6876	826
1.69/1.78	1.78698	6875	836
1.69/1.79	1.78849	6874	841
1.69/1.79	1.79392	6873	865
1.69/1.79	1.79611	6872	873
1.78/1.80	1.8043	6871	909
1.78/1.82	1.82209	6870	984
1.78/1.82	1.82289	6869	986
1.78/1.84	1.84588	6868	1091
1.78/1.85	1.85186	6867	1119
1.78/1.86	1.86657	6866	1186
1.78/1.87	1.87118	6865	1205
1.78/1.88	1.88247	6864	1251
1.78/1.88	1.88394	6863	1256
1.78/1.89	1.89014	6862	1283
1.88/1.90	1.90256	6861	1338
1.88/1.90	1.90767	6860	1359
1.88/1.91	1.90922	6859	1364
1.88/1.93	1.93539	6858	1481
1.88/1.95	1.95759	6857	1582
1.88/1.96	1.96101	6856	1596
1.88/1.97	1.97596	6855	1662
1.99/2.08	2.08773	6854	2120
2.09/2.13	2.13013	6853	2308
2.19/2.24	2.2449	6852	2818
2.40/2.49	2.49593	6851	3928
999.95/1000.04	3905924
