1.60/1.61	1.61632	6910	0
1.60/1.62	1.61772	6909	5
1.60/1.62	1.61902	6908	9
1.60/1.62	1.6206	6907	15
1.60/1.62	1.62121	6906	17
1.60/1.62	1.62267	6905	22
1.60/1.63	1.62983	6904	51
1.60/1.63	1.63231	6903	61
1.60/1.63	1.63508	6902	73
1.60/1.63	1.63697	6901	80
1.60/1.64	1.64105	6900	98
1.60/1.64	1.64386	6899	110
1.60/1.65	1.64986	6898	136
1.60/1.65	1.65147	6897	143
1.60/1.65	1.65335	6896	151
1.60/1.65	1.65541	6895	159
1.60/1.65	1.65619	6894	161
1.60/1.65	1.65721	6893	164
1.60/1.66	1.65956	6892	173
1.60/1.66	1.66082	6891	177
1.60/1.66	1.66439	6890	193
1.60/1.66	1.66567	6889	198
1.60/1.67	1.66835	6888	209
1.60/1.67	1.67539	6887	241
1.60/1.68	1.68011	6886	261
1.60/1.68	1.68371	6885	277
1.60/1.69	1.69383	6884	321
1.60/1.69	1.69683	6883	333
1.60/1.69	1.69754	6882	335
1.68/1.70	1.69957	6881	344
1.68/1.70	1.70383	6880	363
1.68/1.71	1.70827	6879	382
1.68/1.71	1.71329	6878	405
1.68/1.71	1.71405	6877	407
1.68/1.72	1.72025	6876	432
1.68/1.73	1.73335	6875	490
1.68/1.74	1.73996	6874	517
1.68/1.74	1.74283	6873	529
1.68/1.74	1.74377	6872	532
1.68/1.75	1.75171	6871	567
1.68/1.76	1.76323	6870	619
1.68/1.76	1.76652	6869	632
1.68/1.78	1.78308	6868	707
1.68/1.78	1.78531	6867	715
1.68/1.79	1.79172	6866	740
1.68/1.79	1.79527	6865	754
1.68/1.79	1.79591	6864	756
1.68/1.80	1.79779	6863	763
1.78/1.80	1.80123	6862	775
1.78/1.82	1.82155	6861	866
1.78/1.82	1.82331	6860	873
1.78/1.83	1.83121	6859	906
1.78/1.83	1.83604	6858	925
1.78/1.86	1.86343	6857	1042
1.78/1.87	1.87589	6856	1096
1.89/1.95	1.95033	6855	1422
1.89/1.96	1.95873	6854	1457
1.89/1.96	1.96569	6853	1487
2.09/2.17	2.17132	6852	2375
2.09/2.20	2.19958	6851	2502
999.96/1000.04	4093264
