1.28/1.51	1.50315	6931	0
1.28/1.51	1.50424	6930	3
1.28/1.52	1.5072	6929	13
1.28/1.52	1.50929	6928	20
1.28/1.52	1.50995	6927	21
1.28/1.52	1.51057	6926	22
1.28/1.52	1.51279	6925	30
1.28/1.52	1.51474	6924	37
1.28/1.52	1.5153	6923	38
1.28/1.52	1.51594	6922	39
1.28/1.53	1.52075	6921	57
1.28/1.53	1.52178	6920	60
1.28/1.53	1.52311	6919	64
1.28/1.53	1.52633	6918	76
1.28/1.53	1.52688	6917	77
1.28/1.54	1.52764	6916	79
1.28/1.54	1.53064	6915	91
1.28/1.54	1.53344	6914	101
1.52/1.55	1.53782	6913	119
1.52/1.55	1.54024	6912	128
1.52/1.55	1.54342	6911	139
1.52/1.56	1.55053	6910	169
1.52/1.56	1.55689	6909	195
1.52/1.57	1.55746	6908	196
1.52/1.57	1.55888	6907	200
1.52/1.57	1.56222	6906	214
1.52/1.57	1.56273	6905	215
1.52/1.57	1.56553	6904	226
1.52/1.58	1.56917	6903	240
1.52/1.58	1.57084	6902	246
1.52/1.59	1.57969	6901	282
1.52/1.59	1.58253	6900	292
1.52/1.60	1.58864	6899	314
1.52/1.60	1.58916	6898	315
1.52/1.60	1.59135	6897	323
1.52/1.63	1.61733	6896	433
1.52/1.63	1.62572	6895	464
1.52/1.64	1.62723	6894	469
1.52/1.64	1.62783	6893	470
1.52/1.64	1.63416	6891	496
1.63/1.64	1.63518	6890	499
1.63/1.65	1.63895	6889	513
1.63/1.65	1.64144	6888	522
1.63/1.65	1.64551	6887	538
1.63/1.66	1.6477	6886	547
1.63/1.66	1.65187	6885	564
1.63/1.67	1.65725	6884	584
1.63/1.68	1.6681	6883	626
1.63/1.68	1.67159	6882	639
1.63/1.68	1.67425	6881	649
1.63/1.69	1.67953	6880	670
1.63/1.69	1.68458	6879	692
1.63/1.69	1.68601	6878	696
1.68/1.70	1.69107	6877	718
1.68/1.71	1.6995	6876	752
1.68/1.72	1.70709	6875	783
1.68/1.73	1.72263	6874	847
1.68/1.75	1.73768	6873	910
1.68/1.75	1.74674	6872	948
1.68/1.76	1.74899	6871	956
1.68/1.76	1.75137	6870	965
1.68/1.76	1.75572	6869	983
1.68/1.77	1.76416	6868	1017
1.78/1.80	1.79524	6867	1147
1.78/1.84	1.82713	6866	1277
1.78/1.85	1.83768	6865	1321
1.78/1.85	1.84174	6864	1338
1.78/1.85	1.84223	6863	1339
1.78/1.86	1.84752	6862	1361
1.78/1.87	1.86647	6861	1442
1.78/1.88	1.87248	6860	1468
1.88/1.91	1.90425	6859	1607
1.88/1.93	1.92332	6858	1690
1.88/1.96	1.9498	6857	1802
1.88/2.03	2.02363	6856	2094
2.02/2.08	2.07602	6855	2323
2.09/2.19	2.1853	6854	2792
2.18/2.23	2.22194	6853	2948
2.38/2.44	2.43575	6852	3873
2.48/2.61	2.59971	6851	4592
999.94/1000.05	4035477
