1.59/1.66	1.66564	6923	0
1.59/1.67	1.66946	6922	15
1.59/1.67	1.67057	6921	18
1.59/1.67	1.67459	6920	35
1.59/1.68	1.68014	6919	56
1.59/1.68	1.68225	6918	64
1.59/1.68	1.68508	6917	75
1.59/1.68	1.68564	6916	76
1.59/1.68	1.68619	6915	77
1.59/1.69	1.6887	6914	86
1.59/1.69	1.69397	6913	108
1.59/1.69	1.69467	6912	110
1.59/1.69	1.69674	6911	118
1.69/1.70	1.69783	6910	122
1.69/1.70	1.69858	6909	124
1.69/1.70	1.6997	6908	128
1.69/1.70	1.70085	6907	132
1.69/1.70	1.70146	6906	134
1.69/1.71	1.70888	6905	166
1.69/1.71	1.71181	6904	178
1.69/1.71	1.7123	6903	179
1.69/1.71	1.71279	6902	180
1.69/1.72	1.71895	6901	207
1.69/1.72	1.71985	6900	210
1.69/1.72	1.72059	6899	212
1.69/1.72	1.72541	6898	233
1.69/1.73	1.73438	6897	271
1.69/1.73	1.73521	6896	273
1.69/1.73	1.73645	6895	277
1.69/1.74	1.73759	6894	280
1.69/1.74	1.74358	6893	305
1.69/1.75	1.75025	6892	333
1.69/1.76	1.76315	6891	390
1.69/1.76	1.7639	6890	392
1.69/1.77	1.77395	6889	432
1.69/1.77	1.77529	6888	437
1.69/1.78	1.77905	6887	453
1.69/1.78	1.78187	6886	466
1.69/1.78	1.78411	6885	475
1.69/1.78	1.78573	6884	481
1.69/1.78	1.7862	6883	482
1.69/1.79	1.7926	6882	510
1.69/1.79	1.79592	6881	523
1.79/1.80	1.79899	6880	534
1.79/1.80	1.80148	6879	544
1.79/1.82	1.82188	6878	636
1.79/1.83	1.82894	6877	666
1.79/1.83	1.83255	6876	682
1.79/1.83	1.83321	6875	683
1.79/1.83	1.83501	6874	690
1.79/1.84	1.83935	6873	708
1.79/1.88	1.88232	6872	896
1.79/1.89	1.89672	6871	958
1.89/1.92	1.91814	6870	1052
1.89/1.92	1.92393	6869	1076
1.89/1.93	1.92864	6868	1096
1.89/1.94	1.94283	6867	1159
1.89/1.94	1.94397	6866	1163
1.89/1.94	1.94609	6865	1172
1.89/1.94	1.94679	6864	1174
1.99/2.04	2.04742	6863	1564
1.99/2.06	2.05886	6862	1610
1.99/2.09	2.09299	6861	1754
2.09/2.16	2.16725	6860	2085
2.09/2.18	2.18501	6859	2168
2.09/2.19	2.1969	6858	2221
2.19/2.22	2.22329	6857	2339
2.19/2.23	2.22757	6856	2355
2.19/2.25	2.25154	6855	2460
2.19/2.27	2.27304	6854	2555
2.29/2.73	2.73609	6853	4599
2.99/3.05	3.05371	6852	6011
3.19/3.21	3.20887	6851	6700
999.85/1000.04	4097126
