1.51/1.55	1.55593	6919	0
1.51/1.55	1.55758	6918	6
1.51/1.57	1.56897	6917	57
1.51/1.57	1.57129	6916	66
1.51/1.57	1.5733	6915	74
1.51/1.57	1.57584	6914	85
1.51/1.57	1.57744	6913	91
1.51/1.57	1.57807	6912	93
1.51/1.58	1.57907	6911	96
1.51/1.58	1.58386	6910	116
1.51/1.59	1.58874	6909	137
1.51/1.59	1.58969	6908	140
1.51/1.59	1.59045	6907	142
1.51/1.59	1.59183	6906	147
1.51/1.59	1.59393	6905	155
1.51/1.59	1.59484	6904	158
1.51/1.59	1.59726	6903	168
1.59/1.60	1.60634	6902	210
1.59/1.61	1.6104	6901	225
1.59/1.61	1.61122	6900	227
1.59/1.61	1.6126	6899	231
1.59/1.61	1.6142	6898	236
1.59/1.61	1.6164	6897	244
1.59/1.61	1.61778	6896	249
1.59/1.62	1.62463	6895	281
1.59/1.62	1.6269	6894	290
1.59/1.62	1.62739	6893	291
1.59/1.63	1.63735	6892	334
1.59/1.64	1.641	6891	350
1.59/1.64	1.64612	6890	372
1.59/1.64	1.64708	6889	375
1.59/1.65	1.64854	6888	381
1.59/1.65	1.65144	6887	393
1.59/1.65	1.65407	6886	403
1.59/1.65	1.65482	6885	405
1.59/1.66	1.65876	6884	421
1.59/1.66	1.66333	6883	440
1.59/1.66	1.66654	6882	453
1.59/1.67	1.6725	6881	477
1.59/1.67	1.67498	6880	488
1.59/1.68	1.683	6879	524
1.69/1.70	1.70621	6878	629
1.69/1.72	1.71979	6877	692
1.69/1.73	1.73322	6876	752
1.69/1.73	1.73484	6875	758
1.69/1.73	1.73774	6874	770
1.69/1.74	1.7438	6873	796
1.69/1.75	1.75367	6872	841
1.69/1.77	1.76967	6871	913
1.69/1.77	1.77185	6870	920
1.69/1.77	1.77285	6869	924
1.79/1.80	1.80134	6868	1054
1.79/1.80	1.80369	6867	1063
1.79/1.82	1.82715	6866	1171
1.79/1.83	1.83339	6865	1198
1.79/1.87	1.87525	6864	1386
1.79/1.90	1.89946	6863	1492
1.79/1.90	1.90715	6862	1525
1.79/1.92	1.92274	6861	1595
1.79/1.93	1.9354	6860	1652
1.93/1.96	1.96762	6859	1799
1.99/2.04	2.03898	6858	2098
1.99/2.04	2.04509	6857	2122
1.99/2.07	2.07236	6856	2247
2.09/2.14	2.13819	6855	2535
2.19/2.29	2.29384	6854	3236
2.28/2.34	2.33852	6853	3432
2.28/2.34	2.34762	6852	3470
2.39/2.41	2.41229	6851	3753
999.95/1000.04	4069020
