1.50/1.54	1.53925	6921	0
1.50/1.54	1.54112	6920	7
1.50/1.54	1.54284	6919	14
1.50/1.55	1.5489	6918	40
1.50/1.55	1.54937	6917	41
1.50/1.55	1.55008	6916	43
1.50/1.55	1.55317	6915	56
1.50/1.55	1.55441	6914	61
1.50/1.55	1.55494	6913	62
1.50/1.55	1.55683	6912	69
1.50/1.55	1.55814	6911	73
1.50/1.56	1.5591	6910	76
1.50/1.56	1.56102	6909	83
1.50/1.56	1.56177	6908	85
1.50/1.56	1.56248	6907	87
1.50/1.56	1.56483	6906	96
1.50/1.56	1.56532	6905	97
1.50/1.57	1.57026	6904	119
1.50/1.57	1.5731	6903	131
1.50/1.57	1.57584	6902	142
1.50/1.57	1.57739	6901	148
1.50/1.58	1.58007	6900	158
1.50/1.58	1.58087	6899	160
1.50/1.58	1.58164	6898	162
1.50/1.58	1.58394	6897	171
1.50/1.59	1.59057	6896	200
1.50/1.59	1.5914	6895	202
1.50/1.59	1.5963	6894	224
1.59/1.60	1.60371	6893	257
1.59/1.60	1.60763	6892	274
1.59/1.61	1.6116	6891	290
1.59/1.61	1.61258	6890	293
1.59/1.61	1.61351	6889	296
1.59/1.62	1.62035	6888	325
1.59/1.62	1.6282	6887	360
1.59/1.63	1.63092	6886	372
1.59/1.64	1.64175	6885	422
1.59/1.64	1.64222	6884	423
1.59/1.65	1.65728	6883	490
1.59/1.66	1.66124	6882	506
1.59/1.66	1.66181	6881	507
1.59/1.66	1.66746	6880	530
1.59/1.67	1.66846	6879	533
1.59/1.67	1.66896	6878	534
1.59/1.68	1.67928	6877	580
1.59/1.68	1.68385	6876	600
1.59/1.69	1.68952	6875	626
1.59/1.69	1.69795	6874	664
1.69/1.70	1.70327	6873	687
1.69/1.71	1.70827	6872	709
1.69/1.72	1.7239	6871	778
1.69/1.74	1.7463	6870	878
1.69/1.75	1.74918	6869	889
1.69/1.75	1.75121	6868	896
1.69/1.77	1.77635	6867	1006
1.79/1.80	1.80653	6866	1140
1.79/1.80	1.80817	6865	1146
1.79/1.81	1.80952	6864	1151
1.79/1.82	1.81893	6863	1190
1.79/1.82	1.82283	6862	1206
1.79/1.82	1.8281	6861	1227
1.79/1.83	1.82907	6860	1230
1.79/1.83	1.8296	6859	1231
1.79/1.83	1.83544	6858	1256
1.79/1.89	1.89488	6857	1526
1.79/1.89	1.89757	6856	1537
1.89/1.92	1.9203	6855	1637
1.89/1.95	1.95362	6854	1784
1.89/1.96	1.96495	6853	1834
2.09/2.15	2.15119	6852	2635
2.79/2.88	2.88133	6851	5917
999.95/1000.03	4122984
