1.08/1.44	1.44549	6933	0
1.08/1.45	1.44736	6932	7
1.08/1.45	1.44813	6931	9
1.08/1.45	1.44868	6930	10
1.08/1.45	1.4507	6929	18
1.08/1.45	1.45122	6928	19
1.08/1.45	1.45292	6927	26
1.08/1.45	1.45399	6926	29
1.08/1.45	1.45534	6925	34
1.08/1.45	1.45628	6924	37
1.08/1.46	1.45931	6923	49
1.08/1.46	1.46115	6922	57
1.08/1.47	1.46814	6921	88
1.08/1.47	1.46972	6920	93
1.08/1.47	1.4711	6919	97
1.08/1.47	1.47161	6918	98
1.08/1.47	1.47691	6917	120
1.08/1.48	1.47926	6916	129
1.08/1.48	1.48013	6915	132
1.08/1.48	1.48255	6914	142
1.08/1.48	1.48471	6913	151
1.08/1.48	1.48679	6912	159
1.08/1.49	1.49718	6911	206
1.08/1.50	1.49876	6910	212
1.08/1.50	1.49967	6909	214
1.08/1.50	1.50581	6908	241
1.08/1.51	1.5079	6907	249
1.08/1.51	1.51069	6906	261
1.08/1.51	1.51183	6905	265
1.08/1.51	1.51359	6904	272
1.08/1.52	1.51818	6903	292
1.08/1.52	1.51933	6902	296
1.23/1.53	1.52939	6901	339
1.23/1.53	1.53011	6900	341
1.23/1.53	1.53202	6899	349
1.23/1.53	1.53519	6898	362
1.23/1.54	1.53748	6897	371
1.23/1.54	1.54127	6896	387
1.23/1.54	1.54433	6895	399
1.23/1.54	1.54499	6894	400
1.23/1.54	1.54695	6893	406
1.23/1.55	1.54834	6892	412
1.23/1.55	1.5498	6891	417
1.23/1.57	1.56747	6890	496
1.23/1.57	1.56937	6889	504
1.23/1.57	1.56992	6888	505
1.23/1.57	1.57052	6887	506
1.23/1.57	1.57694	6886	536
1.23/1.58	1.58263	6885	560
1.23/1.58	1.5835	6884	563
1.23/1.58	1.58727	6883	580
1.23/1.59	1.58808	6882	582
1.23/1.59	1.59104	6881	594
1.23/1.59	1.59611	6880	617
1.23/1.60	1.60411	6879	654
1.23/1.61	1.61088	6878	682
1.23/1.61	1.61198	6877	686
1.23/1.61	1.61554	6876	701
1.23/1.62	1.62056	6875	723
1.61/1.62	1.62669	6874	750
1.61/1.63	1.6278	6873	754
1.61/1.64	1.6409	6872	814
1.61/1.64	1.64203	6871	818
1.61/1.66	1.66028	6870	901
1.61/1.66	1.66404	6869	917
1.61/1.66	1.66664	6868	928
1.61/1.67	1.67595	6867	972
1.69/1.70	1.70537	6866	1105
1.69/1.71	1.70847	6865	1119
1.69/1.72	1.72058	6864	1173
1.69/1.73	1.72907	6863	1212
1.69/1.75	1.75317	6862	1323
1.69/1.77	1.77589	6861	1426
1.69/1.79	1.79574	6860	1514
1.79/1.82	1.82409	6859	1634
1.79/1.82	1.82462	6858	1635
1.79/1.85	1.85216	6857	1753
1.79/1.86	1.85812	6856	1778
1.79/1.87	1.86783	6855	1819
1.79/1.89	1.88834	6854	1908
1.89/1.91	1.91257	6853	2012
2.09/2.17	2.17491	6852	3159
2.19/2.25	2.25181	6851	3505
999.97/1000.03	4131975
