1.49/1.57	1.5768	6923	0
1.49/1.57	1.57758	6922	2
1.49/1.58	1.58048	6921	14
1.49/1.58	1.58368	6920	27
1.49/1.58	1.58443	6919	29
1.49/1.59	1.58807	6918	44
1.49/1.59	1.58901	6917	47
1.49/1.59	1.58977	6916	49
1.49/1.59	1.59138	6915	55
1.49/1.59	1.59292	6914	60
1.59/1.60	1.59989	6913	90
1.59/1.60	1.60454	6912	110
1.59/1.60	1.60534	6910	112
1.59/1.60	1.60634	6909	115
1.59/1.61	1.60834	6908	122
1.59/1.61	1.61143	6907	136
1.59/1.61	1.61397	6906	145
1.59/1.61	1.61495	6905	148
1.59/1.62	1.61837	6904	162
1.59/1.62	1.61885	6903	163
1.59/1.62	1.62685	6902	195
1.59/1.64	1.63808	6901	243
1.59/1.64	1.64698	6900	278
1.59/1.65	1.65119	6899	296
1.59/1.66	1.65839	6898	326
1.59/1.66	1.66311	6897	346
1.59/1.67	1.66926	6896	372
1.59/1.67	1.67695	6895	403
1.59/1.68	1.67842	6894	408
1.59/1.68	1.67949	6893	412
1.59/1.68	1.68098	6892	416
1.59/1.68	1.68358	6891	426
1.59/1.69	1.69102	6890	457
1.59/1.69	1.69483	6889	472
1.59/1.69	1.69567	6888	474
1.59/1.69	1.69659	6887	477
1.69/1.70	1.70168	6886	499
1.69/1.70	1.70599	6885	517
1.69/1.71	1.70892	6884	529
1.69/1.71	1.71311	6883	545
1.69/1.72	1.72172	6882	580
1.69/1.72	1.72403	6881	589
1.69/1.72	1.72775	6880	604
1.69/1.73	1.72879	6879	607
1.69/1.74	1.74013	6878	655
1.69/1.74	1.74394	6877	671
1.69/1.75	1.75292	6876	708
1.69/1.75	1.75398	6875	711
1.69/1.75	1.75462	6874	712
1.69/1.76	1.76296	6873	746
1.69/1.77	1.77366	6872	789
1.69/1.79	1.79646	6871	885
1.79/1.80	1.80512	6870	921
1.79/1.81	1.81497	6869	961
1.79/1.82	1.82158	6868	988
1.79/1.83	1.83607	6867	1046
1.79/1.84	1.83865	6866	1056
1.79/1.84	1.84238	6865	1071
1.79/1.84	1.84291	6864	1072
1.79/1.85	1.85576	6863	1129
1.79/1.86	1.86335	6862	1161
1.79/1.88	1.88102	6861	1234
1.89/1.91	1.9112	6860	1362
1.89/1.95	1.95583	6859	1549
1.89/1.97	1.97193	6858	1617
1.89/1.98	1.98123	6857	1650
1.99/2.02	2.02405	6856	1803
1.99/2.03	2.03229	6855	1837
1.99/2.05	2.05171	6854	1920
1.99/2.09	2.08904	6853	2076
1.99/2.09	2.09594	6852	2103
2.10/2.11	2.115	6851	2183
999.98/1000.04	3997991
