10.89/10.92	10.9242	1066	0
11.99/12.02	12.0183	1065	1
12.99/13.06	13.0628	1064	2
14.09/14.13	14.1341	1063	3
15.19/15.20	15.1976	1062	4
16.19/16.23	16.2294	1061	5
17.29/17.37	17.375	1060	6
18.39/18.46	18.4611	1059	7
19.49/19.54	19.5434	1058	9
20.49/20.58	20.5767	1056	10
21.59/21.63	21.6337	1055	11
22.59/22.66	22.6571	1054	12
23.59/23.69	23.6957	1053	13
24.69/24.71	24.7088	1052	14
25.69/25.76	25.7648	1050	15
26.79/26.81	26.8099	1049	18
27.79/27.88	27.8768	1048	19
28.89/28.90	28.8981	1047	20
29.85/29.93	29.9348	1046	22
30.94/30.95	30.9454	1045	23
31.89/31.97	31.9743	1044	24
32.99/33.01	33.0065	1043	25
33.99/34.08	34.0767	1042	26
35.09/35.14	35.1419	1041	27
36.09/36.17	36.1669	1040	28
37.09/37.19	37.1909	1039	29
38.09/38.18	38.1834	1038	30
39.19/39.24	39.2359	1037	32
40.29/40.30	40.2992	1036	33
41.29/41.31	41.3128	1035	34
42.29/42.36	42.3646	1034	35
43.29/43.37	43.3663	1033	36
44.29/44.37	44.3668	1032	37
45.32/45.36	45.3568	1031	38
46.34/46.35	46.3457	1030	39
47.29/47.34	47.3435	1029	40
48.29/48.34	48.3392	1028	42
49.29/49.33	49.3255	1027	43
50.29/50.34	50.3348	1026	44
51.29/51.38	51.3775	1025	45
52.29/52.39	52.3869	1024	46
53.39/53.42	53.4233	1023	47
54.39/54.46	54.4602	1022	48
55.39/55.48	55.4752	1021	49
56.39/56.47	56.4671	1020	50
57.42/57.49	57.4898	1019	52
58.44/58.48	58.4754	1018	53
59.39/59.46	59.4542	1017	54
60.39/60.45	60.4468	1016	58
61.39/61.42	61.4219	1015	59
62.39/62.40	62.3976	1014	60
63.38/63.41	63.4103	1013	61
64.39/64.42	64.4136	1012	62
65.38/65.40	65.397	1011	64
66.28/66.37	66.3728	1010	67
67.32/67.33	67.3331	1009	68
68.18/68.31	68.3078	1008	69
69.28/69.31	69.3076	1007	70
70.28/70.33	70.3264	1006	72
71.28/71.30	71.3023	1005	73
72.28/72.32	72.314	1004	78
73.18/73.29	73.2929	1003	80
74.28/74.32	74.3167	1002	83
75.28/75.34	75.3405	1000	87
76.28/76.38	76.3798	999	90
77.38/77.41	77.4055	998	92
78.32/78.39	78.3864	997	95
79.32/79.36	79.355	996	96
80.28/80.30	80.3024	995	99
81.18/81.29	81.2866	994	101
82.18/82.27	82.27	993	103
83.18/83.22	83.2156	992	105
84.08/84.18	84.1821	991	108
85.18/85.20	85.202	990	111
86.08/86.19	86.1824	989	113
87.12/87.14	87.1414	988	115
88.12/88.17	88.1658	987	117
89.08/89.14	89.1348	986	120
89.98/90.09	90.0834	985	122
90.98/91.04	91.0417	984	124
91.88/91.99	91.9884	983	125
92.88/92.94	92.9386	982	127
93.78/93.88	93.8744	981	129
94.88/94.92	94.9205	980	138
95.82/95.87	95.8698	979	140
96.78/96.83	96.8234	978	142
97.78/97.81	97.8044	977	145
98.78/98.80	98.7959	976	147
99.68/99.77	99.7649	975	148
100.68/100.77	100.766	974	152
101.68/101.78	101.775	973	156
102.78/102.83	102.822	972	164
103.68/103.77	103.768	971	165
104.62/104.71	104.706	970	169
105.58/105.64	105.64	969	172
106.58/106.61	106.605	968	176
107.48/107.59	107.581	967	179
108.48/108.54	108.535	966	181
109.48/109.51	109.51	965	182
110.48/110.54	110.539	964	188
111.48/111.54	111.536	963	194
112.42/112.45	112.449	962	197
113.28/113.36	113.354	961	199
114.18/114.27	114.264	960	201
115.08/115.18	115.179	959	203
116.08/116.12	116.111	958	207
116.98/117.01	117.007	957	208
117.92/117.97	117.968	956	214
118.78/118.91	118.902	955	218
119.78/119.82	119.815	954	220
120.68/120.72	120.715	953	221
121.58/121.62	121.615	952	223
122.48/122.52	122.511	951	225
123.32/123.43	123.421	950	228
124.28/124.33	124.328	949	231
125.28/125.31	125.306	948	238
126.18/126.24	126.235	947	242
127.18/127.23	127.226	946	255
128.08/128.16	128.157	945	260
128.98/129.07	129.063	944	263
129.94/130.03	130.026	943	270
130.88/130.93	130.93	942	273
131.78/131.84	131.836	941	277
132.68/132.76	132.753	940	282
133.58/133.67	133.66	939	286
134.48/134.53	134.528	938	287
135.43/135.47	135.46	937	292
136.28/136.34	136.333	936	293
137.18/137.26	137.251	935	298
138.18/138.25	138.243	934	304
139.18/139.24	139.238	933	313
140.18/140.21	140.209	932	318
141.18/141.25	141.246	931	328
142.18/142.22	142.21	930	334
143.12/143.16	143.154	929	336
144.08/144.12	144.117	928	341
145.08/145.13	145.128	927	348
145.98/146.09	146.08	926	351
146.98/147.05	147.044	925	356
147.98/148.01	148.003	924	361
148.98/149.00	148.992	923	367
149.88/149.92	149.915	922	369
150.82/150.92	150.91	921	375
151.78/151.90	151.898	920	380
152.78/152.84	152.837	919	385
153.88/153.92	153.91	918	402
154.98/155.01	155.005	917	418
155.98/156.00	155.991	916	426
156.88/156.94	156.935	915	430
157.78/157.87	157.863	914	434
158.98/159.01	159.006	913	454
159.88/159.94	159.933	912	458
160.80/160.89	160.885	911	466
161.68/161.80	161.789	910	472
162.68/162.70	162.69	909	477
163.48/163.59	163.584	908	483
164.48/164.51	164.507	907	492
165.38/165.41	165.4	906	497
166.22/166.29	166.28	905	501
167.08/167.17	167.16	904	504
168.08/168.11	168.105	903	515
168.98/169.05	169.045	902	525
169.88/169.94	169.929	901	530
170.88/170.94	170.933	900	546
171.81/171.83	171.821	899	551
172.82/172.86	172.854	898	573
173.78/173.82	173.813	897	580
174.58/174.67	174.658	896	582
175.58/175.60	175.594	895	594
176.38/176.43	176.42	894	596
177.22/177.32	177.312	893	602
178.18/178.23	178.219	892	606
179.28/179.32	179.317	891	626
180.98/181.01	181	890	699
181.88/181.90	181.897	889	704
182.72/182.79	182.781	888	706
183.68/183.72	183.714	887	711
184.78/184.89	184.887	886	741
185.78/185.82	185.813	885	750
186.68/186.75	186.742	884	762
187.58/187.60	187.589	883	767
188.38/188.47	188.459	882	772
189.18/189.28	189.275	881	774
190.28/190.40	190.388	880	807
191.28/191.38	191.375	879	817
192.38/192.44	192.429	878	844
193.48/193.53	193.52	877	875
194.58/194.64	194.63	876	904
195.58/195.69	195.681	875	933
196.48/196.55	196.546	874	938
197.38/197.40	197.388	873	941
198.28/198.39	198.386	872	958
199.98/200.01	200	871	1039
200.88/200.95	200.943	870	1046
201.88/202.00	201.986	869	1065
203.38/203.45	203.44	868	1116
204.18/204.27	204.263	867	1119
204.98/205.07	205.063	866	1120
205.92/205.97	205.959	865	1130
206.92/207.00	206.995	864	1149
208.12/208.16	208.153	863	1175
208.98/209.10	209.094	862	1184
209.98/210.03	210.016	861	1191
212.18/212.22	212.212	860	1326
213.08/213.15	213.139	859	1334
214.18/214.29	214.285	858	1368
215.18/215.24	215.234	857	1377
216.08/216.19	216.177	856	1385
217.28/217.37	217.361	855	1414
218.48/218.52	218.514	854	1444
219.68/219.75	219.742	853	1482
223.28/223.34	223.326	852	1763
224.88/224.92	224.905	851	1843
226.08/226.18	226.167	850	1888
227.58/227.60	227.594	849	1952
228.58/228.69	228.681	848	1971
229.78/229.85	229.839	847	1996
230.78/230.82	230.814	846	2008
231.68/231.72	231.714	845	2016
232.48/232.59	232.576	844	2020
234.51/234.58	234.566	843	2125
235.51/235.53	235.522	842	2136
236.88/236.93	236.924	841	2180
237.88/237.92	237.911	840	2192
238.82/238.88	238.872	839	2209
242.88/242.90	242.887	838	2535
244.31/244.38	244.367	837	2600
245.28/245.38	245.374	836	2625
246.28/246.37	246.358	835	2647
247.38/247.47	247.456	834	2677
248.48/248.53	248.517	833	2704
249.48/249.51	249.498	832	2734
250.91/250.97	250.961	831	2805
251.68/251.77	251.755	830	2810
255.41/255.49	255.48	829	3127
256.58/256.65	256.635	828	3168
257.88/257.91	257.9	827	3217
262.28/262.37	262.361	826	3557
263.98/264.12	264.106	825	3651
266.48/266.55	266.538	824	3815
269.08/269.13	269.116	823	3996
270.18/270.24	270.226	822	4026
273.88/273.90	273.886	821	4289
274.88/274.91	274.893	820	4306
279.38/279.53	279.522	819	4636
281.18/281.28	281.263	818	4723
300.58/300.60	300.587	817	6592
301.37/301.52	301.509	816	6610
308.67/308.78	308.766	815	7217
309.77/309.80	309.785	814	7244
311.67/311.70	311.685	813	7355
314.17/314.24	314.226	812	7524
314.97/315.02	315.008	811	7528
318.57/318.68	318.661	810	7802
319.47/319.51	319.493	809	7810
321.17/321.31	321.299	808	7912
323.07/323.10	323.087	807	8011
325.07/325.15	325.136	806	8128
328.01/328.09	328.074	805	8324
329.67/329.79	329.773	804	8402
337.27/337.35	337.335	803	9069
339.87/339.91	339.895	802	9233
340.77/340.83	340.816	801	9246
346.97/347.04	347.028	800	9794
358.70/358.79	358.771	799	10869
359.47/359.53	359.516	798	10872
360.17/360.29	360.277	797	10876
362.10/362.17	362.15	796	10992
375.57/375.62	375.606	795	12237
378.67/378.70	378.684	794	12462
381.07/381.10	381.078	793	12625
382.67/382.73	382.717	792	12700
383.67/383.79	383.775	791	12728
401.36/401.45	401.429	790	14340
427.16/427.22	427.199	789	16681
434.87/434.99	434.966	788	17337
439.17/439.22	439.198	787	17675
543.86/543.99	543.961	786	27804
558.90/558.95	558.924	785	29251
596.40/596.44	596.412	784	32944
616.46/616.58	616.556	783	34843
623.16/623.24	623.206	782	35463
630.76/630.81	630.776	781	36196
711.65/711.77	711.738	780	43954
712.75/712.94	712.903	779	43998
719.95/720.03	720	778	44629
748.25/748.32	748.282	777	47342
786.85/786.92	786.881	776	51075
789.05/789.18	789.146	775	51245
802.66/802.78	802.738	774	52444
812.45/812.53	812.496	773	53412
933.24/933.35	933.303	772	65090
