10.99/11.04	11.0437	1076	0
12.09/12.19	12.1915	1075	1
13.28/13.34	13.3389	1074	2
14.38/14.45	14.4487	1072	3
15.58/15.67	15.6669	1071	4
16.78/16.83	16.8362	1070	5
18.08/18.12	18.1192	1069	6
19.38/19.40	19.4023	1068	7
20.58/20.63	20.629	1067	8
21.78/21.82	21.8212	1066	9
22.88/22.94	22.9437	1065	10
23.98/24.06	24.0651	1064	11
25.08/25.18	25.1841	1063	12
26.29/26.36	26.3609	1062	14
27.49/27.52	27.5164	1061	15
28.49/28.59	28.5873	1060	16
29.69/29.71	29.707	1059	17
30.69/30.80	30.8042	1058	18
31.98/32.01	32.0123	1057	19
33.08/33.13	33.128	1056	20
34.38/34.47	34.4668	1055	21
35.69/35.73	35.7316	1054	22
36.79/36.84	36.8431	1053	23
37.89/37.94	37.9441	1052	24
39.29/39.37	39.3712	1051	25
40.49/40.60	40.5991	1050	26
41.59/41.69	41.6909	1049	27
42.69/42.78	42.7789	1048	28
43.79/43.86	43.8635	1047	29
44.89/45.00	44.996	1046	30
46.10/46.16	46.1633	1045	31
47.20/47.25	47.2484	1044	32
48.30/48.33	48.3334	1043	33
49.59/49.62	49.6173	1042	34
50.79/50.82	50.8249	1041	36
51.89/51.91	51.9099	1040	37
52.89/52.98	52.9847	1039	38
54.09/54.15	54.1462	1038	39
55.19/55.27	55.2687	1037	40
56.29/56.39	56.3858	1036	41
57.49/57.54	57.537	1035	42
58.69/58.71	58.71	1034	43
60.09/60.16	60.1639	1033	44
61.39/61.47	61.4707	1032	45
62.59/62.62	62.6181	1031	46
63.69/63.73	63.7295	1030	47
64.99/65.08	65.0761	1029	48
66.19/66.21	66.2146	1028	50
67.29/67.31	67.3088	1027	53
68.29/68.38	68.3753	1026	54
69.39/69.43	69.4302	1024	55
70.49/70.57	70.5708	1023	56
71.79/71.82	71.8234	1022	57
73.09/73.15	73.1533	1021	59
74.19/74.20	74.1984	1020	60
75.20/75.26	75.2643	1019	62
76.30/76.31	76.3113	1018	63
77.40/77.47	77.4669	1017	64
78.50/78.57	78.5685	1016	66
79.89/79.93	79.9272	1015	67
80.89/80.97	80.9733	1014	68
82.09/82.11	82.1077	1013	69
83.09/83.14	83.1401	1012	70
84.19/84.26	84.2559	1011	71
85.29/85.37	85.3643	1010	72
86.39/86.48	86.4746	1009	73
87.49/87.57	87.5711	1008	74
88.59/88.61	88.6085	1007	75
89.79/89.83	89.8328	1006	80
90.99/91.02	91.0144	1005	81
91.99/92.05	92.0442	1004	82
92.99/93.07	93.0725	1003	83
93.99/94.09	94.0858	1002	86
95.29/95.31	95.3113	1001	88
96.59/96.60	96.6031	1000	94
97.89/97.94	97.9436	999	95
99.08/99.19	99.192	998	97
100.28/100.36	100.361	997	100
101.28/101.39	101.389	996	102
102.38/102.47	102.472	995	103
103.69/103.76	103.758	994	104
104.89/104.95	104.949	993	106
105.89/105.98	105.982	992	108
107.19/107.20	107.197	991	109
108.29/108.37	108.371	990	112
109.39/109.40	109.399	989	115
110.40/110.42	110.418	988	117
111.39/111.44	111.435	987	119
112.39/112.44	112.442	986	120
113.39/113.45	113.447	985	122
114.49/114.52	114.516	984	123
115.50/115.54	115.534	983	126
116.50/116.54	116.534	982	127
117.70/117.79	117.786	981	130
118.89/118.96	118.96	980	133
119.90/119.98	119.977	979	136
120.89/121.00	120.999	978	139
121.89/122.00	122	977	141
122.89/122.99	122.985	976	142
123.99/124.04	124.043	975	144
124.99/125.05	125.046	974	146
126.19/126.25	126.243	973	148
127.49/127.56	127.559	972	149
128.48/128.57	128.573	971	153
129.58/129.68	129.674	970	155
130.58/130.67	130.667	969	157
131.58/131.67	131.667	968	160
132.68/132.70	132.702	967	166
133.78/133.80	133.794	966	178
134.69/134.77	134.769	965	182
135.89/135.91	135.911	964	188
136.89/136.93	136.929	963	191
137.99/138.07	138.063	962	193
139.00/139.07	139.065	961	197
139.99/140.07	140.066	960	199
140.98/141.01	141.007	959	204
141.89/141.96	141.958	958	207
143.00/143.08	143.076	957	213
144.09/144.14	144.134	956	215
145.20/145.27	145.27	955	218
146.38/146.48	146.48	954	220
147.68/147.73	147.731	953	222
149.08/149.11	149.104	952	227
150.18/150.26	150.253	951	230
151.28/151.37	151.371	950	232
152.58/152.61	152.606	949	234
153.48/153.59	153.585	948	237
154.48/154.58	154.576	947	240
155.49/155.57	155.568	946	241
156.48/156.55	156.546	945	246
157.48/157.51	157.505	944	248
158.39/158.48	158.473	943	250
159.39/159.48	159.476	942	257
160.38/160.48	160.479	941	263
161.38/161.45	161.443	940	267
162.38/162.43	162.426	939	271
163.38/163.41	163.405	938	274
164.29/164.39	164.382	937	278
165.28/165.33	165.331	936	280
166.38/166.46	166.46	935	284
167.68/167.75	167.748	934	290
168.98/169.01	169.009	933	293
170.08/170.16	170.152	932	301
171.18/171.20	171.201	931	309
172.18/172.28	172.276	930	312
173.38/173.45	173.446	929	315
174.58/174.67	174.669	928	322
175.58/175.65	175.65	927	325
176.58/176.60	176.6	926	328
177.58/177.60	177.593	925	333
178.59/178.66	178.656	924	344
179.88/179.92	179.918	923	373
180.88/180.92	180.92	922	379
181.98/182.00	181.996	921	393
183.08/183.17	183.168	920	403
184.38/184.41	184.408	919	410
185.68/185.72	185.713	918	421
186.68/186.78	186.772	917	425
187.78/187.86	187.86	916	445
189.19/189.23	189.229	915	482
190.19/190.26	190.255	914	492
191.29/191.31	191.302	913	498
192.28/192.30	192.292	912	500
193.19/193.28	193.278	911	506
194.19/194.24	194.233	910	510
195.19/195.25	195.249	909	521
196.28/196.32	196.319	908	523
197.38/197.44	197.439	907	546
198.58/198.62	198.613	906	549
199.68/199.71	199.71	905	565
200.68/200.79	200.787	904	581
201.69/201.77	201.77	903	589
202.79/202.85	202.845	902	610
203.78/203.80	203.798	901	615
204.78/204.80	204.792	900	630
205.59/205.68	205.679	899	635
206.48/206.58	206.571	898	638
208.18/208.23	208.23	897	673
209.39/209.46	209.45	896	682
210.38/210.46	210.459	895	687
211.48/211.51	211.506	894	699
212.38/212.48	212.475	893	705
213.48/213.50	213.497	892	718
214.50/214.55	214.544	891	732
215.79/215.88	215.877	890	775
216.99/217.09	217.087	889	783
218.29/218.39	218.386	888	799
219.30/219.31	219.309	887	803
220.29/220.34	220.33	886	805
221.39/221.42	221.413	885	822
222.29/222.35	222.343	884	826
223.39/223.40	223.398	883	838
224.40/224.47	224.466	882	852
225.90/225.97	225.966	881	886
227.09/227.14	227.136	880	891
228.29/228.35	228.343	879	909
230.19/230.25	230.245	878	997
231.08/231.19	231.189	877	1004
232.28/232.35	232.34	876	1012
233.38/233.42	233.413	875	1017
234.69/234.79	234.785	874	1032
235.88/235.98	235.974	873	1058
236.88/236.94	236.932	872	1064
237.78/237.82	237.816	871	1067
238.78/238.80	238.796	870	1083
239.69/239.76	239.752	869	1092
240.68/240.70	240.697	868	1099
241.78/241.86	241.85	867	1105
243.28/243.38	243.371	866	1134
244.68/244.73	244.726	865	1177
245.88/245.91	245.899	864	1204
246.98/247.03	247.028	863	1215
248.08/248.10	248.093	862	1230
249.28/249.32	249.317	861	1248
250.28/250.36	250.359	860	1255
251.48/251.51	251.507	859	1269
252.48/252.54	252.538	858	1284
254.09/254.16	254.151	857	1344
256.48/256.53	256.527	856	1452
257.98/258.02	258.011	855	1501
259.18/259.21	259.207	854	1508
260.38/260.48	260.471	853	1539
261.38/261.44	261.432	852	1552
262.68/262.74	262.735	851	1592
263.68/263.72	263.712	850	1598
264.68/264.79	264.783	849	1617
265.68/265.79	265.783	848	1631
266.78/266.86	266.851	847	1650
268.18/268.20	268.189	846	1693
269.08/269.10	269.094	845	1699
270.08/270.11	270.102	844	1714
272.09/272.16	272.152	843	1812
273.19/273.21	273.201	842	1827
275.78/275.82	275.813	841	1991
276.98/277.01	277	840	2010
278.58/278.69	278.684	839	2085
280.89/280.97	280.966	838	2198
284.58/284.63	284.619	837	2439
285.48/285.51	285.506	836	2446
286.58/286.69	286.682	835	2477
287.58/287.64	287.636	834	2481
288.88/288.96	288.957	833	2499
290.68/290.78	290.773	832	2565
294.58/294.69	294.68	831	2815
296.48/296.57	296.56	830	2911
297.48/297.54	297.532	829	2919
299.78/299.83	299.818	828	3023
300.69/300.74	300.733	827	3027
302.28/302.34	302.328	826	3064
308.28/308.36	308.355	825	3491
309.98/310.06	310.055	824	3570
311.98/312.04	312.028	823	3680
313.58/313.61	313.603	822	3752
317.08/317.19	317.18	821	3995
317.98/318.01	318.004	820	3998
319.18/319.28	319.276	819	4040
322.38/322.43	322.424	818	4243
324.08/324.16	324.152	817	4330
324.98/325.00	324.99	816	4335
326.08/326.10	326.089	815	4351
326.98/327.09	327.086	814	4371
328.89/328.98	328.974	813	4471
333.88/333.98	333.973	812	4800
335.49/335.56	335.549	811	4869
337.59/337.69	337.679	810	4983
338.69/338.75	338.742	809	5011
342.49/342.59	342.58	808	5286
344.08/344.12	344.111	807	5345
346.88/347.00	346.986	806	5511
352.08/352.13	352.122	805	5836
362.67/362.77	362.755	804	6782
373.88/373.94	373.933	803	7745
374.87/374.94	374.929	802	7746
376.47/376.53	376.523	801	7799
378.07/378.19	378.181	800	7883
396.78/396.86	396.848	799	9714
398.97/399.04	399.033	798	9856
399.97/400.04	400.033	797	9879
402.67/402.78	402.768	796	10070
426.58/426.65	426.634	795	12234
429.28/429.31	429.296	794	12396
430.58/430.62	430.608	793	12452
454.47/454.56	454.55	792	14583
466.47/466.56	466.548	791	15696
496.87/496.97	496.951	790	18307
507.27/507.40	507.381	789	19123
509.77/509.83	509.819	788	19263
511.97/512.06	512.042	787	19407
513.97/514.05	514.038	786	19526
523.67/523.77	523.759	785	20366
550.08/550.15	550.139	784	22697
558.87/558.97	558.957	783	23415
559.97/560.00	559.987	782	23441
572.38/572.41	572.393	781	24659
599.48/599.55	599.533	780	27013
601.97/602.06	602.039	779	27174
604.88/604.92	604.901	778	27359
632.17/632.20	632.184	777	30082
633.17/633.24	633.224	776	30106
661.86/661.94	661.921	775	32707
663.56/663.69	663.666	774	32784
671.67/671.72	671.704	773	33457
963.66/963.70	963.668	772	61075
970.86/970.91	970.882	771	61591
