10.79/10.85	10.8474	1066	0
11.79/11.89	11.8926	1065	1
12.89/12.98	12.978	1064	2
13.99/14.03	14.0324	1062	4
14.99/15.07	15.0761	1061	5
16.09/16.12	16.1226	1060	6
17.09/17.16	17.1574	1059	7
18.09/18.19	18.1885	1058	8
19.19/19.22	19.2262	1057	10
20.19/20.26	20.2612	1056	11
21.29/21.32	21.3176	1055	14
22.29/22.34	22.3464	1054	15
23.30/23.37	23.3712	1053	16
24.40/24.40	24.4031	1052	17
25.40/25.44	25.442	1051	18
26.40/26.47	26.471	1050	19
27.39/27.49	27.4952	1049	20
28.49/28.53	28.5325	1048	21
29.49/29.55	29.5524	1046	22
30.49/30.57	30.5734	1045	23
31.59/31.60	31.6035	1044	24
32.59/32.66	32.6658	1043	25
33.59/33.69	33.6879	1041	26
34.69/34.72	34.7178	1040	27
35.69/35.72	35.7257	1039	28
36.69/36.73	36.7304	1038	29
37.69/37.74	37.737	1037	30
38.70/38.74	38.7393	1036	31
39.70/39.74	39.74	1035	32
40.70/40.75	40.7526	1034	33
41.69/41.76	41.7566	1033	34
42.69/42.77	42.7694	1032	35
43.79/43.83	43.826	1031	37
44.79/44.83	44.8317	1030	38
45.79/45.82	45.8214	1029	39
46.79/46.87	46.8661	1028	40
47.79/47.85	47.8554	1027	41
48.79/48.86	48.8572	1026	43
49.79/49.84	49.841	1025	44
50.79/50.84	50.8426	1024	45
51.80/51.84	51.8411	1023	46
52.80/52.89	52.8881	1022	47
53.90/53.94	53.9371	1021	49
54.89/54.92	54.9221	1020	51
55.89/55.90	55.8988	1019	52
56.79/56.89	56.8885	1018	53
57.79/57.86	57.8645	1017	54
58.79/58.85	58.8496	1016	55
59.79/59.82	59.8249	1015	56
60.79/60.80	60.8046	1014	58
61.70/61.78	61.7781	1013	59
62.70/62.76	62.762	1012	60
63.69/63.74	63.7396	1011	61
64.69/64.73	64.7262	1010	63
65.69/65.72	65.7153	1009	67
66.59/66.69	66.6913	1008	69
67.59/67.69	67.6921	1007	71
68.69/68.73	68.7294	1006	74
69.59/69.69	69.695	1005	75
70.59/70.68	70.6826	1004	77
71.60/71.69	71.6855	1003	79
72.60/72.68	72.6842	1002	82
73.59/73.70	73.701	1001	84
74.69/74.72	74.7197	1000	86
75.69/75.74	75.7429	999	88
76.69/76.77	76.774	998	92
77.69/77.76	77.7614	997	94
78.69/78.74	78.7436	996	96
79.69/79.70	79.7	995	97
80.59/80.66	80.6618	994	99
81.59/81.63	81.6346	993	100
82.50/82.60	82.5949	992	102
83.60/83.61	83.6112	991	104
84.49/84.58	84.5834	990	106
85.49/85.56	85.5575	989	108
86.49/86.54	86.5366	988	111
87.49/87.54	87.5377	987	113
88.49/88.57	88.5723	986	119
89.49/89.56	89.5636	985	121
90.49/90.52	90.5181	984	123
91.40/91.47	91.4681	983	125
92.40/92.42	92.421	982	127
93.29/93.36	93.3606	981	129
94.29/94.33	94.3331	980	132
95.19/95.29	95.2904	979	134
96.19/96.29	96.2908	978	137
97.19/97.28	97.2765	977	139
98.19/98.26	98.2546	976	140
99.19/99.27	99.2741	975	146
100.20/100.20	100.203	974	148
101.09/101.17	101.165	973	150
102.09/102.13	102.125	972	153
102.99/103.05	103.049	971	155
103.99/104.01	104.007	970	157
104.89/104.96	104.955	969	159
105.89/105.91	105.905	968	162
106.80/106.84	106.841	967	167
107.69/107.77	107.773	966	168
108.69/108.75	108.744	965	175
109.69/109.74	109.735	964	182
110.59/110.65	110.652	963	184
111.49/111.58	111.577	962	186
112.39/112.49	112.488	961	187
113.40/113.44	113.441	960	188
114.40/114.41	114.409	959	191
115.29/115.36	115.359	958	193
116.29/116.30	116.299	957	196
117.29/117.30	117.294	956	200
118.19/118.23	118.232	955	202
119.09/119.17	119.167	954	206
120.09/120.12	120.12	953	212
121.00/121.03	121.025	952	214
121.89/121.92	121.916	951	215
122.79/122.88	122.881	950	221
123.79/123.82	123.817	949	225
124.69/124.75	124.749	948	226
125.69/125.79	125.784	947	234
126.69/126.74	126.742	946	239
127.60/127.65	127.653	945	242
128.49/128.56	128.558	944	245
129.39/129.48	129.477	943	249
130.39/130.40	130.403	942	254
131.29/131.31	131.306	941	256
132.19/132.22	132.222	940	260
133.10/133.12	133.116	939	262
134.09/134.13	134.131	938	276
134.99/135.01	135.009	937	277
135.89/135.95	135.951	936	282
136.99/137.05	137.053	935	305
137.89/137.96	137.955	934	310
138.79/138.83	138.827	933	311
139.70/139.79	139.79	932	316
140.69/140.72	140.723	931	319
141.69/141.71	141.711	930	326
142.69/142.78	142.781	928	342
143.69/143.77	143.766	927	348
144.69/144.79	144.792	926	358
145.69/145.74	145.739	925	363
146.79/146.82	146.818	924	384
147.69/147.76	147.753	923	394
148.60/148.68	148.683	922	401
149.49/149.57	149.568	921	404
150.39/150.48	150.479	920	410
151.39/151.45	151.447	919	417
152.29/152.36	152.358	918	420
153.29/153.38	153.381	917	436
154.29/154.34	154.343	916	448
155.20/155.28	155.276	915	456
156.20/156.22	156.214	914	463
157.09/157.14	157.134	913	471
157.99/158.02	158.014	912	473
158.99/159.08	159.079	911	503
159.99/160.01	160.004	910	509
160.89/160.92	160.913	909	513
161.80/161.86	161.856	908	517
162.80/162.81	162.804	907	525
163.69/163.71	163.703	906	531
164.59/164.60	164.599	905	535
165.49/165.56	165.559	904	546
166.49/166.52	166.52	903	559
167.39/167.46	167.458	902	568
168.30/168.32	168.322	901	573
169.19/169.23	169.225	900	579
170.09/170.14	170.134	899	585
170.99/171.03	171.03	898	593
171.89/171.91	171.903	897	597
172.89/172.92	172.913	896	617
173.80/173.81	173.809	895	626
174.59/174.66	174.654	894	628
175.59/175.65	175.648	893	645
176.49/176.56	176.558	892	653
177.49/177.52	177.518	891	663
178.39/178.43	178.431	890	668
179.30/179.32	179.315	889	674
180.19/180.20	180.2	888	679
180.99/181.05	181.052	887	682
181.89/181.97	181.971	886	689
182.79/182.87	182.866	885	698
183.80/183.82	183.814	884	711
184.69/184.75	184.752	883	720
185.69/185.72	185.713	882	732
186.49/186.57	186.566	881	735
187.59/187.67	187.666	880	769
188.49/188.53	188.532	879	773
189.39/189.45	189.45	878	783
190.30/190.35	190.351	877	791
191.19/191.26	191.256	876	801
192.29/192.30	192.297	875	815
193.79/193.83	193.823	874	892
194.99/195.07	195.071	873	931
196.09/196.11	196.103	872	946
197.09/197.12	197.121	871	966
198.59/198.62	198.612	870	1034
199.49/199.50	199.493	869	1041
200.39/200.43	200.427	868	1056
201.19/201.29	201.291	867	1061
202.19/202.23	202.228	866	1072
204.19/204.28	204.276	865	1193
205.19/205.20	205.199	864	1203
206.09/206.14	206.139	863	1214
206.99/207.05	207.048	862	1224
207.79/207.84	207.84	861	1225
208.79/208.80	208.801	860	1239
209.79/209.80	209.795	859	1252
210.79/210.87	210.865	858	1273
211.69/211.75	211.743	857	1284
212.69/212.76	212.758	856	1306
214.09/214.10	214.1	855	1352
215.19/215.21	215.21	854	1374
216.29/216.33	216.329	853	1401
217.80/217.88	217.876	852	1473
218.59/218.67	218.662	851	1474
219.79/219.80	219.798	850	1506
220.79/220.85	220.845	849	1532
222.39/222.41	222.404	848	1611
223.30/223.40	223.394	847	1633
225.29/225.37	225.369	846	1745
226.19/226.25	226.246	845	1756
227.19/227.26	227.259	844	1777
228.19/228.20	228.201	843	1792
229.69/229.77	229.766	842	1851
232.79/232.81	232.803	841	2120
234.49/234.53	234.523	840	2211
237.09/237.10	237.097	839	2375
238.19/238.29	238.281	838	2410
240.29/240.31	240.305	837	2518
241.69/241.73	241.726	836	2573
243.49/243.59	243.582	835	2683
245.19/245.23	245.223	834	2765
247.69/247.70	247.694	833	2909
249.19/249.23	249.221	832	2983
250.49/250.52	250.512	831	3026
251.39/251.49	251.487	830	3042
252.89/252.90	252.897	829	3102
254.10/254.13	254.13	828	3141
257.09/257.19	257.188	827	3345
259.09/259.12	259.11	826	3449
262.39/262.44	262.44	825	3651
263.59/263.67	263.667	824	3677
265.99/266.08	266.074	823	3837
266.99/267.07	267.063	822	3857
273.18/273.25	273.239	821	4343
281.59/281.63	281.619	820	5129
285.28/285.36	285.354	819	5487
286.38/286.41	286.406	818	5515
288.29/288.31	288.304	817	5611
289.88/289.98	289.971	816	5691
295.38/295.47	295.458	815	6215
297.78/297.81	297.799	814	6356
300.18/300.21	300.205	813	6521
315.68/315.71	315.702	812	7887
319.08/319.12	319.106	811	8119
321.98/322.00	321.99	810	8292
331.48/331.57	331.56	809	9148
332.58/332.68	332.67	808	9184
346.27/346.38	346.371	807	10420
347.58/347.68	347.667	806	10476
351.17/351.28	351.267	805	10727
353.78/353.87	353.862	804	10885
354.58/354.68	354.664	803	10888
356.88/356.95	356.936	802	11029
360.57/360.63	360.619	801	11297
364.27/364.32	364.312	800	11558
366.87/366.94	366.929	799	11725
370.69/370.72	370.709	798	11975
378.88/378.94	378.923	797	12738
380.88/380.97	380.961	796	12867
407.47/407.55	407.537	795	15363
408.37/408.43	408.412	794	15377
409.38/409.46	409.447	793	15403
411.97/412.06	412.046	792	15596
428.77/428.85	428.838	791	17090
432.57/432.60	432.587	790	17377
442.97/443.04	443.026	789	18215
446.77/446.81	446.794	788	18453
448.88/448.92	448.903	787	18563
456.48/456.52	456.505	786	19185
492.67/492.76	492.738	785	22667
521.57/521.61	521.59	784	25356
532.77/532.84	532.816	783	26249
534.07/534.12	534.096	782	26296
596.46/596.58	596.561	781	32483
597.56/597.64	597.617	780	32516
601.17/601.24	601.216	779	32755
608.07/608.18	608.154	778	33312
614.37/614.43	614.411	777	33806
629.36/629.49	629.471	776	34990
639.47/639.57	639.544	775	35823
645.37/645.45	645.422	774	36268
652.77/652.85	652.826	773	36826
733.67/733.73	733.703	772	44280
738.26/738.35	738.323	771	44648
757.46/757.56	757.535	770	46366
920.75/920.88	920.841	769	62618
