11.29/11.36	11.3605	1079	0
12.69/12.70	12.7035	1078	2
13.99/14.06	14.0567	1077	3
15.49/15.53	15.5292	1076	4
16.99/17.00	17.0029	1075	5
18.29/18.39	18.3934	1074	6
19.59/19.64	19.6443	1073	7
20.80/20.89	20.8915	1071	10
21.92/21.97	21.9685	1070	12
23.00/23.10	23.101	1069	13
24.49/24.52	24.5239	1068	14
25.59/25.65	25.6475	1067	15
26.69/26.78	26.7772	1066	16
27.79/27.85	27.8502	1065	18
28.89/28.91	28.9117	1064	19
29.89/29.97	29.968	1063	20
31.09/31.19	31.1914	1062	21
32.49/32.57	32.5757	1060	22
33.79/33.80	33.7967	1059	23
34.99/35.07	35.0727	1058	24
36.09/36.15	36.1494	1057	25
37.19/37.20	37.1977	1056	26
38.19/38.28	38.2804	1055	29
39.39/39.49	39.4945	1054	30
40.49/40.54	40.5431	1053	31
41.49/41.58	41.5836	1052	32
42.59/42.65	42.6499	1051	33
43.59/43.69	43.6944	1050	34
44.69/44.74	44.7434	1049	35
45.69/45.77	45.7707	1048	36
46.79/46.85	46.855	1047	37
48.09/48.18	48.1772	1045	38
49.29/49.36	49.3556	1044	40
50.38/50.49	50.4872	1043	42
51.48/51.58	51.579	1042	43
52.58/52.65	52.6466	1041	44
53.68/53.71	53.707	1040	45
54.68/54.74	54.7395	1039	46
55.68/55.75	55.7546	1037	47
56.78/56.81	56.8058	1036	48
57.78/57.89	57.8926	1035	50
58.88/58.97	58.9668	1034	51
59.98/60.00	60.0045	1033	52
60.98/61.05	61.0521	1032	53
61.98/62.07	62.0691	1030	54
62.98/63.09	63.0876	1029	55
64.08/64.11	64.1064	1028	56
65.08/65.12	65.119	1027	58
66.08/66.15	66.1467	1026	59
67.09/67.15	67.1452	1025	60
68.21/68.24	68.2352	1024	61
69.19/69.23	69.232	1023	62
70.18/70.24	70.2431	1022	64
71.18/71.24	71.243	1021	65
72.18/72.27	72.2718	1020	66
73.48/73.54	73.5396	1019	67
74.69/74.79	74.7887	1018	68
75.98/76.03	76.0264	1017	69
76.99/77.03	77.0308	1016	71
77.99/78.04	78.0426	1015	72
78.98/79.10	79.0958	1014	74
80.08/80.11	80.1139	1013	76
81.08/81.11	81.1119	1012	77
82.18/82.25	82.2541	1011	79
83.38/83.43	83.4276	1010	82
84.48/84.55	84.5451	1009	84
85.48/85.54	85.5365	1008	86
86.49/86.57	86.5738	1007	90
87.49/87.57	87.5682	1006	92
88.69/88.72	88.7156	1005	94
89.89/89.90	89.9033	1004	97
91.20/91.23	91.2308	1003	99
92.19/92.31	92.3096	1002	103
93.29/93.35	93.3479	1001	105
94.29/94.36	94.359	1000	107
95.39/95.40	95.4037	999	109
96.39/96.43	96.4323	998	111
97.39/97.48	97.4783	997	114
98.49/98.54	98.541	996	117
99.49/99.57	99.5732	995	119
100.59/100.60	100.6	994	121
101.59/101.63	101.631	993	123
102.59/102.69	102.692	992	125
103.69/103.70	103.7	991	126
104.69/104.72	104.719	990	128
105.69/105.70	105.702	989	129
106.70/106.72	106.717	988	132
107.59/107.70	107.695	987	134
108.59/108.66	108.656	986	136
109.59/109.62	109.618	985	138
110.49/110.59	110.586	984	140
111.49/111.55	111.547	983	142
112.49/112.52	112.52	982	143
113.39/113.49	113.484	981	145
114.41/114.43	114.427	980	147
115.29/115.40	115.394	979	149
116.39/116.42	116.416	978	151
117.29/117.38	117.382	977	152
118.29/118.35	118.346	976	154
119.29/119.30	119.294	975	156
120.19/120.24	120.242	974	158
121.09/121.19	121.19	973	160
122.11/122.18	122.176	972	162
123.19/123.21	123.205	971	165
124.21/124.25	124.244	970	170
125.19/125.26	125.261	969	174
126.29/126.31	126.309	968	181
127.29/127.31	127.311	967	183
128.29/128.31	128.308	966	185
129.29/129.30	129.299	965	187
130.19/130.29	130.284	964	188
131.29/131.31	131.313	963	193
132.29/132.30	132.301	962	196
133.19/133.28	133.276	961	198
134.29/134.32	134.315	960	205
135.21/135.30	135.3	959	207
136.19/136.24	136.238	958	209
137.09/137.15	137.145	957	210
138.09/138.11	138.107	956	215
139.09/139.18	139.175	955	220
140.09/140.18	140.175	954	228
141.09/141.13	141.127	953	231
141.99/142.09	142.087	952	233
143.01/143.04	143.037	951	235
144.01/144.04	144.042	950	239
144.99/145.00	144.999	949	245
145.89/145.94	145.938	948	248
146.89/146.90	146.902	947	251
147.79/147.89	147.883	946	254
148.79/148.85	148.848	945	259
149.69/149.77	149.763	944	261
150.61/150.69	150.686	943	265
151.59/151.64	151.637	942	269
152.49/152.58	152.577	941	271
153.39/153.49	153.49	940	275
154.39/154.44	154.442	939	278
155.29/155.39	155.391	938	283
156.49/156.50	156.502	937	304
157.39/157.49	157.488	936	314
158.41/158.46	158.452	935	322
159.29/159.38	159.381	934	326
160.29/160.32	160.315	933	329
161.19/161.25	161.249	932	330
162.09/162.16	162.153	931	333
163.09/163.13	163.132	930	338
164.19/164.27	164.267	929	356
165.19/165.29	165.29	928	369
166.18/166.23	166.232	927	373
167.09/167.20	167.194	926	380
168.08/168.14	168.133	925	385
169.08/169.13	169.131	924	395
169.98/170.09	170.091	923	401
170.98/171.05	171.049	922	409
171.88/171.99	171.989	921	416
172.88/172.90	172.895	920	419
173.79/173.86	173.86	919	425
174.68/174.80	174.797	918	427
175.68/175.74	175.736	917	431
176.68/176.71	176.704	916	440
177.58/177.61	177.607	915	445
178.38/178.49	178.488	914	446
179.38/179.40	179.4	913	448
180.29/180.33	180.331	912	453
181.28/181.39	181.383	911	471
182.28/182.32	182.314	910	478
183.48/183.52	183.519	909	509
184.49/184.54	184.532	908	521
185.39/185.47	185.47	907	528
186.39/186.43	186.426	906	536
187.29/187.33	187.322	905	540
188.19/188.27	188.264	904	545
189.10/189.15	189.149	903	548
189.99/190.09	190.086	902	556
190.99/191.06	191.058	901	567
192.19/192.25	192.243	900	592
193.18/193.25	193.243	899	606
194.08/194.15	194.144	898	610
195.08/195.15	195.149	897	622
196.08/196.16	196.155	896	632
196.98/197.05	197.048	895	637
198.01/198.03	198.028	894	648
199.09/199.15	199.143	893	670
199.98/200.05	200.042	892	675
201.08/201.10	201.097	891	689
201.98/202.05	202.045	890	698
202.88/202.96	202.953	889	703
203.88/203.94	203.941	888	718
204.88/204.96	204.959	887	735
206.18/206.26	206.258	886	784
207.18/207.29	207.29	885	797
208.08/208.17	208.169	884	801
209.08/209.11	209.103	883	808
209.88/209.99	209.985	882	813
210.88/210.92	210.921	881	822
211.88/211.98	211.972	880	838
213.18/213.25	213.248	879	867
214.41/214.47	214.461	878	895
215.49/215.53	215.529	877	902
217.08/217.13	217.123	876	950
218.08/218.17	218.168	875	971
218.98/219.07	219.068	874	974
220.28/220.39	220.39	873	1015
221.58/221.61	221.603	872	1053
222.58/222.64	222.636	871	1067
223.58/223.62	223.619	870	1075
224.68/224.74	224.737	869	1089
225.78/225.89	225.886	868	1113
227.38/227.46	227.453	867	1177
228.88/228.90	228.897	866	1206
229.91/229.95	229.943	865	1215
230.78/230.90	230.897	864	1228
231.68/231.79	231.786	863	1232
232.68/232.71	232.709	862	1243
233.48/233.53	233.523	861	1245
234.38/234.45	234.443	860	1255
236.08/236.19	236.18	859	1341
237.08/237.12	237.112	858	1354
238.08/238.15	238.142	857	1371
239.18/239.28	239.276	856	1397
240.18/240.29	240.286	855	1405
242.38/242.42	242.419	854	1533
243.28/243.35	243.349	853	1544
245.08/245.12	245.116	852	1642
246.48/246.50	246.492	851	1694
247.78/247.83	247.825	850	1745
249.48/249.60	249.59	849	1832
250.98/251.00	250.997	848	1890
254.09/254.13	254.12	847	2103
256.08/256.18	256.175	845	2229
257.40/257.44	257.436	844	2276
259.08/259.15	259.148	843	2374
260.18/260.24	260.231	842	2396
262.68/262.72	262.713	841	2561
266.09/266.11	266.103	840	2779
267.38/267.40	267.399	839	2805
268.68/268.71	268.709	838	2839
270.78/270.85	270.849	837	2958
271.78/271.82	271.816	836	2972
272.78/272.85	272.841	835	2997
273.98/274.03	274.023	834	3016
275.68/275.79	275.779	833	3065
276.88/276.96	276.957	832	3096
277.88/277.93	277.924	831	3107
279.18/279.24	279.232	830	3146
281.98/282.09	282.08	829	3319
285.88/285.97	285.959	827	3604
286.78/286.89	286.88	826	3613
291.98/292.05	292.041	825	3991
295.48/295.55	295.545	824	4302
296.88/296.96	296.958	823	4342
299.38/299.44	299.432	822	4491
300.68/300.79	300.784	821	4539
301.68/301.72	301.71	820	4549
315.38/315.43	315.418	819	5741
316.48/316.50	316.497	818	5743
318.38/318.44	318.434	817	5799
319.38/319.43	319.427	816	5817
323.68/323.79	323.778	815	6120
330.18/330.22	330.215	814	6640
332.48/332.53	332.525	813	6781
343.28/343.32	343.316	812	7718
344.08/344.19	344.183	811	7730
346.50/346.59	346.583	810	7895
350.48/350.51	350.507	809	8191
357.78/357.84	357.834	808	8763
361.58/361.60	361.59	807	9037
384.58/384.65	384.644	806	11334
404.07/404.14	404.128	805	13297
404.87/404.99	404.985	804	13307
407.18/407.25	407.245	803	13452
408.58/408.68	408.674	802	13512
420.38/420.47	420.457	801	14618
433.30/433.42	433.405	800	15843
482.07/482.12	482.106	799	20765
483.17/483.27	483.263	798	20798
485.47/485.50	485.489	797	20934
488.17/488.21	488.198	796	21143
493.07/493.17	493.155	795	21596
498.57/498.67	498.659	794	22039
501.97/502.02	502.005	793	22276
534.98/535.05	535.038	792	25789
540.98/541.08	541.068	791	26319
545.68/545.70	545.683	790	26630
552.88/552.99	552.972	789	27270
560.17/560.22	560.204	788	27915
561.07/561.13	561.113	787	27923
561.77/561.89	561.88	786	27925
564.47/564.57	564.56	785	28122
571.67/571.70	571.69	784	28718
609.67/609.79	609.778	783	32483
610.87/610.95	610.938	782	32522
612.47/612.53	612.509	781	32612
713.57/713.63	713.608	780	42339
715.77/715.83	715.811	779	42476
734.07/734.11	734.091	778	44270
756.96/757.05	757.028	777	46339
762.17/762.21	762.194	776	46767
772.19/772.24	772.218	775	47492
775.47/775.52	775.503	774	47720
791.46/791.55	791.533	773	49107
792.56/792.65	792.632	772	49133
794.36/794.44	794.423	771	49233
861.57/861.65	861.623	770	55331
866.69/866.79	866.763	769	55733
992.66/992.79	992.761	768	68554
