10.99/11.02	11.0226	1070	0
12.09/12.11	12.1073	1069	1
13.09/13.18	13.1848	1068	2
14.19/14.25	14.2517	1066	3
15.29/15.33	15.3296	1065	4
16.39/16.41	16.411	1064	5
17.39/17.48	17.4846	1063	6
18.49/18.55	18.5469	1062	7
19.59/19.62	19.6179	1061	8
20.59/20.67	20.6695	1060	9
21.69/21.75	21.7473	1059	10
22.79/22.81	22.8065	1058	11
23.79/23.87	23.866	1056	12
24.89/24.97	24.9733	1055	13
25.99/26.05	26.0465	1054	14
27.09/27.11	27.1106	1053	15
28.09/28.16	28.1576	1051	16
29.19/29.21	29.2147	1049	17
30.19/30.27	30.2747	1048	18
31.29/31.31	31.309	1047	19
32.29/32.36	32.3562	1045	20
33.39/33.42	33.4192	1044	21
34.39/34.47	34.475	1043	22
35.49/35.51	35.514	1042	24
36.49/36.57	36.5726	1041	25
37.59/37.62	37.6213	1040	26
38.59/38.67	38.6727	1039	28
39.69/39.70	39.7013	1038	29
40.69/40.73	40.7292	1037	30
41.69/41.76	41.7618	1036	31
42.69/42.79	42.793	1035	32
43.79/43.84	43.8394	1034	33
44.79/44.87	44.8688	1033	34
45.89/45.90	45.9029	1032	37
46.89/46.92	46.9232	1031	38
47.89/47.95	47.9464	1030	40
48.89/48.98	48.9803	1029	41
49.89/49.98	49.9852	1028	42
50.99/51.02	51.0198	1027	43
51.99/52.04	52.0389	1026	44
52.99/53.06	53.059	1025	45
53.99/54.08	54.0795	1024	48
55.09/55.12	55.1198	1023	49
56.09/56.15	56.1478	1022	50
57.09/57.18	57.1755	1021	51
58.19/58.21	58.2108	1020	53
59.19/59.23	59.2303	1019	56
60.19/60.26	60.2563	1018	57
61.19/61.26	61.2564	1017	58
62.19/62.27	62.2707	1016	59
63.19/63.29	63.2938	1015	60
64.29/64.34	64.3349	1014	61
65.29/65.33	65.3322	1013	62
66.29/66.34	66.3371	1012	63
67.29/67.33	67.3292	1011	64
68.29/68.34	68.3366	1010	65
69.29/69.39	69.3906	1009	71
70.29/70.40	70.3977	1008	73
71.29/71.39	71.3886	1007	74
72.29/72.39	72.3911	1006	76
73.29/73.37	73.3745	1005	77
74.29/74.38	74.3821	1004	78
75.29/75.37	75.3735	1003	80
76.29/76.36	76.3556	1002	81
77.39/77.41	77.4058	1001	83
78.39/78.45	78.4487	1000	85
79.39/79.46	79.4555	999	88
80.39/80.45	80.4527	998	90
81.39/81.47	81.467	997	93
82.39/82.48	82.4764	996	95
83.39/83.46	83.4571	995	97
84.39/84.46	84.4559	994	99
85.39/85.45	85.4498	993	102
86.39/86.45	86.4505	992	105
87.39/87.46	87.4587	991	107
88.39/88.48	88.4798	990	108
89.49/89.51	89.5101	989	112
90.49/90.55	90.5537	988	120
91.49/91.55	91.5499	987	122
92.49/92.55	92.5475	986	124
93.49/93.55	93.5512	985	128
94.49/94.57	94.5703	984	132
95.49/95.55	95.5476	983	134
96.49/96.55	96.5493	982	136
97.49/97.58	97.5796	981	138
98.49/98.57	98.5642	980	140
99.49/99.52	99.523	979	142
100.49/100.54	100.54	978	145
101.49/101.50	101.499	977	147
102.39/102.49	102.484	976	149
103.39/103.45	103.452	975	151
104.39/104.42	104.421	974	153
105.29/105.38	105.383	973	155
106.29/106.35	106.347	972	158
107.19/107.29	107.29	971	160
108.19/108.25	108.246	970	162
109.19/109.28	109.279	969	169
110.19/110.25	110.244	968	172
111.19/111.20	111.195	967	175
112.09/112.18	112.174	966	179
113.08/113.16	113.154	965	182
114.08/114.13	114.132	964	186
115.08/115.12	115.115	963	190
116.08/116.10	116.096	962	193
116.98/117.07	117.071	961	198
117.98/118.03	118.029	960	201
118.88/118.99	118.985	959	204
119.89/119.93	119.926	958	206
120.78/120.88	120.878	957	210
121.78/121.88	121.874	956	216
122.78/122.82	122.82	955	219
123.68/123.78	123.778	954	222
124.68/124.71	124.711	953	227
125.68/125.70	125.699	952	236
126.58/126.66	126.654	951	241
127.59/127.62	127.617	950	245
128.48/128.59	128.586	949	249
129.48/129.55	129.547	948	252
130.48/130.52	130.52	947	254
131.38/131.48	131.477	946	257
132.38/132.47	132.465	945	264
133.38/133.43	133.428	944	268
134.28/134.35	134.348	943	270
135.29/135.35	135.35	942	281
136.29/136.33	136.324	941	287
137.18/137.29	137.284	940	292
138.18/138.27	138.267	939	299
139.08/139.19	139.191	938	302
140.08/140.13	140.132	937	306
140.98/141.09	141.092	936	311
141.98/142.03	142.031	935	316
142.89/142.96	142.958	934	318
143.78/143.85	143.847	933	319
144.78/144.82	144.814	932	326
145.78/145.80	145.793	931	334
146.78/146.85	146.851	930	353
147.68/147.78	147.78	929	356
148.68/148.71	148.703	928	359
149.59/149.61	149.604	927	362
150.48/150.51	150.507	926	365
151.38/151.41	151.402	925	367
152.28/152.36	152.355	924	375
153.28/153.32	153.322	923	381
154.18/154.25	154.251	922	384
155.09/155.14	155.137	921	386
155.98/156.06	156.055	920	389
157.08/157.19	157.183	919	414
158.08/158.11	158.109	918	417
158.98/159.08	159.073	917	426
159.98/160.02	160.018	916	430
160.88/160.99	160.983	915	436
161.78/161.89	161.884	914	439
162.79/162.85	162.845	913	447
163.68/163.76	163.757	912	450
164.68/164.73	164.73	911	458
165.58/165.68	165.68	910	461
166.58/166.64	166.638	909	466
167.48/167.57	167.57	908	472
168.38/168.46	168.456	907	474
169.29/169.36	169.361	906	478
170.18/170.26	170.255	905	480
171.28/171.33	171.327	904	495
172.18/172.20	172.192	903	496
173.18/173.20	173.201	902	513
174.08/174.12	174.116	901	518
174.99/175.09	175.086	900	529
176.00/176.07	176.062	899	537
177.00/177.03	177.024	898	546
177.99/178.00	177.994	897	555
178.89/178.92	178.917	896	561
179.79/179.84	179.839	895	569
180.89/180.91	180.905	894	592
181.79/181.86	181.857	893	602
182.69/182.78	182.772	892	607
183.60/183.69	183.683	891	612
184.59/184.61	184.607	890	618
185.49/185.53	185.524	889	625
186.39/186.49	186.485	888	633
187.59/187.60	187.597	887	655
188.59/188.65	188.651	886	673
189.59/189.61	189.603	885	686
190.59/190.66	190.657	884	705
191.69/191.71	191.706	883	731
192.79/192.88	192.872	882	766
193.79/193.87	193.868	881	778
194.89/194.93	194.921	880	796
195.80/195.87	195.869	879	806
197.09/197.13	197.125	878	837
198.09/198.12	198.114	877	847
199.00/199.09	199.083	876	856
199.99/200.03	200.029	875	863
201.20/201.24	201.233	874	901
203.40/203.43	203.422	873	1033
204.19/204.25	204.246	872	1034
205.60/205.63	205.621	871	1093
206.49/206.56	206.556	870	1102
207.59/207.64	207.634	869	1124
208.49/208.50	208.492	868	1127
209.59/209.61	209.609	867	1155
210.69/210.75	210.745	866	1185
211.89/211.99	211.99	865	1219
212.79/212.88	212.873	864	1224
213.79/213.85	213.849	863	1236
215.19/215.21	215.201	862	1303
215.99/216.06	216.058	861	1306
216.89/216.90	216.895	860	1309
217.70/217.79	217.79	859	1315
218.99/219.00	218.998	858	1351
220.79/220.86	220.858	857	1451
221.79/221.84	221.839	856	1467
222.89/222.96	222.96	855	1495
223.99/224.07	224.068	854	1517
224.89/224.95	224.941	853	1521
226.39/226.44	226.44	852	1571
227.49/227.50	227.491	851	1588
228.80/228.87	228.865	850	1647
229.80/229.82	229.814	849	1658
230.68/230.70	230.7	848	1665
231.48/231.55	231.543	847	1671
233.38/233.49	233.483	846	1782
234.29/234.35	234.345	845	1787
235.68/235.73	235.728	844	1832
236.58/236.65	236.648	843	1843
238.69/238.78	238.771	842	1966
239.69/239.76	239.752	841	1981
241.18/241.26	241.256	840	2045
242.58/242.69	242.689	839	2101
243.78/243.83	243.827	838	2133
244.58/244.68	244.672	837	2136
246.18/246.20	246.194	836	2199
248.88/248.90	248.899	835	2385
249.69/249.71	249.706	834	2387
251.89/251.91	251.909	833	2537
257.68/257.76	257.754	832	3076
258.88/258.93	258.92	831	3108
259.88/259.98	259.976	830	3129
260.78/260.85	260.845	829	3135
262.98/263.00	262.995	828	3268
266.28/266.31	266.308	827	3539
268.68/268.74	268.734	826	3687
269.88/269.93	269.924	825	3723
270.98/271.00	270.99	824	3744
273.68/273.70	273.695	823	3920
274.68/274.70	274.691	822	3938
275.88/275.93	275.919	821	3989
277.48/277.52	277.51	820	4062
278.58/278.60	278.59	819	4089
279.48/279.50	279.494	818	4099
280.58/280.65	280.64	817	4151
281.49/281.52	281.518	816	4168
288.19/288.25	288.24	815	4748
288.98/289.05	289.042	814	4750
289.88/289.95	289.945	813	4762
290.88/290.93	290.922	812	4781
292.38/292.44	292.431	811	4844
294.69/294.80	294.793	810	4980
304.69/304.78	304.77	809	5900
313.28/313.33	313.318	808	6665
314.08/314.17	314.159	807	6669
316.38/316.45	316.442	806	6836
335.39/335.49	335.482	805	8934
343.09/343.16	343.15	804	9659
356.29/356.37	356.362	803	10911
360.69/360.76	360.751	802	11253
362.38/362.41	362.402	801	11327
366.58/366.60	366.591	800	11631
368.28/368.40	368.389	799	11738
376.88/376.99	376.977	798	12477
378.18/378.29	378.278	797	12530
387.27/387.30	387.287	796	13253
390.57/390.63	390.621	795	13490
393.37/393.42	393.412	794	13671
397.67/397.76	397.749	793	14005
405.88/405.94	405.929	792	14697
406.88/406.99	406.984	791	14727
453.09/453.19	453.182	790	19412
454.38/454.43	454.422	789	19463
455.58/455.62	455.609	788	19509
459.68/459.71	459.703	787	19912
487.98/488.04	488.031	786	22896
488.78/488.83	488.816	785	22898
491.97/492.00	491.988	784	23125
505.27/505.31	505.301	783	24354
506.98/507.08	507.066	782	24463
602.47/602.51	602.498	781	34673
604.77/604.83	604.81	780	34799
620.18/620.27	620.258	779	36217
621.18/621.23	621.217	778	36236
622.38/622.49	622.47	777	36279
763.77/763.88	763.858	776	50010
806.17/806.29	806.268	775	54334
835.67/835.76	835.74	774	57173
838.27/838.32	838.3	773	57347
846.87/846.96	846.942	772	58125
851.27/851.32	851.294	771	58506
900.17/900.29	900.266	770	63499
