11.68/11.73	11.7276	1078	0
12.78/12.87	12.8721	1077	1
14.08/14.16	14.1621	1076	2
15.18/15.29	15.2918	1075	3
16.28/16.39	16.3932	1074	4
17.49/17.56	17.5569	1073	5
18.69/18.72	18.7224	1071	6
19.79/19.85	19.8483	1070	7
20.98/21.00	20.9974	1069	8
22.19/22.28	22.2826	1068	9
23.29/23.39	23.3873	1067	10
24.49/24.55	24.5546	1066	11
25.79/25.84	25.8367	1065	12
26.89/26.95	26.9504	1064	13
28.09/28.15	28.1475	1063	14
29.29/29.31	29.3074	1062	16
30.39/30.42	30.4248	1061	18
31.49/31.51	31.5134	1060	19
32.59/32.61	32.6078	1059	20
33.69/33.72	33.7207	1058	21
34.79/34.86	34.8562	1057	24
35.89/35.94	35.9423	1056	26
36.99/37.02	37.0258	1055	27
38.09/38.15	38.1477	1054	28
39.19/39.22	39.2234	1053	29
40.29/40.31	40.3102	1052	31
41.29/41.39	41.3909	1051	32
42.39/42.49	42.4946	1050	33
43.49/43.56	43.562	1049	34
44.69/44.70	44.7029	1048	35
45.79/45.83	45.8256	1046	36
46.89/46.92	46.9194	1045	37
47.89/47.98	47.9848	1044	38
48.99/49.07	49.071	1043	39
50.09/50.14	50.1423	1042	40
51.19/51.27	51.267	1041	42
52.29/52.32	52.3215	1040	43
53.39/53.42	53.4154	1038	45
54.49/54.51	54.5072	1037	47
55.49/55.57	55.5675	1036	48
56.59/56.61	56.6072	1035	49
57.69/57.72	57.7167	1034	50
58.69/58.78	58.7839	1033	51
59.79/59.84	59.8363	1032	52
60.89/60.91	60.9068	1031	53
61.89/61.96	61.9602	1030	54
62.99/63.01	63.0077	1029	56
63.99/64.06	64.0649	1028	59
65.09/65.11	65.1084	1027	60
66.09/66.19	66.1861	1026	61
67.19/67.23	67.2311	1025	62
68.20/68.28	68.2749	1024	63
69.30/69.31	69.3098	1023	64
70.30/70.36	70.3548	1022	65
71.40/71.43	71.4266	1021	67
72.39/72.47	72.4694	1020	68
73.39/73.49	73.4944	1019	69
74.49/74.54	74.5404	1018	70
75.59/75.62	75.6225	1017	71
76.59/76.64	76.6372	1016	72
77.59/77.68	77.6785	1015	75
78.69/78.70	78.7014	1014	76
79.69/79.79	79.7875	1013	80
80.79/80.82	80.8236	1012	81
81.89/81.91	81.9113	1011	83
82.89/82.98	82.9815	1010	84
83.99/84.04	84.0436	1009	86
84.99/85.08	85.0777	1008	88
86.09/86.12	86.1214	1007	91
87.19/87.20	87.2003	1006	96
88.19/88.29	88.293	1005	98
89.29/89.33	89.3277	1004	100
90.29/90.35	90.3457	1003	101
91.30/91.36	91.3629	1002	103
92.40/92.42	92.4201	1001	108
93.39/93.43	93.4291	1000	110
94.39/94.41	94.4122	999	111
95.39/95.44	95.437	998	114
96.39/96.49	96.484	997	116
97.49/97.51	97.5064	996	117
98.49/98.52	98.5149	995	118
99.49/99.53	99.524	994	120
100.49/100.58	100.576	993	122
101.49/101.57	101.568	992	123
102.59/102.63	102.627	991	126
103.59/103.64	103.642	990	128
104.59/104.65	104.649	989	131
105.59/105.63	105.627	988	133
106.59/106.62	106.623	987	134
107.59/107.62	107.62	986	137
108.59/108.67	108.667	985	139
109.69/109.70	109.698	984	140
110.69/110.72	110.715	983	142
111.69/111.73	111.724	982	143
112.69/112.74	112.736	981	145
113.69/113.72	113.72	980	147
114.69/114.79	114.792	979	155
115.79/115.80	115.794	978	158
116.79/116.81	116.811	977	161
117.79/117.83	117.826	976	164
118.79/118.87	118.867	975	170
119.79/119.87	119.873	974	173
120.89/120.91	120.909	973	176
121.89/121.93	121.927	972	178
122.89/122.92	122.913	971	180
123.89/123.94	123.936	970	182
124.89/124.97	124.97	969	186
125.99/126.04	126.04	968	191
126.99/127.01	127.011	967	192
127.99/128.02	128.016	966	198
128.99/129.01	129.003	965	201
129.89/129.97	129.963	964	203
130.89/130.97	130.965	963	208
131.89/131.94	131.933	962	211
132.79/132.88	132.876	961	213
133.79/133.84	133.838	960	216
134.69/134.78	134.778	959	217
135.69/135.78	135.782	958	221
136.69/136.78	136.773	957	223
137.69/137.73	137.731	956	225
138.69/138.75	138.746	955	229
139.69/139.71	139.712	954	231
140.59/140.68	140.681	953	232
141.59/141.67	141.669	952	237
142.59/142.68	142.682	951	244
143.59/143.64	143.642	950	247
144.59/144.61	144.61	949	250
145.59/145.63	145.625	948	259
146.59/146.66	146.662	947	269
147.69/147.70	147.695	946	276
148.69/148.71	148.703	945	281
149.69/149.77	149.766	944	291
150.69/150.74	150.735	943	294
151.59/151.67	151.67	942	296
152.59/152.63	152.623	941	299
153.49/153.57	153.571	940	301
154.49/154.55	154.547	939	305
155.39/155.48	155.473	938	306
156.39/156.46	156.456	937	312
157.39/157.43	157.425	936	319
158.29/158.38	158.372	935	322
159.29/159.32	159.318	934	325
160.19/160.29	160.292	933	329
161.19/161.26	161.255	932	331
162.19/162.27	162.272	931	335
163.29/163.30	163.299	930	346
164.19/164.27	164.267	929	356
165.18/165.26	165.253	928	367
166.18/166.24	166.239	927	372
167.19/167.22	167.216	926	375
168.08/168.20	168.197	925	380
169.18/169.26	169.256	924	391
170.18/170.24	170.232	923	398
171.08/171.19	171.188	922	404
172.18/172.22	172.211	921	412
173.08/173.17	173.171	920	418
174.08/174.14	174.137	919	425
174.98/175.08	175.072	918	430
175.89/175.98	175.972	917	432
176.88/176.90	176.896	916	435
177.78/177.83	177.829	915	441
178.68/178.76	178.757	914	449
179.68/179.76	179.756	913	460
180.68/180.70	180.693	912	464
181.58/181.64	181.634	911	471
182.49/182.56	182.556	910	476
183.48/183.50	183.494	909	484
184.38/184.40	184.399	908	487
185.18/185.27	185.268	907	488
186.18/186.20	186.192	906	493
187.18/187.23	187.222	905	505
188.18/188.27	188.265	904	523
189.28/189.34	189.338	903	543
190.48/190.59	190.588	902	570
191.58/191.66	191.651	901	583
192.58/192.63	192.63	900	588
193.68/193.72	193.712	899	601
194.69/194.75	194.747	898	611
195.69/195.77	195.766	897	623
196.68/196.79	196.783	896	631
197.68/197.78	197.775	895	637
198.68/198.80	198.79	894	645
199.68/199.77	199.765	893	652
200.68/200.78	200.771	892	661
201.68/201.72	201.718	891	666
202.58/202.63	202.621	890	667
203.68/203.79	203.789	889	689
204.78/204.85	204.841	888	703
205.69/205.77	205.768	887	707
206.58/206.68	206.677	886	708
207.58/207.64	207.633	885	713
208.58/208.65	208.64	884	729
209.58/209.61	209.605	883	738
211.58/211.63	211.63	882	837
212.58/212.62	212.617	881	846
213.79/213.81	213.808	880	867
214.69/214.75	214.743	879	872
215.79/215.82	215.81	878	887
216.70/216.76	216.757	877	892
217.69/217.80	217.792	876	901
218.59/218.68	218.677	875	902
219.59/219.68	219.671	874	912
220.59/220.62	220.619	873	920
221.59/221.60	221.593	872	927
222.69/222.76	222.755	871	955
223.79/223.80	223.797	870	973
224.59/224.65	224.648	869	975
225.49/225.57	225.564	868	983
226.38/226.48	226.478	867	990
227.28/227.37	227.369	866	995
228.28/228.34	228.339	865	1005
229.18/229.29	229.282	864	1012
230.18/230.20	230.193	863	1021
231.08/231.10	231.097	862	1025
232.78/232.81	232.808	861	1099
233.78/233.88	233.878	860	1119
236.48/236.51	236.501	859	1280
238.08/238.19	238.188	858	1357
239.18/239.27	239.268	857	1380
240.38/240.43	240.429	856	1405
242.08/242.15	242.145	855	1482
243.28/243.38	243.37	854	1516
244.68/244.78	244.771	853	1565
248.88/248.96	248.951	852	1880
250.38/250.40	250.396	851	1935
251.58/251.69	251.684	850	1992
252.48/252.55	252.544	849	1994
253.38/253.47	253.461	848	2004
254.38/254.41	254.404	847	2018
256.38/256.44	256.436	846	2129
260.78/260.86	260.85	845	2467
261.69/261.73	261.719	844	2474
262.68/262.72	262.709	843	2491
263.68/263.78	263.776	842	2514
266.78/266.89	266.879	841	2707
270.68/270.71	270.702	840	2969
273.18/273.25	273.245	838	3130
275.18/275.25	275.243	837	3259
276.38/276.47	276.459	836	3298
278.48/278.54	278.529	835	3446
279.68/279.74	279.735	834	3481
281.18/281.20	281.191	833	3545
282.38/282.40	282.396	832	3582
284.08/284.12	284.107	831	3658
285.08/285.16	285.152	830	3674
286.38/286.46	286.451	829	3716
290.38/290.47	290.46	828	4007
292.78/292.83	292.819	827	4162
294.58/294.61	294.6	826	4253
295.68/295.77	295.765	825	4286
296.98/297.01	297	824	4329
297.88/297.94	297.928	823	4338
299.08/299.12	299.111	822	4373
300.88/300.95	300.943	821	4461
305.08/305.12	305.109	820	4791
306.98/307.00	306.994	819	4924
314.18/314.22	314.211	818	5593
316.28/316.33	316.317	817	5729
323.38/323.44	323.434	816	6293
324.38/324.44	324.431	815	6308
327.98/328.09	328.079	814	6556
329.58/329.70	329.686	813	6623
330.58/330.62	330.614	812	6632
334.78/334.82	334.808	811	7033
338.28/338.36	338.354	810	7293
343.38/343.43	343.425	809	7665
345.39/345.46	345.45	808	7766
351.08/351.10	351.09	807	8216
352.58/352.63	352.617	806	8282
362.18/362.22	362.205	805	9170
366.78/366.80	366.786	804	9539
367.88/367.95	367.942	803	9573
369.28/369.38	369.374	802	9641
371.18/371.20	371.185	801	9726
383.78/383.82	383.813	800	10787
397.27/397.32	397.304	799	12215
399.37/399.47	399.459	798	12336
400.28/400.32	400.306	797	12342
403.08/403.16	403.148	796	12525
406.89/406.98	406.969	795	12811
409.38/409.47	409.462	794	12967
413.28/413.30	413.29	793	13226
415.38/415.45	415.433	792	13358
418.28/418.37	418.358	791	13545
420.78/420.82	420.806	790	13687
426.58/426.70	426.686	789	14153
429.88/429.99	429.981	788	14408
442.88/442.98	442.966	787	15744
444.18/444.24	444.222	786	15782
445.18/445.20	445.184	785	15794
488.07/488.15	488.131	784	19811
488.87/488.94	488.92	783	19814
503.17/503.26	503.243	781	21027
542.88/542.91	542.896	780	24589
546.58/546.63	546.615	779	24829
622.48/622.54	622.515	778	31854
628.87/628.93	628.909	777	32360
665.97/666.08	666.059	776	35879
667.77/667.85	667.832	775	35977
674.57/674.68	674.657	774	36544
874.47/874.58	874.547	773	55978
899.95/900.09	900.057	772	58592
910.67/910.75	910.72	771	59532
925.26/925.34	925.311	770	60754
935.86/935.96	935.933	769	61675
939.66/939.75	939.72	768	61946
941.16/941.24	941.213	767	62010
952.96/953.04	953.007	766	63044
