12.00/12.03	12.0342	1065	0
13.10/13.16	13.161	1064	1
14.20/14.28	14.2824	1063	2
15.30/15.39	15.3963	1062	3
16.60/16.64	16.6414	1061	4
17.70/17.76	17.7597	1060	5
18.79/18.89	18.8906	1059	6
19.99/20.01	20.0127	1058	7
21.09/21.11	21.1085	1057	8
22.19/22.22	22.2185	1056	9
23.29/23.32	23.3252	1055	10
24.39/24.42	24.4171	1054	11
25.49/25.52	25.5164	1053	12
26.59/26.61	26.6138	1052	13
27.69/27.72	27.7237	1051	14
28.79/28.83	28.8292	1050	15
30.09/30.11	30.1122	1049	16
31.19/31.26	31.2562	1048	18
32.29/32.36	32.3653	1046	19
33.39/33.46	33.462	1045	20
34.49/34.56	34.5632	1044	21
35.59/35.66	35.6615	1043	22
36.69/36.75	36.7526	1042	23
37.79/37.84	37.8415	1041	24
38.89/38.93	38.9259	1040	25
39.99/40.01	40.0122	1039	26
41.09/41.10	41.0959	1038	27
42.09/42.17	42.1702	1037	28
43.19/43.25	43.2544	1036	29
44.29/44.33	44.329	1035	30
45.39/45.41	45.4119	1034	31
46.39/46.49	46.4877	1033	32
47.49/47.54	47.5367	1032	33
48.59/48.66	48.6577	1031	34
49.69/49.73	49.7296	1030	35
50.99/51.01	51.0123	1029	36
52.09/52.13	52.1325	1028	37
53.19/53.21	53.2152	1027	39
54.19/54.29	54.2865	1026	40
55.29/55.35	55.3471	1025	41
56.39/56.41	56.4073	1024	42
57.39/57.47	57.4714	1023	43
58.49/58.54	58.5351	1022	44
59.50/59.59	59.5868	1021	45
60.60/60.65	60.649	1019	47
61.59/61.70	61.7025	1018	48
62.69/62.75	62.7492	1017	49
63.69/63.76	63.7644	1016	50
64.69/64.79	64.785	1015	51
65.79/65.80	65.7979	1014	52
66.79/66.85	66.8453	1013	53
67.79/67.86	67.8579	1012	54
68.79/68.86	68.859	1011	56
69.79/69.85	69.8478	1010	57
70.79/70.83	70.8308	1009	58
71.79/71.81	71.8134	1008	59
72.79/72.80	72.8026	1007	61
73.69/73.80	73.8016	1006	62
74.69/74.78	74.7837	1005	63
75.69/75.77	75.7725	1004	65
76.69/76.78	76.7812	1003	66
77.89/77.99	77.9858	1002	68
78.89/78.97	78.9745	1001	69
79.89/79.95	79.9485	1000	70
80.89/80.93	80.9296	999	71
81.89/81.92	81.9189	998	73
82.89/82.90	82.8956	997	75
83.79/83.88	83.8843	996	76
84.80/84.87	84.865	995	78
85.79/85.85	85.8471	994	80
86.79/86.83	86.8255	993	82
87.79/87.85	87.8452	992	84
88.79/88.87	88.8659	991	85
89.89/89.98	89.9812	990	87
90.99/91.01	91.0103	989	90
92.09/92.17	92.1707	988	93
93.19/93.21	93.2086	987	95
94.19/94.23	94.2294	986	97
95.19/95.25	95.2501	985	99
96.19/96.26	96.2631	984	102
97.19/97.24	97.2428	983	104
98.19/98.27	98.2685	982	107
99.29/99.31	99.3089	981	111
100.29/100.32	100.319	980	114
101.39/101.49	101.484	979	116
102.49/102.55	102.545	978	118
103.69/103.75	103.748	977	120
104.89/104.95	104.945	976	123
106.19/106.21	106.212	975	125
107.19/107.28	107.276	974	128
108.39/108.42	108.419	973	130
109.39/109.41	109.412	972	133
110.49/110.58	110.581	971	134
111.79/111.81	111.813	970	137
112.88/112.91	112.907	969	139
113.78/113.86	113.855	968	142
114.78/114.81	114.804	967	144
115.78/115.86	115.863	966	148
116.78/116.85	116.852	965	150
118.08/118.17	118.165	964	157
119.28/119.31	119.307	963	161
120.59/120.60	120.597	962	166
121.84/121.93	121.884	960	177
122.74/122.88	122.826	959	180
123.74/123.86	123.815	958	184
124.74/124.86	124.805	957	188
125.74/125.83	125.778	956	191
126.74/126.80	126.749	955	194
127.65/127.75	127.703	954	196
128.65/128.73	128.679	953	201
129.54/129.69	129.636	952	204
130.54/130.63	130.584	951	206
131.44/131.58	131.534	950	210
132.44/132.55	132.499	949	214
133.34/133.48	133.43	948	218
134.34/134.43	134.383	947	221
135.25/135.36	135.307	946	222
136.25/136.31	136.258	945	225
137.14/137.27	137.22	944	228
138.14/138.22	138.166	943	232
139.04/139.17	139.124	942	235
140.04/140.17	140.123	941	245
141.04/141.12	141.074	940	249
141.95/142.07	142.023	939	252
142.95/143.08	143.026	938	262
143.95/144.02	143.974	937	267
144.84/144.96	144.906	936	269
145.84/145.90	145.847	935	272
146.74/146.84	146.791	934	275
147.64/147.79	147.742	933	282
148.64/148.76	148.705	932	286
149.55/149.68	149.631	931	288
150.55/150.64	150.591	930	291
151.54/151.65	151.603	929	299
152.44/152.59	152.537	928	302
153.44/153.55	153.495	927	306
154.44/154.53	154.483	926	314
155.34/155.49	155.435	925	320
156.44/156.58	156.531	924	336
157.44/157.53	157.477	923	341
158.35/158.48	158.424	922	346
159.35/159.49	159.44	921	349
160.34/160.49	160.437	920	355
161.34/161.45	161.402	919	361
162.54/162.64	162.594	918	365
163.64/163.75	163.703	917	369
164.64/164.75	164.695	916	376
165.64/165.70	165.647	915	378
166.64/166.77	166.722	914	395
167.74/167.85	167.795	913	400
168.64/168.79	168.738	912	405
169.74/169.80	169.753	911	416
170.94/171.03	170.978	910	423
172.04/172.12	172.068	909	429
172.94/173.08	173.025	908	435
174.24/174.32	174.272	907	443
175.44/175.56	175.504	906	447
176.54/176.66	176.609	905	450
177.74/177.88	177.827	904	456
178.94/179.09	179.04	903	460
180.25/180.34	180.291	902	465
181.45/181.51	181.461	901	471
182.55/182.71	182.653	900	477
183.75/183.84	183.791	899	491
184.75/184.86	184.809	898	493
185.64/185.77	185.715	897	495
186.64/186.75	186.694	896	500
187.95/188.06	188.008	895	511
188.94/189.10	189.044	894	518
190.04/190.15	190.095	893	520
190.94/191.08	191.024	892	524
191.94/192.01	191.958	891	529
192.84/192.97	192.916	890	535
193.84/193.93	193.875	889	542
194.93/195.09	195.034	888	554
196.23/196.31	196.258	887	569
197.53/197.61	197.559	886	594
198.83/198.92	198.867	885	614
200.04/200.12	200.065	884	633
201.24/201.31	201.254	883	643
202.34/202.46	202.409	882	645
203.44/203.52	203.471	881	652
204.33/204.43	204.379	880	660
205.23/205.36	205.307	879	667
206.33/206.42	206.363	878	671
207.53/207.67	207.619	877	686
208.53/208.63	208.578	876	696
210.23/210.30	210.246	875	757
211.25/211.38	211.323	874	779
212.24/212.34	212.284	873	788
213.83/213.99	213.942	872	847
215.03/215.17	215.119	871	854
216.33/216.40	216.349	870	875
217.23/217.38	217.328	869	886
218.53/218.68	218.622	868	899
219.63/219.70	219.651	867	909
220.63/220.72	220.666	866	917
221.73/221.88	221.828	865	921
223.24/223.37	223.318	864	973
224.13/224.28	224.225	863	981
225.13/225.20	225.145	862	989
226.03/226.15	226.101	861	999
226.93/227.04	226.989	860	1003
229.13/229.29	229.237	859	1118
230.23/230.39	230.337	858	1146
231.74/231.81	231.757	857	1193
232.84/232.98	232.928	856	1224
234.14/234.23	234.18	855	1256
235.14/235.24	235.188	854	1273
236.84/236.91	236.858	853	1333
239.24/239.36	239.304	852	1448
241.14/241.27	241.211	851	1549
242.44/242.53	242.475	850	1567
243.54/243.63	243.577	849	1578
244.73/244.87	244.816	848	1589
245.73/245.82	245.763	847	1602
246.73/246.82	246.762	846	1619
247.55/247.65	247.595	845	1623
248.93/249.01	248.959	844	1641
250.03/250.16	250.102	843	1667
251.33/251.47	251.411	842	1706
252.43/252.50	252.45	841	1719
254.04/254.16	254.109	840	1776
256.43/256.53	256.478	839	1900
257.73/257.86	257.801	838	1941
258.73/258.84	258.79	837	1943
259.73/259.89	259.834	836	1966
261.33/261.46	261.403	835	2027
262.53/262.61	262.556	834	2040
263.43/263.51	263.453	833	2050
264.73/264.83	264.775	832	2098
266.04/266.20	266.143	831	2148
267.93/268.05	267.997	830	2237
268.83/268.91	268.854	829	2242
269.83/269.90	269.842	828	2261
271.54/271.66	271.602	827	2326
272.53/272.65	272.597	826	2338
273.95/274.07	274.018	825	2395
275.73/275.86	275.807	824	2483
276.93/277.09	277.038	823	2513
282.93/283.02	282.96	822	3029
283.93/284.07	284.011	821	3048
285.94/286.06	286.008	820	3150
287.73/287.86	287.799	819	3239
289.73/289.80	289.746	818	3329
292.03/292.18	292.121	817	3455
294.23/294.34	294.287	816	3589
296.13/296.22	296.161	815	3687
298.84/298.93	298.878	814	3826
301.14/301.21	301.155	813	3964
305.14/305.26	305.206	812	4306
306.24/306.37	306.315	811	4334
311.04/311.12	311.062	810	4694
312.54/312.65	312.597	809	4755
314.33/314.49	314.432	808	4847
315.54/315.67	315.617	807	4890
316.43/316.51	316.457	806	4895
318.62/318.80	318.738	805	5010
340.73/340.82	340.765	804	6956
342.33/342.47	342.415	803	7025
343.53/343.65	343.595	802	7071
344.34/344.47	344.414	801	7076
384.02/384.19	384.131	800	10861
384.93/385.05	384.986	799	10871
388.82/388.91	388.849	798	11148
394.22/394.39	394.333	797	11610
396.62/396.77	396.706	796	11762
397.52/397.63	397.567	795	11773
398.42/398.57	398.511	794	11788
410.13/410.23	410.169	793	12859
421.13/421.22	421.152	792	13902
441.22/441.36	441.295	791	15832
442.82/442.92	442.86	790	15907
445.43/445.53	445.461	789	16079
463.92/464.05	463.989	788	17741
465.73/465.88	465.819	787	17846
468.13/468.29	468.229	786	17987
512.02/512.18	512.118	785	22033
513.02/513.11	513.041	784	22043
515.42/515.57	515.499	783	22172
531.02/531.11	531.04	782	23554
537.42/537.53	537.461	781	24061
549.22/549.32	549.248	780	25193
551.22/551.36	551.296	779	25306
573.52/573.67	573.599	778	27409
730.62/730.79	730.711	777	42749
752.01/752.17	752.089	775	44503
781.71/781.87	781.791	774	47181
