11.39/11.44	11.4443	1057	0
12.70/12.70	12.6991	1056	1
13.80/13.90	13.9004	1055	2
15.40/15.41	15.4092	1054	3
16.59/16.60	16.6027	1053	4
17.79/17.81	17.8098	1052	5
18.99/19.08	19.081	1051	6
20.19/20.25	20.2529	1050	7
21.39/21.43	21.4291	1049	8
22.49/22.55	22.547	1048	9
23.69/23.72	23.7216	1047	10
24.79/24.88	24.8808	1046	11
26.09/26.19	26.1865	1045	12
27.40/27.47	27.4756	1044	13
28.69/28.70	28.7	1043	14
29.79/29.88	29.8849	1042	15
31.09/31.10	31.1011	1041	17
32.19/32.28	32.2772	1040	18
33.49/33.50	33.498	1038	19
34.59/34.69	34.6937	1037	20
35.90/35.91	35.9079	1036	21
37.00/37.09	37.0925	1035	22
38.50/38.55	38.5539	1034	23
39.89/39.91	39.9072	1033	24
40.99/41.09	41.0916	1032	25
42.19/42.28	42.281	1031	27
43.39/43.46	43.4631	1030	28
44.59/44.65	44.6515	1029	29
45.80/45.87	45.8661	1028	30
46.99/47.08	47.0782	1027	32
48.19/48.28	48.2789	1026	33
49.40/49.50	49.4969	1025	35
50.60/50.68	50.6832	1024	36
51.79/51.87	51.8727	1023	37
52.99/53.07	53.0677	1022	38
54.29/54.38	54.3842	1021	39
55.49/55.56	55.5622	1020	40
56.80/56.86	56.8559	1019	41
58.20/58.26	58.2581	1018	45
59.49/59.51	59.5085	1017	46
60.69/60.73	60.7261	1015	47
61.89/61.91	61.9108	1014	49
62.99/63.06	63.0553	1013	50
64.29/64.37	64.3669	1012	51
65.49/65.52	65.5197	1011	52
66.59/66.66	66.6633	1010	53
67.80/67.85	67.8473	1009	54
68.99/69.01	69.007	1008	55
70.19/70.29	70.2862	1007	57
71.59/71.62	71.6146	1006	59
72.69/72.76	72.7552	1005	61
73.99/74.03	74.0246	1004	63
75.09/75.17	75.1721	1003	65
76.29/76.36	76.3633	1002	68
77.59/77.61	77.6132	1001	69
78.79/78.81	78.8118	1000	71
79.89/79.97	79.9723	999	73
81.09/81.17	81.1723	998	75
82.29/82.37	82.3733	997	79
83.60/83.66	83.6555	996	81
85.09/85.15	85.1536	995	84
86.50/86.52	86.5176	994	87
87.99/88.01	88.0071	993	100
89.39/89.43	89.4261	992	101
90.49/90.55	90.5437	991	102
91.79/91.82	91.818	990	105
92.99/93.01	93.0042	989	107
94.29/94.37	94.3657	988	108
95.59/95.63	95.6297	987	111
96.88/96.97	96.9686	986	113
97.98/98.03	98.0315	985	115
99.08/99.11	99.1131	984	119
100.18/100.20	100.196	983	121
101.19/101.28	101.277	982	123
102.29/102.34	102.336	981	127
103.29/103.39	103.387	980	129
104.39/104.45	104.445	979	132
105.38/105.48	105.48	978	134
106.48/106.52	106.517	977	136
107.48/107.57	107.563	976	138
108.58/108.65	108.644	975	140
109.58/109.67	109.664	974	142
110.68/110.71	110.708	973	144
111.78/111.89	111.892	972	146
113.08/113.16	113.153	971	148
114.18/114.27	114.27	970	149
115.58/115.62	115.618	969	150
116.68/116.73	116.727	968	155
117.78/117.88	117.88	967	158
118.98/119.06	119.054	966	161
120.18/120.21	120.21	965	165
121.18/121.26	121.256	964	168
122.28/122.35	122.346	963	173
123.38/123.43	123.426	962	178
124.38/124.45	124.449	961	181
125.48/125.50	125.498	960	184
126.39/126.50	126.499	959	187
127.38/127.50	127.494	958	189
128.59/128.64	128.635	957	201
129.58/129.65	129.648	956	202
130.58/130.63	130.624	955	204
131.68/131.78	131.775	954	218
132.69/132.74	132.738	953	219
133.79/133.83	133.829	952	228
134.78/134.84	134.84	951	229
135.88/135.97	135.968	950	235
136.98/137.04	137.04	949	238
137.98/138.07	138.062	948	241
138.98/139.07	139.068	947	245
140.08/140.13	140.131	946	255
141.08/141.12	141.119	945	258
142.08/142.11	142.106	944	259
143.18/143.21	143.205	943	272
144.28/144.38	144.374	942	287
145.38/145.41	145.41	941	294
146.38/146.44	146.436	940	297
147.39/147.45	147.446	939	300
148.39/148.49	148.49	938	302
149.38/149.47	149.466	937	304
150.48/150.53	150.53	936	314
151.48/151.53	151.531	935	318
152.49/152.55	152.548	934	324
153.48/153.54	153.535	933	327
154.48/154.57	154.565	932	332
155.58/155.65	155.651	931	340
156.58/156.64	156.641	930	343
157.58/157.68	157.674	929	344
158.89/158.92	158.918	928	357
159.99/160.09	160.086	927	366
161.09/161.17	161.165	926	372
162.29/162.35	162.347	925	380
163.29/163.39	163.385	924	383
164.29/164.38	164.376	923	385
165.39/165.41	165.408	922	386
166.39/166.47	166.467	921	391
167.49/167.57	167.569	920	400
168.59/168.69	168.681	919	407
169.79/169.85	169.844	918	422
170.99/171.00	170.998	917	441
171.99/172.06	172.053	916	445
173.09/173.15	173.149	915	453
174.29/174.30	174.292	914	463
175.39/175.44	175.439	913	478
176.49/176.58	176.58	912	480
177.69/177.77	177.764	911	496
178.79/178.82	178.814	910	504
179.89/179.90	179.895	909	510
180.89/180.93	180.921	908	515
181.89/181.93	181.924	907	518
183.19/183.24	183.235	906	544
184.49/184.52	184.52	905	566
185.49/185.52	185.516	904	567
186.49/186.60	186.597	903	574
187.59/187.61	187.601	902	575
188.69/188.75	188.742	901	589
189.69/189.73	189.723	900	593
190.69/190.72	190.711	899	595
191.69/191.79	191.784	898	602
192.79/192.86	192.855	897	606
193.89/193.95	193.945	896	617
194.89/194.99	194.989	895	626
196.09/196.16	196.156	894	644
197.39/197.44	197.435	893	669
198.39/198.45	198.445	892	670
199.79/199.89	199.887	891	707
201.09/201.19	201.186	890	732
202.29/202.37	202.362	889	749
203.39/203.45	203.446	888	758
204.59/204.63	204.626	887	780
205.69/205.72	205.711	886	788
206.69/206.79	206.786	885	794
207.79/207.89	207.884	884	803
208.89/208.91	208.905	883	809
210.29/210.31	210.304	882	856
211.39/211.40	211.399	881	860
212.49/212.53	212.52	880	876
213.98/214.07	214.065	879	929
215.98/216.03	216.021	878	1025
217.48/217.52	217.512	877	1073
218.68/218.78	218.775	876	1102
219.89/219.94	219.935	875	1108
221.09/221.11	221.106	874	1116
222.19/222.23	222.223	873	1126
223.29/223.32	223.317	872	1138
224.39/224.41	224.408	871	1148
225.39/225.47	225.464	870	1155
227.38/227.48	227.469	869	1246
229.38/229.41	229.407	868	1305
230.68/230.71	230.707	867	1317
231.69/231.76	231.757	866	1323
233.38/233.46	233.45	865	1377
234.38/234.49	234.488	864	1383
236.09/236.15	236.148	863	1444
237.08/237.13	237.122	862	1449
238.29/238.30	238.297	861	1457
239.39/239.43	239.422	860	1468
240.68/240.79	240.779	859	1504
241.99/242.05	242.048	858	1529
243.68/243.79	243.784	857	1590
245.78/245.81	245.799	856	1667
247.88/247.93	247.919	855	1744
248.98/249.00	248.994	854	1750
249.88/249.97	249.961	853	1754
250.98/251.05	251.048	852	1766
252.08/252.13	252.122	851	1779
253.38/253.45	253.443	850	1813
254.48/254.50	254.494	849	1819
255.58/255.67	255.666	848	1843
256.58/256.69	256.687	847	1851
257.78/257.89	257.886	846	1874
261.68/261.76	261.751	845	2165
262.88/262.96	262.95	844	2193
264.08/264.13	264.127	843	2231
265.48/265.56	265.557	842	2281
267.99/268.01	268.002	841	2419
269.18/269.21	269.199	840	2447
271.59/271.64	271.631	839	2583
274.99/275.04	275.035	838	2823
275.99/276.01	276.006	837	2824
276.98/277.05	277.037	836	2832
282.48/282.53	282.518	835	3235
283.39/283.44	283.433	834	3237
285.38/285.44	285.427	833	3328
287.98/288.04	288.032	832	3478
288.98/289.01	289.002	831	3487
291.49/291.54	291.528	830	3624
296.89/296.95	296.939	829	4041
298.48/298.54	298.534	828	4114
300.38/300.46	300.447	827	4224
305.98/306.05	306.041	826	4614
307.18/307.21	307.202	825	4636
308.28/308.37	308.36	824	4655
309.58/309.65	309.643	823	4686
312.88/312.92	312.907	822	4895
314.78/314.81	314.798	821	4977
315.98/316.07	316.066	820	5006
320.88/320.91	320.898	819	5357
322.38/322.41	322.405	818	5419
326.47/326.58	326.574	817	5769
329.58/329.64	329.635	816	6012
332.77/332.90	332.886	815	6269
338.47/338.53	338.521	814	6814
339.88/339.93	339.923	813	6863
341.48/341.58	341.57	812	6933
345.18/345.24	345.232	811	7166
346.09/346.13	346.119	810	7169
347.68/347.70	347.688	809	7226
349.88/349.93	349.923	808	7340
354.48/354.56	354.552	807	7700
355.48/355.55	355.542	806	7707
359.29/359.31	359.3	805	7968
361.68/361.78	361.766	804	8121
363.28/363.32	363.313	803	8192
372.18/372.22	372.211	802	8932
376.78/376.83	376.822	801	9245
377.78/377.83	377.817	800	9252
394.17/394.28	394.265	799	10543
405.08/405.11	405.097	798	11425
427.78/427.85	427.834	797	13334
443.47/443.55	443.535	796	14715
449.97/450.08	450.07	795	15226
473.27/473.31	473.294	794	17314
474.27/474.35	474.339	793	17337
483.98/484.01	483.991	792	18198
485.08/485.16	485.144	791	18220
510.38/510.47	510.45	790	20610
552.67/552.72	552.706	789	24606
554.67/554.75	554.728	788	24724
557.87/557.96	557.941	787	24927
559.37/559.41	559.392	786	24968
597.18/597.25	597.227	785	28110
602.77/602.82	602.799	784	28519
618.77/618.86	618.842	783	29917
620.37/620.43	620.406	782	29970
622.37/622.50	622.482	781	30071
630.87/630.93	630.912	780	30717
701.16/701.26	701.235	779	37646
702.66/702.72	702.693	778	37672
761.07/761.18	761.158	777	42639
771.36/771.42	771.399	776	43425
778.37/778.46	778.435	775	43967
810.86/810.92	810.896	774	46808
842.06/842.15	842.121	773	49499
858.76/858.86	858.83	772	50917
