11.79/11.86	11.8649	1074	0
12.99/13.02	13.0168	1073	1
14.39/14.45	14.4527	1072	2
15.59/15.67	15.6742	1071	3
16.69/16.78	16.7775	1070	4
17.89/17.92	17.9237	1069	5
19.19/19.20	19.2007	1068	6
20.29/20.36	20.3611	1067	7
21.59/21.61	21.608	1066	8
22.69/22.74	22.741	1065	9
23.89/23.98	23.9859	1064	10
25.49/25.56	25.5606	1063	11
26.79/26.85	26.8559	1062	12
27.89/27.92	27.9235	1061	13
28.89/28.99	28.9929	1060	14
29.99/30.04	30.0429	1059	15
31.09/31.15	31.1519	1058	16
32.19/32.25	32.2502	1057	17
33.29/33.31	33.3118	1056	18
34.29/34.37	34.3743	1055	19
35.59/35.68	35.6836	1054	20
36.99/37.06	37.0589	1052	21
38.29/38.33	38.3333	1051	22
39.69/39.74	39.7382	1050	23
40.89/40.93	40.9267	1049	24
41.89/41.99	41.9938	1048	26
43.09/43.13	43.1277	1047	28
44.19/44.24	44.2408	1046	29
45.29/45.34	45.3382	1045	30
46.39/46.45	46.4475	1044	31
47.49/47.55	47.551	1043	32
48.59/48.64	48.6439	1042	33
49.69/49.75	49.7469	1041	34
50.79/50.84	50.8395	1040	35
51.79/51.87	51.8727	1039	36
52.89/52.92	52.9206	1038	38
53.90/53.94	53.9435	1037	39
54.90/54.99	54.9869	1036	40
55.89/56.00	56.0028	1035	41
57.10/57.11	57.1127	1034	42
58.30/58.39	58.3853	1033	43
59.49/59.59	59.5903	1032	44
60.89/60.97	60.9747	1031	46
62.29/62.31	62.3094	1030	47
63.29/63.32	63.3248	1029	48
64.29/64.32	64.3158	1028	49
65.29/65.31	65.3111	1027	50
66.29/66.34	66.338	1026	52
67.29/67.35	67.3462	1025	53
68.29/68.36	68.3548	1024	54
69.30/69.35	69.347	1023	55
70.30/70.35	70.3497	1022	56
71.29/71.36	71.3612	1021	58
72.29/72.37	72.3646	1020	59
73.29/73.35	73.3512	1019	60
74.29/74.35	74.3514	1018	61
75.29/75.35	75.346	1017	62
76.29/76.38	76.38	1016	63
77.29/77.39	77.3866	1015	65
78.29/78.37	78.3701	1014	66
79.39/79.41	79.4113	1013	70
80.30/80.39	80.3852	1012	71
81.30/81.37	81.3717	1011	73
82.29/82.37	82.3638	1010	75
83.29/83.36	83.3569	1009	76
84.29/84.39	84.3857	1008	78
85.29/85.39	85.3865	1007	80
86.38/86.41	86.4077	1006	84
87.28/87.38	87.3772	1005	86
88.28/88.36	88.3602	1004	88
89.28/89.38	89.3759	1003	90
90.28/90.39	90.3922	1002	92
91.29/91.37	91.3709	1001	94
92.30/92.34	92.3404	1000	95
93.28/93.33	93.3241	999	97
94.28/94.37	94.3659	998	99
95.28/95.35	95.3437	997	102
96.28/96.33	96.3241	996	104
97.28/97.30	97.2984	995	105
98.28/98.31	98.3128	994	108
99.18/99.29	99.2887	993	111
100.18/100.25	100.244	992	113
101.09/101.19	101.188	991	115
102.08/102.16	102.154	990	117
103.08/103.10	103.098	989	119
103.98/104.07	104.07	988	121
104.98/105.04	105.036	987	123
105.98/106.05	106.047	986	125
106.98/107.04	107.035	985	129
107.98/108.00	107.997	984	132
108.89/108.98	108.978	983	135
109.89/109.93	109.931	982	137
110.78/110.89	110.889	981	139
111.78/111.86	111.855	980	141
112.78/112.80	112.798	979	143
113.78/113.82	113.822	978	147
114.68/114.78	114.782	977	149
115.68/115.72	115.721	976	151
116.59/116.69	116.683	975	154
117.59/117.65	117.651	974	157
118.58/118.66	118.653	973	160
119.58/119.66	119.656	972	162
120.58/120.68	120.677	971	166
121.58/121.67	121.664	970	167
122.58/122.66	122.653	969	171
123.48/123.58	123.578	968	172
124.48/124.53	124.53	967	176
125.48/125.51	125.507	966	179
126.39/126.48	126.474	965	183
127.38/127.41	127.403	964	186
128.28/128.35	128.342	963	190
129.28/129.30	129.297	962	195
130.18/130.26	130.251	961	202
131.08/131.19	131.181	960	205
132.08/132.14	132.132	959	208
132.99/133.06	133.058	958	210
133.98/134.02	134.018	957	213
134.98/135.06	135.058	956	224
135.98/136.00	135.993	955	229
136.88/136.94	136.939	954	231
137.88/137.94	137.935	953	234
138.88/138.91	138.909	952	236
139.88/139.90	139.891	951	240
140.79/140.88	140.875	950	244
141.79/141.86	141.852	949	248
142.89/142.91	142.908	948	261
143.78/143.87	143.868	947	262
144.78/144.86	144.853	946	266
145.88/145.97	145.963	945	282
146.88/146.97	146.966	944	287
147.98/148.05	148.046	943	290
149.18/149.21	149.201	942	293
150.48/150.51	150.505	941	298
151.58/151.62	151.613	940	303
152.58/152.64	152.635	939	310
153.58/153.65	153.649	938	318
154.48/154.53	154.524	937	319
155.48/155.50	155.498	936	327
156.38/156.43	156.429	935	331
157.38/157.42	157.419	934	339
158.29/158.36	158.357	933	344
159.18/159.25	159.248	932	346
160.08/160.18	160.179	931	350
160.98/161.05	161.045	930	351
161.98/162.03	162.029	929	360
162.88/162.90	162.894	928	362
163.79/163.85	163.845	927	369
164.68/164.78	164.777	926	373
165.58/165.68	165.675	925	374
166.58/166.64	166.63	924	378
167.58/167.67	167.668	923	389
168.58/168.67	168.665	922	398
169.68/169.74	169.733	921	415
170.68/170.70	170.695	920	420
171.68/171.71	171.699	919	429
172.59/172.68	172.674	918	434
173.58/173.70	173.697	917	441
174.58/174.62	174.618	916	444
175.58/175.67	175.665	915	460
176.78/176.89	176.881	914	485
177.78/177.82	177.811	913	487
178.68/178.78	178.771	912	492
179.68/179.78	179.777	911	500
180.78/180.81	180.804	910	511
181.68/181.73	181.728	909	515
182.68/182.70	182.697	908	521
183.69/183.79	183.787	907	538
184.69/184.71	184.701	906	540
185.68/185.80	185.792	905	557
186.68/186.74	186.736	904	561
187.68/187.75	187.745	903	572
188.68/188.71	188.703	902	579
189.58/189.69	189.678	901	584
190.58/190.66	190.651	900	590
191.48/191.58	191.576	899	594
192.49/192.52	192.51	898	598
193.38/193.42	193.412	897	600
194.38/194.43	194.423	896	613
195.38/195.47	195.461	895	628
196.38/196.43	196.425	894	638
197.38/197.46	197.45	893	651
198.28/198.38	198.375	892	658
199.38/199.47	199.461	891	677
200.48/200.58	200.572	890	701
201.48/201.50	201.492	889	706
202.48/202.56	202.549	888	728
203.49/203.58	203.57	887	743
204.59/204.62	204.609	886	755
205.48/205.59	205.582	885	762
206.48/206.58	206.576	884	773
207.48/207.52	207.516	883	777
208.48/208.50	208.495	882	787
209.48/209.52	209.51	881	799
210.38/210.46	210.454	880	806
211.58/211.69	211.682	879	836
212.68/212.77	212.761	878	851
213.78/213.87	213.859	877	872
214.88/214.95	214.942	876	891
215.88/215.91	215.903	875	899
216.78/216.86	216.848	874	904
217.79/217.88	217.876	873	918
218.89/218.95	218.939	872	935
220.58/220.69	220.682	871	1012
221.58/221.62	221.614	870	1019
222.58/222.63	222.623	869	1036
223.88/223.93	223.917	868	1080
225.08/225.17	225.165	867	1108
226.49/226.50	226.495	866	1148
227.48/227.50	227.495	865	1162
228.28/228.37	228.36	864	1164
229.48/229.51	229.504	863	1191
230.38/230.48	230.474	862	1202
232.38/232.43	232.42	861	1298
233.38/233.42	233.413	860	1313
234.29/234.37	234.361	859	1325
235.39/235.41	235.401	858	1343
236.58/236.69	236.684	857	1378
237.59/237.61	237.598	856	1385
238.48/238.60	238.59	855	1395
239.79/239.89	239.883	854	1438
240.79/240.84	240.833	853	1448
241.68/241.79	241.779	852	1462
242.88/242.92	242.913	851	1500
243.88/243.90	243.892	850	1514
244.98/245.03	245.017	849	1538
246.78/246.86	246.854	848	1614
247.68/247.70	247.688	847	1619
248.59/248.61	248.6	846	1633
249.48/249.60	249.588	845	1652
251.28/251.37	251.36	844	1745
252.18/252.23	252.218	843	1753
253.08/253.18	253.166	842	1766
255.68/255.75	255.739	841	1940
256.78/256.80	256.791	840	1964
260.48/260.56	260.55	839	2262
261.58/261.65	261.636	838	2294
269.88/269.95	269.941	837	3121
270.68/270.79	270.784	836	3123
272.08/272.15	272.14	835	3172
273.28/273.39	273.383	834	3213
274.78/274.82	274.805	833	3269
276.48/276.52	276.506	832	3360
278.18/278.24	278.233	831	3448
280.48/280.54	280.524	830	3585
281.37/281.42	281.409	829	3597
282.17/282.27	282.253	828	3605
283.07/283.15	283.143	827	3616
284.47/284.56	284.551	826	3682
287.08/287.18	287.163	825	3861
288.57/288.68	288.672	824	3934
289.47/289.56	289.552	823	3941
291.48/291.56	291.545	822	4053
292.37/292.46	292.448	821	4062
296.88/296.97	296.96	820	4380
298.27/298.31	298.299	819	4431
299.77/299.89	299.876	818	4494
300.97/301.08	301.072	817	4538
301.87/301.91	301.895	816	4545
305.17/305.29	305.279	815	4757
306.17/306.28	306.271	814	4760
308.57/308.66	308.65	813	4905
309.97/310.10	310.085	812	4962
314.77/314.83	314.819	811	5324
318.37/318.48	318.463	810	5613
319.37/319.42	319.405	809	5631
322.18/322.24	322.224	808	5812
323.97/324.00	323.987	807	5907
324.67/324.77	324.757	806	5909
345.28/345.39	345.378	805	7898
346.67/346.76	346.746	804	7944
354.47/354.52	354.501	803	8579
357.67/357.70	357.689	802	8789
367.38/367.44	367.423	801	9662
379.38/379.49	379.471	800	10682
389.28/389.39	389.377	799	11422
401.97/402.04	402.027	798	12518
405.97/406.03	406.016	797	12804
417.47/417.57	417.557	796	13723
418.37/418.46	418.447	795	13732
419.27/419.32	419.299	794	13742
420.97/421.00	420.983	793	13821
442.98/443.06	443.038	791	15933
443.78/443.88	443.868	790	15939
446.27/446.32	446.302	789	16083
465.76/465.89	465.874	788	17902
469.37/469.48	469.46	787	18146
472.07/472.16	472.143	786	18335
473.27/473.34	473.326	785	18375
546.46/546.51	546.492	784	25779
551.46/551.56	551.54	783	26243
660.36/660.45	660.419	782	37000
667.76/667.82	667.791	781	37593
682.36/682.41	682.381	780	38856
687.26/687.30	687.266	779	39253
711.36/711.45	711.419	778	41509
725.56/725.66	725.632	777	42789
728.66/728.74	728.71	776	43010
734.86/734.93	734.899	775	43499
756.36/756.40	756.366	774	45440
757.56/757.69	757.659	773	45495
763.06/763.13	763.099	772	45941
802.96/803.00	802.969	771	49861
820.75/820.88	820.848	770	51403
903.45/903.54	903.503	769	59782
971.34/971.42	971.381	768	66414
996.24/996.30	996.251	767	68761
