11.19/11.22	11.2169	1076	0
12.29/12.31	12.3085	1075	1
13.39/13.40	13.401	1074	2
14.40/14.48	14.4785	1073	3
15.50/15.54	15.5392	1072	4
16.60/16.64	16.6392	1071	5
17.70/17.71	17.7131	1070	6
18.70/18.79	18.7905	1069	7
19.80/19.87	19.8705	1068	8
20.90/20.93	20.9338	1067	9
21.89/22.00	22.0015	1066	10
22.99/23.07	23.0706	1065	11
24.09/24.17	24.1742	1064	12
25.19/25.25	25.2551	1063	13
26.29/26.35	26.3554	1062	14
27.39/27.41	27.4115	1061	15
28.49/28.50	28.5062	1060	16
29.59/29.61	29.6112	1059	17
30.69/30.71	30.7114	1058	18
31.69/31.78	31.7763	1057	19
32.79/32.86	32.8584	1056	20
33.89/33.90	33.8971	1055	21
34.89/34.98	34.9774	1054	22
35.99/36.06	36.0656	1053	23
37.09/37.11	37.1106	1052	24
38.09/38.18	38.1834	1051	26
39.29/39.30	39.3053	1050	31
40.29/40.39	40.3946	1049	32
41.39/41.48	41.4818	1048	33
42.49/42.52	42.5247	1047	34
43.49/43.59	43.5935	1046	35
44.59/44.65	44.652	1045	36
45.69/45.70	45.6973	1044	37
46.69/46.73	46.7313	1043	38
47.69/47.76	47.7568	1042	39
48.79/48.81	48.8121	1041	40
49.79/49.84	49.8411	1040	42
50.79/50.89	50.8895	1039	44
51.89/51.97	51.9749	1038	45
52.99/53.01	53.0144	1037	46
54.00/54.03	54.0286	1036	47
54.99/55.05	55.0539	1035	48
55.99/56.09	56.0862	1034	49
57.09/57.11	57.1142	1033	51
58.09/58.14	58.1358	1032	52
59.09/59.18	59.181	1031	53
60.19/60.25	60.2537	1029	55
61.19/61.27	61.2695	1028	56
62.29/62.30	62.3024	1027	57
63.29/63.33	63.3308	1025	58
64.29/64.34	64.3398	1024	59
65.29/65.35	65.3492	1023	61
66.29/66.36	66.3601	1022	62
67.29/67.39	67.3915	1021	63
68.39/68.43	68.4349	1020	64
69.41/69.49	69.4876	1019	65
70.51/70.51	70.5137	1018	66
71.50/71.55	71.5474	1017	69
72.49/72.57	72.5681	1016	70
73.49/73.57	73.5656	1015	71
74.49/74.58	74.5773	1014	72
75.49/75.58	75.5791	1013	73
76.49/76.56	76.561	1012	74
77.59/77.62	77.6188	1011	79
78.59/78.64	78.637	1010	80
79.59/79.66	79.6564	1009	82
80.59/80.67	80.6686	1008	84
81.69/81.71	81.7054	1007	87
82.69/82.72	82.7195	1006	89
83.70/83.75	83.7487	1005	92
84.70/84.73	84.7291	1004	93
85.69/85.71	85.7093	1003	95
86.69/86.70	86.6992	1002	96
87.69/87.73	87.7341	1001	99
88.69/88.71	88.7084	1000	100
89.69/89.73	89.728	999	101
90.69/90.76	90.7606	998	103
91.69/91.77	91.7745	997	105
92.79/92.81	92.8109	996	107
93.79/93.84	93.8375	995	109
94.79/94.85	94.8492	994	111
95.80/95.86	95.8641	993	112
96.81/96.86	96.8621	992	115
97.79/97.88	97.8818	991	117
98.79/98.89	98.8881	990	119
99.89/99.92	99.9195	989	123
100.89/100.92	100.918	988	125
101.79/101.89	101.888	987	127
102.79/102.87	102.868	986	128
103.89/103.94	103.939	985	136
104.89/104.92	104.919	984	139
105.89/105.90	105.895	983	141
106.80/106.88	106.877	982	143
107.81/107.83	107.833	981	145
108.79/108.81	108.808	980	146
109.69/109.79	109.791	979	148
110.79/110.80	110.799	978	151
111.79/111.80	111.796	977	155
112.69/112.74	112.736	976	156
113.69/113.70	113.698	975	159
114.59/114.67	114.666	974	160
115.60/115.64	115.635	973	162
116.60/116.67	116.664	972	170
117.59/117.67	117.673	971	175
118.59/118.67	118.667	970	181
119.59/119.66	119.655	969	184
120.59/120.64	120.637	968	187
121.59/121.61	121.605	967	188
122.49/122.56	122.556	966	190
123.49/123.51	123.504	965	192
124.41/124.49	124.488	964	195
125.41/125.42	125.416	963	196
126.29/126.38	126.375	962	197
127.39/127.40	127.402	961	205
128.39/128.41	128.413	960	210
129.29/129.36	129.363	959	214
130.29/130.37	130.372	958	220
131.19/131.29	131.291	957	221
132.19/132.29	132.287	956	224
133.20/133.28	133.281	955	228
134.20/134.24	134.234	954	232
135.19/135.27	135.264	953	238
136.19/136.24	136.239	952	242
137.19/137.20	137.194	951	245
138.09/138.19	138.193	950	249
139.09/139.19	139.19	949	253
140.09/140.18	140.176	948	258
141.19/141.22	141.218	947	261
142.29/142.35	142.352	946	264
143.29/143.37	143.37	945	266
144.39/144.41	144.405	944	275
145.39/145.40	145.401	943	279
146.41/146.42	146.422	942	285
147.29/147.40	147.397	941	288
148.29/148.38	148.381	940	291
149.29/149.35	149.346	939	294
150.29/150.32	150.315	938	296
151.29/151.31	151.303	937	300
152.29/152.32	152.323	936	306
153.29/153.36	153.358	935	316
154.29/154.30	154.301	934	318
155.29/155.31	155.304	933	327
156.20/156.30	156.301	932	334
157.19/157.24	157.234	931	337
158.19/158.24	158.237	930	344
159.19/159.21	159.208	929	349
160.19/160.26	160.26	928	359
161.19/161.23	161.227	927	362
162.19/162.28	162.273	926	374
163.19/163.24	163.233	925	379
164.19/164.26	164.259	924	390
165.19/165.21	165.204	923	392
166.10/166.14	166.138	922	396
166.99/167.08	167.081	921	401
168.19/168.27	168.265	920	422
169.19/169.24	169.241	919	428
170.09/170.18	170.174	918	430
171.09/171.17	171.169	917	436
172.19/172.21	172.212	916	448
173.19/173.22	173.222	915	457
174.09/174.13	174.132	914	458
175.09/175.10	175.099	913	466
176.19/176.20	176.202	912	482
177.11/177.18	177.175	911	487
178.09/178.18	178.181	910	494
179.09/179.17	179.168	909	502
180.09/180.17	180.168	908	514
181.09/181.12	181.12	907	521
181.99/182.03	182.031	906	527
182.89/182.99	182.991	905	533
183.99/184.05	184.048	904	550
184.91/184.94	184.941	903	554
185.90/185.94	185.936	902	567
186.89/186.90	186.902	901	575
187.89/187.94	187.94	900	591
188.79/188.89	188.892	899	595
190.31/190.37	190.366	898	649
191.41/191.49	191.483	897	670
192.39/192.44	192.436	896	681
193.29/193.37	193.369	895	687
194.29/194.31	194.303	894	694
195.29/195.37	195.372	893	711
196.19/196.29	196.29	892	714
197.29/197.33	197.326	891	729
198.29/198.38	198.377	890	743
199.29/199.34	199.335	889	750
200.49/200.53	200.525	888	782
201.40/201.44	201.437	887	787
202.29/202.32	202.317	886	789
203.39/203.42	203.415	885	810
204.70/204.71	204.708	884	847
206.59/206.66	206.659	882	967
207.59/207.68	207.678	881	979
208.49/208.52	208.513	880	980
209.49/209.51	209.512	879	993
210.69/210.71	210.711	878	1024
211.69/211.77	211.768	877	1039
213.40/213.50	213.5	876	1124
214.69/214.71	214.706	875	1160
215.60/215.62	215.621	874	1167
216.59/216.63	216.625	873	1184
217.90/217.97	217.97	872	1225
218.90/218.97	218.968	871	1236
220.29/220.39	220.392	870	1284
221.39/221.49	221.486	869	1303
222.39/222.49	222.492	868	1318
223.41/223.42	223.416	867	1325
224.50/224.54	224.535	866	1349
225.69/225.76	225.761	865	1378
226.60/226.69	226.685	864	1384
227.49/227.57	227.571	863	1388
228.58/228.68	228.678	862	1408
229.48/229.59	229.585	861	1415
230.38/230.46	230.46	860	1420
231.48/231.57	231.563	859	1447
232.38/232.46	232.458	858	1452
233.58/233.69	233.689	857	1489
234.78/234.81	234.805	856	1514
236.18/236.26	236.261	855	1567
237.28/237.36	237.361	854	1595
238.98/239.07	239.071	853	1674
240.08/240.10	240.099	852	1692
240.99/241.01	241.002	851	1699
242.28/242.39	242.386	850	1753
243.19/243.28	243.276	849	1762
245.88/245.95	245.949	848	1944
248.08/248.10	248.093	847	2066
248.88/248.99	248.987	846	2074
250.08/250.16	250.161	845	2105
250.98/251.00	250.994	844	2107
252.38/252.45	252.445	843	2160
254.78/254.86	254.861	842	2309
260.18/260.24	260.239	841	2748
263.29/263.39	263.389	840	2931
265.89/265.97	265.961	839	3107
267.40/267.48	267.48	838	3167
268.99/269.02	269.014	837	3228
270.19/270.23	270.221	836	3263
271.39/271.46	271.461	835	3302
273.39/273.46	273.458	834	3409
274.39/274.49	274.491	833	3431
281.88/281.96	281.952	832	4012
283.89/283.93	283.925	831	4129
288.88/288.91	288.902	830	4536
289.89/289.95	289.946	829	4558
292.19/292.25	292.243	828	4699
293.19/293.25	293.241	827	4715
294.69/294.78	294.78	826	4781
295.79/295.80	295.796	825	4804
297.79/297.88	297.88	824	4926
302.78/302.88	302.877	823	5298
303.78/303.82	303.817	822	5308
305.28/305.32	305.315	821	5379
307.78/307.89	307.885	820	5551
308.88/308.92	308.911	819	5574
309.68/309.77	309.77	818	5580
312.40/312.42	312.416	817	5777
313.28/313.36	313.358	816	5795
314.98/315.03	315.024	815	5863
320.09/320.17	320.17	814	6268
324.88/324.97	324.964	813	6664
325.88/325.95	325.942	812	6679
328.89/328.95	328.943	811	6883
329.88/329.95	329.948	810	6904
333.78/333.89	333.886	809	7167
341.48/341.52	341.52	808	7810
373.00/373.07	373.069	807	10741
376.30/376.33	376.328	806	10974
377.58/377.68	377.676	805	11024
378.78/378.81	378.809	804	11063
382.98/383.05	383.043	803	11377
387.19/387.21	387.207	802	11679
392.18/392.28	392.275	801	12126
393.28/393.39	393.383	800	12155
424.38/424.40	424.388	799	15125
425.18/425.26	425.252	798	15133
439.08/439.10	439.095	797	16388
439.88/439.90	439.897	796	16390
454.98/455.03	455.026	795	17739
465.38/465.45	465.439	794	18695
470.68/470.73	470.724	793	19083
475.68/475.70	475.689	792	19468
484.28/484.39	484.385	791	20148
495.68/495.73	495.727	790	21092
501.59/501.69	501.686	789	21581
515.38/515.47	515.466	788	22858
568.07/568.19	568.184	787	27911
603.28/603.31	603.296	786	31258
609.68/609.73	609.716	785	31824
631.77/631.85	631.835	784	33831
632.58/632.65	632.634	783	33834
636.47/636.59	636.582	782	34115
708.98/709.06	709.049	781	41002
709.88/709.91	709.901	780	41012
712.08/712.16	712.148	779	41156
713.88/713.92	713.903	778	41242
717.87/717.97	717.96	777	41524
719.27/719.38	719.37	776	41584
860.47/860.55	860.529	775	55438
