0.00/0.19	0.115984	167	0
0.00/0.19	0.116211	166	1
0.00/0.20	0.11639	165	2
0.00/0.20	0.116557	164	3
0.00/0.20	0.116719	163	4
0.00/0.20	0.116901	162	5
0.00/0.20	0.117063	161	6
0.00/0.20	0.117198	160	7
0.00/0.20	0.117359	159	8
0.00/0.20	0.117511	158	9
0.00/0.20	0.117757	157	11
0.00/0.20	0.118043	156	13
0.00/0.20	0.11831	155	15
0.00/0.20	0.11882	154	19
0.00/0.20	0.119117	153	21
0.00/0.20	0.11949	152	24
0.00/0.20	0.119677	151	25
0.00/0.20	0.120053	150	28
0.00/0.20	0.120314	149	31
0.00/0.20	0.12069	147	35
0.00/0.20	0.120962	146	37
0.00/0.20	0.12131	145	40
0.00/0.20	0.121883	144	45
0.00/0.20	0.12256	143	51
0.00/0.20	0.123424	142	59
0.00/0.20	0.124255	141	66
0.00/0.21	0.125197	140	75
0.00/0.21	0.125784	139	80
0.00/0.21	0.126283	138	85
0.00/0.21	0.126669	137	88
0.00/0.21	0.127268	136	93
0.00/0.21	0.127839	135	98
0.00/0.21	0.128322	134	102
0.00/0.21	0.128707	133	105
0.00/0.21	0.130882	132	126
0.00/0.21	0.133471	131	151
0.00/0.22	0.134614	130	163
0.13/0.22	0.138825	129	206
0.13/0.22	0.139563	128	213
0.13/0.22	0.140551	127	222
0.13/0.22	0.142708	126	243
0.13/0.23	0.144876	125	264
0.13/0.23	0.145883	124	273
0.13/0.24	0.160396	123	425
0.13/0.28	0.197788	122	793
0.21/0.30	0.217436	121	987
0.21/0.31	0.224926	120	1050
0.21/0.34	0.257227	119	1357
0.21/0.37	0.285193	118	1622
0.40/0.51	0.433102	117	2951
0.50/0.63	0.546669	116	4076
0.60/0.75	0.666026	115	5291
0.70/0.81	0.730579	114	5911
0.90/1.06	0.972174	113	8196
3.20/3.35	3.26422	112	29960
6.01/6.14	6.05351	111	56763
24.90/25.06	24.9771	110	225854
133.80/134.08	133.995	109	1144456
356.76/356.95	356.855	108	2885994
