0.09/0.11	0.116727	159	0
0.09/0.11	0.11695	158	1
0.09/0.11	0.117116	157	2
0.09/0.11	0.117313	156	3
0.09/0.11	0.117441	155	4
0.09/0.11	0.117592	154	5
0.09/0.12	0.117764	153	6
0.09/0.12	0.117928	152	7
0.09/0.12	0.118094	151	8
0.09/0.12	0.118429	150	11
0.09/0.12	0.118689	149	13
0.09/0.12	0.118956	148	15
0.09/0.12	0.119308	147	18
0.09/0.12	0.119728	146	21
0.09/0.12	0.120162	145	24
0.09/0.12	0.120417	144	26
0.09/0.12	0.120811	143	29
0.09/0.12	0.121431	142	34
0.09/0.12	0.121841	141	39
0.09/0.12	0.122639	140	46
0.09/0.12	0.123314	139	52
0.09/0.12	0.12358	138	54
0.09/0.12	0.124007	137	58
0.09/0.12	0.124513	136	62
0.09/0.12	0.12515	135	67
0.09/0.12	0.125625	134	72
0.09/0.12	0.127423	133	89
0.09/0.13	0.12856	132	99
0.09/0.13	0.129875	131	111
0.09/0.13	0.13296	130	140
0.09/0.13	0.134488	129	154
0.09/0.14	0.138134	128	188
0.09/0.14	0.141643	127	220
0.09/0.14	0.144443	126	245
0.09/0.16	0.160235	125	401
0.09/0.16	0.166504	124	463
0.19/0.20	0.201702	123	843
0.19/0.20	0.204238	122	867
0.19/0.22	0.218703	121	1005
0.19/0.25	0.253248	120	1329
0.19/0.26	0.264333	119	1430
0.19/0.28	0.278858	118	1561
0.28/0.33	0.335217	117	2068
0.28/0.36	0.365437	116	2359
0.89/0.96	0.959237	115	7906
0.99/1.02	1.02636	114	8550
1.19/1.23	1.23371	113	10698
1.69/1.79	1.79074	112	15979
1.69/2.14	2.14202	111	19484
1.69/2.25	2.25065	110	20545
3.19/3.48	3.47984	109	32137
