0.00/0.09	0.097972	166	0
0.00/0.09	0.098163	165	1
0.00/0.10	0.098297	164	2
0.00/0.10	0.098446	163	3
0.00/0.10	0.098602	162	4
0.00/0.10	0.098787	161	6
0.00/0.10	0.09894	160	7
0.00/0.10	0.09917	159	9
0.00/0.10	0.099318	158	10
0.00/0.10	0.099485	157	11
0.00/0.10	0.099624	156	12
0.00/0.10	0.099767	155	13
0.00/0.10	0.099889	154	14
0.00/0.10	0.099996	153	15
0.00/0.10	0.100147	152	16
0.00/0.10	0.100487	151	19
0.00/0.10	0.100643	150	20
0.00/0.10	0.10088	149	22
0.00/0.10	0.101369	148	26
0.00/0.10	0.101558	147	28
0.00/0.10	0.101996	146	32
0.00/0.10	0.102349	145	35
0.00/0.10	0.102783	144	39
0.00/0.10	0.103138	143	42
0.00/0.10	0.103379	142	44
0.00/0.10	0.103654	141	46
0.00/0.10	0.10426	140	51
0.00/0.10	0.10441	139	52
0.00/0.10	0.104591	138	54
0.00/0.10	0.104884	137	57
0.00/0.10	0.105269	136	60
0.00/0.10	0.106508	135	72
0.00/0.10	0.107062	134	77
0.00/0.10	0.10806	133	86
0.00/0.11	0.108994	132	95
0.00/0.11	0.110129	131	106
0.00/0.11	0.11204	130	124
0.00/0.11	0.112608	129	130
0.00/0.11	0.114211	128	145
0.00/0.11	0.11582	127	162
0.00/0.12	0.124065	126	249
0.00/0.12	0.126654	125	277
0.00/0.13	0.129547	124	313
0.00/0.14	0.141623	123	478
0.00/0.14	0.142744	122	488
0.00/0.27	0.269526	121	2290
0.00/0.29	0.298024	120	2699
0.00/0.30	0.308068	119	2802
0.00/0.33	0.337376	118	3099
0.00/0.34	0.341255	117	3138
0.00/0.37	0.37281	116	3454
0.00/0.43	0.42904	115	4029
0.00/0.64	0.641636	114	6209
0.00/0.65	0.651519	113	6313
1.39/1.41	1.41091	112	13830
5.19/5.29	5.29125	111	52186
8.58/8.67	8.67238	110	84174
9.60/9.63	9.63158	109	93062
