0.00/0.10	0.09368	163	0
0.00/0.10	0.093946	162	1
0.00/0.10	0.094087	161	2
0.00/0.10	0.094226	160	3
0.00/0.10	0.094375	159	4
0.00/0.10	0.094481	158	5
0.00/0.10	0.094625	157	6
0.00/0.10	0.094893	156	8
0.00/0.10	0.095011	155	9
0.00/0.10	0.095154	154	10
0.00/0.10	0.095265	153	11
0.00/0.10	0.095411	152	12
0.00/0.10	0.095671	151	14
0.00/0.10	0.095927	150	16
0.00/0.10	0.096159	149	18
0.00/0.10	0.096613	148	22
0.00/0.10	0.096851	147	24
0.00/0.10	0.097206	146	27
0.00/0.10	0.097365	145	28
0.00/0.10	0.097584	144	30
0.00/0.11	0.098452	143	38
0.00/0.11	0.098914	142	42
0.00/0.11	0.099335	141	46
0.00/0.11	0.100402	140	55
0.00/0.11	0.100789	139	58
0.00/0.11	0.101456	138	64
0.00/0.11	0.102115	137	70
0.00/0.11	0.10341	136	83
0.00/0.11	0.104024	135	89
0.00/0.11	0.104691	134	98
0.00/0.11	0.106255	133	114
0.00/0.11	0.107379	132	125
0.00/0.11	0.108094	131	134
0.00/0.12	0.108832	130	141
0.00/0.12	0.109875	129	154
0.00/0.12	0.110934	128	164
0.00/0.12	0.112824	127	182
0.00/0.12	0.114439	126	198
0.00/0.12	0.115913	125	212
0.00/0.13	0.125725	124	312
0.00/0.15	0.144979	123	493
0.00/0.16	0.1532	122	574
0.00/0.16	0.157154	121	613
0.18/0.20	0.191218	120	941
0.18/0.23	0.218364	119	1220
0.18/0.26	0.255176	118	1604
0.38/0.40	0.392674	117	3004
0.88/0.97	0.960901	116	8474
0.98/1.01	1.00685	115	8949
0.98/1.04	1.03775	114	9257
0.98/1.07	1.06249	113	9521
2.18/2.31	2.29851	112	21335
5.78/5.83	5.82768	111	56272
5.78/5.89	5.87843	110	56780
23.38/23.59	23.5828	109	208020
88.78/88.89	88.8752	108	747262
