0.09/0.11	0.114007	156	0
0.09/0.11	0.114238	155	1
0.09/0.11	0.114385	154	2
0.09/0.11	0.114549	153	3
0.09/0.11	0.114688	152	4
0.09/0.11	0.114862	151	5
0.09/0.11	0.115036	150	7
0.09/0.11	0.115416	149	10
0.09/0.11	0.115662	148	12
0.09/0.11	0.115884	147	14
0.09/0.11	0.11614	146	16
0.09/0.11	0.116445	145	19
0.09/0.11	0.116853	144	23
0.09/0.11	0.117026	143	25
0.09/0.11	0.11756	142	30
0.09/0.12	0.117887	141	33
0.09/0.12	0.11826	140	36
0.09/0.12	0.11881	139	43
0.09/0.12	0.119416	138	49
0.09/0.12	0.119766	137	53
0.09/0.12	0.120487	136	60
0.09/0.12	0.121124	135	66
0.09/0.12	0.122417	134	79
0.09/0.12	0.125362	133	107
0.09/0.12	0.125508	132	108
0.09/0.12	0.126114	131	114
0.09/0.12	0.126732	130	120
0.09/0.13	0.127753	129	130
0.09/0.13	0.130326	128	157
0.09/0.13	0.135638	127	214
0.09/0.13	0.136267	126	220
0.09/0.13	0.137487	125	232
0.09/0.14	0.140823	124	265
0.09/0.14	0.147096	123	331
0.09/0.15	0.150425	122	363
0.09/0.16	0.166352	121	530
0.09/0.17	0.171903	120	587
0.19/0.22	0.221906	119	1066
0.19/0.24	0.242566	118	1263
0.19/0.28	0.278447	117	1602
0.39/0.48	0.481175	116	3689
0.49/0.54	0.543499	115	4329
0.69/0.70	0.698277	114	5839
0.69/0.78	0.782747	113	6737
1.59/1.66	1.66735	112	15474
7.09/7.12	7.12045	111	67495
7.19/7.26	7.26707	110	68984
151.19/151.23	151.224	109	1328535
709.46/709.58	709.551	108	5898038
