0.00/0.09	0.095011	163	0
0.00/0.09	0.095286	162	1
0.00/0.09	0.095425	161	2
0.00/0.09	0.095577	160	3
0.00/0.09	0.095803	159	5
0.00/0.09	0.095938	158	6
0.00/0.09	0.096074	157	7
0.00/0.09	0.096246	156	8
0.00/0.09	0.096345	155	9
0.00/0.09	0.096499	154	10
0.00/0.10	0.096863	153	13
0.00/0.10	0.097011	152	14
0.00/0.10	0.097154	151	15
0.00/0.10	0.097352	150	17
0.00/0.10	0.097793	149	21
0.00/0.10	0.098143	148	24
0.00/0.10	0.098287	147	25
0.00/0.10	0.098735	146	29
0.00/0.10	0.098973	145	31
0.00/0.10	0.099347	144	34
0.00/0.10	0.099584	143	36
0.00/0.10	0.100281	142	42
0.00/0.10	0.100571	141	45
0.00/0.10	0.100821	140	47
0.00/0.10	0.101166	139	50
0.00/0.10	0.101505	138	53
0.00/0.10	0.102042	137	58
0.00/0.10	0.102507	136	63
0.00/0.10	0.102862	135	66
0.00/0.10	0.10367	134	74
0.00/0.10	0.104788	133	85
0.00/0.10	0.106436	132	102
0.00/0.11	0.107651	131	114
0.00/0.11	0.108167	130	118
0.00/0.11	0.109054	129	127
0.00/0.11	0.11	128	139
0.00/0.11	0.112652	127	165
0.00/0.12	0.120348	126	264
0.00/0.14	0.138755	125	464
0.00/0.14	0.14056	124	482
0.00/0.14	0.143197	123	518
0.00/0.15	0.148012	122	571
0.00/0.17	0.169318	121	789
0.00/0.17	0.174722	120	845
0.00/0.19	0.187073	119	974
0.00/0.25	0.256483	118	1723
0.00/0.41	0.41435	117	3304
0.00/0.43	0.435182	116	3521
0.44/0.49	0.486925	115	4063
1.08/1.19	1.18883	114	11057
1.31/1.49	1.49258	113	13926
2.59/2.60	2.60633	112	24547
5.39/5.61	5.61575	111	53360
6.79/7.21	7.21493	110	69380
6.79/7.25	7.2511	109	69732
112.58/112.69	112.683	108	927584
