0.00/0.09	0.092617	163	0
0.00/0.09	0.092821	162	1
0.00/0.09	0.092989	161	2
0.00/0.09	0.093134	160	3
0.00/0.09	0.093361	159	5
0.00/0.09	0.093496	158	6
0.00/0.09	0.093649	157	7
0.00/0.09	0.093798	156	8
0.00/0.09	0.094107	155	11
0.00/0.09	0.09436	154	13
0.00/0.09	0.094843	153	17
0.00/0.09	0.095135	152	19
0.00/0.09	0.09532	151	21
0.00/0.09	0.095483	150	23
0.00/0.09	0.096073	149	28
0.00/0.09	0.096426	148	31
0.00/0.09	0.096877	147	35
0.00/0.09	0.097183	146	38
0.00/0.09	0.097508	145	41
0.00/0.09	0.097911	144	45
0.00/0.09	0.098271	143	48
0.00/0.10	0.098518	142	50
0.00/0.10	0.098857	141	54
0.00/0.10	0.099303	140	58
0.00/0.10	0.100236	139	69
0.00/0.10	0.100763	138	74
0.00/0.10	0.101848	137	85
0.00/0.10	0.103127	136	98
0.00/0.10	0.104675	135	114
0.00/0.10	0.106576	134	134
0.00/0.10	0.108078	133	149
0.00/0.11	0.109012	132	158
0.00/0.11	0.109515	131	163
0.00/0.11	0.110399	130	172
0.00/0.11	0.111117	129	179
0.00/0.11	0.11668	128	255
0.11/0.12	0.118741	127	276
0.11/0.12	0.12322	126	322
0.11/0.12	0.12615	125	351
0.11/0.13	0.130738	124	414
0.11/0.14	0.143117	123	546
0.11/0.15	0.148482	122	602
0.11/0.15	0.156525	121	685
0.11/0.24	0.242268	120	1747
0.11/0.25	0.252126	119	1849
0.11/0.25	0.254854	118	1877
0.11/0.28	0.278973	117	2127
0.11/0.28	0.283491	116	2174
0.11/0.42	0.421873	115	3628
0.50/0.56	0.566224	114	5049
0.80/0.83	0.833517	113	7731
3.80/3.85	3.84864	112	35407
3.89/3.93	3.93287	111	36219
7.60/7.65	7.65761	110	72045
23.31/23.35	23.3555	109	208766
693.67/693.76	693.74	108	5600964
702.57/702.84	702.825	107	5681891
770.91/770.94	770.922	106	6284839
