0.00/0.13	0.126499	156	0
0.00/0.13	0.126706	155	1
0.00/0.13	0.126871	154	2
0.00/0.13	0.127034	153	3
0.00/0.13	0.127193	152	4
0.00/0.13	0.127348	151	5
0.00/0.13	0.127706	150	8
0.00/0.13	0.127983	149	10
0.00/0.13	0.128231	148	12
0.00/0.13	0.12847	147	14
0.00/0.13	0.128859	146	17
0.00/0.13	0.129589	145	23
0.00/0.13	0.129956	144	26
0.00/0.13	0.130222	143	28
0.00/0.13	0.130437	142	30
0.00/0.13	0.130721	141	32
0.00/0.13	0.131356	140	37
0.00/0.13	0.131681	139	40
0.00/0.13	0.132036	138	43
0.00/0.13	0.132573	137	47
0.00/0.13	0.133091	136	51
0.00/0.13	0.13348	135	54
0.00/0.13	0.13384	134	58
0.00/0.14	0.136067	133	79
0.00/0.14	0.137483	132	92
0.00/0.14	0.138156	131	98
0.00/0.14	0.139379	130	111
0.00/0.14	0.141368	129	129
0.00/0.15	0.146836	128	181
0.00/0.16	0.155081	127	254
0.00/0.17	0.170566	126	394
0.00/0.18	0.1777	125	454
0.00/0.18	0.182704	124	498
0.00/0.20	0.200029	123	660
0.00/0.21	0.208779	122	739
0.00/0.22	0.219424	121	834
0.00/0.22	0.220059	120	841
0.00/0.25	0.246127	119	1139
0.00/0.29	0.285432	118	1501
0.28/0.36	0.360408	117	2208
0.48/0.50	0.5042	116	3812
0.48/0.51	0.50754	115	3850
0.78/0.82	0.817715	114	7160
0.98/1.09	1.09154	113	9880
2.18/2.29	2.28998	112	21855
2.50/2.52	2.51713	111	24168
3.59/3.60	3.60421	110	34704
26.79/26.87	26.8658	109	233698
433.57/433.79	433.78	108	3521339
