0.00/0.11	0.116111	160	0
0.00/0.11	0.116411	159	1
0.00/0.11	0.116569	158	2
0.00/0.11	0.116721	157	3
0.00/0.11	0.116884	156	4
0.00/0.11	0.117071	155	5
0.00/0.11	0.117242	154	6
0.00/0.11	0.117404	153	7
0.00/0.11	0.117544	152	8
0.00/0.11	0.117736	151	10
0.00/0.11	0.117945	150	12
0.00/0.12	0.118305	149	15
0.00/0.12	0.118546	148	17
0.00/0.12	0.119003	147	21
0.00/0.12	0.119246	146	23
0.00/0.12	0.119522	145	25
0.00/0.12	0.119772	144	27
0.00/0.12	0.120043	143	29
0.00/0.12	0.121008	142	37
0.00/0.12	0.121624	141	44
0.00/0.12	0.121983	140	47
0.00/0.12	0.123039	139	56
0.00/0.12	0.123568	138	60
0.00/0.12	0.125126	137	74
0.00/0.12	0.126091	136	82
0.00/0.12	0.126402	135	85
0.00/0.12	0.12759	134	96
0.00/0.13	0.129001	133	109
0.00/0.13	0.129565	132	115
0.00/0.13	0.131447	131	132
0.00/0.13	0.133641	130	152
0.00/0.13	0.13685	129	182
0.00/0.14	0.138379	128	196
0.00/0.14	0.141787	127	236
0.00/0.14	0.142872	126	249
0.00/0.14	0.145766	125	277
0.00/0.15	0.149644	124	317
0.00/0.18	0.178206	123	577
0.00/0.19	0.191601	122	695
0.00/0.21	0.209764	121	859
0.00/0.21	0.210955	120	870
0.00/0.23	0.23236	119	1068
0.00/0.24	0.245772	118	1201
0.00/0.24	0.247581	117	1217
0.00/0.25	0.254445	116	1295
0.49/0.52	0.519668	115	3716
0.49/0.58	0.586018	114	4332
0.89/0.90	0.906814	113	7364
1.21/1.33	1.33701	112	11638
1.21/1.34	1.34415	111	11724
53.19/53.53	53.5345	110	491686
54.69/55.13	55.1324	109	507816
147.09/147.45	147.446	108	1260584
