0.00/0.12	0.126424	160	0
0.00/0.12	0.126609	159	1
0.00/0.12	0.126791	158	2
0.00/0.12	0.126945	157	3
0.00/0.12	0.127092	156	4
0.00/0.12	0.127244	155	5
0.00/0.12	0.127424	154	6
0.00/0.12	0.127543	153	7
0.00/0.13	0.127702	152	8
0.00/0.13	0.127971	151	10
0.00/0.13	0.12825	150	12
0.00/0.13	0.128505	149	14
0.00/0.13	0.128771	148	16
0.00/0.13	0.129122	147	19
0.00/0.13	0.129599	146	23
0.00/0.13	0.129849	145	25
0.00/0.13	0.130089	144	27
0.00/0.13	0.130354	143	29
0.00/0.13	0.130828	142	33
0.00/0.13	0.131565	141	39
0.00/0.13	0.131861	140	41
0.00/0.13	0.132547	139	47
0.00/0.13	0.132831	138	49
0.00/0.13	0.133494	137	56
0.00/0.13	0.133907	136	59
0.00/0.13	0.134479	135	64
0.00/0.13	0.134869	134	67
0.00/0.13	0.137266	133	89
0.00/0.14	0.13806	132	96
0.00/0.14	0.141688	131	129
0.00/0.14	0.147151	130	181
0.00/0.15	0.147956	129	188
0.00/0.15	0.150102	128	210
0.00/0.15	0.15307	127	237
0.00/0.15	0.155225	126	258
0.00/0.15	0.15685	125	273
0.00/0.16	0.161548	124	317
0.00/0.16	0.163758	123	344
0.00/0.17	0.172703	122	426
0.00/0.21	0.208276	121	793
0.00/0.21	0.211095	120	827
0.00/0.23	0.228759	119	995
0.00/0.27	0.277124	118	1447
0.00/0.30	0.304277	117	1688
0.00/0.33	0.333953	116	1965
0.00/0.34	0.33954	115	2018
1.19/1.27	1.26954	114	12111
1.39/1.81	1.81461	113	17568
2.29/2.39	2.3875	112	23285
4.21/4.39	4.38874	111	43021
31.78/31.98	31.9856	110	297141
193.59/193.62	193.618	109	1695374
733.87/733.95	733.931	108	6102544
