0.00/0.07	0.075349	326	0
0.00/0.08	0.079897	325	1
0.00/0.08	0.084171	324	2
0.00/0.09	0.088745	322	4
0.00/0.09	0.093063	321	6
0.00/0.09	0.097079	320	7
0.00/0.10	0.101064	319	8
0.00/0.10	0.104942	318	9
0.00/0.11	0.109611	317	13
0.00/0.11	0.115434	316	25
0.00/0.12	0.11953	315	27
0.00/0.13	0.134464	314	81
0.00/0.14	0.138778	313	82
0.00/0.14	0.143006	312	83
0.00/0.15	0.148255	311	89
0.00/0.15	0.153617	310	95
0.16/0.16	0.16671	309	136
0.16/0.17	0.175246	308	154
0.16/0.18	0.180812	307	161
0.20/0.23	0.232724	306	376
0.20/0.24	0.246396	305	420
0.20/0.27	0.268244	304	500
0.69/0.73	0.735693	302	2883
2.39/2.44	2.43808	301	12320
2.59/2.60	2.6002	300	13449
