0.06/0.07	0.077251	328	0
0.06/0.08	0.08207	327	2
0.06/0.08	0.086627	326	4
0.06/0.09	0.090932	325	5
0.10/0.10	0.101025	324	22
0.10/0.10	0.105756	323	23
0.10/0.11	0.110289	322	24
0.10/0.11	0.114883	321	26
0.10/0.12	0.119778	320	29
0.10/0.12	0.123977	319	30
0.10/0.13	0.128285	317	32
0.10/0.13	0.132435	316	33
0.10/0.13	0.13672	315	36
0.10/0.14	0.142246	313	46
0.10/0.14	0.146698	312	50
0.10/0.15	0.150999	311	54
0.10/0.15	0.155208	310	56
0.10/0.16	0.161956	309	72
0.10/0.16	0.165888	308	73
0.10/0.17	0.174784	307	101
0.10/0.18	0.180417	306	112
0.10/0.18	0.185958	305	123
0.20/0.21	0.208268	304	220
0.69/0.70	0.701892	303	2846
0.69/0.79	0.795183	302	3346
1.39/1.43	1.43577	301	7470
1.39/1.49	1.49064	300	7864
