0.05/0.07	0.076683	326	0
0.05/0.08	0.081945	325	3
0.05/0.09	0.088145	324	12
0.05/0.09	0.093769	323	20
0.10/0.10	0.099439	321	28
0.10/0.10	0.10439	320	33
0.10/0.11	0.108401	319	34
0.10/0.11	0.112828	318	37
0.10/0.11	0.116825	317	38
0.10/0.12	0.122762	316	52
0.10/0.12	0.126991	315	54
0.10/0.13	0.13101	314	56
0.10/0.13	0.134831	313	57
0.10/0.14	0.138674	312	58
0.10/0.14	0.14331	311	64
0.10/0.14	0.147094	310	65
0.10/0.15	0.150846	309	66
0.10/0.15	0.154591	308	67
0.10/0.16	0.158998	307	71
0.10/0.16	0.163271	306	74
0.10/0.16	0.167128	305	76
0.10/0.18	0.183934	304	154
0.10/0.19	0.193811	303	192
0.19/0.23	0.228242	302	366
0.29/0.33	0.336173	300	916
