0.04/0.08	0.07923	323	0
0.04/0.08	0.084699	322	4
0.04/0.09	0.089256	321	6
0.04/0.09	0.09366	320	7
0.10/0.10	0.098122	319	9
0.10/0.10	0.10227	318	10
0.10/0.11	0.110205	317	30
0.10/0.12	0.118024	316	46
0.10/0.12	0.122318	315	47
0.10/0.12	0.126709	314	48
0.10/0.13	0.131999	313	53
0.10/0.13	0.136987	312	57
0.10/0.14	0.142468	311	63
0.10/0.14	0.14713	310	66
0.10/0.15	0.15144	309	68
0.10/0.16	0.159111	308	84
0.10/0.16	0.163807	307	88
0.10/0.17	0.170152	306	97
0.10/0.19	0.196691	305	203
0.20/0.20	0.201123	304	205
0.20/0.22	0.222333	303	284
0.20/0.22	0.227256	302	289
0.20/0.27	0.271855	301	505
0.59/0.67	0.668033	300	2694
