0.04/0.07	0.074774	330	0
0.04/0.08	0.079784	329	3
0.04/0.08	0.084247	328	4
0.04/0.09	0.089433	327	9
0.04/0.09	0.094471	326	13
0.04/0.10	0.098483	325	14
0.10/0.10	0.102538	324	15
0.10/0.10	0.106634	323	16
0.10/0.11	0.112175	322	25
0.10/0.11	0.116826	321	30
0.10/0.12	0.123595	320	41
0.10/0.13	0.130428	319	49
0.10/0.13	0.135084	318	51
0.10/0.14	0.139356	317	52
0.10/0.14	0.143823	316	54
0.10/0.16	0.161246	315	124
0.10/0.17	0.16879	314	144
0.10/0.17	0.173246	313	148
0.10/0.18	0.185823	312	201
0.10/0.19	0.189561	311	202
0.10/0.19	0.195321	310	214
0.19/0.21	0.214126	308	299
0.19/0.22	0.220861	307	317
0.19/0.23	0.232872	306	366
0.19/0.27	0.275872	305	590
0.59/0.66	0.667018	304	2758
0.79/0.88	0.885517	303	4290
0.79/0.89	0.896791	302	4359
0.89/0.92	0.924364	301	4558
0.89/1.00	1.00361	300	5170
