0.02/0.07	0.07483	329	0
0.02/0.08	0.079898	328	3
0.02/0.08	0.084707	327	5
0.02/0.09	0.089033	326	6
0.02/0.09	0.093468	325	8
0.10/0.10	0.098462	324	12
0.10/0.10	0.102505	323	13
0.10/0.10	0.10669	322	15
0.10/0.11	0.110634	321	16
0.10/0.11	0.114815	320	18
0.10/0.12	0.118694	319	19
0.10/0.12	0.123533	317	24
0.10/0.12	0.1273	316	25
0.10/0.13	0.13172	315	29
0.10/0.13	0.135537	314	30
0.10/0.14	0.139299	313	31
0.10/0.14	0.147275	312	55
0.10/0.15	0.151144	311	56
0.10/0.16	0.1601	310	85
0.10/0.16	0.164292	309	89
0.10/0.17	0.174504	308	125
0.10/0.19	0.188212	307	180
0.10/0.19	0.192067	306	181
0.20/0.20	0.199045	305	200
0.20/0.25	0.249009	304	458
0.30/0.39	0.392237	303	1209
0.89/0.90	0.899508	302	4203
1.10/1.15	1.15654	301	6210
4.89/4.98	4.98557	300	35099
