0.00/0.07	0.076129	325	0
0.00/0.08	0.080655	324	1
0.00/0.08	0.085404	323	2
0.00/0.09	0.090016	322	4
0.00/0.09	0.094395	321	5
0.00/0.10	0.099294	320	8
0.00/0.10	0.103317	319	9
0.10/0.10	0.107496	318	11
0.10/0.11	0.111718	317	14
0.10/0.11	0.117111	316	23
0.10/0.12	0.121959	315	29
0.10/0.13	0.128296	314	44
0.10/0.14	0.140673	312	92
0.10/0.14	0.144646	311	93
0.10/0.16	0.160764	310	159
0.10/0.16	0.164771	309	161
0.10/0.17	0.170939	308	174
0.10/0.18	0.183167	307	224
0.10/0.19	0.192376	306	256
0.19/0.29	0.288435	305	791
0.29/0.30	0.302766	304	852
0.49/0.53	0.53105	303	2127
0.49/0.58	0.58331	302	2405
0.59/0.61	0.610317	301	2572
1.68/1.73	1.73577	300	11506
