0.06/0.09	0.087892	327	0
0.06/0.09	0.094673	326	1
0.09/0.10	0.100999	325	3
0.09/0.11	0.10767	324	7
0.09/0.11	0.113496	323	8
0.09/0.12	0.119511	322	10
0.09/0.12	0.124914	321	11
0.09/0.13	0.130255	320	12
0.09/0.13	0.135831	319	14
0.09/0.14	0.140678	318	15
0.09/0.14	0.145748	317	16
0.09/0.15	0.152753	316	28
0.09/0.16	0.157368	315	29
0.09/0.16	0.162497	314	34
0.09/0.16	0.166765	313	35
0.09/0.17	0.170975	312	36
0.09/0.17	0.174967	311	37
0.09/0.18	0.182386	310	56
0.09/0.19	0.193242	309	94
0.19/0.21	0.215798	308	196
0.19/0.22	0.219973	307	200
0.19/0.22	0.22608	306	214
0.19/0.26	0.258934	305	373
0.19/0.26	0.262743	304	374
0.19/0.27	0.276278	303	431
0.39/0.41	0.408897	302	1167
0.68/0.75	0.749624	301	2902
0.79/0.89	0.888662	300	3616
