0.03/0.07	0.076474	325	0
0.03/0.08	0.081002	324	1
0.03/0.08	0.085421	323	2
0.03/0.09	0.089769	322	3
0.03/0.09	0.094592	321	7
0.10/0.10	0.098794	320	8
0.10/0.10	0.102874	319	10
0.10/0.10	0.10687	318	11
0.10/0.11	0.113114	317	25
0.10/0.12	0.117479	316	29
0.10/0.12	0.12282	315	38
0.10/0.13	0.127671	314	44
0.10/0.13	0.133251	313	53
0.10/0.13	0.137116	312	54
0.10/0.14	0.142673	311	64
0.10/0.14	0.146969	310	68
0.10/0.15	0.153281	309	81
0.10/0.15	0.157065	308	82
0.10/0.16	0.163938	307	100
0.10/0.17	0.168131	306	104
0.10/0.17	0.176253	305	131
0.10/0.18	0.181201	304	140
0.19/0.21	0.208821	303	262
0.19/0.25	0.249282	302	433
0.29/0.34	0.344306	301	858
0.39/0.41	0.415932	300	1172
