0.04/0.07	0.077283	328	0
0.04/0.08	0.082537	327	1
0.04/0.09	0.088304	326	5
0.04/0.09	0.093546	325	6
0.09/0.10	0.099167	324	10
0.09/0.10	0.103849	323	11
0.09/0.11	0.109125	322	15
0.09/0.11	0.113674	321	16
0.09/0.12	0.12415	320	48
0.09/0.13	0.132827	319	73
0.09/0.13	0.137224	318	75
0.09/0.14	0.143992	317	93
0.09/0.15	0.14961	316	102
0.09/0.15	0.156888	315	123
0.09/0.16	0.160695	314	124
0.09/0.16	0.164597	313	125
0.09/0.17	0.168969	312	130
0.09/0.17	0.173323	311	134
0.09/0.18	0.177524	310	136
0.09/0.18	0.182588	309	145
0.09/0.19	0.190559	308	168
0.19/0.21	0.209996	307	256
0.19/0.22	0.223059	306	311
0.19/0.22	0.22672	305	312
0.19/0.23	0.231536	304	318
0.19/0.25	0.252864	303	398
0.19/0.26	0.26327	302	428
0.29/0.39	0.394816	301	1016
0.69/0.72	0.720262	300	2690
