0.00/0.19	0.082331	167	0
0.00/0.19	0.086881	166	1
0.00/0.20	0.091251	165	2
0.00/0.22	0.095675	164	3
0.00/0.22	0.100125	163	4
0.00/0.23	0.10461	162	5
0.00/0.23	0.108983	161	6
0.00/0.25	0.113218	160	7
0.00/0.25	0.117469	159	8
0.00/0.26	0.121662	158	9
0.12/0.28	0.126205	157	11
0.12/0.28	0.130677	156	13
0.12/0.29	0.135112	155	15
0.12/0.29	0.139674	154	19
0.14/0.30	0.143797	153	21
0.14/0.30	0.148155	152	24
0.14/0.30	0.151937	151	25
0.14/0.31	0.15614	150	28
0.14/0.31	0.160076	149	31
0.14/0.32	0.164168	147	35
0.14/0.32	0.168094	146	37
0.14/0.32	0.172189	145	40
0.14/0.33	0.176716	144	45
0.14/0.33	0.181578	143	51
0.14/0.34	0.187471	142	59
0.14/0.35	0.19249	141	66
0.14/0.35	0.197871	140	75
0.14/0.35	0.202322	139	80
0.14/0.36	0.206551	138	85
0.14/0.36	0.210482	137	88
0.14/0.37	0.214801	136	93
0.14/0.37	0.219021	135	98
0.14/0.38	0.223152	134	102
0.14/0.38	0.22691	133	105
0.14/0.39	0.235042	132	126
0.24/0.40	0.244125	131	151
0.24/0.40	0.249538	130	163
0.24/0.42	0.262632	129	206
0.24/0.42	0.266954	128	213
0.24/0.42	0.271755	127	222
0.24/0.43	0.279597	126	243
0.24/0.44	0.287611	125	264
0.24/0.45	0.292694	124	273
0.24/0.48	0.330693	123	425
0.34/0.57	0.420468	122	793
0.44/0.62	0.468864	121	987
0.44/0.64	0.486715	120	1050
0.54/0.71	0.561253	119	1357
0.54/0.78	0.622876	118	1622
0.84/1.08	0.923411	117	2951
0.94/1.33	1.1749	116	4076
0.94/1.58	1.4311	115	5291
1.56/1.73	1.5803	114	5911
2.04/2.26	2.10488	113	8196
6.73/6.94	6.78449	112	29960
12.74/12.92	12.7661	111	56763
49.33/49.54	49.3881	110	225854
247.23/247.94	247.777	109	1144456
621.31/621.54	621.374	108	2885994
999.96/1000.18	4660329
