0.00/0.08	0.081962	159	0
0.00/0.08	0.086181	158	1
0.00/0.09	0.090401	157	2
0.09/0.09	0.094478	156	3
0.09/0.10	0.098442	155	4
0.09/0.10	0.1024	154	5
0.09/0.10	0.106403	153	6
0.09/0.11	0.110332	152	7
0.09/0.11	0.114367	151	8
0.09/0.12	0.118645	150	11
0.09/0.12	0.122764	149	13
0.09/0.12	0.126979	148	15
0.09/0.13	0.13141	147	18
0.09/0.13	0.135868	146	21
0.09/0.14	0.140172	145	24
0.09/0.14	0.144084	144	26
0.09/0.15	0.148257	143	29
0.09/0.15	0.152832	142	34
0.09/0.15	0.156876	141	39
0.09/0.16	0.161816	140	46
0.09/0.16	0.166568	139	52
0.09/0.17	0.170242	138	54
0.09/0.17	0.174169	137	58
0.09/0.18	0.178469	136	62
0.09/0.18	0.182938	135	67
0.09/0.18	0.186949	134	72
0.09/0.19	0.194295	133	89
0.19/0.20	0.200069	132	99
0.19/0.20	0.206175	131	111
0.19/0.21	0.216238	130	140
0.19/0.22	0.222724	129	154
0.19/0.23	0.233467	128	188
0.19/0.24	0.244495	127	220
0.19/0.25	0.253471	126	245
0.19/0.29	0.291578	125	401
0.19/0.31	0.308803	124	463
0.31/0.38	0.384382	123	843
0.31/0.39	0.39252	122	867
0.39/0.42	0.427473	121	1005
0.49/0.50	0.506493	120	1329
0.49/0.53	0.533469	119	1430
0.49/0.56	0.566953	118	1561
0.59/0.69	0.690297	117	2068
0.69/0.76	0.760031	116	2359
1.98/2.02	2.01861	115	7906
2.08/2.17	2.16936	114	8550
2.40/2.62	2.61853	113	10698
3.79/3.82	3.82063	112	15979
4.60/4.60	4.59934	111	19484
4.79/4.85	4.84854	110	20545
6.79/7.42	7.42398	109	32137
999.96/1000.03	4646978
