0.10/0.11	0.113583	166	0
0.10/0.11	0.117771	165	1
0.10/0.12	0.121856	164	2
0.10/0.12	0.126101	163	3
0.10/0.13	0.130306	162	4
0.10/0.13	0.134513	161	6
0.10/0.14	0.138679	160	7
0.10/0.14	0.143005	159	9
0.10/0.14	0.147076	158	10
0.10/0.15	0.151044	157	11
0.10/0.15	0.154958	156	12
0.10/0.16	0.158862	155	13
0.10/0.16	0.162667	154	14
0.10/0.16	0.167789	153	15
0.10/0.17	0.172158	152	16
0.10/0.17	0.176411	151	19
0.10/0.18	0.180205	150	20
0.10/0.18	0.184247	149	22
0.10/0.19	0.188753	148	26
0.10/0.19	0.192426	147	28
0.10/0.19	0.196888	146	32
0.20/0.20	0.200919	145	35
0.20/0.20	0.205247	144	39
0.20/0.21	0.209363	143	42
0.20/0.21	0.213173	142	44
0.20/0.21	0.217056	141	46
0.20/0.22	0.22165	140	51
0.20/0.22	0.224983	139	52
0.20/0.22	0.22833	138	54
0.20/0.23	0.232054	137	57
0.20/0.23	0.23607	136	60
0.20/0.24	0.242177	135	72
0.20/0.24	0.246541	134	77
0.20/0.25	0.252028	133	86
0.20/0.25	0.257293	132	95
0.20/0.26	0.26282	131	106
0.20/0.27	0.270587	130	124
0.20/0.27	0.274645	129	130
0.20/0.28	0.281451	128	145
0.20/0.28	0.288325	127	162
0.30/0.31	0.312672	126	249
0.30/0.32	0.322243	125	277
0.30/0.33	0.331467	124	313
0.30/0.36	0.361708	123	478
0.30/0.36	0.36725	122	488
0.59/0.63	0.631866	121	2290
0.59/0.69	0.692576	120	2699
0.69/0.72	0.720571	119	2802
0.69/0.79	0.792868	118	3099
0.80/0.80	0.804965	117	3138
0.80/0.88	0.884222	116	3454
0.99/1.02	1.02316	115	4029
1.30/1.53	1.53424	114	6209
1.30/1.56	1.56105	113	6313
3.19/3.25	3.24939	112	13830
11.40/11.43	11.4292	111	52186
18.19/18.25	18.2554	110	84174
20.10/20.27	20.2688	109	93062
999.97/1000.02	4644980
