0.00/0.08	0.081938	163	0
0.00/0.08	0.086287	162	1
0.00/0.09	0.090428	161	2
0.00/0.09	0.094531	160	3
0.00/0.10	0.098663	159	4
0.00/0.10	0.102575	158	5
0.00/0.10	0.106547	157	6
0.00/0.11	0.110801	156	8
0.00/0.11	0.114628	155	9
0.00/0.12	0.118545	154	10
0.00/0.12	0.122302	153	11
0.00/0.12	0.126115	152	12
0.00/0.13	0.130243	151	14
0.00/0.13	0.134367	150	16
0.00/0.13	0.138368	149	18
0.00/0.14	0.142858	148	22
0.00/0.14	0.146776	147	24
0.00/0.15	0.150963	146	27
0.00/0.15	0.154549	145	28
0.00/0.16	0.158238	144	30
0.00/0.16	0.164118	143	38
0.00/0.17	0.168499	142	42
0.00/0.17	0.172801	141	46
0.00/0.18	0.178694	140	55
0.00/0.18	0.182672	139	58
0.00/0.18	0.187377	138	64
0.00/0.19	0.192169	137	70
0.00/0.19	0.198454	136	83
0.00/0.20	0.202862	135	89
0.00/0.20	0.207169	134	98
0.00/0.21	0.214092	133	114
0.00/0.22	0.219611	132	125
0.00/0.22	0.223949	131	134
0.00/0.23	0.228672	130	141
0.00/0.23	0.233784	129	154
0.00/0.24	0.239244	128	164
0.00/0.24	0.246615	127	182
0.00/0.25	0.252969	126	198
0.00/0.26	0.259403	125	212
0.00/0.28	0.286198	124	312
0.00/0.33	0.330408	123	493
0.00/0.35	0.35228	122	574
0.00/0.36	0.364036	121	613
0.00/0.44	0.4456	120	941
0.00/0.51	0.514236	119	1220
0.00/0.60	0.603615	118	1604
0.89/0.93	0.931467	117	3004
2.09/2.18	2.18238	116	8474
2.19/2.29	2.29129	115	8949
2.29/2.36	2.36538	114	9257
2.39/2.42	2.42585	113	9521
4.99/5.07	5.07138	112	21335
12.49/12.51	12.5132	111	56272
12.59/12.63	12.6348	110	56780
45.39/45.83	45.837	109	208020
159.49/159.82	159.822	108	747262
999.58/1000.03	4687038
