0.04/0.08	0.079968	156	0
0.04/0.08	0.084135	155	1
0.04/0.08	0.088101	154	2
0.04/0.09	0.092183	153	3
0.04/0.09	0.096116	152	4
0.09/0.10	0.10003	151	5
0.09/0.10	0.103889	150	7
0.09/0.10	0.108258	149	10
0.09/0.11	0.112383	148	12
0.09/0.11	0.116396	147	14
0.09/0.12	0.120376	146	16
0.09/0.12	0.124469	145	19
0.09/0.13	0.128908	144	23
0.09/0.13	0.132449	143	25
0.09/0.13	0.136951	142	30
0.09/0.14	0.140915	141	33
0.09/0.14	0.145059	140	36
0.09/0.15	0.149492	139	43
0.09/0.15	0.154008	138	49
0.09/0.15	0.157787	137	53
0.09/0.16	0.162716	136	60
0.09/0.16	0.167408	135	66
0.09/0.17	0.173854	134	79
0.09/0.18	0.184353	133	107
0.09/0.18	0.187574	132	108
0.09/0.19	0.192131	131	114
0.09/0.19	0.196622	130	120
0.19/0.20	0.202081	129	130
0.19/0.21	0.211332	128	157
0.19/0.22	0.227637	127	214
0.19/0.23	0.232603	126	220
0.19/0.23	0.238437	125	232
0.19/0.25	0.249446	124	265
0.19/0.26	0.268224	123	331
0.19/0.28	0.279193	122	363
0.29/0.32	0.321444	121	530
0.29/0.33	0.337612	120	587
0.39/0.45	0.448952	119	1066
0.39/0.49	0.498341	118	1263
0.50/0.58	0.581569	117	1602
0.88/1.05	1.05041	116	3689
1.17/1.20	1.20423	115	4329
1.48/1.55	1.5518	114	5839
1.59/1.75	1.75148	113	6737
3.59/3.66	3.66704	112	15474
14.97/15.02	15.0182	111	67495
14.97/15.37	15.3688	110	68984
286.38/286.80	286.79	109	1328535
999.91/1000.03	4625118
