0.07/0.08	0.083063	163	0
0.07/0.08	0.087522	162	1
0.07/0.09	0.091717	161	2
0.07/0.09	0.095849	160	3
0.10/0.10	0.100182	159	5
0.10/0.10	0.104241	158	6
0.10/0.10	0.108246	157	7
0.10/0.11	0.112377	156	8
0.10/0.11	0.11623	155	9
0.10/0.12	0.120153	154	10
0.10/0.12	0.124604	153	13
0.10/0.13	0.128535	152	14
0.10/0.13	0.132405	151	15
0.10/0.13	0.136359	150	17
0.10/0.14	0.140907	149	21
0.10/0.14	0.145061	148	24
0.10/0.15	0.148767	147	25
0.10/0.15	0.153165	146	29
0.10/0.15	0.15701	145	31
0.10/0.16	0.161337	144	34
0.10/0.16	0.165114	143	36
0.10/0.17	0.170113	142	42
0.10/0.17	0.174011	141	45
0.10/0.17	0.177713	140	47
0.10/0.18	0.181626	139	50
0.10/0.18	0.185527	138	53
0.10/0.19	0.189864	137	58
0.10/0.19	0.194077	136	63
0.10/0.19	0.198119	135	66
0.10/0.20	0.20309	134	74
0.10/0.21	0.208946	133	85
0.10/0.21	0.216232	132	102
0.10/0.22	0.222223	131	114
0.10/0.22	0.225972	130	118
0.10/0.23	0.231067	129	127
0.10/0.23	0.235932	128	139
0.10/0.24	0.245741	127	165
0.10/0.26	0.265868	126	264
0.30/0.31	0.313142	125	464
0.30/0.32	0.320342	124	482
0.30/0.33	0.328636	123	518
0.30/0.34	0.341344	122	571
0.30/0.39	0.396851	121	789
0.40/0.41	0.413326	120	845
0.40/0.44	0.446415	119	974
0.50/0.59	0.593942	118	1723
0.90/0.96	0.958588	117	3304
1.00/1.01	1.01062	116	3521
1.11/1.12	1.11964	115	4063
2.39/2.49	2.4972	114	11057
3.09/3.16	3.16037	113	13926
5.49/5.56	5.56162	112	24547
11.89/11.92	11.9215	111	53360
15.09/15.28	15.2871	110	69380
15.09/15.37	15.3717	109	69732
199.69/199.76	199.756	108	927584
999.97/1000.02	4674411
