0.09/0.10	0.105246	163	0
0.09/0.11	0.110024	162	1
0.09/0.11	0.114722	161	2
0.09/0.12	0.119339	160	3
0.09/0.12	0.124242	159	5
0.09/0.13	0.128776	158	6
0.09/0.13	0.133341	157	7
0.09/0.14	0.137772	156	8
0.09/0.14	0.142778	155	11
0.09/0.14	0.147494	154	13
0.09/0.15	0.152666	153	17
0.09/0.15	0.157466	152	19
0.09/0.16	0.161791	151	21
0.09/0.16	0.165994	150	23
0.09/0.17	0.171335	149	28
0.09/0.17	0.176031	148	31
0.09/0.18	0.180973	147	35
0.09/0.18	0.185554	146	38
0.09/0.19	0.190143	145	41
0.09/0.19	0.194956	144	45
0.19/0.20	0.199659	143	48
0.19/0.20	0.203897	142	50
0.19/0.21	0.208234	141	54
0.19/0.21	0.213022	140	58
0.19/0.22	0.219034	139	69
0.19/0.22	0.224034	138	74
0.19/0.23	0.230657	137	85
0.19/0.24	0.237625	136	98
0.19/0.24	0.24521	135	114
0.19/0.25	0.253837	134	134
0.19/0.26	0.261215	133	149
0.19/0.26	0.267005	132	158
0.19/0.27	0.27153	131	163
0.19/0.27	0.277058	130	172
0.19/0.28	0.282074	129	179
0.29/0.30	0.298821	128	255
0.29/0.30	0.307418	127	276
0.29/0.32	0.323116	126	322
0.29/0.33	0.335194	125	351
0.29/0.35	0.349997	124	414
0.29/0.38	0.386841	123	546
0.39/0.40	0.404658	122	602
0.39/0.43	0.429573	121	685
0.59/0.63	0.635899	120	1747
0.59/0.66	0.662975	119	1849
0.59/0.67	0.672502	118	1877
0.59/0.73	0.733883	117	2127
0.59/0.75	0.74768	116	2174
0.59/1.07	1.07127	115	3628
1.39/1.40	1.40281	114	5049
1.99/2.02	2.02376	113	7731
8.19/8.21	8.21073	112	35407
8.19/8.40	8.40097	111	36219
16.18/16.21	16.2112	110	72045
45.39/45.44	45.4411	109	208766
999.96/1000.03	4639731
