0.00/0.08	0.083067	156	0
0.00/0.08	0.087163	155	1
0.00/0.09	0.091145	154	2
0.00/0.09	0.095175	153	3
0.00/0.10	0.099033	152	4
0.00/0.10	0.102847	151	5
0.00/0.10	0.107187	150	8
0.00/0.11	0.111242	149	10
0.00/0.11	0.115234	148	12
0.11/0.12	0.119038	147	14
0.11/0.12	0.123293	146	17
0.11/0.12	0.128245	145	23
0.11/0.13	0.132299	144	26
0.11/0.13	0.136134	143	28
0.11/0.14	0.139657	142	30
0.11/0.14	0.143465	141	32
0.11/0.14	0.147957	140	37
0.11/0.15	0.151713	139	40
0.11/0.15	0.15557	138	43
0.11/0.16	0.159843	137	47
0.11/0.16	0.164102	136	51
0.11/0.16	0.16798	135	54
0.11/0.17	0.171623	134	58
0.11/0.18	0.17991	133	79
0.11/0.18	0.186104	132	92
0.11/0.19	0.190466	131	98
0.11/0.19	0.196036	130	111
0.20/0.20	0.203494	129	129
0.20/0.22	0.218847	128	181
0.20/0.24	0.239685	127	254
0.20/0.27	0.276006	126	394
0.20/0.29	0.293655	125	454
0.30/0.30	0.307419	124	498
0.30/0.35	0.348683	123	660
0.30/0.37	0.370134	122	739
0.30/0.39	0.396716	121	834
0.40/0.40	0.400217	120	841
0.40/0.45	0.45276	119	1139
0.50/0.54	0.539416	118	1501
0.70/0.70	0.705844	117	2208
0.89/0.98	0.979166	116	3812
0.89/0.99	0.988742	115	3850
1.59/1.64	1.64428	114	7160
2.23/2.25	2.25518	113	9880
4.49/4.83	4.83069	112	21855
5.29/5.36	5.36107	111	24168
7.49/7.76	7.76499	110	34704
51.39/51.42	51.4233	109	233698
762.37/762.78	762.767	108	3521339
999.97/1000.02	4633647
