0.09/0.11	0.111276	160	0
0.09/0.11	0.117011	159	1
0.09/0.12	0.122057	158	2
0.09/0.12	0.126942	157	3
0.09/0.13	0.131888	156	4
0.09/0.13	0.136776	155	5
0.09/0.14	0.141537	154	6
0.09/0.14	0.146054	153	7
0.09/0.15	0.15047	152	8
0.09/0.15	0.154785	151	10
0.09/0.16	0.158921	150	12
0.09/0.16	0.163537	149	15
0.09/0.17	0.167797	148	17
0.09/0.17	0.172653	147	21
0.09/0.17	0.176926	146	23
0.09/0.18	0.181187	145	25
0.09/0.18	0.185391	144	27
0.09/0.19	0.189606	143	29
0.09/0.19	0.195449	142	37
0.19/0.20	0.20026	141	44
0.19/0.20	0.204467	140	47
0.19/0.21	0.210881	139	56
0.19/0.21	0.215369	138	60
0.19/0.22	0.222557	137	74
0.19/0.23	0.228278	136	82
0.19/0.23	0.232294	135	85
0.19/0.24	0.238777	134	96
0.19/0.24	0.245579	133	109
0.19/0.25	0.250077	132	115
0.19/0.26	0.258019	131	132
0.19/0.26	0.266417	130	152
0.19/0.28	0.277873	129	182
0.19/0.28	0.284713	128	196
0.19/0.29	0.295684	127	236
0.29/0.30	0.300965	126	249
0.29/0.31	0.310969	125	277
0.29/0.32	0.323462	124	317
0.29/0.39	0.39526	123	577
0.39/0.43	0.429115	122	695
0.39/0.47	0.475945	121	859
0.39/0.48	0.481709	120	870
0.49/0.53	0.53539	119	1068
0.49/0.57	0.572097	118	1201
0.49/0.58	0.579504	117	1217
0.49/0.60	0.598531	116	1295
0.98/1.20	1.20602	115	3716
1.32/1.34	1.34002	114	4332
1.98/2.03	2.028	113	7364
2.99/3.00	3.004	112	11638
2.99/3.02	3.02362	111	11724
104.69/104.71	104.711	110	491686
108.09/108.18	108.181	109	507816
269.58/269.62	269.613	108	1260584
999.71/1000.02	4690923
