0.09/0.11	0.10845	160	0
0.09/0.11	0.113012	159	1
0.09/0.11	0.117714	158	2
0.09/0.12	0.122264	157	3
0.09/0.12	0.126718	156	4
0.09/0.13	0.13118	155	5
0.09/0.13	0.135741	154	6
0.09/0.14	0.140011	153	7
0.09/0.14	0.144373	152	8
0.09/0.15	0.149019	151	10
0.09/0.15	0.154341	150	12
0.09/0.16	0.159634	149	14
0.09/0.16	0.164868	148	16
0.09/0.17	0.170174	147	19
0.09/0.17	0.175609	146	23
0.09/0.18	0.180143	145	25
0.09/0.18	0.184602	144	27
0.09/0.19	0.189167	143	29
0.09/0.19	0.194066	142	33
0.19/0.20	0.199375	141	39
0.19/0.20	0.20361	140	41
0.19/0.21	0.208903	139	47
0.19/0.21	0.213054	138	49
0.19/0.22	0.217958	137	56
0.19/0.22	0.222309	136	59
0.19/0.23	0.227133	135	64
0.19/0.23	0.2314	134	67
0.19/0.24	0.24087	133	89
0.19/0.24	0.246064	132	96
0.19/0.26	0.258391	131	129
0.19/0.27	0.275446	130	181
0.19/0.28	0.280546	129	188
0.19/0.29	0.289116	128	210
0.29/0.30	0.299514	127	237
0.29/0.31	0.307919	126	258
0.29/0.31	0.31497	125	273
0.29/0.33	0.329721	124	317
0.29/0.34	0.3376	123	344
0.29/0.36	0.362618	122	426
0.39/0.45	0.451216	121	793
0.39/0.46	0.460301	120	827
0.49/0.51	0.507175	119	995
0.59/0.62	0.622998	118	1447
0.59/0.69	0.687373	117	1688
0.69/0.76	0.759492	116	1965
0.69/0.77	0.774459	115	2018
2.38/2.75	2.75341	114	12111
3.88/3.99	3.98843	113	17568
5.19/5.29	5.28521	112	23285
9.59/9.68	9.68425	111	43021
65.18/65.29	65.2848	110	297141
364.06/364.23	364.219	109	1695374
999.96/1000.03	4663600
