0.00/0.06	0.056999	128	0
0.00/0.07	0.057816	127	4
0.00/0.07	0.058064	126	5
0.00/0.07	0.058402	125	7
0.00/0.07	0.062826	124	31
0.00/0.07	0.064145	123	38
0.00/0.18	0.174666	120	680
0.00/0.18	0.174868	118	681
0.00/0.18	0.175781	117	686
0.78/0.80	0.796449	115	4461
1.88/1.91	1.89976	114	11109
1.88/1.99	1.97894	113	11569
1.88/1.99	1.98313	112	11593
1.88/1.99	1.98335	111	11594
1.88/1.99	1.98354	110	11595
1.98/2.00	1.98846	109	11624
1.98/2.00	1.98981	108	11632
2.38/2.43	2.42569	107	14288
2.38/2.46	2.44979	106	14434
2.38/2.46	2.45035	105	14437
36.77/36.80	36.7886	104	218684
36.77/36.80	36.7892	103	218687
36.77/36.82	36.8143	102	218846
37.40/37.64	37.6308	101	224027
764.05/764.13	764.091	100	4621447
