0.04/0.06	0.058367	134	0
0.04/0.06	0.058674	133	1
0.04/0.06	0.059392	132	5
0.04/0.06	0.059637	131	6
0.04/0.06	0.060317	130	9
0.04/0.06	0.06054	129	10
0.04/0.06	0.060778	128	11
0.04/0.06	0.06467	126	33
0.04/0.06	0.066131	125	40
0.04/0.06	0.067281	124	46
0.59/0.67	0.672474	120	3481
0.97/1.26	1.26452	119	6882
0.97/1.26	1.26509	118	6885
0.97/1.26	1.26528	117	6886
1.78/1.81	1.81545	115	10086
1.78/1.81	1.81569	114	10087
1.78/1.81	1.8171	113	10095
1.78/1.83	1.83324	111	10188
3.29/3.36	3.36401	109	19355
3.39/3.42	3.42152	108	19558
3.49/3.59	3.59276	107	20405
6.49/6.76	6.76368	106	39524
10.79/10.82	10.8273	105	65014
13.89/14.28	14.2793	104	86926
14.98/15.06	15.0596	103	91934
16.08/16.14	16.1383	102	98731
23.49/23.52	23.5177	101	145142
220.68/220.70	220.695	100	1355312
