0.00/0.05	0.055541	133	0
0.00/0.05	0.056605	132	4
0.00/0.05	0.056846	131	5
0.00/0.05	0.057092	130	6
0.00/0.05	0.057324	128	7
0.00/0.05	0.057895	127	10
0.00/0.06	0.058105	126	11
0.00/0.06	0.058305	125	12
0.00/0.06	0.058925	124	15
0.00/0.06	0.059176	123	16
0.00/0.06	0.059553	122	18
0.00/0.06	0.059913	121	20
0.00/0.06	0.060132	120	21
0.00/0.06	0.061976	119	31
0.00/0.06	0.064639	116	47
0.00/0.06	0.065902	115	54
0.35/0.36	0.357623	114	1895
0.35/0.36	0.357875	113	1896
0.35/0.36	0.358221	112	1898
0.35/0.36	0.358559	111	1900
0.39/0.46	0.462344	110	2547
0.39/0.47	0.466807	109	2575
2.49/2.67	2.66633	108	16651
12.08/12.10	12.1011	107	77319
15.99/16.05	16.0426	106	102003
15.99/16.05	16.043	105	102005
16.78/16.89	16.8819	104	107243
30.78/30.89	30.8889	103	195860
36.09/36.38	36.373	102	230667
108.48/108.94	108.929	101	681301
