0.00/0.08	0.077323	132	0
0.00/0.08	0.077676	131	1
0.00/0.08	0.078041	130	2
0.00/0.08	0.078299	129	3
0.00/0.08	0.078591	128	4
0.00/0.08	0.078824	127	5
0.00/0.08	0.079052	126	6
0.00/0.08	0.080122	125	11
0.00/0.08	0.080548	124	13
0.00/0.08	0.08079	123	14
0.00/0.08	0.081558	122	18
0.00/0.08	0.08179	121	19
0.00/0.08	0.083542	120	28
0.00/0.08	0.083802	119	29
0.00/0.10	0.096449	118	95
0.00/0.17	0.167969	117	462
0.28/0.35	0.34048	116	1421
0.48/0.58	0.573292	115	2695
0.48/0.58	0.573544	114	2696
0.48/0.58	0.573775	113	2697
2.38/2.82	2.80415	111	16358
2.38/2.82	2.80517	110	16364
2.38/2.82	2.81395	109	16419
2.38/2.83	2.81465	108	16423
2.83/2.88	2.867	106	16753
3.08/3.14	3.12928	105	18381
3.79/4.11	4.09662	104	24565
11.08/11.60	11.5893	103	71704
26.77/26.86	26.8492	102	166832
29.58/29.61	29.5942	101	184104
299.37/299.91	299.89	100	1847651
