0.00/0.06	0.058656	136	0
0.00/0.06	0.05904	135	1
0.00/0.06	0.059304	134	2
0.00/0.06	0.059559	133	3
0.00/0.06	0.060868	131	10
0.00/0.06	0.063084	130	22
0.00/0.06	0.063281	129	23
0.00/0.06	0.06477	128	30
0.00/0.06	0.065215	127	32
0.00/0.06	0.066538	126	39
0.11/0.16	0.164832	124	584
0.11/0.16	0.165289	123	586
0.11/0.16	0.1657	122	588
0.11/0.16	0.165944	120	589
0.11/0.16	0.166328	119	591
0.11/0.16	0.166657	118	592
0.19/0.29	0.28923	117	1294
0.39/0.45	0.453778	116	2241
0.39/0.45	0.454109	115	2243
0.50/0.52	0.522809	113	2645
3.89/3.92	3.92716	112	22565
3.89/3.92	3.92757	111	22566
3.89/3.93	3.9279	110	22568
3.89/3.93	3.92817	109	22569
4.19/4.21	4.21607	108	24158
4.30/4.34	4.34382	106	24916
7.99/8.00	8.00405	105	47097
9.30/9.34	9.34562	104	55215
12.29/12.37	12.3679	103	73406
13.58/13.60	13.6026	102	80925
66.13/66.35	66.3539	101	394455
313.57/313.64	313.625	100	1866113
