0.02/0.08	0.079645	132	0
0.02/0.08	0.080025	131	1
0.02/0.08	0.080326	130	2
0.02/0.08	0.082739	127	10
0.02/0.08	0.083445	126	12
0.02/0.08	0.083849	125	13
0.02/0.08	0.084556	124	15
0.02/0.08	0.084939	123	16
0.02/0.08	0.086359	121	20
0.02/0.09	0.091283	120	38
0.02/0.09	0.091565	119	39
0.02/0.09	0.091813	118	40
0.02/0.09	0.093686	117	48
0.09/0.10	0.104679	116	96
0.09/0.11	0.111363	115	125
0.09/0.11	0.111708	114	126
0.09/0.18	0.176989	112	472
0.19/0.25	0.247635	111	869
0.19/0.25	0.247929	110	870
0.90/1.00	1.00339	109	5082
5.79/5.88	5.88287	108	34662
7.39/7.49	7.49394	107	44523
8.79/8.86	8.86153	106	52760
10.00/10.00	10.0001	104	59750
10.39/10.64	10.6439	103	63793
12.48/12.56	12.566	102	75986
314.28/314.33	314.32	101	1927001
331.68/331.75	331.747	100	2036251
