0.00/0.06	0.060132	134	0
0.00/0.06	0.060445	133	1
0.00/0.06	0.060725	131	2
0.00/0.06	0.060957	130	3
0.00/0.06	0.062082	129	9
0.00/0.06	0.062299	128	10
0.00/0.06	0.06251	126	11
0.00/0.06	0.062919	125	13
0.00/0.06	0.063337	124	15
0.00/0.06	0.063538	123	16
0.00/0.06	0.063959	122	18
0.00/0.06	0.064155	121	19
0.00/0.07	0.074402	120	77
0.00/0.21	0.209903	119	852
0.00/0.21	0.21014	118	853
0.00/0.21	0.210324	117	854
0.00/0.24	0.240851	115	1030
1.40/1.46	1.46181	114	8278
1.40/1.46	1.46206	113	8279
1.60/1.62	1.61872	112	9226
1.60/1.62	1.61893	111	9227
1.60/1.91	1.91149	110	10961
4.30/4.60	4.59879	109	27046
6.38/6.47	6.47381	108	38430
6.38/6.48	6.48119	107	38472
21.48/21.59	21.5964	106	127000
30.29/30.31	30.3128	105	179045
32.18/32.65	32.6499	104	193262
32.88/32.91	32.915	103	194894
40.59/40.63	40.6297	102	241187
397.97/398.02	398.014	101	2347292
776.36/776.78	776.761	100	4564424
