0.00/0.08	0.081004	134	0
0.00/0.08	0.081481	133	1
0.00/0.08	0.081784	132	2
0.00/0.08	0.082063	131	3
0.00/0.08	0.082297	130	4
0.00/0.08	0.082509	129	5
0.00/0.08	0.085611	127	19
0.00/0.08	0.08587	126	20
0.00/0.08	0.086085	125	21
0.00/0.08	0.086357	124	22
0.00/0.08	0.086573	122	23
0.00/0.08	0.086858	121	24
0.00/0.09	0.087141	120	25
0.00/0.09	0.088335	119	31
0.00/0.09	0.088549	118	32
0.00/0.09	0.09022	117	40
0.00/0.09	0.090445	116	41
0.00/0.09	0.090681	115	42
0.00/0.15	0.149398	114	364
0.69/0.70	0.706671	113	3514
0.69/0.72	0.724266	112	3625
0.69/0.72	0.724646	111	3627
0.69/0.75	0.756431	110	3825
0.69/0.75	0.756639	109	3826
0.69/0.76	0.757481	108	3831
0.89/0.97	0.969552	107	5177
0.89/0.97	0.969822	106	5178
2.19/2.27	2.27572	105	12869
20.49/20.64	20.6444	104	125555
20.49/20.65	20.6468	103	125569
23.49/23.76	23.7607	102	145246
24.89/25.00	24.9998	101	153135
269.92/269.96	269.952	100	1656724
