0.00/0.06	0.05877	129	0
0.00/0.06	0.059095	128	1
0.00/0.06	0.059322	127	2
0.00/0.06	0.059535	126	3
0.00/0.06	0.059809	125	4
0.00/0.06	0.060796	124	9
0.00/0.06	0.061103	123	10
0.00/0.06	0.062567	122	18
0.00/0.06	0.063333	121	22
0.00/0.06	0.065979	120	37
0.00/0.06	0.066176	119	38
0.00/0.06	0.066368	118	39
0.00/0.06	0.067242	117	44
0.00/0.06	0.067479	115	45
0.00/0.06	0.06801	114	48
0.00/0.07	0.069181	113	55
0.00/0.07	0.070984	112	66
0.00/0.07	0.071573	111	69
0.00/0.07	0.074429	110	86
0.11/0.17	0.170673	109	677
0.11/0.17	0.172408	108	687
0.20/0.22	0.224349	107	1009
6.88/7.21	7.20966	106	43690
7.79/7.83	7.83241	105	47549
8.08/8.19	8.19102	104	49831
9.38/9.48	9.48151	103	57915
9.38/9.49	9.49471	102	58000
133.68/133.72	133.717	101	817715
134.08/134.47	134.469	100	822425
