0.00/0.06	0.05843	135	0
0.00/0.06	0.05893	134	2
0.00/0.06	0.059662	133	6
0.00/0.06	0.060084	132	8
0.00/0.06	0.060505	131	10
0.00/0.06	0.060805	130	11
0.00/0.06	0.061408	129	14
0.00/0.06	0.061776	128	16
0.00/0.06	0.061979	127	17
0.00/0.06	0.063655	125	26
0.00/0.06	0.064044	123	28
0.00/0.06	0.064961	122	33
0.00/0.07	0.071846	121	74
0.00/0.07	0.072271	120	76
0.00/0.08	0.081609	119	130
0.00/0.08	0.081998	117	132
0.00/0.08	0.082426	116	134
0.00/0.08	0.083349	115	139
0.00/0.08	0.08354	114	140
0.00/0.08	0.08396	113	142
0.00/0.08	0.084321	112	144
0.00/0.08	0.085869	111	153
0.00/0.08	0.086455	110	156
0.00/0.09	0.090652	109	180
0.00/0.65	0.651352	108	3727
0.00/0.65	0.652554	107	3734
2.29/2.30	2.30629	106	13528
3.33/3.36	3.35958	105	19549
5.19/5.28	5.28109	104	31072
8.49/8.83	8.83403	103	53218
9.40/9.46	9.46426	102	57173
126.59/126.63	126.632	101	774142
128.87/128.96	128.956	100	788728
