0.48/0.57	0.564063	198	0
0.58/0.60	0.589683	197	1
0.58/0.63	0.616155	196	2
0.58/0.65	0.641192	195	3
0.58/0.67	0.664274	194	4
0.68/0.70	0.687595	193	5
0.68/0.72	0.712451	192	7
0.68/0.75	0.736462	190	8
0.68/0.77	0.760056	189	9
0.68/0.79	0.783331	188	10
0.78/0.82	0.806411	187	11
0.78/0.84	0.829169	186	13
0.78/0.86	0.85218	185	15
0.78/0.89	0.875576	184	17
0.88/0.91	0.901159	183	24
0.88/0.93	0.922835	182	25
0.88/0.95	0.944409	181	27
0.88/0.98	0.966367	180	29
0.98/1.00	0.988665	179	32
0.98/1.02	1.01278	178	38
0.98/1.04	1.03283	177	39
0.98/1.07	1.05618	176	44
0.98/1.09	1.07743	175	47
1.08/1.11	1.0985	174	50
1.08/1.13	1.1236	173	59
1.08/1.16	1.15278	172	74
1.08/1.19	1.17901	171	85
1.18/1.21	1.20119	170	90
1.18/1.23	1.22338	169	94
1.18/1.25	1.24301	168	96
1.18/1.28	1.27041	167	108
1.18/1.30	1.29391	166	114
1.18/1.33	1.31889	165	123
1.18/1.35	1.34026	164	127
1.18/1.37	1.36147	163	131
1.18/1.39	1.38019	162	133
1.18/1.42	1.41472	161	156
1.18/1.45	1.43861	160	163
1.18/1.47	1.46145	159	171
1.18/1.52	1.50629	158	210
1.18/1.54	1.52593	157	213
1.18/1.56	1.54984	156	222
1.18/1.61	1.60469	155	278
1.41/1.67	1.66103	154	337
1.41/1.70	1.68928	153	353
1.72/1.77	1.75639	152	427
1.78/1.82	1.80809	151	485
1.78/1.89	1.87707	150	561
1.88/1.91	1.89752	149	567
1.88/1.95	1.94414	148	610
1.88/1.98	1.96599	147	617
1.98/2.03	2.021	146	669
2.08/2.14	2.13265	145	825
2.27/2.31	2.29526	144	1059
2.27/2.37	2.35753	143	1134
2.57/2.74	2.72955	142	1701
2.57/2.81	2.79927	141	1785
2.57/2.83	2.81605	140	1789
3.37/3.45	3.43554	139	2720
3.47/3.53	3.52253	138	2832
3.88/3.92	3.91002	137	3416
4.27/4.32	4.31076	136	4018
4.47/4.52	4.50574	135	4299
5.19/5.23	5.22188	134	5422
7.68/7.70	7.68856	133	9393
9.98/10.08	10.0652	132	13132
10.37/10.41	10.4008	131	13605
12.18/12.23	12.2205	130	16386
12.28/12.39	12.3791	129	16586
388.47/388.90	388.885	128	626442
392.47/392.57	392.554	127	631888
395.55/395.58	395.562	126	636259
1000.27/1000.34	726.203	25657392	1618362
