0.54/0.64	0.595336	1131	0
0.54/0.66	0.611461	1130	2
0.54/0.67	0.627041	1129	3
0.54/0.69	0.643444	1127	6
0.64/0.71	0.659469	1126	8
0.64/0.72	0.67528	1125	10
0.64/0.74	0.69082	1124	11
0.64/0.75	0.707335	1123	14
0.64/0.77	0.72408	1121	16
0.64/0.79	0.740119	1120	17
0.74/0.80	0.755846	1119	19
0.74/0.82	0.773781	1117	25
0.74/0.84	0.79032	1114	27
0.74/0.85	0.807658	1113	30
0.74/0.87	0.824941	1111	34
0.74/0.89	0.841105	1110	36
0.84/0.90	0.856395	1108	37
0.84/0.92	0.872036	1107	39
0.84/0.93	0.887574	1106	41
0.84/0.95	0.903128	1105	42
0.84/0.97	0.919436	1104	43
0.84/0.98	0.935436	1103	44
0.94/1.00	0.951456	1101	45
0.94/1.01	0.96762	1100	46
0.94/1.03	0.985135	1099	51
0.94/1.05	1.00302	1096	57
0.94/1.07	1.02126	1094	64
0.94/1.08	1.03796	1093	67
0.94/1.10	1.05388	1092	68
0.94/1.12	1.06961	1091	69
0.94/1.13	1.08569	1090	70
0.94/1.15	1.10305	1089	74
0.94/1.17	1.11919	1087	76
0.94/1.18	1.13545	1086	78
0.94/1.20	1.15181	1085	80
0.94/1.21	1.16793	1082	82
0.94/1.23	1.18371	1081	83
0.94/1.25	1.19934	1080	84
0.94/1.26	1.21506	1079	85
0.94/1.28	1.23089	1078	86
0.94/1.29	1.24611	1076	88
0.94/1.31	1.2612	1075	90
0.94/1.32	1.27586	1073	91
0.94/1.34	1.2909	1071	93
0.94/1.35	1.3066	1070	96
0.94/1.37	1.322	1069	97
0.94/1.39	1.33864	1067	101
0.94/1.40	1.35417	1066	102
0.94/1.42	1.36948	1065	103
0.94/1.43	1.38483	1064	104
0.94/1.45	1.40048	1063	106
0.94/1.46	1.41705	1062	110
0.94/1.48	1.43313	1060	113
1.43/1.50	1.44914	1057	116
1.43/1.51	1.46557	1056	120
1.43/1.53	1.48073	1055	121
1.43/1.54	1.49609	1054	122
1.43/1.56	1.5127	1052	127
1.43/1.57	1.5277	1051	129
1.53/1.59	1.5451	1050	138
1.54/1.61	1.56074	1049	142
1.54/1.62	1.57659	1048	147
1.54/1.64	1.5924	1047	151
1.54/1.66	1.60804	1046	155
1.54/1.67	1.62346	1045	159
1.54/1.69	1.63812	1044	160
1.64/1.70	1.65226	1043	161
1.64/1.71	1.66644	1041	162
1.64/1.73	1.68063	1040	163
1.64/1.74	1.69476	1039	164
1.64/1.76	1.70979	1038	167
1.64/1.77	1.72441	1037	169
1.64/1.79	1.73908	1036	170
1.74/1.80	1.75354	1035	172
1.74/1.81	1.76762	1034	173
1.74/1.83	1.7829	1033	177
1.74/1.85	1.79822	1032	181
1.74/1.86	1.81426	1031	185
1.74/1.88	1.82917	1030	186
1.74/1.89	1.84485	1029	189
1.84/1.91	1.86045	1028	192
1.84/1.93	1.87885	1025	201
1.84/1.95	1.90093	1023	220
1.84/1.96	1.91721	1022	225
1.84/1.98	1.93184	1021	226
1.94/2.00	1.94942	1019	233
1.94/2.01	1.96488	1018	236
1.94/2.03	1.97994	1017	238
1.94/2.04	1.99731	1015	246
1.94/2.06	2.01272	1014	251
1.94/2.08	2.02812	1013	255
1.94/2.09	2.04253	1012	256
2.04/2.11	2.05797	1011	260
2.04/2.12	2.07157	1010	261
2.04/2.13	2.08624	1009	264
2.04/2.15	2.10002	1008	265
2.04/2.16	2.11381	1007	266
2.04/2.17	2.12766	1006	267
2.04/2.19	2.1415	1005	269
2.14/2.20	2.15646	1003	274
2.14/2.22	2.17106	1002	278
2.14/2.24	2.18918	1001	290
2.14/2.25	2.20347	1000	293
2.14/2.27	2.21843	999	298
2.14/2.28	2.23481	998	305
2.24/2.30	2.25067	997	311
2.24/2.31	2.26441	996	312
2.24/2.33	2.27801	995	313
2.24/2.34	2.29213	993	316
2.24/2.35	2.30554	991	317
2.24/2.37	2.32012	990	320
2.24/2.38	2.33392	989	321
2.24/2.40	2.34813	987	325
2.34/2.41	2.36141	986	326
2.34/2.42	2.37486	985	327
2.34/2.44	2.38829	984	328
2.34/2.45	2.40452	982	337
2.34/2.47	2.41941	981	341
2.34/2.48	2.43376	980	343
2.34/2.50	2.45052	979	352
2.34/2.51	2.4651	978	356
2.34/2.53	2.47882	977	357
2.34/2.54	2.49346	976	362
2.34/2.55	2.50672	975	363
2.34/2.58	2.53451	974	402
2.34/2.60	2.55614	973	423
2.34/2.62	2.56929	972	424
2.34/2.63	2.58232	971	425
2.34/2.65	2.60217	970	443
2.34/2.67	2.61876	969	452
2.34/2.68	2.63476	968	460
2.34/2.70	2.6492	967	463
2.34/2.71	2.66355	966	465
2.34/2.73	2.67926	965	472
2.34/2.74	2.69224	964	473
2.34/2.75	2.70664	963	477
2.34/2.77	2.72524	962	492
2.34/2.79	2.73913	961	494
2.34/2.80	2.75282	960	497
2.34/2.82	2.76809	959	505
2.34/2.83	2.78102	958	506
2.34/2.85	2.80249	957	530
2.34/2.87	2.82671	956	559
2.34/2.91	2.86548	955	625
2.34/2.93	2.88182	954	634
2.34/2.95	2.90337	953	655
2.34/2.97	2.91841	952	659
2.34/2.98	2.93409	951	665
2.34/3.02	2.97442	950	732
2.99/3.11	3.06008	948	913
2.99/3.12	3.07611	947	922
2.99/3.14	3.08957	946	925
3.09/3.16	3.11318	945	952
3.09/3.18	3.12966	944	962
3.14/3.20	3.14924	943	979
3.14/3.21	3.16384	942	983
3.14/3.23	3.18325	941	999
3.14/3.26	3.21186	940	1039
3.24/3.33	3.28061	939	1183
3.24/3.37	3.32604	938	1268
3.24/3.39	3.3414	937	1276
3.34/3.40	3.35727	936	1284
3.34/3.42	3.37755	935	1302
3.34/3.44	3.39145	934	1304
3.34/3.46	3.41316	933	1327
3.34/3.47	3.4264	932	1329
3.44/3.50	3.4535	931	1368
3.44/3.51	3.4665	930	1369
3.44/3.53	3.48584	929	1385
3.54/3.60	3.55552	928	1529
3.54/3.62	3.56863	927	1530
3.54/3.63	3.58173	926	1531
3.54/3.66	3.6152	925	1585
3.54/3.69	3.64262	924	1622
3.64/3.70	3.65749	923	1628
3.64/3.73	3.68437	922	1662
3.64/3.79	3.74507	920	1785
3.74/3.81	3.75919	919	1789
3.74/3.82	3.77265	918	1791
3.74/3.83	3.78561	917	1792
3.74/3.87	3.81885	914	1841
3.74/3.88	3.83418	913	1847
3.74/3.89	3.84709	912	1848
3.84/3.91	3.86335	911	1858
3.95/4.04	3.99515	910	2163
3.95/4.07	4.02126	909	2200
3.95/4.08	4.03454	908	2204
3.95/4.19	4.14529	905	2468
3.95/4.23	4.17908	904	2525
3.95/4.34	4.2922	903	2790
3.95/4.36	4.30854	902	2802
4.50/4.56	4.51081	899	3304
4.64/4.77	4.72303	897	3830
4.64/4.79	4.73818	895	3837
4.74/4.80	4.75232	894	3842
4.74/4.81	4.76489	893	3843
5.14/5.24	5.19713	892	4947
5.14/5.28	5.22804	891	4995
5.34/5.98	5.93311	890	6781
5.34/5.99	5.94625	889	6784
5.80/6.14	6.09041	887	7128
6.08/6.15	6.10288	886	7129
6.24/6.36	6.31485	885	7643
6.34/6.41	6.36058	884	7732
6.34/6.42	6.37335	883	7733
6.44/6.50	6.44963	881	7901
6.44/6.57	6.52293	880	8062
6.44/6.59	6.53801	879	8071
6.95/7.20	7.15242	878	9641
6.95/7.22	7.17102	877	9659
7.54/7.64	7.58911	876	10735
7.54/7.65	7.60135	875	10736
7.54/7.66	7.61618	874	10743
7.64/7.72	7.67058	873	10848
11.24/11.30	11.2519	871	20115
11.24/11.31	11.2643	870	20118
11.24/11.32	11.2767	869	20121
11.24/11.34	11.2906	868	20127
14.24/14.31	14.2654	866	27798
15.84/15.92	15.8766	865	31926
18.24/18.33	18.2829	864	38241
18.24/18.34	18.2945	863	38242
18.84/18.93	18.8783	861	39739
18.84/18.94	18.8905	860	39740
21.74/21.85	21.7978	859	47394
21.84/22.00	21.9548	858	47760
25.64/25.74	25.6907	857	57598
26.04/26.19	26.1388	856	58744
27.74/28.08	28.0358	855	63721
28.74/28.88	28.8372	854	65783
39.74/39.84	39.7888	853	94628
39.74/39.85	39.8004	852	94629
40.34/40.46	40.4102	851	96196
999.81/1000.07	2710352
