0.58/0.67	0.667106	1152	0
0.58/0.68	0.68302	1151	1
0.68/0.70	0.699191	1149	3
0.68/0.71	0.714997	1147	4
0.68/0.73	0.73118	1145	6
0.68/0.75	0.747269	1144	8
0.68/0.76	0.763032	1143	9
0.68/0.78	0.779389	1142	11
0.68/0.79	0.79627	1141	13
0.78/0.81	0.812989	1140	14
0.78/0.83	0.829501	1136	15
0.78/0.84	0.8464	1134	17
0.78/0.86	0.862845	1133	18
0.78/0.88	0.879282	1132	19
0.78/0.89	0.896259	1130	21
0.89/0.91	0.912656	1128	22
0.89/0.93	0.928983	1127	23
0.89/0.94	0.945374	1125	24
0.89/0.96	0.962312	1124	26
0.89/0.98	0.979	1123	28
0.89/0.99	0.995816	1120	30
0.89/1.01	1.01239	1118	32
0.89/1.03	1.03012	1117	37
0.89/1.04	1.04624	1116	38
0.89/1.06	1.06234	1115	39
0.89/1.08	1.07866	1114	41
0.89/1.09	1.09504	1113	42
0.89/1.11	1.1117	1112	44
0.89/1.13	1.12794	1111	45
0.89/1.14	1.14328	1110	46
0.89/1.16	1.15845	1109	47
0.89/1.17	1.17443	1108	50
0.89/1.19	1.19144	1105	56
0.89/1.20	1.2065	1104	57
0.89/1.22	1.2216	1103	58
0.89/1.23	1.23665	1101	59
0.89/1.25	1.25368	1099	64
0.89/1.27	1.26999	1098	66
0.89/1.28	1.28575	1097	67
0.89/1.30	1.30215	1095	69
0.89/1.32	1.31836	1094	71
0.89/1.33	1.33415	1093	72
0.89/1.35	1.3499	1092	73
0.89/1.36	1.3656	1091	74
0.89/1.38	1.38139	1090	75
0.89/1.40	1.39945	1089	81
1.39/1.41	1.41524	1088	82
1.39/1.43	1.43166	1087	85
1.39/1.45	1.44789	1086	86
1.39/1.46	1.46345	1085	87
1.39/1.48	1.47917	1084	88
1.39/1.49	1.49508	1083	90
1.39/1.51	1.51074	1082	91
1.50/1.52	1.52677	1080	93
1.50/1.54	1.54237	1079	94
1.50/1.56	1.5632	1076	108
1.50/1.58	1.5794	1075	110
1.50/1.59	1.59478	1074	111
1.50/1.61	1.61015	1073	112
1.60/1.62	1.62582	1072	113
1.60/1.64	1.64058	1071	114
1.60/1.66	1.65701	1070	119
1.60/1.67	1.67267	1069	120
1.60/1.69	1.6881	1068	121
1.69/1.70	1.70324	1067	122
1.69/1.72	1.71796	1066	123
1.69/1.73	1.73282	1064	125
1.69/1.75	1.74775	1063	127
1.69/1.76	1.76255	1062	129
1.69/1.77	1.77694	1061	130
1.69/1.79	1.79166	1060	132
1.78/1.81	1.80763	1059	136
1.78/1.82	1.82276	1058	138
1.78/1.84	1.83849	1057	141
1.78/1.85	1.85544	1055	149
1.78/1.87	1.87101	1054	153
1.78/1.88	1.88586	1053	155
1.88/1.90	1.90322	1051	163
1.88/1.92	1.91857	1050	166
1.88/1.94	1.93727	1048	177
1.88/1.95	1.95169	1047	178
1.88/1.96	1.96588	1046	179
1.88/1.98	1.98073	1045	181
1.88/1.99	1.99482	1044	182
1.98/2.01	2.00982	1043	184
1.98/2.02	2.02388	1042	185
1.98/2.04	2.03994	1041	190
1.98/2.05	2.05459	1039	191
1.98/2.07	2.06859	1038	192
1.98/2.08	2.0835	1037	195
2.08/2.10	2.09901	1035	200
2.08/2.11	2.11301	1034	201
2.08/2.13	2.12848	1033	204
2.08/2.14	2.14327	1031	207
2.08/2.16	2.15738	1030	208
2.08/2.17	2.17256	1029	212
2.08/2.18	2.18675	1028	213
2.18/2.20	2.2052	1027	226
2.18/2.22	2.21925	1026	227
2.18/2.23	2.23336	1025	228
2.18/2.25	2.25015	1022	235
2.18/2.26	2.2642	1021	236
2.18/2.28	2.27808	1020	237
2.18/2.29	2.29263	1019	240
2.28/2.30	2.3063	1018	241
2.28/2.32	2.3207	1016	244
2.28/2.33	2.33553	1015	248
2.28/2.36	2.35813	1014	272
2.28/2.37	2.37246	1012	273
2.28/2.39	2.38712	1011	275
2.28/2.40	2.40153	1010	276
2.39/2.41	2.41626	1009	278
2.39/2.43	2.43059	1008	281
2.39/2.44	2.44416	1007	282
2.39/2.46	2.45922	1006	286
2.39/2.47	2.47634	1005	294
2.39/2.49	2.49072	1004	295
2.48/2.50	2.50582	1003	298
2.48/2.52	2.52036	1002	299
2.48/2.53	2.53528	1001	302
2.48/2.55	2.55011	1000	306
2.48/2.56	2.56381	999	307
2.48/2.58	2.57816	998	308
2.48/2.60	2.60073	997	330
2.48/2.61	2.61487	996	332
2.48/2.63	2.63023	995	336
2.48/2.64	2.64373	994	337
2.63/2.66	2.657	993	338
2.63/2.67	2.67083	992	340
2.63/2.69	2.68711	991	348
2.63/2.71	2.70784	989	365
2.63/2.72	2.72371	988	371
2.63/2.74	2.74122	987	381
2.74/2.75	2.75596	986	383
2.74/2.78	2.78675	983	424
2.74/2.80	2.80284	982	432
2.79/2.82	2.82594	980	459
2.79/2.86	2.86142	978	515
2.79/2.88	2.87721	977	521
2.79/2.89	2.89598	975	534
2.88/2.92	2.92084	973	562
2.88/2.94	2.93709	972	568
2.88/2.95	2.95077	971	569
2.88/2.96	2.96513	970	573
2.88/2.98	2.97919	969	578
2.98/3.00	2.99839	967	593
2.98/3.01	3.01207	966	594
2.98/3.02	3.02631	965	596
2.98/3.04	3.04001	964	597
2.98/3.05	3.0543	963	600
2.98/3.07	3.07129	962	609
2.98/3.08	3.08518	961	611
3.09/3.11	3.11189	960	646
3.09/3.13	3.12825	959	653
3.09/3.15	3.1534	958	686
3.09/3.18	3.17769	957	713
3.09/3.19	3.19561	956	725
3.18/3.21	3.21001	955	730
3.18/3.22	3.2242	954	732
3.18/3.24	3.2426	952	745
3.18/3.25	3.25613	951	747
3.18/3.27	3.26954	950	748
3.18/3.28	3.28284	949	749
3.28/3.31	3.31429	948	798
3.28/3.33	3.33038	947	805
3.28/3.34	3.34481	946	808
3.28/3.38	3.38284	945	874
3.28/3.40	3.39712	944	877
3.38/3.41	3.41477	943	889
3.38/3.43	3.43358	942	904
3.38/3.45	3.44864	941	909
3.38/3.47	3.46726	940	923
3.38/3.49	3.48817	939	941
3.48/3.50	3.50176	938	945
3.48/3.53	3.53195	937	990
3.48/3.56	3.55966	934	1027
3.48/3.57	3.5722	933	1028
3.58/3.61	3.61448	931	1103
3.58/3.68	3.68334	930	1244
3.58/3.75	3.74801	929	1373
3.58/3.76	3.7622	928	1377
3.58/3.77	3.77536	927	1378
3.58/3.85	3.8484	925	1533
3.58/3.86	3.8646	924	1543
3.58/3.88	3.87866	923	1547
3.58/3.89	3.89207	922	1549
3.58/3.92	3.9211	921	1591
3.58/3.93	3.93408	920	1592
3.58/3.99	3.98827	919	1701
3.58/4.01	4.01393	918	1736
3.58/4.03	4.02867	917	1744
3.58/4.04	4.0421	916	1747
3.58/4.05	4.05585	915	1752
3.96/4.08	4.07725	914	1777
4.19/4.28	4.2862	913	2297
4.28/4.30	4.29924	912	2298
4.48/4.51	4.51397	909	2832
4.48/4.52	4.52683	908	2834
4.58/4.60	4.60449	907	3006
4.78/4.83	4.83169	906	3555
4.88/4.94	4.94246	904	3813
4.88/4.98	4.97887	901	3877
4.98/5.10	5.099	900	4159
4.98/5.11	5.11262	899	4161
4.98/5.12	5.12597	897	4163
4.98/5.14	5.13803	896	4164
4.98/5.19	5.19524	894	4277
4.98/5.24	5.24607	893	4376
4.98/5.26	5.2617	892	4387
4.98/5.27	5.27525	891	4392
5.30/5.32	5.32291	890	4485
6.69/6.70	6.70417	888	8065
6.69/6.71	6.71605	887	8066
7.49/7.50	7.50119	885	10089
7.49/7.51	7.51433	883	10092
7.59/7.93	7.93215	882	11129
7.90/8.04	8.04616	880	11391
8.49/8.58	8.58319	879	12750
8.59/8.60	8.59841	878	12759
10.79/10.83	10.8336	877	18571
10.79/10.85	10.8487	876	18579
11.55/11.77	11.7765	875	21010
12.59/12.67	12.6684	872	23287
15.69/15.70	15.7063	871	31237
15.69/15.73	15.7358	870	31280
15.79/15.84	15.8388	868	31518
16.19/16.27	16.2711	867	32617
20.99/21.09	21.0933	866	45132
21.09/21.11	21.1076	865	45140
22.29/22.44	22.4381	863	48624
22.46/22.64	22.6392	861	49121
22.46/22.65	22.6521	860	49125
27.09/27.11	27.1128	858	61314
27.09/27.13	27.1264	857	61321
27.09/27.14	27.1398	856	61329
27.09/27.16	27.1569	855	61346
27.09/27.17	27.1693	853	61351
758.58/758.67	758.65	851	2214658
999.97/1000.02	2939309
