0.59/0.61	0.612895	1129	0
0.59/0.63	0.628381	1128	1
0.59/0.64	0.644541	1125	2
0.59/0.66	0.660028	1124	3
0.59/0.67	0.676056	1123	5
0.59/0.69	0.692242	1122	7
0.69/0.71	0.708934	1121	9
0.69/0.72	0.725164	1120	10
0.69/0.74	0.741508	1119	11
0.69/0.76	0.758527	1117	13
0.69/0.77	0.774625	1116	14
0.69/0.79	0.790973	1115	15
0.79/0.80	0.807554	1113	17
0.79/0.82	0.823605	1112	18
0.79/0.84	0.841233	1111	21
0.79/0.85	0.857917	1110	23
0.79/0.87	0.873899	1109	24
0.79/0.89	0.890482	1108	25
0.89/0.90	0.906497	1107	26
0.89/0.92	0.922666	1104	29
0.89/0.94	0.938207	1103	31
0.89/0.95	0.953751	1102	33
0.89/0.97	0.969169	1100	34
0.89/0.98	0.985055	1098	35
0.99/1.00	1.00102	1097	36
0.99/1.01	1.01689	1095	37
0.99/1.03	1.03255	1094	38
0.99/1.05	1.04955	1093	42
0.99/1.06	1.06525	1092	43
0.99/1.08	1.08102	1091	44
0.99/1.09	1.09681	1090	45
1.09/1.11	1.11365	1089	49
1.09/1.13	1.1319	1087	56
1.09/1.14	1.14727	1086	57
1.09/1.16	1.16243	1085	59
1.09/1.17	1.17732	1084	60
1.09/1.19	1.19261	1080	62
1.19/1.20	1.20739	1079	63
1.19/1.22	1.22214	1078	64
1.19/1.23	1.23685	1077	65
1.19/1.25	1.25299	1076	69
1.19/1.27	1.26847	1075	70
1.19/1.28	1.28383	1074	71
1.19/1.30	1.29928	1072	72
1.30/1.31	1.3147	1071	73
1.30/1.33	1.3306	1070	75
1.30/1.34	1.34603	1069	76
1.30/1.36	1.36155	1067	78
1.30/1.38	1.37817	1066	84
1.30/1.39	1.39357	1065	85
1.30/1.41	1.40964	1063	87
1.30/1.42	1.4255	1061	89
1.30/1.44	1.44132	1060	91
1.30/1.45	1.45655	1059	92
1.30/1.47	1.47261	1058	95
1.30/1.49	1.48903	1057	99
1.30/1.50	1.50415	1056	100
1.30/1.52	1.51928	1055	101
1.30/1.53	1.53502	1054	103
1.30/1.55	1.55067	1053	105
1.30/1.56	1.56692	1052	106
1.30/1.58	1.58303	1051	110
1.30/1.59	1.59752	1050	111
1.30/1.61	1.61277	1049	112
1.30/1.62	1.62764	1048	113
1.30/1.64	1.64397	1047	115
1.30/1.66	1.65919	1046	116
1.30/1.67	1.67395	1045	118
1.30/1.69	1.68959	1043	122
1.69/1.70	1.70421	1042	124
1.69/1.72	1.71923	1041	126
1.69/1.73	1.73436	1040	127
1.69/1.75	1.74971	1039	129
1.69/1.76	1.76569	1038	130
1.69/1.78	1.7813	1037	132
1.79/1.80	1.79957	1036	139
1.79/1.81	1.81528	1035	140
1.79/1.83	1.83288	1034	145
1.79/1.85	1.85033	1033	150
1.79/1.86	1.86611	1032	151
1.79/1.88	1.88122	1031	152
1.89/1.90	1.90046	1029	163
1.89/1.91	1.91599	1028	165
1.89/1.93	1.93305	1026	172
1.89/1.95	1.94802	1025	173
1.89/1.96	1.96359	1024	174
1.89/1.98	1.97835	1023	175
1.89/1.99	1.99358	1022	177
1.99/2.01	2.01001	1021	183
1.99/2.02	2.02747	1020	190
1.99/2.04	2.04257	1019	192
1.99/2.05	2.0568	1018	193
1.99/2.07	2.07307	1015	199
1.99/2.08	2.08719	1014	201
2.09/2.11	2.11328	1013	233
2.09/2.13	2.12866	1012	236
2.09/2.14	2.14672	1011	244
2.09/2.16	2.16163	1010	246
2.09/2.17	2.17613	1009	247
2.09/2.19	2.19032	1008	248
2.19/2.21	2.21122	1007	264
2.19/2.22	2.22597	1006	266
2.19/2.25	2.2556	1004	309
2.19/2.27	2.27116	1003	314
2.19/2.28	2.2858	1002	318
2.29/2.30	2.29974	1001	319
2.29/2.32	2.31921	999	333
2.29/2.34	2.34133	997	355
2.29/2.35	2.3556	996	356
2.29/2.37	2.373	995	365
2.39/2.41	2.40888	993	424
2.39/2.42	2.42708	991	437
2.39/2.44	2.44081	990	438
2.39/2.45	2.45502	989	439
2.39/2.47	2.46924	987	442
2.39/2.49	2.48836	986	459
2.49/2.50	2.50337	985	464
2.49/2.52	2.52095	984	476
2.49/2.55	2.5504	982	519
2.49/2.58	2.58534	977	575
2.49/2.60	2.5998	976	579
2.60/2.61	2.61466	975	582
2.60/2.63	2.63483	974	599
2.60/2.65	2.64859	973	602
2.60/2.66	2.66264	972	604
2.60/2.67	2.67582	971	605
2.60/2.69	2.6894	970	606
2.60/2.70	2.70452	969	611
2.60/2.72	2.7181	968	612
2.60/2.73	2.73198	967	615
2.60/2.74	2.74563	966	618
2.60/2.76	2.75887	965	619
2.60/2.78	2.77793	964	636
2.60/2.79	2.79147	963	638
2.60/2.80	2.8063	962	642
2.60/2.82	2.82016	961	644
2.60/2.83	2.83299	960	645
2.60/2.85	2.84706	959	648
2.60/2.86	2.86122	958	651
2.60/2.87	2.8767	957	657
2.60/2.89	2.8921	956	664
2.60/2.90	2.90555	955	665
2.60/2.92	2.91949	954	667
2.60/2.93	2.93282	953	668
2.60/2.95	2.94993	952	679
2.60/2.96	2.96435	951	682
2.60/2.98	2.97804	950	684
2.60/2.99	2.99076	949	685
2.60/3.00	3.00511	948	691
3.00/3.02	3.02307	947	706
3.00/3.04	3.03815	946	711
3.09/3.11	3.11399	944	869
3.09/3.13	3.13507	943	890
3.09/3.15	3.14751	942	891
3.09/3.18	3.1854	941	956
3.19/3.20	3.19901	940	958
3.19/3.22	3.22423	939	990
3.19/3.24	3.24048	938	998
3.19/3.25	3.25367	937	999
3.19/3.27	3.26903	936	1006
3.19/3.28	3.28245	935	1007
3.19/3.29	3.29638	934	1010
3.29/3.36	3.36228	933	1149
3.29/3.39	3.38684	931	1179
3.39/3.43	3.43204	929	1264
3.39/3.44	3.44541	928	1266
3.39/3.47	3.47275	927	1302
3.39/3.49	3.49168	926	1320
3.49/3.50	3.50501	925	1322
3.49/3.52	3.51816	924	1323
3.49/3.54	3.54351	923	1355
3.49/3.56	3.55857	922	1361
3.49/3.60	3.59666	921	1429
3.59/3.61	3.61436	920	1441
3.59/3.66	3.65823	919	1521
3.59/3.67	3.67285	918	1526
3.89/3.99	3.99039	916	2317
3.89/4.00	4.00517	915	2322
3.89/4.02	4.01868	914	2325
3.89/4.04	4.03701	913	2343
3.89/4.05	4.05152	912	2349
3.89/4.06	4.06374	911	2350
3.89/4.08	4.07771	910	2356
4.33/4.35	4.35038	908	3031
4.35/4.36	4.36337	907	3035
4.49/4.57	4.5746	905	3545
4.49/4.59	4.59197	904	3559
4.59/4.69	4.69253	903	3785
4.69/4.77	4.77214	902	3958
4.78/4.85	4.8532	901	4130
4.88/4.91	4.90913	900	4245
4.88/4.92	4.92332	899	4252
4.88/4.93	4.93553	898	4254
4.88/4.95	4.94781	897	4256
4.88/4.96	4.96563	896	4272
4.88/4.99	4.9871	895	4297
4.98/5.00	5.00385	894	4310
5.18/5.31	5.30691	892	5051
5.18/5.48	5.47893	891	5463
5.18/5.49	5.49139	890	5464
5.18/5.56	5.5626	889	5629
5.18/5.57	5.57646	888	5634
5.18/5.59	5.58841	887	5635
5.89/5.98	5.98105	886	6609
6.39/6.48	6.47904	885	7875
6.96/6.97	6.97255	884	9109
6.96/7.03	7.03432	882	9236
8.89/8.98	8.98005	880	14219
9.39/9.79	9.79427	879	16319
9.39/9.81	9.80733	878	16324
9.39/9.82	9.8228	877	16335
10.09/10.10	10.1017	875	17045
10.09/10.11	10.1152	874	17049
10.09/10.15	10.1515	873	17109
14.31/14.35	14.3466	870	28031
14.89/14.97	14.967	869	29594
15.19/15.27	15.2668	868	30346
15.19/15.28	15.2799	867	30349
15.19/15.34	15.3422	866	30474
15.79/15.87	15.8744	864	31802
16.39/16.47	16.4706	863	33358
16.49/16.58	16.5802	862	33623
16.49/16.59	16.5945	861	33631
16.59/16.69	16.6895	860	33846
16.59/16.70	16.7014	859	33847
23.69/23.75	23.7492	858	52397
23.89/23.99	23.9896	857	53000
30.79/30.80	30.7984	855	71090
30.79/30.81	30.8127	854	71098
30.89/30.98	30.977	853	71491
49.46/49.69	49.6857	852	121039
999.96/1000.02	2724816
