0.00/0.58	0.582373	1128	0
0.00/0.60	0.601482	1127	1
0.00/0.62	0.619515	1126	3
0.62/0.63	0.635361	1125	4
0.62/0.65	0.650901	1124	5
0.62/0.67	0.668631	1122	7
0.62/0.68	0.684261	1121	8
0.69/0.70	0.70033	1120	10
0.69/0.71	0.717026	1119	12
0.69/0.73	0.733427	1116	13
0.69/0.75	0.750192	1115	15
0.69/0.76	0.766418	1113	16
0.69/0.78	0.783121	1112	18
0.79/0.80	0.79959	1111	19
0.79/0.81	0.815982	1110	21
0.79/0.83	0.832553	1109	23
0.79/0.85	0.848598	1108	24
0.79/0.86	0.865148	1107	26
0.79/0.88	0.881175	1106	27
0.88/0.90	0.898653	1104	32
0.88/0.91	0.914614	1103	33
0.88/0.93	0.93083	1102	34
0.88/0.94	0.947195	1101	36
0.88/0.96	0.96475	1099	41
0.88/0.98	0.980832	1098	42
0.98/1.00	0.998313	1097	47
0.98/1.01	1.01432	1096	48
0.98/1.03	1.03267	1095	55
0.98/1.05	1.04848	1094	56
0.98/1.06	1.06459	1092	57
0.98/1.08	1.08246	1090	63
1.08/1.10	1.09816	1089	64
1.08/1.11	1.11402	1088	65
1.08/1.13	1.12995	1087	66
1.08/1.14	1.14589	1086	67
1.08/1.16	1.16312	1083	72
1.08/1.18	1.17789	1082	73
1.08/1.19	1.19269	1081	74
1.18/1.21	1.20796	1079	76
1.18/1.22	1.22312	1077	77
1.18/1.24	1.23983	1074	82
1.18/1.25	1.25555	1073	83
1.18/1.27	1.27437	1072	91
1.18/1.29	1.29159	1071	96
1.28/1.30	1.30711	1069	97
1.28/1.32	1.32318	1067	99
1.28/1.34	1.33895	1066	101
1.28/1.35	1.3536	1065	102
1.28/1.37	1.36966	1063	107
1.28/1.38	1.38437	1062	108
1.38/1.40	1.39878	1061	109
1.38/1.41	1.41319	1060	110
1.38/1.43	1.42811	1057	112
1.38/1.44	1.44354	1056	115
1.38/1.46	1.45808	1055	116
1.38/1.47	1.47247	1054	117
1.38/1.48	1.48682	1053	118
1.48/1.50	1.50143	1052	120
1.48/1.51	1.51634	1051	123
1.48/1.53	1.53056	1050	124
1.48/1.54	1.54533	1049	126
1.48/1.56	1.55961	1048	127
1.48/1.57	1.57507	1047	131
1.48/1.59	1.5894	1046	132
1.48/1.60	1.60379	1045	133
1.48/1.62	1.62199	1044	142
1.48/1.63	1.63705	1043	143
1.48/1.65	1.65324	1042	146
1.48/1.67	1.66948	1041	152
1.48/1.68	1.68394	1040	154
1.48/1.70	1.69812	1039	155
1.48/1.71	1.71275	1038	157
1.48/1.72	1.72679	1037	158
1.48/1.74	1.74131	1035	160
1.48/1.75	1.75634	1034	163
1.48/1.77	1.77111	1033	164
1.48/1.78	1.78672	1032	167
1.48/1.80	1.80223	1031	169
1.48/1.82	1.81988	1030	176
1.48/1.83	1.83703	1028	183
1.82/1.85	1.85614	1027	194
1.82/1.87	1.87248	1026	198
1.82/1.88	1.88706	1025	199
1.82/1.90	1.90217	1024	201
1.82/1.92	1.91756	1023	203
1.82/1.93	1.93236	1022	204
1.93/1.95	1.94785	1021	207
1.93/1.96	1.963	1020	209
1.93/1.98	1.97779	1019	210
1.93/1.99	1.99293	1018	212
1.98/2.01	2.00947	1017	217
1.98/2.02	2.02473	1016	221
1.98/2.04	2.03882	1015	223
1.98/2.05	2.05324	1014	225
1.98/2.07	2.06841	1013	228
1.98/2.08	2.0851	1012	236
2.08/2.10	2.09997	1011	238
2.08/2.12	2.11751	1010	247
2.08/2.13	2.13158	1009	249
2.08/2.14	2.14652	1008	253
2.08/2.16	2.16252	1007	257
2.08/2.17	2.1766	1006	259
2.08/2.19	2.19123	1005	262
2.18/2.20	2.207	1004	267
2.18/2.22	2.22205	1001	272
2.18/2.24	2.2404	1000	286
2.18/2.25	2.25615	998	293
2.18/2.27	2.27056	997	296
2.18/2.28	2.28713	996	304
2.28/2.30	2.3026	995	308
2.28/2.31	2.31723	994	311
2.28/2.33	2.33124	993	312
2.28/2.34	2.34524	992	314
2.28/2.36	2.35995	991	319
2.28/2.38	2.38212	988	344
2.38/2.40	2.39795	986	352
2.38/2.41	2.41191	985	354
2.38/2.43	2.42978	984	365
2.38/2.44	2.4439	983	366
2.38/2.46	2.45797	982	368
2.38/2.47	2.4761	981	382
2.38/2.49	2.49633	979	398
2.48/2.51	2.51031	978	399
2.48/2.52	2.52433	977	400
2.48/2.54	2.53973	976	405
2.48/2.55	2.55478	975	409
2.48/2.57	2.56832	974	410
2.48/2.58	2.58321	973	416
2.48/2.59	2.59708	972	419
2.58/2.61	2.61096	971	422
2.58/2.62	2.62398	970	423
2.58/2.64	2.6383	969	427
2.58/2.65	2.65379	968	431
2.58/2.67	2.67255	967	447
2.58/2.70	2.69729	966	477
2.68/2.74	2.74372	964	567
2.68/2.76	2.76422	963	586
2.68/2.79	2.78837	960	613
2.78/2.80	2.80239	959	615
2.78/2.82	2.8203	957	627
2.78/2.83	2.8339	956	628
2.78/2.87	2.87627	955	700
2.78/2.89	2.89569	954	718
2.78/2.92	2.92278	953	756
2.78/2.93	2.93696	952	759
2.78/2.95	2.95388	951	770
2.78/3.00	3.00177	950	857
2.78/3.01	3.01597	949	860
2.78/3.07	3.07486	948	977
2.78/3.09	3.08915	947	980
2.78/3.11	3.10788	946	995
2.78/3.13	3.12748	944	1012
2.78/3.14	3.14229	943	1017
2.78/3.15	3.15606	942	1018
2.78/3.17	3.17023	941	1021
2.78/3.18	3.18633	940	1029
2.78/3.20	3.20393	939	1041
2.78/3.21	3.21714	938	1042
2.78/3.23	3.23246	937	1049
2.78/3.26	3.26294	935	1096
3.26/3.29	3.29379	934	1142
3.26/3.31	3.30815	933	1146
3.34/3.37	3.36846	931	1267
3.34/3.38	3.38183	930	1268
3.34/3.39	3.39645	929	1273
3.38/3.43	3.43209	928	1333
3.38/3.48	3.48446	927	1435
3.48/3.51	3.51373	926	1475
3.48/3.52	3.5269	925	1476
3.48/3.54	3.54128	924	1480
3.48/3.55	3.55564	923	1485
3.48/3.59	3.59385	922	1550
3.58/3.60	3.60681	921	1551
3.58/3.63	3.63442	920	1587
3.58/3.66	3.66565	919	1633
3.68/3.72	3.71924	918	1737
3.78/3.86	3.86471	915	2080
3.78/3.88	3.87805	914	2082
3.78/3.89	3.89361	912	2090
3.88/3.92	3.92662	911	2141
3.88/3.94	3.93991	910	2143
3.88/3.96	3.95879	909	2157
3.88/3.97	3.97164	908	2158
3.88/3.98	3.98492	907	2160
3.98/4.00	3.99804	906	2162
3.98/4.01	4.01079	905	2163
4.18/4.28	4.27734	903	2830
4.18/4.36	4.36329	900	3023
4.18/4.39	4.39213	899	3068
4.18/4.41	4.4075	898	3075
4.18/4.42	4.42178	897	3081
4.18/4.43	4.4338	896	3083
4.18/4.77	4.77698	895	3942
4.18/4.80	4.79899	894	3969
4.18/4.81	4.8116	893	3970
4.80/4.90	4.89778	892	4165
5.18/5.23	5.2334	890	5005
5.18/5.27	5.26752	889	5059
5.18/5.28	5.28079	888	5064
5.28/5.30	5.29805	887	5077
5.28/5.32	5.3196	886	5102
5.28/5.33	5.33264	885	5104
5.28/5.35	5.35323	884	5125
5.28/5.36	5.36555	883	5126
5.38/5.41	5.41714	882	5227
5.38/5.47	5.47134	881	5335
5.38/5.48	5.48477	880	5339
5.49/5.50	5.49796	879	5342
5.49/5.51	5.51161	878	5347
5.49/5.52	5.52384	877	5348
5.49/5.54	5.53831	876	5353
5.49/5.58	5.58288	875	5434
5.69/5.74	5.7449	874	5832
5.69/5.79	5.78899	873	5918
5.69/5.80	5.80291	872	5924
5.82/6.07	6.07399	871	6608
5.82/6.09	6.08908	870	6619
5.82/6.10	6.10077	869	6620
5.82/6.11	6.1159	868	6629
5.82/6.14	6.14027	867	6664
5.82/6.15	6.15257	866	6665
5.82/6.23	6.2324	865	6854
6.39/6.41	6.41507	864	7298
6.59/6.62	6.6238	863	7830
6.79/6.89	6.89668	862	8523
6.89/6.91	6.91021	861	8528
7.29/7.52	7.52014	860	10135
7.29/7.53	7.53166	859	10136
7.29/7.58	7.58564	857	10248
7.29/7.60	7.5984	856	10251
12.99/13.23	13.2355	855	25218
13.46/13.66	13.6667	854	26316
21.59/21.62	21.6254	853	47506
21.89/22.45	22.454	851	49650
29.19/29.42	29.4255	850	68100
30.29/30.32	30.3192	849	70443
30.29/30.33	30.3317	848	70445
30.29/30.34	30.3438	847	70446
33.49/33.63	33.6329	846	79167
999.98/1000.03	2768034
