0.59/0.60	0.605193	1127	0
0.59/0.62	0.620989	1126	1
0.59/0.63	0.636684	1125	2
0.59/0.65	0.652874	1123	3
0.59/0.67	0.6684	1122	4
0.59/0.68	0.684564	1120	6
0.69/0.70	0.700544	1119	7
0.69/0.71	0.716331	1118	8
0.69/0.73	0.731852	1117	9
0.69/0.74	0.747453	1116	10
0.69/0.76	0.762936	1115	11
0.69/0.78	0.779266	1114	14
0.69/0.79	0.79458	1113	15
0.80/0.81	0.810387	1112	17
0.80/0.82	0.825733	1111	18
0.80/0.84	0.842021	1110	21
0.80/0.86	0.858206	1108	23
0.80/0.87	0.873644	1107	24
0.80/0.89	0.889016	1106	25
0.89/0.90	0.905185	1105	27
0.89/0.92	0.92041	1104	28
0.89/0.93	0.93595	1103	29
0.89/0.95	0.951142	1101	30
0.89/0.96	0.966343	1100	31
0.89/0.98	0.981846	1098	33
0.89/1.00	0.997877	1097	36
0.89/1.01	1.01327	1096	37
0.89/1.03	1.03002	1095	42
0.89/1.04	1.04654	1093	46
0.89/1.06	1.06173	1092	47
0.89/1.08	1.07809	1090	50
0.89/1.09	1.09312	1089	51
1.10/1.11	1.10836	1088	52
1.10/1.12	1.12502	1087	56
1.10/1.14	1.14178	1086	59
1.10/1.15	1.15753	1085	60
1.10/1.17	1.17309	1084	61
1.10/1.19	1.18795	1082	62
1.19/1.20	1.20357	1081	64
1.19/1.22	1.21839	1079	65
1.19/1.23	1.23363	1078	67
1.19/1.25	1.24913	1077	69
1.19/1.26	1.26414	1076	70
1.19/1.28	1.27885	1075	71
1.19/1.29	1.29394	1074	72
1.30/1.31	1.30886	1073	73
1.30/1.32	1.32492	1070	77
1.30/1.34	1.33997	1069	79
1.30/1.35	1.35462	1068	80
1.30/1.37	1.36941	1067	81
1.30/1.38	1.38437	1066	82
1.40/1.40	1.39968	1063	84
1.40/1.41	1.41566	1062	88
1.40/1.43	1.4319	1060	93
1.40/1.44	1.44696	1059	95
1.40/1.46	1.46165	1058	96
1.40/1.47	1.47654	1057	98
1.40/1.49	1.49148	1056	100
1.49/1.50	1.50635	1055	102
1.49/1.52	1.52229	1053	107
1.49/1.53	1.53676	1051	108
1.49/1.55	1.5512	1050	109
1.49/1.56	1.56556	1049	110
1.49/1.58	1.58074	1047	113
1.49/1.59	1.59553	1046	115
1.60/1.61	1.61023	1045	116
1.60/1.62	1.6249	1044	118
1.60/1.64	1.63949	1043	120
1.60/1.65	1.65568	1042	124
1.60/1.67	1.67015	1041	125
1.60/1.68	1.68542	1039	129
1.60/1.70	1.69956	1038	130
1.60/1.71	1.71584	1037	135
1.60/1.73	1.73002	1036	136
1.60/1.74	1.74413	1035	137
1.60/1.76	1.75837	1034	138
1.60/1.77	1.7735	1033	141
1.60/1.79	1.78909	1032	146
1.60/1.80	1.80594	1031	153
1.60/1.82	1.82133	1030	157
1.60/1.83	1.83577	1029	159
1.60/1.85	1.84968	1028	160
1.60/1.86	1.86633	1027	166
1.87/1.88	1.88103	1026	169
1.87/1.89	1.89493	1025	170
1.89/1.91	1.9092	1024	171
1.89/1.92	1.92711	1023	182
1.89/1.94	1.94138	1022	184
1.89/1.95	1.95683	1021	187
1.89/1.97	1.97133	1020	189
1.89/1.98	1.98532	1019	190
1.99/2.00	1.99917	1018	191
1.99/2.01	2.01353	1017	192
1.99/2.02	2.02732	1015	193
1.99/2.04	2.04532	1013	205
1.99/2.06	2.0591	1011	206
1.99/2.07	2.0751	1009	212
1.99/2.09	2.09188	1008	222
2.09/2.10	2.1062	1007	224
2.09/2.12	2.12034	1006	226
2.09/2.13	2.13436	1005	228
2.09/2.15	2.15019	1004	235
2.09/2.16	2.16488	1003	237
2.09/2.18	2.17889	1002	238
2.09/2.19	2.19346	1001	241
2.20/2.21	2.21091	1000	251
2.20/2.22	2.22511	999	254
2.20/2.24	2.23882	998	255
2.20/2.25	2.25522	997	262
2.20/2.27	2.2709	996	268
2.20/2.29	2.28803	994	278
2.20/2.30	2.30476	993	287
2.20/2.32	2.32175	992	296
2.20/2.33	2.33647	991	299
2.20/2.35	2.34987	990	300
2.20/2.36	2.36397	989	303
2.20/2.40	2.40164	988	362
2.20/2.41	2.41574	987	365
2.20/2.43	2.43068	986	370
2.20/2.44	2.4458	985	375
2.20/2.46	2.4592	984	376
2.20/2.47	2.47336	983	379
2.20/2.49	2.49005	980	389
2.20/2.51	2.51012	979	406
2.20/2.52	2.52333	978	407
2.20/2.53	2.53656	977	408
2.20/2.55	2.55123	976	412
2.31/2.58	2.5788	975	449
2.31/2.59	2.59197	974	450
2.31/2.60	2.60731	973	456
2.31/2.63	2.63316	971	488
2.31/2.65	2.64933	970	497
2.66/2.66	2.66492	969	503
2.66/2.68	2.6813	968	511
2.69/2.70	2.69965	967	524
2.69/2.71	2.71452	966	529
2.69/2.73	2.72773	965	530
2.69/2.74	2.74385	964	537
2.69/2.78	2.78436	962	604
2.79/2.80	2.79992	961	612
2.79/2.82	2.82585	959	647
2.79/2.84	2.83921	958	649
2.79/2.85	2.85298	957	651
2.79/2.89	2.89026	953	711
2.89/2.91	2.90975	952	729
2.89/2.92	2.92482	951	736
2.89/2.93	2.93751	950	737
2.89/2.95	2.95046	949	738
2.89/2.96	2.96454	948	742
2.89/2.97	2.97717	947	743
2.89/2.99	2.98985	946	744
2.99/3.01	3.0089	944	761
2.99/3.02	3.02723	943	774
2.99/3.04	3.04322	942	784
2.99/3.06	3.06016	941	795
2.99/3.08	3.07822	940	809
3.09/3.12	3.11986	938	882
3.09/3.13	3.13354	937	885
3.09/3.15	3.15097	936	898
3.09/3.16	3.16438	935	899
3.09/3.18	3.17889	934	904
3.09/3.19	3.19156	933	905
3.19/3.20	3.20496	932	907
3.19/3.21	3.21737	931	908
3.19/3.23	3.23101	930	912
3.19/3.28	3.28653	928	1014
3.29/3.30	3.30149	927	1022
3.29/3.31	3.31394	926	1023
3.29/3.33	3.33313	925	1039
3.29/3.36	3.35871	923	1071
3.29/3.39	3.3931	922	1126
3.39/3.41	3.41055	921	1139
3.39/3.42	3.42428	920	1143
3.39/3.43	3.43716	919	1145
3.49/3.50	3.50512	918	1282
3.49/3.55	3.54879	917	1363
3.49/3.57	3.56834	916	1380
3.49/3.62	3.61816	915	1472
3.49/3.63	3.63141	914	1475
3.49/3.64	3.64635	913	1482
3.49/3.66	3.66705	912	1502
3.49/3.68	3.68025	911	1505
3.49/3.69	3.69742	910	1517
3.49/3.73	3.73337	909	1577
3.49/3.74	3.74544	908	1578
3.49/3.75	3.7575	907	1579
3.89/3.97	3.97177	906	2098
3.89/3.99	3.99034	905	2116
4.09/4.13	4.13073	902	2444
4.09/4.14	4.14403	901	2447
4.09/4.17	4.17758	899	2506
4.09/4.19	4.19167	898	2512
4.39/4.46	4.46641	897	3182
4.49/4.57	4.5685	896	3417
4.49/4.58	4.58154	895	3420
4.49/4.59	4.59352	894	3421
4.69/4.76	4.76351	892	3823
4.69/4.83	4.8276	891	3963
4.81/4.84	4.84488	890	3977
4.81/4.89	4.89067	889	4069
4.81/4.92	4.9218	888	4122
4.81/5.08	5.08654	887	4514
5.49/5.58	5.57871	884	5778
5.49/5.59	5.59096	883	5779
5.78/5.80	5.80592	882	6284
5.78/5.84	5.84454	881	6353
5.78/5.86	5.8616	880	6367
7.08/7.11	7.10981	879	9634
7.38/7.56	7.56023	877	10756
7.38/7.81	7.8151	876	11375
7.38/7.84	7.84109	875	11410
7.38/7.86	7.86071	874	11430
7.38/7.87	7.8734	873	11432
8.48/8.54	8.54074	871	13152
8.48/8.55	8.55371	870	13155
8.48/8.56	8.56667	869	13158
8.88/9.38	9.38619	868	15249
9.59/9.60	9.60652	866	15783
9.59/9.68	9.68304	865	15954
12.89/12.97	12.9766	864	24582
15.59/15.64	15.6421	862	31546
18.49/18.58	18.5796	861	39135
25.10/25.11	25.1101	859	55896
25.69/25.72	25.7164	858	57400
25.69/25.74	25.7432	857	57441
29.09/29.17	29.1682	856	66265
29.49/29.62	29.6204	854	67408
30.99/31.10	31.0977	853	71178
33.69/33.79	33.7956	851	78120
33.89/34.21	34.208	849	79173
999.63/1000.03	2668321
