0.29/0.56	0.561977	1135	0
0.29/0.58	0.578664	1134	1
0.29/0.59	0.595539	1133	4
0.29/0.61	0.612098	1132	5
0.29/0.63	0.628434	1131	6
0.29/0.64	0.645213	1130	8
0.29/0.66	0.661002	1129	9
0.29/0.67	0.676808	1128	10
0.29/0.69	0.692608	1127	11
0.29/0.71	0.70893	1126	12
0.29/0.72	0.724693	1125	13
0.29/0.74	0.740468	1124	14
0.73/0.75	0.756443	1123	15
0.73/0.77	0.773115	1121	18
0.73/0.79	0.788866	1120	19
0.79/0.80	0.804557	1119	20
0.79/0.82	0.820264	1118	21
0.79/0.83	0.836132	1117	22
0.79/0.85	0.851641	1116	23
0.79/0.86	0.867137	1115	24
0.79/0.88	0.882639	1114	25
0.79/0.90	0.898153	1113	26
0.89/0.91	0.913891	1112	27
0.89/0.93	0.929696	1111	28
0.89/0.94	0.945527	1110	29
0.89/0.96	0.96111	1109	30
0.89/0.97	0.976546	1107	31
0.89/0.99	0.992489	1106	33
0.99/1.01	1.00939	1105	36
0.99/1.02	1.02525	1104	37
0.99/1.04	1.04074	1103	38
0.99/1.05	1.05617	1102	39
0.99/1.07	1.07203	1101	40
0.99/1.08	1.08736	1100	41
1.09/1.10	1.10293	1099	42
1.09/1.12	1.11949	1098	45
1.09/1.13	1.1357	1097	47
1.09/1.15	1.15115	1096	48
1.09/1.16	1.16642	1095	49
1.09/1.18	1.1816	1094	50
1.09/1.19	1.19689	1093	51
1.19/1.21	1.2123	1092	52
1.19/1.22	1.2275	1091	53
1.19/1.24	1.24266	1089	54
1.19/1.26	1.25921	1088	59
1.19/1.27	1.27475	1087	61
1.19/1.29	1.28982	1086	62
1.19/1.30	1.305	1085	63
1.30/1.32	1.32045	1084	64
1.30/1.33	1.33562	1083	65
1.30/1.35	1.35119	1082	67
1.30/1.36	1.36671	1080	69
1.30/1.38	1.38335	1079	73
1.30/1.40	1.39873	1078	75
1.30/1.41	1.41522	1076	80
1.41/1.43	1.43064	1075	82
1.41/1.44	1.44554	1074	83
1.41/1.46	1.46083	1073	85
1.41/1.47	1.47565	1072	86
1.41/1.49	1.49176	1070	90
1.49/1.51	1.50804	1069	95
1.49/1.52	1.52331	1068	97
1.49/1.54	1.53924	1067	101
1.49/1.55	1.55497	1066	104
1.49/1.57	1.5704	1065	105
1.49/1.58	1.58595	1064	108
1.59/1.60	1.601	1063	109
1.59/1.61	1.61613	1062	110
1.59/1.63	1.63113	1061	111
1.59/1.64	1.6479	1059	116
1.59/1.66	1.66353	1058	118
1.59/1.68	1.6786	1057	119
1.59/1.69	1.69332	1056	120
1.69/1.71	1.7086	1055	122
1.69/1.72	1.72361	1054	124
1.69/1.74	1.73836	1053	125
1.69/1.75	1.75453	1052	130
1.69/1.77	1.77171	1050	138
1.69/1.78	1.78654	1048	140
1.79/1.80	1.8022	1047	143
1.79/1.82	1.81819	1046	148
1.79/1.83	1.83258	1045	149
1.79/1.84	1.84696	1044	150
1.79/1.86	1.86203	1043	153
1.79/1.87	1.8765	1042	154
1.79/1.89	1.89185	1041	157
1.89/1.90	1.90664	1040	159
1.89/1.92	1.92283	1039	165
1.89/1.94	1.93856	1038	169
1.89/1.95	1.95408	1037	173
1.89/1.97	1.96975	1036	177
1.89/1.98	1.98443	1035	179
1.89/2.00	1.99866	1034	180
1.89/2.01	2.01325	1033	181
1.89/2.03	2.0296	1031	186
2.04/2.04	2.0479	1028	197
2.04/2.06	2.06398	1027	203
2.04/2.08	2.07882	1026	204
2.04/2.09	2.09618	1024	213
2.09/2.11	2.11227	1023	218
2.09/2.12	2.12665	1022	219
2.09/2.14	2.14473	1021	229
2.09/2.16	2.16254	1020	238
2.09/2.18	2.1793	1018	246
2.09/2.19	2.19369	1017	248
2.19/2.21	2.20833	1016	250
2.19/2.22	2.2226	1015	252
2.19/2.23	2.23799	1014	257
2.19/2.25	2.25191	1013	258
2.19/2.26	2.26629	1012	260
2.19/2.28	2.28155	1011	265
2.19/2.29	2.29668	1010	269
2.29/2.31	2.31466	1008	280
2.29/2.33	2.32958	1007	283
2.29/2.34	2.34347	1006	284
2.29/2.36	2.36066	1005	294
2.29/2.39	2.38877	1002	330
2.29/2.40	2.40359	1000	334
2.29/2.42	2.42381	999	352
2.29/2.44	2.4391	997	357
2.29/2.45	2.45276	996	358
2.29/2.46	2.46657	995	359
2.29/2.48	2.48354	992	368
2.29/2.49	2.49701	991	369
2.50/2.51	2.51055	990	370
2.50/2.53	2.52671	988	378
2.50/2.54	2.54041	987	379
2.50/2.55	2.5542	986	381
2.50/2.57	2.5748	985	398
2.50/2.59	2.58872	983	400
2.50/2.60	2.60242	982	401
2.60/2.61	2.61652	981	404
2.60/2.63	2.63182	980	409
2.60/2.65	2.64816	979	416
2.60/2.66	2.66179	978	417
2.60/2.67	2.67587	977	419
2.60/2.69	2.68935	976	420
2.69/2.70	2.70592	975	427
2.69/2.72	2.72285	973	437
2.69/2.73	2.73611	972	438
2.69/2.75	2.74949	971	439
2.69/2.77	2.77386	970	468
2.79/2.80	2.79927	969	499
2.79/2.81	2.81264	968	500
2.79/2.82	2.82589	967	501
2.79/2.85	2.85208	966	535
2.79/2.86	2.86675	965	540
2.79/2.89	2.88948	964	566
2.89/2.90	2.90775	962	580
2.89/2.92	2.9224	961	585
2.89/2.93	2.93712	960	590
2.89/2.97	2.97198	958	647
2.89/2.99	2.98972	957	660
2.99/3.01	3.01471	954	692
2.99/3.02	3.02787	953	693
2.99/3.04	3.04264	952	698
2.99/3.05	3.05677	951	702
3.09/3.11	3.11576	948	817
3.09/3.14	3.14104	945	847
3.09/3.15	3.15391	944	848
3.09/3.17	3.17386	943	866
3.19/3.20	3.2021	942	906
3.19/3.21	3.21489	941	907
3.19/3.25	3.25702	939	981
3.19/3.27	3.27084	938	984
3.19/3.28	3.28442	937	985
3.29/3.32	3.32258	935	1049
3.29/3.35	3.3509	934	1088
3.29/3.38	3.37915	933	1129
3.39/3.47	3.47418	930	1334
3.39/3.48	3.48738	929	1336
3.39/3.50	3.50135	928	1340
3.39/3.51	3.5139	927	1341
3.51/3.60	3.60341	926	1535
3.51/3.61	3.61639	925	1536
3.51/3.63	3.62904	924	1537
3.51/3.68	3.68532	922	1648
3.51/3.70	3.70144	921	1657
3.51/3.71	3.7161	920	1660
3.51/3.73	3.72958	919	1663
3.51/3.74	3.74226	918	1664
3.51/3.76	3.76472	917	1691
3.51/3.77	3.77795	916	1692
3.51/3.79	3.79249	915	1698
3.51/3.81	3.81722	914	1729
3.51/3.83	3.83081	913	1731
3.51/3.84	3.84402	912	1732
3.95/4.01	4.01425	911	2142
4.09/4.12	4.12415	910	2408
4.19/4.22	4.22094	909	2627
4.19/4.27	4.27735	908	2746
4.39/4.40	4.40625	906	3044
4.39/4.42	4.4231	905	3055
4.39/4.43	4.43781	904	3061
4.49/4.53	4.53519	902	3280
4.49/4.55	4.5505	901	3288
4.49/4.56	4.56362	900	3290
4.69/4.79	4.78893	899	3833
4.79/4.80	4.80171	898	3834
4.79/4.89	4.89495	897	4044
4.89/4.91	4.90849	896	4047
4.89/4.92	4.92172	895	4049
4.89/4.95	4.94919	894	4086
4.89/4.97	4.97101	893	4111
4.89/5.07	5.0699	892	4340
4.89/5.08	5.08301	891	4343
4.89/5.22	5.2233	890	4688
4.89/5.24	5.23929	889	4699
4.89/5.39	5.39297	887	5076
4.89/5.40	5.4079	886	5084
5.79/5.86	5.86186	884	6239
5.89/5.97	5.9761	883	6505
5.99/6.08	6.08667	882	6768
7.18/7.21	7.21028	878	9656
7.18/7.22	7.22241	877	9657
9.19/9.26	9.26114	876	14958
9.19/9.28	9.27885	875	14974
9.41/9.79	9.79365	874	16314
9.41/9.86	9.85853	873	16457
9.41/9.87	9.8708	872	16458
11.79/11.87	11.8681	869	21630
13.79/13.86	13.8609	868	26885
15.40/15.48	15.4804	867	31122
15.40/15.49	15.4934	866	31125
15.40/15.50	15.5073	865	31131
15.40/15.52	15.5191	864	31132
15.40/15.53	15.5308	863	31133
19.79/20.23	20.2304	861	43757
20.99/21.06	21.0653	860	45958
21.30/21.58	21.5843	859	47316
21.75/21.78	21.7834	858	47815
22.69/23.18	23.1811	857	51444
23.16/23.36	23.3624	855	51895
23.42/23.46	23.4661	854	52124
29.78/29.84	29.8421	853	68849
79.69/79.71	79.7104	852	201684
79.69/79.72	79.7223	851	201686
79.69/79.74	79.7347	850	201688
103.80/104.02	104.022	849	266308
914.77/914.89	914.87	848	2469326
999.96/1000.03	2700406
