0.58/0.64	0.629067	1132	0
0.58/0.66	0.645139	1131	1
0.58/0.67	0.661526	1130	4
0.58/0.69	0.677374	1129	5
0.68/0.70	0.693019	1127	6
0.68/0.72	0.70879	1126	7
0.68/0.74	0.724849	1125	9
0.68/0.75	0.740392	1124	10
0.68/0.77	0.756783	1123	12
0.68/0.78	0.773212	1122	13
0.78/0.80	0.789879	1121	15
0.78/0.82	0.806679	1120	17
0.78/0.83	0.822483	1119	19
0.78/0.85	0.837946	1118	20
0.78/0.86	0.853477	1117	21
0.78/0.88	0.869394	1116	23
0.88/0.90	0.885437	1115	24
0.88/0.91	0.901242	1114	25
0.88/0.93	0.917013	1112	27
0.88/0.94	0.932581	1111	28
0.88/0.96	0.948019	1110	29
0.88/0.97	0.963351	1109	30
0.88/0.99	0.978723	1108	31
0.88/1.01	0.9945	1107	33
0.99/1.02	1.00996	1106	34
0.99/1.04	1.02534	1104	35
0.99/1.05	1.04079	1103	36
0.99/1.07	1.05605	1101	37
0.99/1.08	1.07188	1100	39
0.99/1.10	1.08715	1099	40
1.09/1.11	1.10273	1098	41
1.09/1.13	1.11794	1097	42
1.09/1.14	1.13345	1096	43
1.09/1.16	1.14872	1095	44
1.09/1.18	1.16424	1094	46
1.09/1.19	1.18026	1093	49
1.18/1.21	1.19536	1092	50
1.18/1.22	1.21158	1091	54
1.18/1.24	1.22735	1090	56
1.18/1.25	1.2426	1089	57
1.18/1.27	1.25762	1088	58
1.18/1.29	1.2729	1087	59
1.28/1.30	1.28784	1086	60
1.28/1.32	1.30345	1085	61
1.28/1.33	1.31845	1084	62
1.28/1.35	1.33352	1083	63
1.28/1.36	1.3484	1082	64
1.28/1.38	1.3646	1081	67
1.28/1.39	1.38054	1080	69
1.38/1.41	1.39582	1079	71
1.38/1.42	1.41099	1077	72
1.38/1.44	1.42613	1076	74
1.38/1.45	1.44185	1074	77
1.38/1.47	1.45714	1073	78
1.38/1.49	1.47263	1072	79
1.48/1.50	1.48807	1071	80
1.48/1.52	1.5041	1070	81
1.48/1.53	1.52073	1069	84
1.48/1.55	1.53645	1068	86
1.48/1.56	1.55217	1067	88
1.48/1.58	1.56758	1065	89
1.58/1.60	1.58503	1063	95
1.58/1.61	1.60028	1062	96
1.58/1.63	1.61561	1060	97
1.58/1.64	1.63102	1059	98
1.58/1.66	1.64626	1057	99
1.58/1.67	1.66264	1056	103
1.58/1.69	1.67827	1055	105
1.68/1.71	1.69365	1054	106
1.68/1.72	1.70834	1052	107
1.68/1.74	1.724	1050	111
1.68/1.75	1.73845	1049	112
1.68/1.77	1.75731	1047	122
1.68/1.79	1.77267	1046	123
1.78/1.80	1.78781	1044	125
1.78/1.82	1.80451	1043	130
1.78/1.83	1.81919	1042	132
1.78/1.85	1.83399	1041	134
1.78/1.86	1.84815	1040	135
1.78/1.88	1.86426	1039	141
1.78/1.89	1.87866	1038	142
1.88/1.91	1.89338	1037	144
1.88/1.92	1.90795	1036	145
1.88/1.94	1.9236	1035	148
1.88/1.95	1.93874	1034	150
1.88/1.97	1.95477	1033	154
1.88/1.98	1.97219	1030	161
1.88/2.00	1.99059	1029	170
2.00/2.02	2.00689	1027	175
2.00/2.03	2.02149	1026	178
2.00/2.05	2.03653	1025	182
2.00/2.06	2.05051	1023	183
2.00/2.08	2.06438	1022	184
2.00/2.09	2.07893	1021	187
2.00/2.11	2.09274	1020	188
2.00/2.12	2.10719	1019	190
2.00/2.13	2.12172	1018	193
2.00/2.15	2.13623	1017	195
2.10/2.16	2.15104	1016	197
2.10/2.18	2.1686	1012	206
2.10/2.20	2.18318	1011	209
2.10/2.21	2.19841	1010	214
2.10/2.22	2.21257	1009	216
2.10/2.24	2.22893	1008	224
2.24/2.26	2.24328	1007	225
2.24/2.27	2.26106	1006	235
2.24/2.29	2.27733	1004	242
2.28/2.30	2.29186	1003	245
2.28/2.32	2.30715	1002	249
2.28/2.33	2.32078	1001	250
2.28/2.35	2.3352	999	252
2.28/2.36	2.35153	998	259
2.28/2.38	2.36599	996	262
2.38/2.40	2.3856	993	279
2.38/2.41	2.40035	992	283
2.38/2.43	2.41445	991	286
2.38/2.44	2.4281	990	288
2.38/2.46	2.44356	989	293
2.38/2.47	2.45955	988	299
2.38/2.49	2.47474	987	305
2.38/2.50	2.48842	986	307
2.49/2.52	2.50485	984	315
2.49/2.53	2.51999	983	319
2.49/2.55	2.53864	982	334
2.49/2.57	2.55271	981	335
2.49/2.58	2.56758	980	339
2.58/2.60	2.58925	979	359
2.58/2.62	2.60742	977	370
2.58/2.63	2.62183	976	372
2.58/2.65	2.64056	975	386
2.58/2.67	2.65522	974	390
2.58/2.69	2.67376	973	404
2.68/2.70	2.69061	972	412
2.68/2.72	2.70831	971	422
2.68/2.74	2.72373	970	427
2.68/2.77	2.75478	969	472
2.68/2.78	2.77051	968	480
2.78/2.80	2.78431	967	483
2.78/2.81	2.79808	966	484
2.78/2.82	2.81113	965	485
2.78/2.84	2.82503	964	488
2.78/2.85	2.83792	963	489
2.78/2.86	2.85159	962	492
2.78/2.88	2.86548	961	494
2.78/2.89	2.87883	960	496
2.88/2.92	2.90545	959	532
2.88/2.94	2.92761	958	556
2.88/2.98	2.9708	956	633
2.98/3.00	2.98831	955	644
2.98/3.02	3.00509	954	653
2.98/3.03	3.01958	952	656
2.98/3.06	3.0448	951	688
2.98/3.07	3.0577	950	689
3.08/3.10	3.08314	949	722
3.08/3.12	3.10903	947	757
3.08/3.14	3.12355	946	760
3.08/3.15	3.14031	945	769
3.08/3.17	3.15962	944	785
3.08/3.19	3.17374	943	788
3.08/3.20	3.18845	942	792
3.08/3.21	3.20244	941	795
3.08/3.23	3.21513	940	796
3.08/3.26	3.24581	939	842
3.08/3.28	3.26519	938	860
3.08/3.30	3.28311	937	876
3.08/3.31	3.29757	936	880
3.08/3.32	3.31093	935	883
3.08/3.34	3.32483	934	887
3.08/3.35	3.33954	933	893
3.34/3.36	3.35216	932	894
3.34/3.38	3.36721	931	901
3.34/3.39	3.3797	930	902
3.34/3.40	3.39253	929	904
3.42/3.47	3.46144	928	1046
3.42/3.49	3.47622	927	1051
3.48/3.55	3.53643	926	1168
3.48/3.56	3.55244	925	1176
3.48/3.58	3.56568	924	1177
3.48/3.59	3.57897	923	1179
3.58/3.61	3.59277	922	1183
3.68/3.78	3.7708	921	1608
3.78/3.80	3.78411	920	1609
3.78/3.82	3.80266	918	1624
3.78/3.87	3.8549	916	1730
3.78/3.88	3.87169	915	1740
3.78/3.90	3.88453	914	1741
3.89/3.91	3.89856	913	1745
3.89/3.92	3.9118	912	1747
3.89/3.95	3.93571	911	1774
3.89/3.96	3.94811	910	1776
3.89/3.98	3.97083	909	1805
3.98/4.02	4.01241	907	1885
3.98/4.08	4.06857	906	2001
3.98/4.09	4.08181	905	2005
4.08/4.12	4.10765	904	2040
4.08/4.16	4.1519	903	2127
4.08/4.18	4.16388	902	2128
4.18/4.29	4.28106	900	2408
4.28/4.41	4.39646	899	2677
4.28/4.43	4.4222	898	2712
4.50/4.56	4.54906	896	3007
4.50/4.59	4.57639	895	3047
4.63/4.67	4.65841	894	3232
4.63/4.68	4.67074	893	3233
4.68/4.70	4.68285	892	3234
4.68/4.76	4.74711	890	3366
4.78/4.81	4.80045	889	3473
4.78/4.82	4.81229	888	3474
5.38/5.47	5.45529	887	5121
5.70/5.74	5.72463	885	5799
5.70/5.75	5.73872	884	5803
5.70/5.76	5.75087	883	5804
5.70/5.78	5.76307	882	5806
5.78/5.80	5.79171	881	5852
5.88/5.95	5.93512	879	6201
5.88/5.96	5.94783	878	6203
5.88/5.99	5.97593	877	6247
5.98/6.01	5.99386	876	6263
5.98/6.02	6.00614	875	6264
6.99/7.02	7.0105	872	8826
7.08/7.16	7.14704	870	9161
7.08/7.17	7.15933	869	9162
7.28/7.39	7.37498	868	9697
7.38/7.41	7.39477	867	9718
7.38/7.42	7.40826	866	9722
8.30/8.49	8.47617	865	12509
8.30/8.50	8.48777	864	12510
10.08/10.10	10.0853	862	16701
12.98/13.05	13.0388	860	24644
13.28/13.33	13.3125	859	25319
13.28/13.34	13.3248	858	25321
13.28/13.39	13.3797	857	25432
16.18/16.29	16.2764	855	33126
38.68/39.12	39.1087	853	93783
40.77/40.82	40.8072	852	98228
42.17/42.27	42.2518	851	102060
55.57/55.65	55.632	850	137835
55.67/55.74	55.7252	849	138051
65.77/65.85	65.8332	847	164707
65.77/65.86	65.8443	846	164708
999.95/1000.04	2733671
