0.50/0.57	0.576696	1138	0
0.50/0.59	0.593152	1135	3
0.60/0.61	0.608789	1134	4
0.60/0.62	0.624487	1133	5
0.60/0.64	0.640046	1131	6
0.60/0.65	0.655678	1130	7
0.60/0.67	0.671272	1128	8
0.60/0.68	0.686758	1127	9
0.70/0.70	0.703345	1126	12
0.70/0.72	0.719155	1124	14
0.70/0.73	0.734656	1123	15
0.70/0.75	0.750107	1121	16
0.70/0.76	0.765693	1120	17
0.70/0.78	0.781075	1119	18
0.70/0.79	0.796533	1118	19
0.80/0.81	0.812154	1117	20
0.80/0.83	0.828335	1116	21
0.80/0.84	0.844429	1115	22
0.80/0.86	0.861356	1114	25
0.80/0.87	0.87751	1113	26
0.80/0.89	0.893537	1112	27
0.90/0.91	0.909375	1111	28
0.90/0.92	0.924796	1110	29
0.90/0.94	0.939993	1108	30
0.90/0.95	0.955139	1107	31
0.90/0.97	0.970572	1106	32
0.90/0.98	0.986861	1105	34
1.00/1.00	1.00404	1103	38
1.00/1.02	1.01964	1102	40
1.00/1.03	1.03526	1101	42
1.00/1.05	1.05087	1100	43
1.00/1.06	1.06589	1099	44
1.00/1.08	1.08133	1098	46
1.00/1.09	1.09641	1096	47
1.00/1.11	1.11137	1095	48
1.11/1.12	1.12634	1094	49
1.11/1.14	1.14198	1093	52
1.11/1.15	1.15814	1091	56
1.11/1.17	1.17415	1090	60
1.11/1.19	1.18967	1089	63
1.11/1.20	1.20567	1088	66
1.21/1.22	1.22132	1087	67
1.21/1.24	1.23837	1085	72
1.21/1.25	1.25389	1084	73
1.21/1.27	1.26942	1083	74
1.21/1.28	1.28509	1082	75
1.30/1.30	1.30095	1080	77
1.30/1.31	1.31665	1078	78
1.30/1.33	1.33218	1077	79
1.30/1.35	1.34855	1076	82
1.30/1.36	1.36418	1074	83
1.30/1.38	1.37964	1073	84
1.30/1.39	1.39501	1072	85
1.40/1.41	1.41035	1071	86
1.40/1.42	1.42669	1070	89
1.40/1.44	1.44265	1069	92
1.40/1.46	1.45848	1067	94
1.40/1.47	1.47453	1066	96
1.40/1.49	1.48972	1065	97
1.50/1.50	1.5051	1064	98
1.50/1.52	1.52036	1063	99
1.50/1.53	1.53592	1062	101
1.50/1.55	1.5536	1060	107
1.50/1.57	1.57175	1058	115
1.50/1.58	1.58745	1057	117
1.60/1.60	1.60302	1056	119
1.60/1.61	1.61817	1055	120
1.60/1.63	1.63419	1054	123
1.60/1.65	1.65082	1053	128
1.60/1.66	1.66709	1052	132
1.60/1.68	1.68366	1050	137
1.60/1.70	1.69915	1049	139
1.70/1.71	1.71463	1048	141
1.70/1.73	1.73056	1047	144
1.70/1.74	1.7475	1046	150
1.70/1.76	1.76259	1045	151
1.70/1.77	1.77764	1043	152
1.70/1.79	1.79328	1041	155
1.80/1.80	1.8075	1040	156
1.80/1.82	1.82201	1039	158
1.80/1.84	1.84136	1038	172
1.80/1.85	1.85621	1037	173
1.80/1.87	1.87118	1036	174
1.80/1.88	1.88623	1035	175
1.80/1.90	1.90245	1034	179
1.90/1.92	1.92131	1033	191
1.90/1.93	1.93632	1032	194
1.90/1.95	1.95492	1030	205
1.90/1.97	1.96971	1029	207
1.90/1.98	1.98466	1028	210
1.99/2.00	2.00376	1026	222
1.99/2.01	2.01766	1025	223
1.99/2.03	2.03327	1023	228
1.99/2.04	2.0477	1022	229
1.99/2.06	2.0622	1021	232
1.99/2.07	2.07671	1020	234
1.99/2.09	2.09107	1019	235
2.09/2.11	2.1084	1018	244
2.09/2.12	2.12279	1017	245
2.09/2.14	2.14148	1016	260
2.09/2.15	2.15602	1015	263
2.09/2.17	2.16976	1014	264
2.09/2.18	2.18801	1012	276
2.09/2.20	2.20242	1011	277
2.21/2.22	2.21832	1009	283
2.21/2.23	2.2333	1008	287
2.21/2.24	2.24695	1007	288
2.21/2.26	2.2606	1006	289
2.21/2.28	2.27997	1005	305
2.21/2.29	2.29365	1004	306
2.21/2.30	2.30723	1003	307
2.31/2.32	2.3209	1002	308
2.31/2.33	2.33802	1001	319
2.31/2.35	2.35399	1000	326
2.31/2.36	2.36813	999	327
2.31/2.38	2.38473	997	335
2.39/2.40	2.40062	996	341
2.39/2.41	2.41408	995	342
2.39/2.42	2.42752	994	343
2.39/2.45	2.44843	993	364
2.39/2.46	2.46224	992	365
2.39/2.49	2.49614	991	417
2.50/2.51	2.51011	990	418
2.50/2.52	2.52423	989	421
2.50/2.54	2.5383	988	424
2.50/2.55	2.55499	987	431
2.50/2.57	2.57307	986	444
2.50/2.59	2.58996	985	452
2.60/2.60	2.60431	984	454
2.60/2.62	2.62421	982	470
2.60/2.64	2.64008	981	477
2.60/2.66	2.65859	980	490
2.60/2.67	2.67175	979	491
2.60/2.68	2.68762	978	499
2.70/2.70	2.70561	977	513
2.70/2.73	2.73099	975	543
2.70/2.75	2.75451	973	569
2.70/2.76	2.76758	972	570
2.70/2.78	2.78723	971	589
2.80/2.82	2.81822	970	635
2.80/2.85	2.85568	969	697
2.89/2.91	2.91352	968	809
2.89/2.92	2.92722	967	810
2.89/2.94	2.94176	966	814
2.89/2.99	2.99643	965	922
2.99/3.01	3.00988	964	923
2.99/3.02	3.02622	963	934
2.99/3.05	3.0489	962	957
2.99/3.06	3.06312	961	960
2.99/3.08	3.08022	960	968
2.99/3.09	3.09531	959	972
3.09/3.11	3.10889	958	973
3.09/3.13	3.13024	955	992
3.09/3.14	3.14378	954	994
3.09/3.16	3.16605	953	1014
3.09/3.18	3.18192	951	1020
3.09/3.19	3.19595	950	1022
3.20/3.21	3.21133	949	1028
3.20/3.25	3.24895	947	1088
3.20/3.26	3.2666	946	1099
3.20/3.28	3.28296	945	1107
3.20/3.30	3.3017	944	1122
3.20/3.31	3.31671	943	1128
3.20/3.33	3.32936	942	1129
3.20/3.34	3.3423	941	1131
3.20/3.35	3.35558	940	1134
3.20/3.37	3.36995	939	1140
3.20/3.40	3.40717	938	1199
3.20/3.42	3.42797	937	1217
3.20/3.45	3.45104	935	1245
3.20/3.51	3.50958	934	1359
3.20/3.52	3.52436	933	1364
3.20/3.59	3.59037	932	1496
3.20/3.60	3.60455	931	1498
3.20/3.63	3.6298	929	1529
3.62/3.65	3.64883	928	1545
3.62/3.66	3.66513	927	1554
3.62/3.69	3.69256	926	1592
3.62/3.72	3.71901	924	1630
3.72/3.73	3.73748	923	1645
3.72/3.75	3.75006	922	1646
3.79/3.86	3.85851	921	1892
3.79/3.87	3.87249	920	1896
3.90/3.92	3.91972	919	1988
3.90/3.95	3.94877	918	2030
3.90/3.98	3.98261	917	2088
3.99/4.05	4.04872	916	2225
3.99/4.06	4.06113	915	2226
3.99/4.07	4.07324	914	2227
4.09/4.13	4.13208	913	2350
4.09/4.14	4.14417	912	2351
4.09/4.19	4.19028	911	2438
4.19/4.21	4.21137	910	2461
4.19/4.26	4.25953	908	2553
4.19/4.27	4.27229	907	2556
4.29/4.31	4.3128	906	2628
4.29/4.34	4.34104	905	2671
4.29/4.36	4.35978	904	2688
4.29/4.37	4.37225	903	2690
4.39/4.48	4.48157	902	2945
4.39/4.49	4.49517	901	2949
4.49/4.52	4.52192	900	2984
4.49/4.53	4.53462	899	2985
4.49/4.55	4.54931	898	2989
4.49/4.56	4.56175	897	2992
4.49/4.57	4.5742	896	2994
5.69/5.76	5.76094	894	5971
5.69/5.77	5.77422	893	5973
5.69/5.78	5.78685	892	5974
6.69/6.79	6.79805	889	8619
6.78/6.81	6.81067	888	8622
6.78/6.82	6.82413	887	8627
6.88/6.99	6.9931	886	9036
7.48/7.62	7.62047	883	10691
7.48/7.63	7.63286	882	10692
7.48/7.78	7.78035	881	11030
8.79/8.87	8.87587	878	13837
8.79/8.89	8.8888	876	13840
8.99/9.06	9.06745	875	14293
8.99/9.21	9.20949	874	14638
8.99/9.31	9.30834	872	14868
8.99/9.34	9.34281	871	14930
9.89/9.97	9.97295	870	16510
12.43/12.53	12.534	869	23241
13.09/13.16	13.1619	867	24846
13.39/13.98	13.9808	866	26955
14.08/14.15	14.1574	865	27394
14.18/14.24	14.2429	864	27593
14.18/14.25	14.2562	863	27597
14.18/14.27	14.2684	862	27598
16.28/16.69	16.6969	861	34007
16.28/16.71	16.7099	860	34012
22.09/22.44	22.4451	857	49395
25.10/25.41	25.4167	855	57380
27.79/27.80	27.7997	854	63817
27.79/27.81	27.8113	853	63819
28.88/28.96	28.96	852	66888
131.38/131.46	131.464	851	343722
999.96/1000.02	2712704
