0.49/0.58	0.583255	1122	0
0.59/0.60	0.598848	1121	1
0.59/0.61	0.614709	1120	2
0.59/0.63	0.631071	1119	3
0.59/0.64	0.647673	1117	5
0.59/0.66	0.665782	1115	11
0.59/0.68	0.682157	1114	12
0.59/0.70	0.698318	1113	13
0.69/0.71	0.716137	1112	18
0.69/0.73	0.735132	1111	27
0.69/0.75	0.752361	1110	30
0.69/0.77	0.768194	1109	31
0.69/0.78	0.783339	1108	32
0.79/0.80	0.798882	1106	33
0.79/0.81	0.814025	1105	34
0.79/0.83	0.829203	1103	35
0.79/0.84	0.844296	1102	36
0.79/0.86	0.860866	1101	39
0.79/0.87	0.876212	1100	40
0.79/0.89	0.891855	1098	42
0.89/0.90	0.907319	1097	44
0.89/0.92	0.924436	1096	50
0.89/0.94	0.939872	1095	52
0.89/0.95	0.954837	1094	53
0.89/0.97	0.970606	1093	55
0.89/0.98	0.985636	1092	56
0.89/1.00	1.00077	1091	57
0.89/1.01	1.017	1090	61
0.89/1.03	1.03324	1087	66
0.89/1.05	1.04897	1085	68
0.89/1.06	1.0643	1084	70
0.89/1.08	1.07911	1083	71
0.89/1.09	1.0942	1082	72
0.89/1.11	1.10899	1081	73
0.89/1.12	1.12386	1078	74
0.89/1.14	1.13933	1076	75
0.89/1.15	1.15516	1075	77
0.89/1.17	1.16996	1074	78
0.89/1.18	1.18491	1072	80
0.89/1.20	1.19984	1071	81
0.89/1.21	1.21463	1070	82
0.89/1.23	1.22922	1068	83
0.89/1.24	1.24392	1066	84
0.89/1.26	1.25996	1064	88
0.89/1.27	1.27571	1063	90
0.89/1.29	1.29097	1062	92
0.89/1.30	1.30709	1060	95
0.89/1.32	1.32323	1058	98
0.89/1.34	1.33954	1056	101
0.89/1.35	1.35482	1055	102
0.89/1.37	1.36975	1053	104
0.89/1.38	1.38445	1052	106
0.89/1.40	1.39915	1051	107
0.89/1.41	1.41478	1049	109
0.89/1.43	1.42954	1048	111
0.89/1.44	1.4446	1047	114
0.89/1.46	1.45897	1046	115
0.89/1.47	1.47387	1045	118
0.89/1.48	1.48807	1044	119
0.89/1.50	1.50273	1042	121
0.89/1.52	1.52056	1040	131
0.89/1.54	1.53899	1037	141
0.89/1.56	1.55863	1036	154
1.55/1.57	1.5748	1035	158
1.55/1.59	1.59037	1034	160
1.55/1.60	1.60562	1033	162
1.55/1.62	1.62035	1032	163
1.62/1.64	1.6391	1031	173
1.62/1.65	1.65659	1030	181
1.62/1.67	1.67082	1029	182
1.62/1.69	1.69109	1028	199
1.69/1.70	1.70636	1027	204
1.69/1.72	1.72184	1026	208
1.69/1.73	1.73731	1025	212
1.69/1.75	1.75225	1023	214
1.69/1.76	1.76657	1022	216
1.69/1.78	1.78122	1021	219
1.69/1.80	1.79788	1019	225
1.79/1.81	1.81191	1018	226
1.79/1.83	1.82743	1017	231
1.79/1.85	1.84966	1015	253
1.79/1.86	1.86488	1014	256
1.79/1.88	1.87877	1013	257
1.89/1.90	1.89737	1012	269
1.89/1.91	1.9138	1011	275
1.89/1.93	1.92964	1010	281
1.89/1.94	1.94474	1009	285
1.89/1.96	1.96201	1008	293
1.89/1.98	1.97676	1007	295
1.89/1.99	1.99093	1006	297
1.99/2.00	2.00476	1005	298
1.99/2.02	2.02093	1004	305
1.99/2.03	2.03548	1003	309
1.99/2.05	2.05234	1002	318
1.99/2.06	2.06645	1001	319
1.99/2.08	2.08016	1000	320
1.99/2.09	2.0953	999	325
2.09/2.11	2.11042	998	329
2.09/2.12	2.12413	997	330
2.09/2.14	2.13878	996	334
2.09/2.15	2.15263	995	336
2.09/2.17	2.1701	994	347
2.09/2.19	2.18708	993	355
2.19/2.20	2.20208	992	359
2.19/2.22	2.21698	991	363
2.19/2.23	2.23196	990	367
2.19/2.24	2.24578	989	368
2.19/2.26	2.25908	988	369
2.19/2.28	2.27706	984	380
2.19/2.29	2.2923	982	386
2.29/2.30	2.30558	981	387
2.29/2.32	2.31925	979	389
2.29/2.33	2.33251	978	390
2.29/2.34	2.34565	977	391
2.29/2.36	2.36067	976	394
2.29/2.37	2.37426	975	396
2.29/2.39	2.38735	974	397
2.39/2.40	2.40517	973	410
2.39/2.43	2.42931	972	436
2.39/2.44	2.44454	971	442
2.39/2.46	2.46434	970	458
2.39/2.48	2.48143	968	468
2.39/2.49	2.49501	967	469
2.49/2.52	2.52018	964	500
2.49/2.53	2.53446	963	502
2.49/2.55	2.55335	962	516
2.49/2.57	2.57654	961	540
2.49/2.59	2.5906	960	544
2.49/2.61	2.60811	959	558
2.49/2.63	2.63339	957	591
2.49/2.66	2.66328	956	635
2.49/2.68	2.67845	955	640
2.49/2.69	2.69145	954	641
2.49/2.70	2.70422	953	642
2.49/2.73	2.731	951	678
2.49/2.74	2.74452	950	679
2.49/2.76	2.76398	949	696
2.49/2.78	2.77722	948	698
2.49/2.80	2.80633	946	741
2.49/2.82	2.82052	945	744
2.49/2.84	2.83855	944	757
2.49/2.85	2.85209	943	758
2.49/2.86	2.86566	942	761
2.49/2.89	2.88762	941	782
2.49/2.90	2.90434	940	793
2.49/2.92	2.91759	939	794
2.49/2.97	2.96696	937	886
2.49/3.00	2.99773	935	933
2.49/3.01	3.01323	934	941
2.49/3.02	3.02651	933	942
2.49/3.04	3.04113	932	947
2.49/3.05	3.05606	931	953
2.49/3.07	3.06922	930	954
2.49/3.09	3.09042	929	975
2.97/3.11	3.11162	928	996
2.97/3.13	3.12841	927	1007
2.97/3.15	3.15304	926	1037
2.97/3.18	3.17747	925	1068
2.97/3.19	3.18991	924	1069
3.19/3.28	3.2813	923	1268
3.19/3.29	3.29373	922	1269
3.29/3.31	3.30738	921	1274
3.29/3.32	3.32409	920	1286
3.29/3.34	3.3378	919	1289
3.29/3.35	3.35283	918	1295
3.39/3.40	3.40257	917	1391
3.39/3.42	3.4188	916	1400
3.39/3.43	3.43184	915	1401
3.39/3.44	3.44638	914	1406
3.59/3.60	3.59938	910	1759
3.59/3.61	3.61497	909	1768
3.59/3.69	3.69491	908	1943
3.69/3.71	3.71213	907	1957
3.69/3.72	3.72542	906	1959
3.69/3.74	3.7385	905	1961
3.69/3.75	3.75226	904	1964
3.89/3.93	3.92688	903	2382
3.99/4.00	4.00179	902	2538
3.99/4.02	4.02146	901	2556
3.99/4.03	4.03534	900	2562
3.99/4.05	4.04769	899	2564
3.99/4.06	4.06095	898	2567
4.09/4.11	4.10772	897	2659
4.09/4.20	4.2004	896	2863
4.09/4.22	4.22232	895	2889
4.09/4.28	4.28024	894	3009
4.09/4.29	4.29206	893	3010
4.09/4.33	4.33474	892	3090
4.09/4.41	4.40736	890	3256
4.09/4.46	4.46435	889	3378
4.09/4.48	4.47856	888	3383
4.09/4.67	4.66767	887	3852
4.56/4.74	4.74219	886	4010
4.99/5.03	5.03537	885	4735
4.99/5.05	5.04785	884	4736
5.19/5.26	5.26081	883	5259
5.19/5.27	5.2739	882	5261
5.29/5.35	5.34823	881	5423
5.29/5.36	5.36228	880	5428
5.29/5.38	5.38172	879	5446
5.29/5.39	5.39479	878	5449
5.39/5.41	5.41401	877	5467
6.49/6.54	6.53729	875	8355
6.49/6.58	6.58356	874	8444
6.49/6.59	6.59628	873	8446
6.59/6.61	6.60891	872	8448
6.79/6.82	6.81894	871	8965
7.09/7.37	7.375	870	10397
7.09/7.45	7.4485	868	10559
7.09/7.53	7.53211	867	10744
7.09/7.54	7.5446	866	10746
7.09/7.56	7.56083	865	10759
10.19/10.32	10.3179	864	18121
10.19/10.34	10.3437	863	18160
10.19/10.65	10.6482	862	18924
11.19/11.20	11.1967	861	20331
11.19/11.21	11.2093	859	20334
11.19/11.22	11.2207	858	20335
13.94/14.00	13.9967	857	27568
14.79/14.92	14.922	855	29974
14.79/14.93	14.934	854	29975
14.79/14.97	14.9729	853	30048
30.58/30.61	30.6104	851	70789
30.58/30.62	30.6221	850	70791
30.88/30.95	30.95	848	71510
30.88/30.98	30.9757	847	71528
56.69/56.73	56.7251	846	139866
56.69/56.75	56.7482	845	139900
57.39/57.79	57.7934	843	142634
59.10/59.24	59.2408	842	146419
999.66/1000.03	2724165
