0.49/0.55	0.550357	1138	0
0.49/0.56	0.566164	1136	1
0.49/0.58	0.581826	1135	2
0.49/0.59	0.597769	1134	3
0.59/0.61	0.613482	1133	4
0.59/0.63	0.629116	1132	5
0.59/0.64	0.645289	1131	7
0.59/0.66	0.660931	1130	8
0.59/0.67	0.676484	1128	9
0.59/0.69	0.692037	1127	10
0.69/0.70	0.707613	1126	11
0.69/0.72	0.723112	1125	12
0.69/0.74	0.739083	1124	14
0.69/0.75	0.755665	1123	17
0.69/0.77	0.771146	1120	18
0.69/0.78	0.787171	1119	20
0.69/0.80	0.802833	1118	21
0.69/0.82	0.81837	1116	22
0.69/0.83	0.833694	1115	23
0.69/0.85	0.849418	1114	25
0.69/0.86	0.86473	1113	26
0.69/0.88	0.880586	1112	28
0.69/0.89	0.896463	1111	30
0.69/0.91	0.911831	1110	31
0.69/0.92	0.927459	1109	32
0.69/0.94	0.94364	1108	33
0.69/0.96	0.959624	1107	35
0.69/0.97	0.975106	1106	36
0.69/0.99	0.991968	1104	40
0.69/1.01	1.00974	1102	45
0.69/1.02	1.02552	1101	47
0.69/1.04	1.04155	1100	50
0.69/1.05	1.05662	1099	51
0.69/1.07	1.07197	1098	52
0.69/1.09	1.09127	1096	60
0.69/1.10	1.10763	1094	61
0.69/1.12	1.12557	1093	67
0.69/1.14	1.14086	1091	69
0.69/1.15	1.15657	1090	72
0.69/1.17	1.17164	1089	73
0.69/1.18	1.1868	1088	74
0.69/1.20	1.20216	1087	76
0.69/1.21	1.21705	1086	77
0.69/1.23	1.23361	1084	83
0.69/1.25	1.24849	1083	84
1.25/1.26	1.265	1081	89
1.25/1.28	1.28053	1079	91
1.25/1.29	1.29537	1078	92
1.29/1.31	1.31118	1076	96
1.29/1.32	1.32777	1075	102
1.29/1.34	1.34355	1074	105
1.29/1.36	1.35958	1073	109
1.29/1.37	1.37574	1072	113
1.29/1.39	1.39215	1071	117
1.29/1.40	1.40744	1070	119
1.41/1.42	1.42223	1069	120
1.41/1.43	1.43756	1068	121
1.41/1.45	1.45371	1067	126
1.41/1.47	1.46831	1066	127
1.41/1.48	1.48285	1065	128
1.41/1.49	1.49748	1064	129
1.41/1.51	1.51346	1062	133
1.51/1.53	1.52841	1061	135
1.51/1.54	1.54405	1058	138
1.51/1.56	1.55935	1057	139
1.51/1.57	1.57472	1056	140
1.51/1.59	1.58991	1055	142
1.59/1.60	1.60452	1054	143
1.59/1.62	1.61914	1053	144
1.59/1.63	1.63579	1052	151
1.59/1.65	1.65008	1051	152
1.59/1.66	1.66553	1050	155
1.59/1.68	1.67985	1049	156
1.59/1.69	1.6946	1048	158
1.69/1.71	1.70905	1047	159
1.69/1.72	1.72335	1046	160
1.69/1.74	1.74087	1042	169
1.69/1.76	1.75866	1040	177
1.69/1.77	1.77375	1039	178
1.69/1.79	1.78982	1037	183
1.79/1.80	1.80667	1036	189
1.79/1.82	1.82159	1035	190
1.79/1.83	1.83644	1034	191
1.79/1.85	1.85344	1032	197
1.79/1.87	1.86858	1031	200
1.79/1.88	1.88445	1030	205
1.89/1.90	1.89949	1029	207
1.89/1.91	1.91346	1028	208
1.89/1.93	1.92829	1027	210
1.89/1.94	1.94285	1026	211
1.89/1.95	1.95693	1025	212
1.89/1.97	1.97137	1024	214
1.89/1.98	1.98555	1022	215
1.99/2.00	2.001	1021	219
1.99/2.01	2.0153	1020	220
1.99/2.03	2.03089	1019	225
1.99/2.05	2.04846	1017	233
1.99/2.06	2.06232	1016	234
1.99/2.08	2.07662	1015	236
1.99/2.09	2.09046	1014	237
2.09/2.10	2.1069	1013	245
2.09/2.12	2.12091	1012	247
2.09/2.13	2.13515	1010	249
2.09/2.15	2.15321	1009	261
2.09/2.17	2.17018	1008	271
2.09/2.18	2.18453	1007	274
2.19/2.20	2.20012	1006	280
2.19/2.21	2.21542	1005	285
2.19/2.23	2.23185	1004	293
2.19/2.24	2.24585	1003	295
2.19/2.26	2.25978	1002	297
2.19/2.27	2.27343	1001	298
2.19/2.28	2.2878	1000	301
2.19/2.30	2.30321	999	306
2.31/2.32	2.31886	997	312
2.31/2.33	2.33337	996	315
2.31/2.35	2.35017	995	324
2.31/2.36	2.36379	994	325
2.31/2.37	2.37735	993	326
2.31/2.39	2.39402	992	335
2.31/2.41	2.40825	991	338
2.31/2.42	2.42223	990	341
2.43/2.44	2.43996	989	352
2.43/2.45	2.45368	988	354
2.43/2.47	2.4676	987	356
2.43/2.48	2.48108	986	357
2.43/2.51	2.51219	984	405
2.43/2.53	2.53063	982	419
2.43/2.54	2.5449	981	423
2.43/2.56	2.55832	980	424
2.43/2.57	2.57249	979	427
2.43/2.58	2.5857	978	428
2.43/2.60	2.59898	977	429
2.43/2.61	2.61225	976	430
2.43/2.62	2.62592	974	432
2.43/2.65	2.64742	973	454
2.43/2.66	2.66227	972	459
2.43/2.68	2.67726	971	464
2.43/2.69	2.69322	970	471
2.43/2.71	2.71041	969	480
2.43/2.73	2.72605	968	485
2.43/2.74	2.74093	967	490
2.43/2.79	2.78609	966	577
2.43/2.80	2.79998	965	580
2.79/2.81	2.8135	964	581
2.79/2.83	2.82832	963	586
2.79/2.84	2.84249	962	589
2.79/2.86	2.8645	960	613
2.79/2.88	2.87908	959	616
2.79/2.90	2.89799	958	630
2.89/2.91	2.91094	957	631
2.89/2.93	2.92528	956	635
2.89/2.94	2.93897	955	636
2.89/2.96	2.96291	954	664
2.89/2.98	2.97671	953	668
2.89/2.99	2.99034	952	670
2.99/3.03	3.03345	950	750
2.99/3.07	3.07314	948	819
2.99/3.09	3.08731	947	822
3.09/3.11	3.10473	946	833
3.09/3.12	3.12165	945	845
3.19/3.21	3.21005	943	1046
3.19/3.22	3.22344	942	1048
3.19/3.24	3.23625	941	1049
3.19/3.25	3.2517	940	1058
3.19/3.29	3.2935	939	1134
3.29/3.31	3.30831	938	1139
3.29/3.32	3.32129	937	1140
3.29/3.35	3.35308	936	1189
3.29/3.37	3.37085	935	1201
3.29/3.38	3.38381	934	1202
3.39/3.42	3.41519	933	1250
3.39/3.43	3.43449	932	1269
3.39/3.45	3.45372	931	1288
3.39/3.47	3.47216	930	1304
3.49/3.50	3.5008	929	1344
3.49/3.51	3.51385	928	1345
3.49/3.53	3.52701	927	1347
3.49/3.54	3.542	926	1353
3.49/3.56	3.55492	925	1355
3.59/3.60	3.60043	924	1443
3.59/3.61	3.61316	923	1444
3.59/3.66	3.66258	922	1540
3.69/3.73	3.73029	921	1685
3.69/3.76	3.75786	920	1723
3.79/3.86	3.8633	916	1968
3.79/3.88	3.8756	915	1969
3.79/3.89	3.88945	914	1975
4.39/4.40	4.39818	913	3294
4.39/4.46	4.45962	912	3425
4.59/4.60	4.59896	910	3760
4.69/4.76	4.76368	908	4151
4.69/4.78	4.78238	907	4169
4.79/4.86	4.85759	906	4334
4.89/4.97	4.97061	905	4601
5.19/5.49	5.49298	904	5942
5.19/5.51	5.50671	903	5947
5.19/5.52	5.52048	902	5951
5.19/5.54	5.54322	901	5977
5.19/5.58	5.57984	900	6045
5.19/5.60	5.59512	899	6055
5.19/5.61	5.6073	898	6056
5.19/5.64	5.63663	896	6101
5.19/5.66	5.65659	895	6123
5.19/5.68	5.67894	894	6149
5.19/5.69	5.69298	893	6155
5.19/5.71	5.70518	892	6157
5.80/5.84	5.84423	891	6505
5.89/5.92	5.91641	890	6666
6.29/6.30	6.30436	888	7669
7.58/7.66	7.65744	887	11232
7.68/7.71	7.71234	885	11343
7.68/7.72	7.7242	884	11344
8.18/8.59	8.59431	883	13647
8.18/8.61	8.60589	882	13648
8.18/8.68	8.6776	881	13808
8.18/8.69	8.68966	880	13809
9.28/9.33	9.32779	877	15471
9.28/9.34	9.33945	876	15472
9.28/9.39	9.39391	875	15587
10.89/10.99	10.9876	873	19824
10.99/11.00	11.0023	872	19832
13.99/14.02	14.0154	870	27730
13.99/14.03	14.0271	869	27731
13.99/14.09	14.0867	868	27863
14.89/14.97	14.9711	867	30141
15.49/15.53	15.5251	865	31575
15.59/15.66	15.6588	864	31896
15.59/15.67	15.671	863	31897
17.79/17.85	17.8479	862	37652
17.79/17.86	17.8599	861	37654
17.79/17.87	17.8729	860	37659
17.79/17.89	17.8903	859	37674
28.69/28.79	28.7888	858	66937
30.19/30.23	30.2269	857	70739
30.29/30.46	30.4605	856	71304
55.89/55.98	55.9799	855	139493
64.63/64.67	64.672	854	162962
64.79/64.85	64.8493	852	163417
113.38/113.45	113.446	851	295586
114.68/114.71	114.707	850	298893
114.68/114.73	114.724	849	298909
999.96/1000.03	2728585
