0.00/0.21	0.212459	1128	0
0.00/0.22	0.218762	1127	2
0.00/0.22	0.225634	1126	7
0.00/0.23	0.231625	1125	8
0.00/0.24	0.237832	1124	10
0.00/0.24	0.244066	1123	11
0.00/0.25	0.250949	1122	16
0.00/0.26	0.25831	1121	24
0.00/0.26	0.267093	1120	38
0.00/0.27	0.27455	1119	46
0.00/0.28	0.284798	1118	65
0.00/0.29	0.294027	1117	80
0.00/0.30	0.304696	1116	101
0.00/0.31	0.312106	1115	108
0.00/0.32	0.319482	1114	116
0.00/0.32	0.32562	1113	118
0.00/0.33	0.333444	1112	128
0.00/0.34	0.341184	1111	138
0.00/0.35	0.349621	1110	151
0.35/0.38	0.378101	1109	259
0.35/0.38	0.385188	1108	266
0.35/0.39	0.394919	1107	286
0.39/0.40	0.401169	1106	291
0.39/0.41	0.411508	1105	318
0.39/0.43	0.430965	1104	392
0.39/0.46	0.465842	1103	545
0.49/0.55	0.54948	1102	931
0.49/0.56	0.561009	1101	959
0.59/0.63	0.632091	1100	1280
999.68/1000.08	442.053	119237498	4968287
