0.00/0.26	0.260503	237	0
0.00/0.26	0.260974	236	2
0.00/0.26	0.26161	235	5
0.00/0.27	0.262078	234	7
0.00/0.27	0.263322	233	12
0.00/0.27	0.26714	232	32
0.00/0.27	0.269635	231	42
0.00/0.27	0.270603	230	44
0.00/0.28	0.272301	229	49
0.00/0.28	0.274095	228	56
0.00/0.28	0.27705	227	69
0.00/0.28	0.278263	226	73
0.00/0.29	0.291289	225	147
0.00/0.30	0.299133	224	188
0.00/0.30	0.30077	223	197
0.31/0.32	0.316357	222	277
0.31/0.33	0.322646	221	308
0.31/0.33	0.325512	220	322
0.31/0.33	0.328806	219	338
0.31/0.35	0.349146	218	437
0.31/0.38	0.373458	217	562
0.49/0.57	0.563462	216	1379
0.58/0.61	0.609472	215	1615
