0.19/0.27	0.274075	241	0
0.19/0.27	0.274681	240	2
0.19/0.28	0.275551	239	6
0.19/0.28	0.275833	238	7
0.19/0.28	0.276062	237	8
0.19/0.28	0.276481	236	10
0.19/0.28	0.276845	235	12
0.19/0.28	0.278505	234	21
0.19/0.28	0.281193	233	31
0.19/0.28	0.281463	232	32
0.19/0.28	0.282527	231	35
0.19/0.29	0.28527	230	49
0.19/0.29	0.287366	229	59
0.19/0.29	0.295082	228	96
0.29/0.30	0.303606	227	123
0.29/0.31	0.305596	226	130
0.29/0.31	0.312297	225	160
0.29/0.32	0.318612	224	191
0.29/0.32	0.323315	223	218
0.29/0.33	0.325753	222	227
0.29/0.34	0.339805	221	293
0.29/0.34	0.342189	220	302
0.29/0.35	0.349003	219	335
0.49/0.52	0.517493	218	1133
0.69/0.72	0.722786	217	2112
0.79/0.86	0.859941	216	2746
1.24/1.28	1.27994	215	4721
