0.24/0.30	0.240276	237	0
0.24/0.30	0.240573	236	1
0.24/0.30	0.240829	235	2
0.24/0.30	0.24102	234	3
0.24/0.30	0.241276	233	4
0.24/0.30	0.241907	232	7
0.24/0.30	0.245373	231	24
0.24/0.30	0.24815	230	38
0.24/0.31	0.249519	229	46
0.24/0.31	0.252643	228	60
0.24/0.31	0.256999	227	82
0.24/0.33	0.272393	226	174
0.24/0.33	0.274591	225	184
0.24/0.33	0.275714	224	189
0.24/0.33	0.276238	223	191
0.24/0.34	0.28786	222	249
0.24/0.37	0.312071	221	354
0.24/0.39	0.330953	220	442
0.24/0.39	0.33507	219	462
0.34/0.44	0.381678	218	706
0.44/0.50	0.439026	217	965
0.54/0.63	0.575756	216	1629
0.54/0.67	0.612498	215	1822
