0.10/0.23	0.232802	236	0
0.10/0.23	0.23761	235	18
0.10/0.24	0.238382	234	20
0.10/0.24	0.239626	233	27
0.10/0.24	0.244947	232	53
0.10/0.24	0.247005	231	59
0.10/0.24	0.247629	230	62
0.10/0.24	0.247858	229	63
0.10/0.25	0.251166	228	79
0.10/0.25	0.253866	227	94
0.10/0.25	0.25656	226	109
0.10/0.26	0.258453	225	120
0.10/0.26	0.266025	224	160
0.10/0.33	0.331722	223	482
0.10/0.33	0.338098	222	505
0.10/0.34	0.339157	221	509
0.10/0.44	0.444489	220	1028
0.10/0.45	0.448801	219	1049
0.10/0.47	0.476883	218	1183
0.10/0.51	0.510908	217	1346
0.10/0.52	0.525147	216	1411
0.10/0.65	0.657871	215	2031
