0.00/0.28	0.279268	239	0
0.00/0.28	0.280302	238	4
0.00/0.28	0.28056	237	5
0.00/0.28	0.281481	236	7
0.00/0.28	0.282101	235	8
0.00/0.28	0.283169	234	13
0.00/0.28	0.28384	233	16
0.00/0.28	0.284109	232	17
0.00/0.28	0.285139	231	19
0.00/0.28	0.287089	230	24
0.00/0.29	0.289983	229	37
0.00/0.29	0.290998	228	41
0.00/0.29	0.295724	227	63
0.00/0.30	0.298292	226	74
0.00/0.31	0.307581	225	115
0.00/0.31	0.312255	224	137
0.00/0.31	0.314482	223	146
0.00/0.33	0.327909	222	198
0.00/0.33	0.331891	221	213
0.00/0.38	0.386435	220	427
0.00/0.40	0.402312	219	503
0.00/0.40	0.405121	218	513
0.00/0.43	0.431451	217	653
0.63/0.67	0.670747	216	1673
0.89/0.99	0.994186	215	3168
