0.19/0.26	0.267818	241	0
0.19/0.27	0.268201	240	1
0.19/0.27	0.269006	239	2
0.19/0.27	0.272278	238	20
0.19/0.27	0.273521	237	23
0.19/0.27	0.276378	236	39
0.19/0.28	0.281781	235	66
0.19/0.28	0.282675	234	69
0.19/0.28	0.28298	233	70
0.19/0.28	0.283606	232	73
0.19/0.28	0.284548	231	75
0.19/0.28	0.285251	230	76
0.19/0.28	0.286146	229	78
0.19/0.28	0.287183	228	82
0.19/0.29	0.293104	227	113
0.29/0.30	0.302561	226	165
0.29/0.30	0.303883	225	169
0.29/0.32	0.326222	224	287
0.29/0.34	0.338716	223	345
0.29/0.34	0.340411	222	351
0.29/0.37	0.36828	221	470
0.29/0.37	0.369279	220	474
0.29/0.39	0.387939	219	562
0.39/0.42	0.427365	218	738
0.39/0.49	0.492947	217	1021
0.49/0.53	0.528184	216	1169
0.59/0.67	0.675489	215	1914
