0.20/0.24	0.239173	238	0
0.20/0.24	0.241011	237	10
0.20/0.24	0.242003	236	16
0.20/0.24	0.242351	235	18
0.20/0.24	0.244782	234	31
0.20/0.24	0.247313	233	43
0.20/0.24	0.247803	232	45
0.20/0.24	0.248072	231	46
0.20/0.25	0.248991	230	51
0.20/0.25	0.24988	229	56
0.20/0.25	0.250261	228	58
0.20/0.25	0.251677	227	64
0.20/0.25	0.252754	226	68
0.20/0.25	0.256783	225	83
0.20/0.26	0.267232	224	143
0.20/0.27	0.26919	223	152
0.20/0.27	0.270269	222	156
0.20/0.27	0.271285	221	159
0.20/0.27	0.272786	220	167
0.30/0.32	0.327054	219	415
0.40/0.41	0.416852	218	821
0.40/0.49	0.497411	217	1192
0.70/0.77	0.775945	216	2534
1.02/1.23	1.23735	215	4811
