0.20/0.28	0.282471	234	0
0.20/0.28	0.28308	233	1
0.20/0.29	0.287926	232	20
0.20/0.29	0.289237	231	25
0.20/0.29	0.289532	230	26
0.20/0.29	0.291329	229	33
0.20/0.29	0.29197	228	36
0.20/0.30	0.300933	227	74
0.20/0.30	0.303529	226	86
0.20/0.31	0.311916	225	121
0.20/0.32	0.326275	224	184
0.20/0.33	0.328968	223	197
0.20/0.34	0.340559	222	248
0.20/0.35	0.34908	221	298
0.20/0.36	0.360624	220	359
0.20/0.37	0.374563	219	438
0.20/0.41	0.407462	218	622
0.20/0.64	0.639832	217	1674
0.20/0.71	0.716801	216	2019
0.20/0.74	0.742209	215	2138
