0.26/0.29	0.29715	236	0
0.30/0.30	0.298829	235	5
0.30/0.30	0.301544	234	16
0.30/0.30	0.302794	233	22
0.30/0.30	0.303318	232	24
0.30/0.30	0.306971	231	43
0.30/0.30	0.307194	230	44
0.30/0.31	0.308202	229	49
0.30/0.31	0.317368	228	96
0.30/0.33	0.330035	227	145
0.30/0.33	0.336547	226	175
0.30/0.34	0.345434	225	214
0.30/0.34	0.346827	224	219
0.30/0.36	0.359357	223	272
0.30/0.37	0.373463	222	332
0.30/0.38	0.383012	221	375
0.30/0.38	0.384399	220	378
0.30/0.38	0.385687	219	384
0.40/0.40	0.401071	218	452
0.40/0.41	0.411225	217	498
0.50/0.53	0.532454	216	986
0.60/0.64	0.639662	215	1413
