0.19/0.27	0.27587	238	0
0.19/0.27	0.276647	237	3
0.19/0.28	0.277211	236	6
0.19/0.28	0.278095	235	10
0.19/0.28	0.279118	234	12
0.19/0.28	0.279677	233	13
0.19/0.28	0.283433	232	33
0.19/0.28	0.28631	231	43
0.19/0.29	0.29513	230	81
0.19/0.29	0.295891	229	85
0.29/0.30	0.301648	228	117
0.29/0.31	0.30763	227	144
0.29/0.31	0.309108	226	150
0.29/0.32	0.320116	225	195
0.29/0.32	0.321354	224	200
0.29/0.32	0.322084	223	203
0.29/0.34	0.343915	222	295
0.29/0.36	0.358205	221	368
0.39/0.47	0.467657	220	863
0.49/0.55	0.547061	219	1210
0.59/0.63	0.635365	218	1596
0.69/0.72	0.723222	217	1979
0.79/0.84	0.842872	216	2654
1.39/1.48	1.48497	215	5804
