0.00/0.08	0.082533	167	0
0.00/0.08	0.082702	166	1
0.00/0.08	0.083086	164	6
0.00/0.08	0.083156	163	7
0.00/0.08	0.083371	162	10
0.00/0.08	0.083467	161	11
0.00/0.08	0.08361	160	14
0.00/0.09	0.083825	159	19
0.00/0.09	0.08399	158	21
0.00/0.09	0.084275	157	26
0.00/0.09	0.084767	156	32
0.00/0.09	0.084892	155	34
0.00/0.09	0.085373	154	41
0.00/0.09	0.085511	153	43
0.00/0.09	0.085753	152	47
0.00/0.09	0.086476	151	55
0.00/0.09	0.087083	150	61
0.00/0.09	0.087204	149	64
0.00/0.09	0.088356	148	77
0.00/0.09	0.088843	147	84
0.00/0.09	0.089298	146	91
0.00/0.09	0.089596	145	96
0.00/0.09	0.089973	144	101
0.00/0.09	0.090136	143	104
0.00/0.09	0.090551	142	110
0.00/0.09	0.090884	141	117
0.00/0.09	0.091491	140	124
0.00/0.09	0.092086	139	133
0.00/0.09	0.092826	138	142
0.00/0.10	0.094013	137	159
0.00/0.10	0.095379	136	174
0.00/0.10	0.095965	135	186
0.00/0.10	0.097921	134	212
0.00/0.10	0.098686	133	220
0.00/0.10	0.099239	132	230
0.00/0.10	0.100284	131	251
0.00/0.11	0.104124	130	308
0.00/0.11	0.105197	129	326
0.00/0.11	0.109898	128	411
0.00/0.11	0.111745	127	451
0.00/0.12	0.118198	126	550
0.00/0.12	0.122661	125	639
0.00/0.13	0.12567	124	683
0.00/0.14	0.135658	123	850
0.00/0.14	0.138231	122	896
0.00/0.15	0.14804	121	992
0.15/0.16	0.161904	120	1220
0.15/0.18	0.182144	119	1562
0.15/0.19	0.188086	118	1633
0.19/0.20	0.201733	117	1819
0.29/0.30	0.300427	116	3086
0.29/0.38	0.380513	115	4225
0.39/0.44	0.432814	114	4969
0.39/0.49	0.485903	113	5464
0.49/0.53	0.530453	112	6126
3.38/3.41	3.40694	111	25676
3.68/3.77	3.76295	110	29485
4.48/4.51	4.50288	109	38040
4.48/4.54	4.5397	108	38296
74.88/74.91	74.9036	107	364227
999.94/1000.09	********Debuging CoveringArray::optimize*********
999.94/1000.09	total size : 107
999.94/1000.09	********End of Debuing CoveringArray::optimize********
