0.09/0.11	0.114102	159	0
0.09/0.11	0.115165	158	7
0.09/0.11	0.115669	157	12
0.09/0.11	0.116385	155	18
0.09/0.11	0.116762	154	22
0.09/0.11	0.116982	153	25
0.09/0.11	0.117335	152	31
0.09/0.11	0.117544	151	35
0.09/0.12	0.118149	150	42
0.09/0.12	0.118436	149	46
0.09/0.12	0.118582	148	48
0.09/0.12	0.119118	147	54
0.09/0.12	0.119369	146	59
0.09/0.12	0.119601	145	64
0.09/0.12	0.120055	144	70
0.09/0.12	0.121741	143	87
0.09/0.12	0.122432	142	97
0.09/0.12	0.122996	141	106
0.09/0.12	0.123638	140	116
0.09/0.12	0.1256	139	141
0.09/0.12	0.125829	138	144
0.09/0.12	0.126713	137	156
0.09/0.12	0.12752	136	169
0.09/0.13	0.128243	135	179
0.09/0.13	0.128628	134	185
0.09/0.13	0.132996	133	234
0.09/0.13	0.134596	132	257
0.09/0.13	0.13574	131	277
0.09/0.14	0.137688	130	293
0.09/0.14	0.139049	129	314
0.09/0.14	0.140924	128	339
0.09/0.14	0.144702	127	391
0.09/0.15	0.151453	126	480
0.09/0.15	0.154581	125	534
0.09/0.18	0.181054	124	841
0.19/0.22	0.22254	123	1321
0.19/0.22	0.227064	122	1392
0.19/0.24	0.245563	121	1663
0.19/0.25	0.25437	120	1783
0.29/0.37	0.371699	119	3098
0.29/0.39	0.391621	118	3414
0.29/0.58	0.578803	117	5458
0.79/0.83	0.83285	116	8490
0.89/0.91	0.914693	115	9303
0.99/1.07	1.07296	114	11468
2.41/2.41	2.41524	113	25602
2.59/2.66	2.66104	112	28531
5.79/5.81	5.81335	111	57420
6.30/6.53	6.52961	110	63634
7.09/7.11	7.11234	109	70021
27.69/27.71	27.7136	108	180489
44.09/44.19	44.1913	107	265741
999.96/1000.06	********Debuging CoveringArray::optimize*********
999.96/1000.06	total size : 107
999.96/1000.06	********End of Debuing CoveringArray::optimize********
