0.04/0.08	0.081896	166	0
0.04/0.08	0.082085	165	2
0.04/0.08	0.08221	164	4
0.04/0.08	0.082439	163	8
0.04/0.08	0.083046	162	14
0.04/0.08	0.083232	161	17
0.04/0.08	0.083319	160	19
0.04/0.08	0.083472	159	22
0.04/0.08	0.083678	157	25
0.04/0.08	0.084021	156	31
0.04/0.08	0.084166	155	34
0.04/0.08	0.08454	154	39
0.04/0.08	0.084891	153	46
0.04/0.08	0.085274	152	52
0.04/0.08	0.085448	151	56
0.04/0.08	0.085679	150	60
0.04/0.08	0.085862	149	63
0.04/0.08	0.086343	148	70
0.04/0.08	0.086553	147	74
0.04/0.08	0.086861	146	79
0.04/0.08	0.087157	145	84
0.04/0.08	0.087667	144	92
0.04/0.08	0.088227	143	101
0.04/0.09	0.088902	142	109
0.04/0.09	0.089008	141	110
0.04/0.09	0.089807	140	121
0.04/0.09	0.090305	139	129
0.04/0.09	0.091415	138	143
0.04/0.09	0.092138	137	153
0.04/0.09	0.092493	136	159
0.04/0.09	0.093229	135	168
0.04/0.09	0.096273	134	203
0.04/0.09	0.097175	133	224
0.04/0.09	0.098323	132	238
0.09/0.10	0.099571	131	260
0.09/0.10	0.100832	130	278
0.09/0.10	0.101966	129	296
0.09/0.10	0.102723	128	308
0.09/0.10	0.106681	127	369
0.09/0.10	0.108217	126	401
0.09/0.11	0.111731	125	448
0.09/0.11	0.116455	124	537
0.09/0.13	0.129622	123	793
0.09/0.14	0.140102	122	944
0.09/0.17	0.17513	121	1351
0.09/0.18	0.179733	120	1435
0.19/0.21	0.216172	119	2094
0.19/0.22	0.223743	118	2226
0.19/0.29	0.291103	117	3108
0.29/0.35	0.349332	116	3730
0.29/0.38	0.383906	115	4158
0.69/0.71	0.71009	114	7915
0.89/0.90	0.901465	113	10039
3.10/3.14	3.14051	112	27031
3.32/3.39	3.3889	111	30240
3.79/3.88	3.88769	110	36577
3.89/3.93	3.93579	109	37104
27.19/27.21	27.2119	108	167985
43.92/44.02	44.0251	107	260334
1000.00/1000.09	********Debuging CoveringArray::optimize*********
1000.00/1000.09	total size : 107
1000.00/1000.09	********End of Debuing CoveringArray::optimize********
