0.00/0.08	0.08045	163	0
0.00/0.08	0.081444	162	9
0.00/0.08	0.081696	161	14
0.00/0.08	0.081927	160	19
0.00/0.08	0.082086	159	22
0.00/0.08	0.082327	158	26
0.00/0.08	0.082481	157	29
0.00/0.08	0.082782	156	34
0.00/0.08	0.083094	155	40
0.00/0.08	0.083713	154	48
0.00/0.08	0.084894	153	58
0.00/0.08	0.085042	152	61
0.00/0.08	0.085213	151	65
0.00/0.08	0.08536	150	68
0.00/0.08	0.085622	149	74
0.00/0.08	0.0859	148	79
0.00/0.08	0.086266	147	84
0.00/0.08	0.086799	146	93
0.00/0.08	0.086918	145	95
0.00/0.08	0.087228	144	101
0.00/0.08	0.087969	143	112
0.00/0.09	0.088439	142	118
0.00/0.09	0.088601	141	121
0.00/0.09	0.089381	140	132
0.00/0.09	0.090963	139	156
0.00/0.09	0.092056	138	177
0.00/0.09	0.093102	137	192
0.00/0.09	0.094229	136	212
0.00/0.09	0.095161	135	231
0.00/0.09	0.095596	134	238
0.00/0.09	0.096545	133	253
0.00/0.09	0.096725	132	258
0.00/0.10	0.099036	131	289
0.00/0.10	0.101272	130	323
0.00/0.10	0.104188	129	367
0.00/0.10	0.104604	128	374
0.00/0.10	0.105905	127	392
0.00/0.10	0.106484	126	404
0.00/0.11	0.111774	125	459
0.00/0.11	0.117954	124	555
0.00/0.12	0.121758	123	622
0.00/0.12	0.122858	122	644
0.00/0.13	0.133955	121	818
0.00/0.14	0.148012	120	1055
0.15/0.16	0.167905	119	1362
0.20/0.23	0.23632	118	2338
0.20/0.27	0.277426	117	2875
0.40/0.42	0.426538	116	4845
0.50/0.56	0.56732	115	6796
1.69/1.72	1.71945	114	17267
1.69/1.74	1.73957	113	17540
1.69/1.77	1.77622	112	18145
1.99/2.05	2.05296	111	21122
6.35/6.51	6.50814	110	51881
8.79/9.21	9.2169	109	74099
13.19/13.27	13.2691	108	104515
14.49/14.58	14.5812	107	111553
999.96/1000.06	********Debuging CoveringArray::optimize*********
999.96/1000.06	total size : 107
999.96/1000.06	********End of Debuing CoveringArray::optimize********
