0.10/0.11	0.113038	156	0
0.10/0.11	0.113488	155	5
0.10/0.11	0.113678	154	8
0.10/0.11	0.114048	152	13
0.10/0.11	0.114556	151	19
0.10/0.11	0.114728	150	22
0.10/0.11	0.115128	149	27
0.10/0.11	0.115983	148	35
0.10/0.11	0.117105	147	47
0.10/0.12	0.118562	146	57
0.10/0.12	0.119271	145	65
0.10/0.12	0.119821	144	72
0.10/0.12	0.120408	143	80
0.10/0.12	0.120679	142	85
0.10/0.12	0.121504	141	92
0.10/0.12	0.12237	140	103
0.10/0.12	0.123049	139	113
0.10/0.12	0.123567	138	120
0.10/0.12	0.12467	137	135
0.10/0.12	0.125344	136	144
0.10/0.12	0.126494	135	161
0.10/0.12	0.12673	134	165
0.10/0.13	0.128441	133	180
0.10/0.13	0.130415	132	205
0.10/0.13	0.132241	131	219
0.10/0.13	0.134972	130	249
0.10/0.14	0.138846	129	311
0.10/0.14	0.141043	128	345
0.10/0.14	0.147683	127	470
0.10/0.15	0.150489	126	516
0.10/0.15	0.155192	125	590
0.10/0.16	0.163623	124	731
0.10/0.17	0.170374	123	811
0.10/0.17	0.17497	122	876
0.10/0.19	0.196576	121	1228
0.20/0.23	0.235543	120	1730
0.20/0.24	0.241859	119	1857
0.20/0.29	0.297303	118	2608
0.30/0.37	0.374629	117	3676
0.40/0.42	0.423846	116	4458
0.40/0.47	0.473025	115	4992
0.40/0.49	0.497691	114	5381
1.10/1.18	1.1831	113	13571
1.29/1.33	1.32989	112	15417
3.79/3.83	3.83696	111	35031
4.89/4.93	4.93708	110	47197
5.49/5.58	5.5857	109	54441
22.09/22.30	22.3034	108	142558
293.38/293.48	293.468	107	1272080
999.86/1000.07	********Debuging CoveringArray::optimize*********
999.86/1000.07	total size : 107
999.86/1000.07	********End of Debuing CoveringArray::optimize********
