0.00/0.11	0.11336	163	0
0.00/0.11	0.113581	162	2
0.00/0.11	0.11378	160	5
0.00/0.11	0.113938	159	8
0.00/0.11	0.114298	158	12
0.00/0.11	0.114906	157	18
0.00/0.11	0.115288	156	23
0.00/0.11	0.115705	155	29
0.00/0.11	0.116055	154	34
0.00/0.11	0.116178	153	36
0.00/0.11	0.116311	152	38
0.00/0.11	0.117073	151	46
0.00/0.11	0.117288	150	49
0.00/0.12	0.117717	149	55
0.00/0.12	0.118228	148	62
0.00/0.12	0.118549	147	67
0.00/0.12	0.119254	146	76
0.00/0.12	0.11978	145	87
0.00/0.12	0.12006	144	91
0.00/0.12	0.12053	143	100
0.00/0.12	0.121014	142	107
0.00/0.12	0.12174	141	118
0.00/0.12	0.123275	140	134
0.00/0.12	0.123501	139	137
0.00/0.12	0.12488	138	160
0.00/0.12	0.126163	137	180
0.00/0.12	0.126507	136	186
0.00/0.13	0.127933	135	210
0.00/0.13	0.128599	134	224
0.00/0.13	0.130116	133	251
0.00/0.13	0.130596	132	261
0.00/0.13	0.132213	131	294
0.00/0.13	0.133513	130	322
0.00/0.13	0.134855	129	343
0.00/0.13	0.13655	128	370
0.00/0.13	0.137529	127	387
0.00/0.14	0.139764	126	433
0.00/0.14	0.145107	125	513
0.00/0.14	0.146406	124	536
0.00/0.15	0.151928	123	635
0.00/0.16	0.158388	122	771
0.00/0.16	0.161455	121	815
0.00/0.17	0.171706	120	996
0.00/0.21	0.210238	119	1539
0.00/0.22	0.225252	118	1797
0.00/0.26	0.263922	117	2349
0.00/0.27	0.268226	116	2405
0.00/0.36	0.358334	115	3688
0.69/0.79	0.7946	114	9213
0.79/0.86	0.858351	113	9803
0.89/0.95	0.951781	112	10942
2.29/2.38	2.38012	111	20165
2.39/2.76	2.76377	110	23353
6.29/6.39	6.38785	109	49155
31.09/31.18	31.1825	108	212053
158.38/158.41	158.405	107	821114
999.96/1000.07	********Debuging CoveringArray::optimize*********
999.96/1000.07	total size : 107
999.96/1000.07	********End of Debuing CoveringArray::optimize********
