0.10/0.10	0.104914	163	0
0.10/0.10	0.10521	162	4
0.10/0.10	0.105435	161	7
0.10/0.10	0.105682	160	11
0.10/0.10	0.105758	159	12
0.10/0.10	0.106021	158	16
0.10/0.10	0.106291	157	20
0.10/0.10	0.106522	156	23
0.10/0.10	0.106929	155	29
0.10/0.10	0.107179	154	33
0.10/0.11	0.107788	153	40
0.10/0.11	0.108153	152	46
0.10/0.11	0.108839	151	54
0.10/0.11	0.109325	150	61
0.10/0.11	0.10946	149	63
0.10/0.11	0.10983	148	70
0.10/0.11	0.110804	147	81
0.10/0.11	0.111803	146	91
0.10/0.11	0.112036	145	95
0.10/0.11	0.112493	144	101
0.10/0.11	0.113268	143	113
0.10/0.11	0.113714	142	121
0.10/0.11	0.114342	141	132
0.10/0.11	0.115694	140	143
0.10/0.11	0.116577	139	156
0.10/0.12	0.117871	138	172
0.10/0.12	0.11904	136	186
0.10/0.12	0.120133	135	198
0.10/0.12	0.121599	134	212
0.10/0.12	0.123804	133	244
0.10/0.12	0.126822	132	302
0.10/0.13	0.129629	131	350
0.10/0.13	0.130136	130	360
0.10/0.13	0.130836	129	369
0.10/0.13	0.131353	128	380
0.10/0.13	0.136859	127	450
0.10/0.14	0.146253	126	608
0.10/0.15	0.154489	125	754
0.10/0.15	0.154925	124	763
0.10/0.16	0.162275	123	863
0.10/0.16	0.163249	122	877
0.10/0.16	0.164157	121	887
0.10/0.18	0.179818	120	1124
0.29/0.31	0.316981	119	3157
0.29/0.35	0.354117	118	3731
0.39/0.41	0.407945	117	4263
0.49/0.53	0.53388	116	5727
0.79/0.86	0.858912	115	9812
0.79/0.89	0.893751	114	10155
1.19/1.25	1.24933	113	13921
2.49/2.59	2.59572	112	26833
2.99/3.09	3.09195	111	33157
3.18/3.59	3.5973	110	38586
9.99/10.01	10.011	109	96989
28.49/28.82	28.8254	108	200691
689.97/690.05	690.036	107	3063109
999.96/1000.06	********Debuging CoveringArray::optimize*********
999.96/1000.06	total size : 107
999.96/1000.06	********End of Debuing CoveringArray::optimize********
