0.00/0.08	0.079362	156	0
0.00/0.08	0.0795	155	2
0.00/0.08	0.079753	154	6
0.00/0.08	0.080122	153	11
0.00/0.08	0.0804	152	16
0.00/0.08	0.080944	151	23
0.00/0.08	0.081359	150	28
0.00/0.08	0.081538	149	32
0.00/0.08	0.08197	148	39
0.00/0.08	0.082826	147	49
0.00/0.08	0.08336	146	57
0.00/0.08	0.083979	145	66
0.00/0.08	0.08421	144	70
0.00/0.08	0.085257	143	85
0.00/0.08	0.085647	142	93
0.00/0.08	0.086341	141	105
0.00/0.08	0.086771	140	114
0.00/0.08	0.087771	139	125
0.00/0.09	0.089166	138	142
0.00/0.09	0.089551	137	150
0.00/0.09	0.090245	136	161
0.00/0.09	0.090849	135	174
0.00/0.09	0.091498	134	185
0.00/0.09	0.092346	133	201
0.00/0.09	0.094058	132	230
0.00/0.09	0.095351	131	245
0.00/0.09	0.097234	130	270
0.00/0.10	0.101105	129	340
0.00/0.10	0.106302	128	407
0.00/0.10	0.10645	127	410
0.00/0.11	0.116644	126	552
0.00/0.12	0.119158	125	598
0.00/0.12	0.126446	124	696
0.00/0.13	0.132415	123	791
0.00/0.13	0.137527	122	844
0.00/0.17	0.171107	121	1349
0.00/0.22	0.228301	120	2164
0.00/0.25	0.25537	119	2532
0.00/0.30	0.305978	118	3159
0.69/0.73	0.734412	117	7961
0.69/0.73	0.734907	116	7971
0.79/0.87	0.876781	115	9570
0.79/0.88	0.879979	114	9636
1.08/1.17	1.1737	113	13525
1.69/1.73	1.73802	112	19201
3.09/3.19	3.19729	111	35648
3.29/3.34	3.34054	110	37117
8.89/8.97	8.97727	109	77063
10.98/11.16	11.1588	108	95473
61.79/61.83	61.8319	107	311605
999.95/1000.07	********Debuging CoveringArray::optimize*********
999.95/1000.07	total size : 107
999.95/1000.07	********End of Debuing CoveringArray::optimize********
