0.05/0.09	0.089765	160	0
0.05/0.09	0.090079	158	4
0.05/0.09	0.090527	157	9
0.05/0.09	0.090879	156	14
0.05/0.09	0.091077	155	17
0.05/0.09	0.091304	154	21
0.05/0.09	0.091511	153	24
0.05/0.09	0.091599	152	25
0.05/0.09	0.091915	151	31
0.05/0.09	0.092146	150	34
0.05/0.09	0.092245	149	36
0.05/0.09	0.092631	148	42
0.05/0.09	0.093153	147	49
0.05/0.09	0.093847	146	58
0.05/0.09	0.094128	145	61
0.05/0.09	0.094571	144	68
0.05/0.09	0.095469	143	79
0.05/0.09	0.096297	142	87
0.05/0.09	0.096398	141	89
0.05/0.09	0.097481	140	100
0.05/0.10	0.098503	139	112
0.10/0.10	0.098903	138	119
0.10/0.10	0.099733	137	130
0.10/0.10	0.100719	136	153
0.10/0.10	0.102101	135	175
0.10/0.10	0.103805	134	194
0.10/0.10	0.104874	133	212
0.10/0.10	0.107399	132	263
0.10/0.11	0.108724	131	282
0.10/0.11	0.111411	130	314
0.10/0.11	0.111662	129	318
0.10/0.11	0.118063	128	440
0.10/0.13	0.130158	127	597
0.10/0.13	0.130884	126	610
0.10/0.14	0.144289	125	800
0.10/0.16	0.163498	124	1035
0.10/0.16	0.164506	123	1056
0.10/0.18	0.17995	122	1306
0.10/0.18	0.184306	121	1354
0.10/0.21	0.216107	120	1644
0.10/0.25	0.258107	119	2236
0.10/0.28	0.287506	118	2574
0.10/0.41	0.414966	117	4185
0.10/0.41	0.4176	116	4227
0.10/0.48	0.484288	115	5004
1.31/1.35	1.35683	114	15270
1.79/1.88	1.88625	113	21113
2.59/2.68	2.68551	112	27407
2.85/2.86	2.86417	111	29445
6.29/6.34	6.34645	110	61890
6.39/6.40	6.40303	109	62669
18.39/18.43	18.4278	108	124962
56.98/57.01	57.0129	107	338487
72.39/72.49	72.4921	106	406950
999.96/1000.07	********Debuging CoveringArray::optimize*********
999.96/1000.07	total size : 106
999.96/1000.07	********End of Debuing CoveringArray::optimize********
