0.02/0.09	0.096295	160	0
0.02/0.09	0.096602	159	4
0.02/0.09	0.09694	158	8
0.02/0.09	0.097797	156	16
0.02/0.10	0.097966	155	19
0.10/0.10	0.098126	154	21
0.10/0.10	0.098652	153	27
0.10/0.10	0.099162	152	34
0.10/0.10	0.099376	151	39
0.10/0.10	0.099602	150	42
0.10/0.10	0.099775	149	45
0.10/0.10	0.100103	148	49
0.10/0.10	0.100915	147	59
0.10/0.10	0.101568	146	71
0.10/0.10	0.101951	145	76
0.10/0.10	0.102156	144	80
0.10/0.10	0.10246	143	85
0.10/0.10	0.103476	142	98
0.10/0.10	0.103901	141	104
0.10/0.10	0.10462	140	113
0.10/0.10	0.105434	139	124
0.10/0.10	0.10641	138	135
0.10/0.10	0.107755	137	156
0.10/0.11	0.108812	136	170
0.10/0.11	0.109324	135	182
0.10/0.11	0.110633	134	202
0.10/0.11	0.111543	133	217
0.10/0.11	0.113803	132	251
0.10/0.12	0.118136	131	292
0.10/0.12	0.120802	130	329
0.10/0.12	0.125035	129	390
0.10/0.13	0.127944	128	441
0.10/0.13	0.135269	127	553
0.10/0.15	0.15528	126	820
0.10/0.17	0.175865	125	1157
0.10/0.19	0.19171	124	1354
0.10/0.19	0.191882	123	1357
0.10/0.20	0.199556	122	1469
0.22/0.26	0.263191	121	2205
0.22/0.28	0.278103	120	2376
0.22/0.28	0.2854	119	2445
0.22/0.29	0.289454	118	2519
0.29/0.32	0.31862	117	2841
0.39/0.49	0.488933	116	4741
0.59/0.66	0.662545	115	6741
0.69/0.71	0.712329	114	7359
1.01/1.10	1.09859	113	11570
2.39/2.46	2.46708	112	23212
2.59/2.60	2.60408	111	24849
3.39/3.41	3.4165	110	32468
12.89/12.96	12.9672	109	99598
55.09/55.16	55.1569	108	350632
56.89/56.96	56.9617	107	364165
999.65/1000.07	********Debuging CoveringArray::optimize*********
999.65/1000.07	total size : 107
999.65/1000.07	********End of Debuing CoveringArray::optimize********
