0.25/0.29	0.278894	237	0
0.25/0.29	0.282097	236	2
0.25/0.29	0.285473	235	5
0.28/0.30	0.288677	234	7
0.28/0.30	0.292786	233	12
0.28/0.31	0.299697	232	32
0.28/0.31	0.304902	231	42
0.28/0.32	0.308521	230	44
0.28/0.32	0.312596	229	49
0.28/0.33	0.316947	228	56
0.28/0.33	0.322394	227	69
0.28/0.34	0.326187	226	73
0.28/0.35	0.342769	225	147
0.28/0.36	0.355317	224	188
0.28/0.37	0.359867	223	197
0.28/0.39	0.37961	222	277
0.38/0.40	0.389191	221	308
0.38/0.40	0.394723	220	322
0.38/0.41	0.400734	219	338
0.38/0.44	0.427416	218	437
0.38/0.47	0.457018	217	562
0.58/0.68	0.674356	216	1379
0.68/0.74	0.728693	215	1615
