0.20/0.24	0.240918	241	0
0.20/0.24	0.244227	240	2
0.20/0.24	0.247825	239	6
0.20/0.25	0.250814	238	7
0.20/0.25	0.253733	237	8
0.20/0.25	0.256837	236	10
0.20/0.26	0.259859	235	12
0.20/0.26	0.264157	234	21
0.20/0.27	0.269607	233	31
0.20/0.27	0.272503	232	32
0.20/0.27	0.27628	231	35
0.20/0.28	0.281663	230	49
0.20/0.28	0.286078	229	59
0.20/0.29	0.295497	228	96
0.30/0.30	0.305701	227	123
0.30/0.31	0.310082	226	130
0.30/0.32	0.318598	225	160
0.30/0.32	0.3269	224	191
0.30/0.33	0.333836	223	218
0.30/0.34	0.338883	222	227
0.30/0.35	0.357088	221	293
0.30/0.36	0.362008	220	302
0.30/0.37	0.371442	219	335
0.50/0.53	0.534587	218	1133
0.69/0.75	0.750687	217	2112
0.79/0.89	0.89123	216	2746
0.89/1.32	1.3197	215	4721
