0.00/0.26	0.25064	237	0
0.00/0.27	0.253644	236	1
0.00/0.27	0.256603	235	2
0.00/0.27	0.259445	234	3
0.00/0.27	0.262336	233	4
0.00/0.28	0.265702	232	7
0.00/0.28	0.272284	231	24
0.00/0.29	0.278086	230	38
0.00/0.29	0.282236	229	46
0.00/0.30	0.288267	228	60
0.00/0.31	0.295232	227	82
0.00/0.33	0.314039	226	174
0.00/0.33	0.319143	225	184
0.00/0.33	0.322958	224	189
0.00/0.34	0.326088	223	191
0.00/0.35	0.342078	222	249
0.35/0.38	0.370827	221	354
0.38/0.41	0.394872	220	442
0.38/0.41	0.401983	219	462
0.38/0.47	0.46131	218	706
0.48/0.54	0.533202	217	965
0.68/0.71	0.693419	216	1629
0.68/0.75	0.739265	215	1822
