0.00/0.26	0.259048	236	0
0.00/0.26	0.266165	235	18
0.00/0.27	0.269713	234	20
0.00/0.27	0.273556	233	27
0.00/0.28	0.281591	232	53
0.00/0.28	0.286643	231	59
0.00/0.29	0.289917	230	62
0.00/0.29	0.29274	229	63
0.00/0.30	0.299003	228	79
0.00/0.30	0.304496	227	94
0.00/0.31	0.309984	226	109
0.00/0.31	0.314558	225	120
0.00/0.32	0.325977	224	160
0.00/0.40	0.405883	223	482
0.00/0.41	0.415386	222	505
0.00/0.42	0.419089	221	509
0.00/0.54	0.54115	220	1028
0.00/0.54	0.547759	219	1049
0.00/0.58	0.579702	218	1183
0.00/0.62	0.620274	217	1346
0.00/0.64	0.639757	216	1411
0.00/0.80	0.801504	215	2031
