0.19/0.25	0.250998	239	0
0.19/0.25	0.254692	238	4
0.19/0.26	0.257657	237	5
0.19/0.26	0.261329	236	7
0.19/0.26	0.264684	235	8
0.19/0.27	0.268437	234	13
0.19/0.27	0.271739	233	16
0.19/0.27	0.274639	232	17
0.19/0.28	0.278392	231	19
0.19/0.28	0.283119	230	24
0.19/0.29	0.288723	229	37
0.19/0.29	0.292488	228	41
0.29/0.30	0.300393	227	63
0.29/0.30	0.305844	226	74
0.29/0.32	0.318926	225	115
0.29/0.32	0.326755	224	137
0.29/0.33	0.331887	223	146
0.29/0.35	0.349122	222	198
0.29/0.35	0.355738	221	213
0.39/0.41	0.412371	220	427
0.39/0.43	0.432653	219	503
0.39/0.44	0.438395	218	513
0.39/0.47	0.46844	217	653
0.69/0.73	0.728003	216	1673
1.02/1.10	1.1065	215	3168
