0.00/0.27	0.270321	241	0
0.00/0.27	0.273384	240	1
0.00/0.27	0.276945	239	2
0.00/0.28	0.282948	238	20
0.00/0.28	0.28701	237	23
0.00/0.29	0.292593	236	39
0.30/0.30	0.300833	235	66
0.30/0.30	0.304427	234	69
0.30/0.30	0.307374	233	70
0.30/0.31	0.310614	232	73
0.30/0.31	0.314246	231	75
0.30/0.31	0.317628	230	76
0.30/0.32	0.32118	229	78
0.30/0.32	0.3248	228	82
0.30/0.33	0.33343	227	113
0.30/0.34	0.345309	226	165
0.30/0.35	0.349194	225	169
0.30/0.37	0.374015	224	287
0.30/0.38	0.387839	223	345
0.30/0.39	0.392087	222	351
0.30/0.42	0.422685	221	470
0.30/0.42	0.425985	220	474
0.43/0.44	0.444949	219	562
0.43/0.48	0.48505	218	738
0.50/0.54	0.547953	217	1021
0.50/0.58	0.583332	216	1169
0.69/0.74	0.743064	215	1914
