0.23/0.23	0.237988	238	0
0.23/0.24	0.242763	237	10
0.23/0.24	0.246588	236	16
0.23/0.25	0.249657	235	18
0.23/0.25	0.255113	234	31
0.23/0.26	0.260728	233	43
0.23/0.26	0.263934	232	45
0.23/0.26	0.266872	231	46
0.23/0.27	0.270517	230	51
0.23/0.27	0.274119	229	56
0.23/0.27	0.277129	228	58
0.23/0.28	0.281371	227	64
0.23/0.28	0.285247	226	68
0.23/0.29	0.292442	225	83
0.29/0.30	0.307081	224	143
0.29/0.31	0.31164	223	152
0.29/0.31	0.315886	222	156
0.29/0.32	0.319817	221	159
0.29/0.32	0.323985	220	167
0.29/0.38	0.382998	219	415
0.29/0.48	0.478506	218	821
0.29/0.56	0.563195	217	1192
0.79/0.86	0.86018	216	2534
1.31/1.33	1.33697	215	4811
