0.19/0.28	0.27826	234	0
0.19/0.28	0.281536	233	1
0.19/0.29	0.289134	232	20
0.19/0.29	0.29323	231	25
0.19/0.29	0.296142	230	26
0.29/0.30	0.300669	229	33
0.29/0.30	0.304008	228	36
0.29/0.31	0.316452	227	74
0.29/0.32	0.321797	226	86
0.29/0.33	0.333966	225	121
0.29/0.35	0.35329	224	184
0.29/0.36	0.35855	223	197
0.29/0.37	0.372443	222	248
0.29/0.38	0.383442	221	298
0.29/0.40	0.397487	220	359
0.39/0.41	0.413528	219	438
0.39/0.45	0.44873	218	622
0.59/0.69	0.692953	217	1674
0.69/0.77	0.775065	216	2019
0.79/0.80	0.806467	215	2138
