0.19/0.26	0.261317	236	0
0.19/0.26	0.265661	235	5
0.19/0.27	0.271015	234	16
0.19/0.27	0.274872	233	22
0.19/0.27	0.277993	232	24
0.19/0.28	0.284152	231	43
0.19/0.28	0.286942	230	44
0.19/0.29	0.290482	229	49
0.29/0.30	0.302483	228	96
0.29/0.31	0.316641	227	145
0.29/0.32	0.324767	226	175
0.29/0.33	0.335488	225	214
0.29/0.34	0.339423	224	219
0.29/0.35	0.35449	223	272
0.29/0.37	0.371133	222	332
0.29/0.38	0.383069	221	375
0.29/0.38	0.387015	220	378
0.29/0.39	0.390746	219	384
0.39/0.42	0.420033	218	452
0.39/0.44	0.438444	217	498
0.49/0.57	0.572979	216	986
0.59/0.68	0.681172	215	1413
