0.10/0.26	0.261602	238	0
0.10/0.26	0.264977	237	3
0.10/0.26	0.268199	236	6
0.10/0.27	0.271733	235	10
0.10/0.27	0.275511	234	12
0.10/0.28	0.278778	233	13
0.10/0.28	0.285096	232	33
0.10/0.29	0.29032	231	43
0.10/0.30	0.300954	230	81
0.10/0.30	0.304278	229	85
0.10/0.31	0.312505	228	117
0.10/0.32	0.321104	227	144
0.10/0.32	0.32518	226	150
0.10/0.34	0.338956	225	195
0.10/0.34	0.342589	224	200
0.10/0.34	0.345726	223	203
0.10/0.37	0.369062	222	295
0.10/0.38	0.38671	221	368
0.10/0.51	0.509904	220	863
0.55/0.59	0.594453	219	1210
0.60/0.68	0.681856	218	1596
0.70/0.77	0.777653	217	1979
0.90/0.91	0.910839	216	2654
1.49/1.60	1.60397	215	5804
