0.00/0.23	0.230906	237	0
0.00/0.23	0.234107	236	2
0.00/0.24	0.237493	235	5
0.00/0.24	0.240693	234	7
0.00/0.24	0.244771	233	12
0.00/0.25	0.251636	232	32
0.00/0.26	0.2569	231	42
0.00/0.26	0.26054	230	44
0.00/0.26	0.264644	229	49
0.00/0.27	0.268979	228	56
0.00/0.27	0.274398	227	69
0.00/0.28	0.278196	226	73
0.00/0.29	0.294563	225	147
0.00/0.30	0.305657	224	188
0.00/0.31	0.309897	223	197
0.00/0.33	0.330035	222	277
0.00/0.34	0.34024	221	308
0.00/0.34	0.345755	220	322
0.00/0.35	0.351776	219	338
0.00/0.38	0.378373	218	437
0.00/0.41	0.407895	217	562
0.59/0.61	0.615676	216	1379
0.59/0.66	0.663961	215	1615
999.96/1000.03	4457091
