0.19/0.27	0.276098	241	0
0.19/0.28	0.279851	240	2
0.19/0.28	0.283936	239	6
0.19/0.29	0.287352	238	7
0.19/0.29	0.290682	237	8
0.19/0.29	0.29421	236	10
0.29/0.30	0.297648	235	12
0.29/0.30	0.302502	234	21
0.29/0.31	0.308603	233	31
0.29/0.31	0.311925	232	32
0.29/0.31	0.316189	231	35
0.29/0.32	0.322212	230	49
0.29/0.32	0.327199	229	59
0.29/0.34	0.337667	228	96
0.29/0.35	0.348982	227	123
0.29/0.35	0.353918	226	130
0.29/0.36	0.363396	225	160
0.29/0.37	0.37266	224	191
0.29/0.38	0.381213	223	218
0.29/0.38	0.38694	222	227
0.39/0.40	0.405558	221	293
0.39/0.41	0.411081	220	302
0.39/0.42	0.421554	219	335
0.59/0.60	0.601881	218	1133
0.79/0.81	0.815644	217	2112
0.90/0.96	0.963764	216	2746
0.90/1.40	1.39834	215	4721
999.96/1000.03	4539698
