0.17/0.25	0.225163	237	0
0.17/0.25	0.22883	236	1
0.17/0.25	0.231766	235	2
0.17/0.26	0.234606	234	3
0.17/0.26	0.237491	233	4
0.17/0.26	0.240822	232	7
0.17/0.27	0.247285	231	24
0.17/0.27	0.25301	230	38
0.17/0.28	0.257105	229	46
0.17/0.28	0.262998	228	60
0.17/0.29	0.26983	227	82
0.27/0.31	0.288175	226	174
0.27/0.31	0.293203	225	184
0.27/0.32	0.296987	224	189
0.27/0.32	0.300078	223	191
0.27/0.34	0.31569	222	249
0.27/0.36	0.341763	221	354
0.27/0.38	0.362931	220	442
0.27/0.39	0.369424	219	462
0.37/0.45	0.424758	218	706
0.47/0.51	0.48744	217	965
0.57/0.65	0.628593	216	1629
0.57/0.69	0.669467	215	1822
999.94/1000.05	4498588
