0.19/0.22	0.226086	236	0
0.19/0.23	0.233271	235	18
0.19/0.23	0.236834	234	20
0.19/0.24	0.2407	233	27
0.19/0.25	0.248741	232	53
0.19/0.25	0.253804	231	59
0.19/0.25	0.257095	230	62
0.19/0.26	0.259932	229	63
0.19/0.26	0.266221	228	79
0.19/0.27	0.271744	227	94
0.19/0.27	0.277238	226	109
0.19/0.28	0.281843	225	120
0.19/0.29	0.292784	224	160
0.30/0.36	0.364691	223	482
0.30/0.37	0.37347	222	505
0.30/0.37	0.377038	221	509
0.42/0.49	0.493909	220	1028
0.49/0.50	0.500562	219	1049
0.49/0.53	0.532634	218	1183
0.49/0.57	0.571109	217	1346
0.49/0.59	0.588795	216	1411
0.69/0.73	0.73805	215	2031
999.66/1000.03	4303604
