0.00/0.23	0.228806	239	0
0.00/0.23	0.232667	238	4
0.00/0.23	0.235689	237	5
0.00/0.24	0.239372	236	7
0.00/0.24	0.242773	235	8
0.00/0.25	0.246555	234	13
0.00/0.25	0.249906	233	16
0.00/0.25	0.252831	232	17
0.00/0.26	0.256592	231	19
0.00/0.26	0.261324	230	24
0.00/0.27	0.266887	229	37
0.00/0.27	0.270525	228	41
0.27/0.28	0.277907	227	63
0.27/0.28	0.283095	226	74
0.27/0.29	0.295148	225	115
0.29/0.30	0.302501	224	137
0.29/0.31	0.307413	223	146
0.29/0.32	0.32413	222	198
0.29/0.33	0.33081	221	213
0.29/0.38	0.383728	220	427
0.39/0.40	0.402133	219	503
0.39/0.41	0.407531	218	513
0.39/0.43	0.434907	217	653
0.59/0.69	0.691204	216	1673
0.99/1.06	1.06162	215	3168
999.75/1000.03	4286211
