0.00/0.25	0.250211	241	0
0.00/0.25	0.253282	240	1
0.00/0.26	0.256829	239	2
0.00/0.26	0.262821	238	20
0.00/0.27	0.266977	237	23
0.00/0.27	0.27296	236	39
0.00/0.28	0.281899	235	66
0.00/0.28	0.285635	234	69
0.00/0.29	0.288629	233	70
0.29/0.29	0.29197	232	73
0.29/0.29	0.29573	231	75
0.29/0.30	0.299244	230	76
0.29/0.30	0.302937	229	78
0.29/0.31	0.306699	228	82
0.29/0.32	0.316088	227	113
0.29/0.33	0.329153	226	165
0.29/0.33	0.333225	225	169
0.29/0.36	0.36102	224	287
0.29/0.38	0.376225	223	345
0.29/0.38	0.380711	222	351
0.39/0.41	0.414503	221	470
0.39/0.42	0.417798	220	474
0.39/0.44	0.436686	219	562
0.39/0.48	0.480883	218	738
0.49/0.55	0.551446	217	1021
0.49/0.59	0.590917	216	1169
0.69/0.76	0.762481	215	1914
999.67/1000.02	4276180
