0.21/0.23	0.232091	238	0
0.21/0.23	0.236838	237	10
0.21/0.24	0.24068	236	16
0.21/0.24	0.243753	235	18
0.21/0.25	0.249233	234	31
0.21/0.25	0.254877	233	43
0.21/0.25	0.258078	232	45
0.21/0.26	0.261008	231	46
0.21/0.26	0.264671	230	51
0.21/0.26	0.26828	229	56
0.21/0.27	0.271289	228	58
0.21/0.27	0.275542	227	64
0.21/0.28	0.279423	226	68
0.21/0.28	0.286662	225	83
0.29/0.30	0.302067	224	143
0.29/0.30	0.307086	223	152
0.29/0.31	0.311034	222	156
0.29/0.31	0.314604	221	159
0.29/0.32	0.318601	220	167
0.29/0.37	0.377031	219	415
0.40/0.48	0.479268	218	821
0.49/0.57	0.574234	217	1192
0.80/0.88	0.879345	216	2534
0.90/1.37	1.37724	215	4811
999.96/1000.03	4385051
