0.19/0.24	0.247656	234	0
0.19/0.25	0.250919	233	1
0.19/0.26	0.258469	232	20
0.19/0.26	0.262612	231	25
0.19/0.26	0.265578	230	26
0.19/0.27	0.270336	229	33
0.19/0.27	0.273688	228	36
0.19/0.28	0.286437	227	74
0.19/0.29	0.29203	226	86
0.29/0.30	0.304325	225	121
0.29/0.32	0.323519	224	184
0.29/0.33	0.329116	223	197
0.29/0.34	0.344305	222	248
0.29/0.35	0.356321	221	298
0.29/0.37	0.370983	220	359
0.29/0.38	0.386896	219	438
0.39/0.42	0.421838	218	622
0.59/0.67	0.671449	217	1674
0.59/0.75	0.751699	216	2019
0.59/0.78	0.783035	215	2138
999.89/1000.02	4483434
