0.20/0.22	0.227681	236	0
0.20/0.23	0.232221	235	5
0.20/0.23	0.237589	234	16
0.20/0.24	0.24148	233	22
0.20/0.24	0.244639	232	24
0.20/0.25	0.250792	231	43
0.20/0.25	0.253589	230	44
0.20/0.25	0.257139	229	49
0.20/0.27	0.268468	228	96
0.20/0.28	0.282464	227	145
0.20/0.29	0.290569	226	175
0.29/0.30	0.301233	225	214
0.29/0.30	0.305181	224	219
0.29/0.32	0.320066	223	272
0.29/0.33	0.336557	222	332
0.29/0.35	0.348378	221	375
0.29/0.35	0.352388	220	378
0.29/0.35	0.356119	219	384
0.29/0.37	0.374469	218	452
0.29/0.38	0.387486	217	498
0.49/0.50	0.500227	216	986
0.49/0.59	0.59685	215	1413
999.77/1000.02	4377557
