0.18/0.26	0.246554	238	0
0.18/0.26	0.25001	237	3
0.18/0.26	0.253297	236	6
0.18/0.27	0.256857	235	10
0.18/0.27	0.260644	234	12
0.18/0.27	0.263919	233	13
0.18/0.28	0.27024	232	33
0.18/0.28	0.275455	231	43
0.18/0.30	0.28691	230	81
0.18/0.30	0.290383	229	85
0.18/0.31	0.299308	228	117
0.18/0.32	0.308709	227	144
0.18/0.32	0.313004	226	150
0.18/0.34	0.328136	225	195
0.18/0.34	0.331935	224	200
0.18/0.34	0.335172	223	203
0.35/0.37	0.361086	222	295
0.35/0.39	0.379832	221	368
0.48/0.51	0.498028	220	863
0.48/0.59	0.582635	219	1210
0.58/0.68	0.673464	218	1596
0.68/0.78	0.769106	217	1979
0.88/0.92	0.90601	216	2654
1.58/1.61	1.60086	215	5804
999.99/1000.04	4271310
