2.14/2.31	2.17135	353	0
2.24/2.42	2.28365	352	1
2.24/2.53	2.39497	350	2
2.24/2.65	2.50794	349	5
2.24/2.76	2.61996	348	8
2.68/2.87	2.72935	347	9
2.74/2.98	2.83972	346	12
2.84/3.09	2.94762	345	13
3.04/3.20	3.05714	344	16
3.14/3.30	3.16498	343	17
3.24/3.41	3.27047	342	18
3.34/3.51	3.37553	341	19
3.44/3.62	3.4794	340	20
3.54/3.73	3.58863	339	25
3.54/3.83	3.69159	338	26
3.54/3.94	3.79602	337	28
3.54/4.04	3.89731	336	29
3.95/4.14	3.99791	335	30
4.04/4.24	4.09912	334	31
4.14/4.34	4.19962	333	32
4.24/4.44	4.30393	332	36
4.34/4.55	4.40832	331	41
4.44/4.65	4.51014	330	44
4.54/4.76	4.6198	329	52
4.64/4.86	4.71955	328	54
4.74/4.96	4.81784	327	56
4.84/5.06	4.91745	326	60
4.96/5.16	5.01578	325	62
4.96/5.25	5.10967	324	63
4.96/5.35	5.20975	323	67
4.96/5.45	5.30826	322	70
4.96/5.56	5.41773	321	81
5.44/5.66	5.51771	320	87
5.54/5.76	5.6219	319	95
5.64/5.86	5.7164	318	98
5.74/5.95	5.81492	317	104
5.84/6.05	5.9068	316	107
5.94/6.14	5.9991	315	110
6.04/6.24	6.09725	314	115
6.14/6.34	6.19833	313	122
6.24/6.43	6.29206	312	126
6.24/6.52	6.3855	311	131
6.24/6.63	6.48623	310	139
6.24/6.72	6.58382	309	145
6.24/6.81	6.67354	308	148
6.72/6.92	6.78156	307	163
6.84/7.02	6.87825	306	172
6.94/7.11	6.97205	305	176
7.04/7.22	7.08229	304	192
7.14/7.32	7.18198	303	202
7.24/7.42	7.27729	302	210
7.34/7.57	7.42686	301	250
7.44/7.67	7.52781	300	262
7.54/7.76	7.61679	299	268
7.64/7.85	7.70914	298	274
7.64/7.94	7.79932	297	281
7.64/8.03	7.8925	296	290
7.64/8.13	7.99275	295	303
7.64/8.23	8.09351	294	316
7.64/8.33	8.18679	293	324
7.64/8.40	8.26486	292	326
8.37/8.52	8.38443	291	350
8.64/8.82	8.68158	290	482
8.74/8.99	8.85377	289	546
8.84/9.07	8.93107	288	549
9.04/9.22	9.07809	287	590
9.27/9.49	9.34756	286	704
9.27/9.58	9.44316	285	717
9.27/9.68	9.53776	284	730
9.27/9.77	9.63403	283	743
10.24/10.40	10.2593	282	1121
10.34/10.57	10.4334	281	1191
10.64/10.87	10.7254	280	1331
10.64/11.20	11.0635	279	1493
14.10/14.37	14.232	278	3925
14.74/14.96	14.8169	277	4329
16.25/16.45	16.3132	276	5424
18.05/18.32	18.1818	275	6935
18.05/18.64	18.502	274	7136
24.75/24.93	24.793	273	12428
26.65/26.81	26.6741	272	13968
31.35/31.73	31.5912	271	17907
32.85/33.17	33.0248	270	18990
33.55/33.76	33.6228	269	19382
35.75/36.10	35.9584	268	21169
35.75/36.23	36.0868	267	21213
38.65/39.14	38.996	266	23494
40.05/40.25	40.1135	265	24325
43.25/43.60	43.4611	264	26760
44.65/45.13	44.9847	263	27908
50.14/50.37	50.2243	262	31967
56.45/56.66	56.5162	261	37253
62.62/63.16	63.0203	260	42634
67.65/67.88	67.7433	259	46592
69.74/69.90	69.7627	258	48148
92.15/92.30	92.1542	257	66063
92.45/92.60	92.4559	256	66259
92.84/93.01	92.8731	255	66512
108.24/108.43	108.291	254	78009
110.04/110.43	110.291	253	79327
113.04/113.52	113.377	252	81580
116.04/116.41	116.269	251	83649
127.84/128.05	127.909	250	91948
157.65/158.14	157.996	249	113662
165.14/165.52	165.377	248	119060
167.94/168.14	167.998	247	120937
188.45/188.61	188.464	246	134685
249.65/249.86	249.716	245	178533
252.85/253.06	252.916	244	180521
255.06/255.27	255.126	243	181856
