1.69/2.22	2.22447	351	0
2.29/2.33	2.3361	350	1
2.39/2.44	2.44679	349	2
2.49/2.55	2.556	348	3
2.59/2.66	2.6649	347	4
2.69/2.77	2.77418	346	6
2.79/2.88	2.88373	345	7
2.89/2.99	2.9909	344	8
3.00/3.10	3.09836	343	10
3.19/3.20	3.2054	342	11
3.29/3.31	3.31028	341	12
3.39/3.41	3.41607	340	14
3.49/3.52	3.52003	339	15
3.59/3.62	3.62248	338	16
3.69/3.73	3.73129	337	21
3.79/3.83	3.83253	336	22
3.89/3.93	3.93539	335	23
3.99/4.04	4.03885	334	26
4.10/4.14	4.13975	333	28
4.20/4.24	4.24501	332	32
4.29/4.35	4.34769	331	35
4.39/4.45	4.44913	330	38
4.49/4.55	4.54781	329	40
4.59/4.64	4.64606	328	42
4.59/4.74	4.74593	327	45
4.59/4.84	4.84353	326	47
4.59/4.94	4.94284	325	50
4.59/5.04	5.04219	324	53
5.12/5.14	5.13985	323	57
5.19/5.24	5.24393	322	65
5.29/5.34	5.34482	321	71
5.39/5.44	5.44281	320	75
5.49/5.53	5.53696	319	78
5.60/5.63	5.63453	318	83
5.70/5.73	5.73242	317	89
5.79/5.82	5.82042	316	90
5.89/5.91	5.91384	315	93
5.99/6.00	6.00584	314	97
5.99/6.10	6.10136	313	102
5.99/6.19	6.19566	312	107
5.99/6.29	6.29572	311	117
5.99/6.39	6.39228	310	125
5.99/6.49	6.49611	309	136
6.55/6.58	6.58325	308	138
6.59/6.68	6.68354	307	146
6.69/6.77	6.7699	306	148
6.79/6.86	6.86081	305	152
6.89/6.98	6.97963	304	176
7.10/7.15	7.15455	303	239
7.20/7.24	7.23978	302	241
7.29/7.32	7.32377	301	243
7.39/7.53	7.53482	300	337
7.39/7.65	7.64721	299	363
7.39/7.76	7.75974	298	389
7.39/7.91	7.90889	297	436
8.09/8.14	8.14441	296	541
8.19/8.26	8.26568	295	569
8.29/8.35	8.34962	294	573
8.39/8.44	8.43865	293	578
8.49/8.52	8.5252	292	583
8.59/8.67	8.6681	291	623
8.89/9.13	9.13313	290	900
8.89/9.32	9.32016	289	977
9.43/9.48	9.47652	288	1032
9.79/9.82	9.82168	287	1234
9.89/9.99	9.98706	286	1299
10.20/10.22	10.2174	285	1404
10.30/10.33	10.329	284	1430
10.30/10.65	10.6486	283	1601
11.70/11.88	11.883	282	2504
13.79/13.83	13.8315	281	3944
14.09/14.13	14.1266	280	4108
14.19/14.27	14.2708	279	4157
14.29/14.35	14.3498	278	4161
14.59/15.08	15.0795	277	4638
15.59/15.65	15.6472	276	4972
15.79/15.88	15.8824	275	5073
16.62/16.69	16.6924	274	5624
16.99/17.03	17.0327	273	5798
18.20/18.25	18.2508	272	6661
23.92/24.06	24.0596	271	11871
26.87/26.92	26.9193	270	14152
27.19/27.26	27.2577	269	14335
28.59/28.66	28.6634	268	15330
28.79/28.84	28.8369	267	15391
30.19/30.21	30.2129	266	16326
30.69/30.75	30.7478	265	16665
34.79/34.86	34.8622	264	19849
35.29/35.44	35.4353	263	20235
36.29/36.37	36.3695	262	20898
37.78/37.83	37.8295	261	21920
57.28/57.48	57.474	260	37256
63.08/63.61	63.6063	259	41804
63.88/63.92	63.9208	258	41978
65.48/65.57	65.5692	257	43138
65.78/65.81	65.8122	256	43278
70.08/70.11	70.1094	255	46216
70.48/70.75	70.7516	254	46592
71.88/71.92	71.9156	253	47319
81.59/81.68	81.6741	252	54429
98.38/98.91	98.9082	251	67838
101.38/101.59	101.584	250	69849
104.28/104.83	104.824	249	72193
140.89/140.95	140.944	248	98807
141.28/141.37	141.365	247	99047
150.58/150.72	150.712	246	105070
164.26/164.34	164.335	245	114502
245.37/245.45	245.435	244	173381
246.27/246.33	246.314	243	173938
627.06/627.30	627.273	242	441123
701.36/701.54	701.503	241	492261
712.36/712.49	712.458	240	499992
