2.08/2.25	2.25742	355	0
2.08/2.37	2.3728	354	2
2.08/2.49	2.49066	353	4
2.59/2.60	2.60415	352	5
2.68/2.71	2.71565	351	6
2.80/2.83	2.83464	350	12
2.90/2.94	2.9448	349	13
2.98/3.05	3.05431	348	14
3.08/3.16	3.16373	347	15
3.18/3.27	3.27654	346	18
3.30/3.38	3.38538	345	19
3.39/3.49	3.4936	344	20
3.48/3.61	3.60992	343	27
3.48/3.71	3.71722	342	28
3.48/3.82	3.82577	341	30
3.48/3.93	3.93207	340	31
3.99/4.04	4.03771	339	32
4.08/4.14	4.14253	338	33
4.20/4.25	4.24871	337	36
4.30/4.35	4.35514	336	39
4.39/4.46	4.45898	335	41
4.48/4.57	4.56818	334	47
4.58/4.67	4.67318	333	51
4.70/4.78	4.78047	332	56
4.79/4.88	4.88129	331	57
4.79/4.98	4.98407	330	60
4.79/5.08	5.08518	329	62
4.79/5.18	5.18499	328	63
4.79/5.28	5.28642	327	65
4.79/5.39	5.38795	326	68
5.40/5.49	5.48961	325	72
5.48/5.59	5.58846	324	74
5.58/5.69	5.6925	323	80
5.68/5.79	5.78927	322	82
5.80/5.89	5.89009	321	87
5.98/6.00	5.99817	320	95
6.08/6.10	6.09779	319	99
6.18/6.22	6.2248	318	120
6.29/6.32	6.31828	317	121
6.29/6.41	6.41127	316	123
6.29/6.50	6.50585	315	125
6.29/6.60	6.60346	314	130
6.29/6.70	6.70683	313	138
6.29/6.82	6.82105	312	153
6.88/6.92	6.91824	311	157
6.98/7.03	7.02905	310	170
7.08/7.13	7.13323	309	182
7.18/7.23	7.23067	308	189
7.30/7.33	7.32991	307	197
7.40/7.43	7.43091	306	206
7.48/7.52	7.52042	305	209
7.58/7.61	7.61228	304	213
7.68/7.73	7.72789	303	233
7.68/7.87	7.87167	302	272
7.68/7.98	7.98213	301	290
7.68/8.09	8.08826	300	304
7.68/8.20	8.20198	299	324
7.68/8.31	8.31033	298	339
8.38/8.42	8.41743	297	353
8.48/8.56	8.55782	296	389
8.58/8.65	8.64878	295	397
8.68/8.75	8.75312	294	412
8.78/8.83	8.83323	293	415
8.90/8.91	8.91652	292	419
8.90/9.00	9.00024	291	423
9.00/9.09	9.09523	290	434
9.08/9.18	9.18154	289	440
9.18/9.26	9.25878	288	443
9.18/9.35	9.3512	287	453
9.18/9.44	9.43836	286	460
9.80/9.84	9.84506	285	672
10.08/10.18	10.1819	284	876
10.18/10.29	10.2966	283	905
10.68/10.80	10.7977	282	1189
11.48/11.56	11.5619	281	1674
11.79/11.83	11.8285	280	1805
12.11/12.45	12.4488	279	2169
13.59/13.69	13.6907	278	3072
13.59/14.05	14.0475	277	3294
15.80/15.81	15.8146	276	4655
16.09/16.11	16.1113	275	4843
19.60/19.63	19.6285	274	8485
20.99/21.04	21.0415	273	9534
23.89/24.48	24.4848	272	12182
25.09/25.10	25.1033	271	12610
26.01/26.05	26.0542	270	13234
26.19/26.20	26.1996	269	13284
27.79/27.88	27.8837	268	14390
28.29/28.56	28.5614	267	14796
29.18/29.22	29.2183	266	15204
29.38/29.44	29.4444	265	15313
30.58/30.66	30.6598	264	16085
32.18/32.24	32.2441	263	17148
36.78/36.87	36.8703	262	20605
54.09/54.12	54.1165	261	34656
55.89/55.93	55.9324	260	36115
60.69/60.82	60.8204	259	40096
73.00/73.14	73.1352	258	50009
76.99/77.50	77.4986	257	53901
81.29/81.35	81.3498	256	57468
85.09/85.14	85.1403	255	60388
90.09/90.14	90.1362	254	64340
91.59/91.68	91.6775	253	65412
116.79/116.99	116.993	252	83326
132.09/132.11	132.11	251	94461
132.79/132.88	132.875	250	94949
133.51/133.60	133.595	249	95397
143.99/144.07	144.065	248	102612
144.69/144.77	144.769	247	102985
145.39/145.46	145.464	246	103372
185.68/185.77	185.767	245	130616
193.58/193.64	193.634	244	135652
194.98/195.00	194.999	243	136491
229.79/229.95	229.95	242	162487
577.98/578.07	578.063	241	399003
580.86/580.91	580.899	240	400888
