2.08/2.18	2.18657	351	0
2.28/2.30	2.29963	350	1
2.38/2.41	2.41262	349	2
2.48/2.52	2.5241	348	3
2.58/2.63	2.63508	347	4
2.69/2.74	2.74536	346	5
2.69/2.86	2.85765	345	7
2.69/2.96	2.96646	344	8
2.69/3.07	3.07558	343	9
3.04/3.18	3.18358	342	10
3.27/3.29	3.2909	341	11
3.28/3.40	3.39874	340	13
3.48/3.50	3.50674	339	15
3.58/3.61	3.61347	338	16
3.68/3.72	3.71781	337	17
3.78/3.82	3.82432	336	19
3.88/3.93	3.93216	335	22
3.98/4.03	4.03593	334	23
4.09/4.14	4.13941	333	25
4.09/4.24	4.24197	332	27
4.09/4.34	4.3457	331	30
4.09/4.45	4.44864	330	33
4.52/4.55	4.55081	329	36
4.62/4.65	4.65112	328	38
4.68/4.75	4.75122	327	40
4.78/4.85	4.85278	326	42
4.88/4.95	4.95259	325	44
4.98/5.05	5.0564	324	49
5.08/5.16	5.16448	323	57
5.18/5.28	5.28023	322	71
5.28/5.38	5.37743	321	73
5.38/5.48	5.4782	320	79
5.48/5.58	5.57857	319	84
5.48/5.67	5.66947	318	85
5.48/5.76	5.76369	317	87
5.48/5.86	5.85751	316	90
5.48/5.95	5.95403	315	93
6.05/6.07	6.06872	313	105
6.08/6.16	6.16197	312	108
6.18/6.26	6.26253	311	116
6.28/6.35	6.35594	310	119
6.38/6.46	6.46426	309	132
6.48/6.55	6.55005	308	133
6.58/6.65	6.65317	307	144
6.68/6.75	6.74746	306	150
6.78/6.83	6.83213	305	152
6.88/6.92	6.91947	304	154
6.88/7.01	7.01259	303	159
6.88/7.10	7.10285	302	163
6.88/7.20	7.19726	301	169
6.88/7.28	7.28071	300	171
6.88/7.40	7.40163	299	192
7.43/7.51	7.511	298	207
7.58/7.61	7.60894	297	218
7.68/7.73	7.72775	296	243
7.78/7.84	7.83857	295	262
7.88/7.92	7.91953	294	265
7.98/8.06	8.06571	293	304
8.08/8.15	8.15364	292	310
8.18/8.25	8.24914	291	319
8.28/8.36	8.35942	290	339
8.38/8.45	8.44723	289	347
8.38/8.55	8.55184	288	363
8.38/8.68	8.68343	287	394
8.38/8.80	8.80404	286	421
8.82/8.92	8.9228	285	445
8.98/9.06	9.05893	284	479
9.18/9.23	9.23553	283	537
9.28/9.34	9.3378	282	555
9.38/9.47	9.47551	281	593
9.78/10.14	10.1361	280	982
10.30/10.47	10.4697	279	1151
10.78/10.82	10.8191	278	1336
11.98/12.07	12.0754	277	2118
12.28/12.34	12.3389	276	2253
12.38/12.47	12.473	275	2300
13.88/13.93	13.9315	274	3388
14.18/14.50	14.5008	273	3757
14.88/14.90	14.9009	272	3992
15.48/15.52	15.516	271	4371
15.68/15.92	15.9247	270	4588
18.38/18.45	18.4533	269	6480
20.73/20.76	20.7589	268	8224
23.99/24.08	24.0761	267	10629
24.49/24.57	24.5703	266	10922
24.59/24.91	24.908	265	11124
25.19/25.25	25.2537	264	11308
27.49/27.57	27.5691	263	12844
28.99/29.23	29.2296	262	13922
29.59/29.67	29.6729	261	14156
29.79/29.86	29.8559	260	14226
29.89/29.97	29.9654	259	14252
31.29/31.31	31.3113	258	15046
37.09/37.11	37.1044	257	19118
58.48/58.59	58.5871	256	35233
84.98/85.15	85.1428	255	56418
90.19/90.25	90.2519	254	59891
134.38/134.46	134.459	253	93617
138.08/138.37	138.363	252	96511
145.38/145.71	145.703	251	101702
147.06/147.21	147.204	250	102728
147.79/147.84	147.84	249	103116
170.59/170.61	170.61	248	119078
171.79/171.87	171.865	247	119884
174.29/174.35	174.341	246	121477
180.88/180.97	180.963	245	126130
203.11/203.46	203.456	244	141386
476.47/476.51	476.497	243	328779
789.46/789.51	789.491	242	539298
