2.09/2.17	2.16633	353	0
2.19/2.28	2.28069	352	2
2.29/2.39	2.39372	351	3
2.42/2.51	2.50552	350	4
2.42/2.62	2.61587	349	5
2.69/2.73	2.72738	348	6
2.79/2.84	2.83769	347	7
2.89/2.95	2.94687	346	8
2.99/3.06	3.05589	345	9
3.09/3.16	3.16384	344	10
3.19/3.27	3.27059	343	11
3.29/3.38	3.37785	342	12
3.39/3.48	3.48396	341	13
3.49/3.59	3.59157	340	15
3.62/3.70	3.69805	339	16
3.76/3.80	3.80245	338	17
3.89/3.91	3.90581	337	18
3.99/4.01	4.00947	336	20
4.09/4.12	4.11953	335	25
4.19/4.22	4.22046	334	26
4.29/4.32	4.32063	333	27
4.39/4.42	4.42039	332	28
4.49/4.52	4.52197	331	31
4.59/4.62	4.62383	330	34
4.70/4.72	4.72341	329	36
4.80/4.82	4.82216	328	38
4.80/4.92	4.92127	327	40
4.80/5.02	5.01928	326	42
4.80/5.11	5.11495	325	44
4.80/5.21	5.21429	324	47
5.22/5.31	5.31499	323	51
5.39/5.41	5.40872	322	52
5.49/5.52	5.5157	321	60
5.59/5.62	5.62275	320	68
5.69/5.72	5.71962	319	70
5.79/5.82	5.81714	318	72
5.89/5.91	5.91172	317	75
5.99/6.01	6.00931	316	78
5.99/6.11	6.10536	315	81
6.10/6.21	6.2103	314	91
6.26/6.31	6.3085	313	98
6.26/6.40	6.40086	312	102
6.26/6.51	6.50981	311	114
6.26/6.60	6.60114	310	117
6.64/6.69	6.69382	309	120
6.69/6.79	6.79105	308	127
6.79/6.89	6.8868	307	133
6.99/7.02	7.01608	306	159
7.09/7.12	7.11676	305	169
7.19/7.21	7.20839	304	174
7.29/7.32	7.32304	303	193
7.39/7.43	7.43283	302	208
7.50/7.62	7.62333	301	274
7.50/7.73	7.72775	300	287
7.50/7.82	7.8247	299	298
7.50/7.98	7.97796	298	340
8.04/8.06	8.05978	297	342
8.29/8.35	8.35015	296	477
8.39/8.44	8.44404	295	486
8.69/8.71	8.71307	294	601
8.79/8.84	8.84347	293	637
8.89/9.00	8.99815	292	683
8.89/9.11	9.11439	291	708
8.89/9.27	9.26798	290	755
9.35/9.40	9.39887	289	792
9.99/10.07	10.0726	288	1224
10.29/10.44	10.4392	287	1430
10.73/10.86	10.8645	286	1691
10.99/11.09	11.0926	285	1804
11.49/11.54	11.5423	284	2040
11.69/11.75	11.7529	283	2130
11.69/12.00	11.9988	282	2240
12.16/12.19	12.1874	281	2322
12.49/12.51	12.5061	280	2479
12.49/12.58	12.5829	279	2482
12.59/12.66	12.662	278	2486
13.09/13.12	13.1177	277	2723
13.09/13.45	13.4458	276	2890
14.19/14.20	14.2033	275	3350
14.49/14.52	14.5193	274	3511
17.29/17.37	17.371	273	5591
18.69/18.73	18.7297	272	6533
18.89/19.28	19.2787	271	6838
21.49/21.57	21.5721	270	8601
22.34/22.42	22.4224	269	9157
28.39/28.44	28.4415	268	13756
28.48/28.55	28.548	267	13780
30.18/30.20	30.2033	266	14913
30.68/30.80	30.8046	265	15281
31.58/31.66	31.6579	264	15795
31.88/31.92	31.9209	263	15915
34.99/35.05	35.0504	262	18086
36.59/37.02	37.0188	261	19472
47.89/47.99	47.9915	260	27008
62.89/62.91	62.9123	259	38332
78.28/78.37	78.3674	258	49928
94.88/94.95	94.9504	257	62918
101.99/102.09	102.089	256	68383
102.69/102.74	102.742	255	68789
106.79/106.86	106.859	254	71612
131.39/131.44	131.439	253	89077
133.09/133.16	133.156	252	90238
134.21/134.24	134.233	251	90872
136.69/136.72	136.716	250	92498
141.09/141.25	141.252	249	95649
145.48/145.73	145.727	248	98855
146.18/146.26	146.253	247	99153
155.89/156.21	156.209	246	106510
181.19/181.74	181.736	245	124031
182.69/182.77	182.766	244	124695
319.94/320.07	320.024	243	220009
327.54/327.79	327.744	242	225303
990.92/991.02	990.947	241	679337
