2.10/2.17	2.17155	347	0
2.20/2.28	2.28	346	1
2.31/2.38	2.3884	345	2
2.41/2.49	2.496	344	3
2.59/2.60	2.6028	343	4
2.70/2.71	2.70895	342	5
2.80/2.81	2.81656	341	7
2.90/2.92	2.92069	340	8
2.99/3.02	3.02446	339	9
3.09/3.12	3.1275	338	10
3.20/3.23	3.23108	337	11
3.30/3.33	3.33276	336	12
3.30/3.43	3.43356	335	13
3.30/3.53	3.53414	334	14
3.30/3.63	3.63577	333	16
3.65/3.73	3.7359	332	17
3.80/3.83	3.83567	331	19
3.89/3.93	3.93282	330	20
3.99/4.03	4.03277	329	22
4.09/4.13	4.13146	328	24
4.19/4.23	4.23424	327	29
4.29/4.34	4.33899	326	34
4.39/4.43	4.43292	325	35
4.49/4.53	4.52937	324	38
4.59/4.62	4.62345	323	40
4.59/4.72	4.7202	322	44
4.59/4.82	4.82144	321	50
4.59/4.92	4.9204	320	55
4.59/5.01	5.01338	319	57
4.59/5.10	5.10299	318	58
5.14/5.19	5.1973	317	61
5.23/5.29	5.29589	316	67
5.29/5.38	5.38309	315	68
5.39/5.47	5.47191	314	70
5.49/5.58	5.57933	313	83
5.59/5.67	5.67246	312	87
5.80/5.81	5.81036	311	120
5.89/5.92	5.91941	310	136
5.99/6.02	6.02342	309	151
6.10/6.11	6.11733	308	157
6.10/6.24	6.24644	307	188
6.10/6.34	6.34662	306	200
6.10/6.49	6.49031	305	237
6.55/6.58	6.58554	304	245
6.62/6.69	6.68866	303	257
6.70/6.78	6.7834	302	264
6.89/6.91	6.91455	301	296
6.99/7.03	7.02858	300	317
7.09/7.12	7.12383	299	327
7.19/7.22	7.22258	298	337
7.29/7.31	7.31388	297	344
7.29/7.39	7.39647	296	348
7.49/7.63	7.63346	295	438
8.09/8.10	8.10081	294	699
8.40/8.42	8.42472	293	856
8.49/8.51	8.51295	292	865
8.59/8.62	8.62056	291	882
8.79/8.82	8.82322	290	955
8.89/8.93	8.93312	289	977
8.89/9.07	9.07138	288	1014
8.89/9.23	9.23616	287	1070
8.89/9.34	9.33877	286	1086
9.59/9.68	9.68796	285	1254
9.69/9.78	9.7799	284	1267
10.09/10.17	10.1713	283	1456
10.29/10.31	10.3104	282	1498
10.29/10.38	10.3851	281	1500
10.39/10.62	10.6224	280	1599
10.98/11.07	11.0741	279	1830
11.28/11.35	11.3541	278	1959
11.78/12.04	12.0462	277	2350
11.78/12.20	12.1996	276	2405
13.28/13.74	13.7422	275	3431
14.18/14.29	14.2929	274	3753
14.58/14.69	14.6941	273	3991
14.68/14.78	14.7849	272	4007
14.78/14.95	14.9499	271	4069
16.18/16.66	16.6641	270	5252
17.68/18.01	18.0117	269	6197
18.69/18.74	18.7408	268	6667
19.66/19.80	19.8001	267	7304
19.99/20.09	20.0902	266	7450
20.69/20.77	20.7731	265	7839
20.69/20.85	20.8564	264	7851
23.19/23.20	23.2023	263	9328
23.29/23.34	23.3392	262	9371
27.29/27.31	27.3172	261	12146
29.09/29.19	29.1949	260	13495
30.19/30.25	30.2478	259	14244
31.59/31.66	31.6671	258	15375
33.79/33.99	33.9885	257	17149
36.49/36.56	36.5571	256	19021
42.38/42.85	42.8506	255	23793
42.98/43.01	43.0111	254	23859
57.49/57.78	57.7819	253	34484
64.29/64.34	64.3388	252	38879
67.09/67.16	67.1641	251	40732
144.38/144.41	144.413	250	97870
169.48/169.54	169.539	249	117045
170.18/170.20	170.193	248	117469
170.88/171.24	171.235	247	118144
181.54/181.57	181.563	246	124893
275.99/276.00	275.995	245	191449
309.90/309.99	309.979	244	214154
382.68/382.75	382.735	243	267164
588.77/588.83	588.815	242	414564
