2.10/2.15	2.15672	345	0
2.19/2.26	2.266	344	1
2.29/2.37	2.37365	343	2
2.39/2.48	2.48005	342	3
2.50/2.58	2.58795	341	4
2.60/2.69	2.69378	340	5
2.79/2.80	2.7993	339	6
2.89/2.93	2.93136	338	7
2.99/3.05	3.05026	337	8
3.09/3.16	3.16381	336	9
3.09/3.27	3.27531	335	10
3.09/3.38	3.38578	334	11
3.09/3.50	3.49891	333	14
3.09/3.61	3.6086	332	18
3.09/3.70	3.70736	331	19
3.79/3.81	3.80997	330	24
3.89/3.90	3.90777	329	25
3.99/4.00	4.00672	328	28
3.99/4.10	4.10593	327	30
4.20/4.21	4.21362	326	39
4.29/4.32	4.3191	325	46
4.39/4.41	4.41585	324	48
4.49/4.51	4.51496	323	51
4.59/4.61	4.61612	322	54
4.59/4.72	4.72254	321	56
4.82/4.83	4.82996	320	59
4.89/4.93	4.93668	319	62
4.99/5.04	5.04418	318	66
5.09/5.14	5.14554	317	70
5.19/5.24	5.24131	316	73
5.30/5.33	5.33401	315	76
5.40/5.42	5.42764	314	79
5.49/5.52	5.52091	313	82
5.59/5.61	5.61579	312	87
5.69/5.70	5.70818	311	90
5.79/5.81	5.81148	310	100
5.79/5.89	5.89686	309	101
5.89/5.98	5.98663	308	104
5.99/6.09	6.09054	307	115
6.09/6.18	6.18767	306	123
6.09/6.29	6.28836	305	133
6.32/6.37	6.37705	304	137
6.39/6.46	6.46372	303	140
6.39/6.55	6.55045	302	143
6.68/6.70	6.69981	301	183
6.79/6.81	6.81028	300	201
6.89/6.94	6.9472	299	238
7.09/7.11	7.10978	298	292
7.09/7.19	7.19379	297	295
7.19/7.29	7.2959	296	311
7.39/7.41	7.41038	295	334
7.39/7.49	7.48835	294	335
7.59/7.62	7.62457	293	371
7.59/7.73	7.73751	292	391
7.59/7.83	7.82933	291	398
7.59/7.91	7.91811	290	404
7.59/8.08	8.08693	289	462
8.19/8.20	8.20108	288	484
8.29/8.35	8.3527	287	532
8.39/8.43	8.42969	286	534
8.49/8.53	8.53747	285	555
8.59/8.67	8.6775	284	594
8.79/8.87	8.86889	283	658
8.99/9.05	9.04875	282	723
8.99/9.27	9.27295	281	833
9.69/9.73	9.73343	280	1109
10.49/10.58	10.586	278	1662
10.49/10.86	10.8632	277	1792
11.05/11.06	11.065	276	1880
11.29/11.39	11.3937	275	2041
11.49/11.57	11.5736	274	2107
11.69/11.79	11.7945	273	2201
14.68/14.75	14.7518	272	4084
14.88/15.18	15.1845	271	4320
15.58/15.60	15.6007	270	4563
16.08/16.15	16.153	269	4880
16.38/16.62	16.6256	268	5164
16.38/16.75	16.7522	267	5198
16.38/16.85	16.8498	266	5216
19.57/19.76	19.7587	265	7201
20.19/20.28	20.287	264	7506
21.79/21.89	21.8915	263	8512
22.30/22.62	22.623	262	8971
23.69/23.70	23.701	261	9664
25.99/26.04	26.0445	260	11208
26.59/26.69	26.6969	259	11598
28.09/28.36	28.3656	258	12683
34.89/34.93	34.9293	257	17703
35.19/35.24	35.2385	256	17870
40.69/40.78	40.7814	255	21846
41.63/41.89	41.8957	254	22597
60.59/60.81	60.8088	253	36822
67.69/67.73	67.73	252	41752
76.49/76.53	76.5328	251	47958
81.78/81.89	81.896	250	51309
99.68/99.75	99.7495	249	63234
109.19/109.28	109.28	248	69623
116.69/117.02	117.017	247	75179
141.49/141.50	141.505	246	92326
238.28/238.31	238.31	245	157962
240.98/241.07	241.067	244	159750
268.39/268.48	268.473	243	178004
322.10/322.13	322.121	242	215197
647.27/647.30	647.291	241	437411
