2.09/2.36	2.36243	359	0
2.38/2.47	2.47692	358	1
2.49/2.59	2.59255	357	3
2.69/2.70	2.7068	356	4
2.69/2.82	2.81902	355	5
2.89/2.93	2.93138	354	6
2.99/3.04	3.04306	353	7
3.09/3.15	3.15371	352	8
3.19/3.26	3.26306	351	9
3.29/3.37	3.37289	350	10
3.29/3.48	3.48187	349	11
3.29/3.59	3.58968	348	12
3.29/3.70	3.69862	347	14
3.29/3.80	3.80746	346	16
3.91/3.91	3.9148	345	17
3.99/4.02	4.02391	344	20
4.09/4.13	4.12926	343	21
4.19/4.23	4.23476	342	22
4.29/4.34	4.34375	341	26
4.39/4.45	4.45159	340	29
4.49/4.56	4.56049	339	33
4.59/4.67	4.67018	338	38
4.69/4.78	4.78103	337	44
4.80/4.88	4.88712	336	46
4.80/4.99	4.99236	335	48
5.08/5.09	5.09595	334	49
5.19/5.20	5.19794	333	51
5.29/5.30	5.30054	332	53
5.39/5.41	5.41019	331	61
5.49/5.51	5.5123	330	63
5.59/5.61	5.61225	329	65
5.69/5.73	5.73064	328	77
5.79/5.84	5.8447	327	88
5.89/5.94	5.94278	326	90
5.99/6.04	6.04279	325	94
5.99/6.14	6.14393	324	98
5.99/6.24	6.24497	323	103
5.99/6.35	6.34849	322	109
5.99/6.45	6.44808	321	114
5.99/6.54	6.54414	320	117
6.65/6.66	6.66631	319	136
6.69/6.76	6.76046	318	138
6.79/6.86	6.86654	317	145
6.89/6.96	6.96272	316	148
6.99/7.09	7.08931	315	169
7.09/7.19	7.18909	314	176
7.19/7.28	7.28022	313	179
7.29/7.37	7.37596	312	183
7.39/7.46	7.46681	311	185
7.49/7.56	7.56125	310	190
7.49/7.66	7.66019	309	197
7.49/7.75	7.74974	308	200
7.49/7.85	7.85116	307	209
7.88/7.95	7.94742	306	215
7.99/8.03	8.03071	305	216
8.09/8.14	8.14322	304	234
8.19/8.22	8.22716	303	236
8.29/8.31	8.31715	302	241
8.39/8.46	8.4659	301	280
8.49/8.55	8.55326	300	284
8.59/8.66	8.65753	299	297
8.69/8.76	8.76731	298	315
8.79/8.91	8.90772	297	350
8.79/9.17	9.16893	296	460
8.79/9.25	9.25449	295	464
8.79/9.33	9.33671	294	467
9.49/9.51	9.5131	293	531
9.79/9.80	9.79989	292	675
9.89/9.91	9.91681	291	700
10.29/10.53	10.5361	290	1069
10.29/10.73	10.7325	289	1153
10.89/10.96	10.9635	288	1265
10.99/11.06	11.0611	287	1281
11.29/11.31	11.3107	286	1395
11.49/11.53	11.5303	285	1497
11.69/11.94	11.9403	284	1738
12.29/12.33	12.3354	283	1967
13.09/13.14	13.1455	282	2523
13.09/13.44	13.4462	281	2683
14.49/14.70	14.6975	280	3619
14.49/14.81	14.8145	279	3651
15.59/15.67	15.675	278	4264
16.89/16.90	16.9065	277	5146
17.59/17.70	17.6996	276	5741
18.29/18.35	18.3474	275	6201
18.39/18.46	18.4663	274	6238
18.99/19.40	19.3996	273	6834
19.69/19.74	19.7426	272	7008
21.02/21.06	21.0573	271	7946
21.39/21.41	21.4112	270	8122
21.69/21.74	21.7412	269	8304
23.09/23.18	23.1785	268	9350
26.71/26.74	26.7453	267	12336
26.84/26.88	26.8772	266	12377
28.49/28.50	28.5058	265	13456
29.69/29.76	29.7664	264	14258
30.39/30.48	30.4796	263	14720
35.79/35.89	35.8875	262	18510
43.49/43.84	43.8366	261	24786
45.60/45.60	45.6058	260	26042
54.49/54.59	54.5952	259	32762
58.18/58.25	58.2515	258	35488
61.09/61.10	61.103	257	37513
61.19/61.27	61.2662	256	37576
103.72/103.92	103.916	255	70041
122.59/122.65	122.652	254	84361
128.59/128.79	128.786	253	88452
155.68/155.77	155.77	252	108772
175.79/175.87	175.869	251	123731
176.39/176.41	176.406	250	124069
188.99/189.02	189.012	249	133391
198.09/198.18	198.177	248	140720
208.49/208.51	208.504	247	148716
212.48/212.58	212.576	246	151493
215.18/215.29	215.285	245	153250
223.18/223.43	223.424	244	159112
456.48/456.50	456.484	243	320860
457.10/457.49	457.477	242	321508
914.26/914.36	914.334	241	631810
950.37/950.73	950.708	240	655971
