2.09/2.25	2.25073	348	0
2.09/2.36	2.35899	347	1
2.44/2.47	2.46913	346	3
2.56/2.57	2.5763	345	4
2.59/2.68	2.68355	344	5
2.69/2.79	2.79174	343	7
2.89/2.90	2.90034	342	9
2.99/3.00	3.00572	341	10
3.09/3.11	3.11126	340	12
3.19/3.21	3.21597	339	14
3.29/3.32	3.3183	338	15
3.39/3.42	3.42185	337	16
3.39/3.52	3.52459	336	17
3.39/3.62	3.6261	335	18
3.39/3.73	3.7276	334	19
3.39/3.82	3.82679	333	20
3.39/3.93	3.92901	332	22
3.82/4.03	4.02837	331	23
4.09/4.12	4.12676	330	24
4.19/4.23	4.22872	329	28
4.29/4.32	4.32698	328	30
4.39/4.43	4.42797	327	33
4.49/4.52	4.52705	326	36
4.59/4.62	4.62221	325	38
4.69/4.72	4.71861	324	40
4.79/4.81	4.81156	323	41
4.89/4.91	4.9099	322	45
4.89/5.01	5.00731	321	49
4.89/5.10	5.10456	320	53
4.89/5.22	5.22108	319	68
4.89/5.32	5.31816	318	71
5.42/5.43	5.43509	317	87
5.49/5.53	5.53149	316	92
5.59/5.62	5.62161	315	94
5.69/5.71	5.71658	314	98
5.79/5.81	5.81243	313	103
5.89/5.91	5.91365	312	112
5.99/6.01	6.0074	311	117
6.09/6.10	6.10435	310	125
6.19/6.21	6.20863	309	137
6.29/6.30	6.29941	308	140
6.29/6.39	6.39316	307	146
6.29/6.48	6.48221	306	150
6.29/6.58	6.57935	305	158
6.29/6.68	6.67865	304	168
6.70/6.77	6.77597	303	178
6.80/6.87	6.87552	302	187
6.89/6.96	6.96148	301	190
6.99/7.08	7.08198	300	212
7.19/7.20	7.19824	299	231
7.19/7.29	7.28942	298	237
7.49/7.57	7.56821	297	364
7.69/7.71	7.71523	296	408
7.69/7.83	7.83665	295	433
7.69/7.92	7.92481	294	439
8.04/8.11	8.11034	293	503
8.49/8.50	8.50182	292	725
8.59/8.69	8.69044	291	800
8.79/8.81	8.81071	290	836
8.89/8.90	8.89865	289	843
8.99/9.04	9.0439	288	882
8.99/9.22	9.21752	287	947
8.99/9.35	9.35428	286	983
9.58/9.62	9.62645	285	1105
9.68/9.70	9.70489	284	1109
9.88/9.97	9.97209	283	1230
12.68/12.74	12.7422	282	3401
14.28/14.31	14.311	281	4712
14.48/14.53	14.5274	280	4808
15.38/15.47	15.4721	279	5488
15.98/16.53	16.5286	278	6158
16.88/16.99	16.9886	277	6456
17.08/17.14	17.1466	276	6512
17.18/17.22	17.2239	275	6516
21.68/21.72	21.7244	274	9998
22.68/22.76	22.766	273	10754
22.98/23.02	23.0257	272	10890
27.58/27.63	27.6287	271	14564
27.68/28.08	28.0812	270	14877
27.68/28.20	28.2066	269	14919
35.09/35.29	35.2949	268	20829
40.09/40.12	40.125	267	24795
45.69/45.84	45.8387	266	29233
51.09/51.30	51.3016	265	33541
51.62/51.65	51.6509	264	33774
55.39/55.79	55.7897	263	37226
59.59/59.61	59.6121	262	40108
59.79/59.94	59.9409	261	40287
62.79/62.87	62.8722	260	42418
67.99/68.04	68.0357	259	46209
75.79/75.89	75.8871	258	52638
76.99/77.08	77.0764	257	53531
78.29/78.34	78.3372	256	54369
81.49/81.55	81.5507	255	56527
82.49/82.53	82.5331	254	57117
84.29/84.33	84.3317	253	58318
91.20/91.28	91.2829	252	63325
109.49/109.56	109.555	251	76573
115.29/115.38	115.38	250	80926
117.63/117.64	117.639	249	82529
197.49/197.53	197.53	248	141017
201.34/201.40	201.392	247	143665
276.38/276.54	276.53	246	196577
280.38/280.43	280.424	245	199337
292.28/292.33	292.322	244	208749
302.12/302.16	302.153	243	215165
352.08/352.11	352.101	242	248464
