2.19/2.21	2.21073	348	0
2.29/2.32	2.32018	347	1
2.39/2.43	2.42909	346	2
2.49/2.54	2.53809	345	3
2.59/2.64	2.64731	343	4
2.69/2.75	2.75354	342	5
2.79/2.86	2.86013	341	6
2.89/2.96	2.96655	340	7
2.89/3.07	3.07237	339	9
2.89/3.18	3.17809	338	10
2.89/3.28	3.28293	337	11
3.33/3.38	3.38745	336	12
3.43/3.49	3.48979	335	13
3.49/3.59	3.59409	334	15
3.59/3.69	3.6973	333	17
3.80/3.80	3.80254	332	19
3.89/3.90	3.90723	331	21
3.99/4.01	4.01367	330	25
4.09/4.11	4.11724	329	28
4.19/4.22	4.21822	328	30
4.29/4.32	4.3251	327	36
4.29/4.42	4.42612	326	39
4.29/4.52	4.52536	325	41
4.29/4.62	4.62167	324	42
4.29/4.72	4.71823	323	44
4.80/4.82	4.81909	322	48
4.90/4.92	4.91874	321	52
4.99/5.02	5.02259	320	58
5.09/5.12	5.11779	319	61
5.19/5.22	5.22359	318	70
5.29/5.31	5.31659	317	72
5.39/5.41	5.41742	316	77
5.50/5.51	5.51707	315	84
5.59/5.61	5.61276	314	88
5.69/5.71	5.71633	313	96
5.69/5.81	5.80932	312	100
5.69/5.90	5.89919	311	102
5.69/6.00	6.00198	310	112
5.69/6.11	6.1103	309	123
6.14/6.19	6.19712	308	125
6.27/6.29	6.29752	307	134
6.39/6.40	6.39909	306	144
6.49/6.50	6.49924	305	153
6.59/6.61	6.61234	304	172
6.70/6.71	6.71441	303	183
6.79/6.81	6.81148	302	191
6.89/6.94	6.93933	301	218
6.99/7.04	7.04153	300	228
7.09/7.15	7.15544	299	248
7.09/7.25	7.25224	298	258
7.09/7.37	7.37602	297	281
7.09/7.47	7.46998	296	291
7.09/7.58	7.58141	295	313
7.09/7.67	7.67204	294	320
7.79/7.80	7.80361	293	353
7.79/7.88	7.88335	292	355
7.89/7.96	7.96671	291	359
7.99/8.05	8.05228	290	365
8.09/8.16	8.15867	289	380
8.19/8.24	8.23877	288	384
8.29/8.32	8.32536	287	391
8.49/8.50	8.49909	286	452
8.59/8.75	8.75453	285	571
8.59/8.84	8.83799	284	578
9.29/9.31	9.3156	283	835
9.39/9.45	9.45131	282	870
9.49/9.54	9.5446	281	881
9.59/9.64	9.64606	280	895
9.89/9.99	9.99521	279	1072
9.99/10.14	10.1424	278	1120
9.99/10.23	10.2303	277	1129
9.99/10.43	10.4325	276	1206
10.59/10.66	10.6588	275	1300
11.19/11.24	11.2383	274	1614
11.29/11.36	11.359	273	1642
11.39/11.91	11.9086	272	1936
11.99/12.08	12.0851	271	2002
12.79/12.92	12.9219	270	2497
13.38/13.39	13.392	269	2745
13.89/13.90	13.902	268	3016
15.49/15.53	15.5309	267	4043
17.53/17.64	17.6411	266	5573
17.69/17.71	17.7083	265	5574
22.48/22.50	22.4977	264	9148
23.20/23.27	23.2676	263	9671
26.99/27.49	27.4874	262	12813
29.01/29.03	29.0316	261	13878
33.89/33.96	33.9642	260	17451
38.79/39.00	39.0005	259	21349
43.19/43.38	43.3859	258	24898
58.79/58.85	58.8474	257	36987
59.12/59.52	59.5228	256	37420
63.39/63.64	63.6438	255	40350
71.39/71.41	71.4062	254	46448
81.99/82.02	82.022	253	54291
90.99/91.02	91.0251	252	60955
90.99/91.09	91.0925	251	60960
94.48/94.54	94.5427	250	63247
97.88/97.98	97.9787	249	65545
109.10/109.13	109.13	248	73973
109.99/110.12	110.121	247	74623
144.88/144.95	144.944	246	100215
150.28/150.38	150.374	245	104116
150.89/151.15	151.152	244	104550
382.48/382.52	382.514	243	270123
527.98/528.05	528.033	242	374470
650.37/650.45	650.439	241	460354
