0.65/0.76	0.732136	236	0
0.65/0.76	0.732621	235	1
0.65/0.76	0.733457	234	5
0.65/0.76	0.733922	233	6
0.65/0.77	0.734295	232	7
0.65/0.77	0.734716	231	8
0.65/0.77	0.735097	230	9
0.65/0.77	0.735467	229	10
0.65/0.77	0.735863	228	11
0.65/0.77	0.736271	227	12
0.65/0.77	0.736635	226	13
0.65/0.77	0.737066	225	14
0.65/0.77	0.737459	224	15
0.65/0.77	0.737898	223	16
0.65/0.77	0.738288	222	17
0.65/0.77	0.738854	221	19
0.65/0.77	0.739257	220	20
0.65/0.77	0.739875	219	22
0.65/0.77	0.740388	218	24
0.65/0.77	0.740992	217	26
0.65/0.77	0.741737	216	29
0.65/0.77	0.742478	215	31
0.65/0.77	0.743151	214	34
0.65/0.77	0.743723	213	36
0.65/0.78	0.744498	212	39
0.65/0.78	0.745573	211	44
0.65/0.78	0.746848	210	50
0.65/0.78	0.747511	209	52
0.65/0.78	0.747997	208	53
0.65/0.78	0.748816	207	56
0.65/0.78	0.749385	206	58
0.65/0.78	0.750684	205	63
0.65/0.78	0.751296	204	65
0.65/0.79	0.754408	203	80
0.65/0.79	0.759578	202	104
0.65/0.79	0.761793	201	114
0.75/0.80	0.76517	200	129
0.75/0.80	0.766565	199	135
0.75/0.81	0.774782	198	183
0.75/0.81	0.779372	197	208
0.75/0.81	0.780368	196	212
0.75/0.81	0.781184	195	215
0.75/0.81	0.781858	194	217
0.75/0.81	0.783057	193	221
0.75/0.82	0.785101	192	232
0.75/0.82	0.786829	191	239
0.75/0.82	0.792091	190	268
0.75/0.82	0.793194	189	272
0.75/0.83	0.794253	188	276
0.75/0.83	0.795443	187	280
0.75/0.83	0.796672	186	285
0.75/0.83	0.79806	185	290
0.75/0.83	0.799346	184	294
0.75/0.83	0.802479	183	307
0.75/0.84	0.808237	182	328
0.75/0.84	0.809235	181	331
0.75/0.85	0.81464	180	357
0.75/0.85	0.820674	179	383
0.75/0.87	0.836735	178	454
0.75/0.87	0.841945	177	476
0.75/0.89	0.854036	176	533
0.85/0.90	0.872385	175	618
0.85/0.91	0.875041	174	629
0.85/0.91	0.877922	173	641
0.85/0.95	0.917957	172	819
0.85/0.99	0.954428	171	991
0.85/1.01	0.981771	170	1109
0.85/1.18	1.14969	169	1878
0.85/1.22	1.18649	168	2067
1.55/1.60	1.57007	167	3864
1.55/1.61	1.58218	166	3917
1.85/1.91	1.88063	165	5345
1.95/2.05	2.01499	164	5996
2.15/2.20	2.16457	163	6699
2.26/2.30	2.27317	162	7196
3.36/3.42	3.39191	161	12417
3.36/3.42	3.3929	160	12420
3.92/4.13	4.1016	159	15833
4.86/4.92	4.89164	158	19605
12.35/12.49	12.4537	157	55904
12.66/12.80	12.7702	156	57442
14.96/15.04	15.0046	155	67980
103.25/103.80	103.77	154	430271
999.93/1000.06	3798176
