0.79/0.86	0.857482	231	0
0.79/0.86	0.858016	230	1
0.79/0.86	0.858409	229	2
0.79/0.86	0.858778	228	3
0.79/0.86	0.859175	227	4
0.79/0.86	0.859584	226	5
0.79/0.86	0.86003	225	6
0.79/0.86	0.860382	224	7
0.79/0.86	0.860815	223	8
0.79/0.86	0.861866	222	9
0.79/0.86	0.862274	221	10
0.79/0.86	0.862837	220	12
0.79/0.86	0.863236	219	13
0.79/0.86	0.863643	218	14
0.79/0.86	0.864018	217	15
0.79/0.86	0.864568	216	17
0.79/0.86	0.865366	215	20
0.79/0.86	0.866045	214	22
0.79/0.86	0.866521	213	23
0.79/0.87	0.86714	212	25
0.79/0.87	0.867877	211	28
0.79/0.87	0.868298	210	29
0.79/0.87	0.868702	209	30
0.79/0.87	0.869329	208	32
0.79/0.87	0.86985	207	34
0.79/0.87	0.870724	206	37
0.79/0.87	0.871516	205	41
0.79/0.87	0.872374	204	44
0.79/0.87	0.873066	203	46
0.79/0.87	0.874094	202	50
0.79/0.87	0.875153	201	54
0.79/0.88	0.879671	200	75
0.79/0.88	0.88014	199	76
0.79/0.88	0.881284	198	81
0.79/0.88	0.882037	197	84
0.79/0.88	0.883561	196	90
0.79/0.88	0.885259	195	97
0.79/0.89	0.887304	194	104
0.79/0.89	0.888673	193	109
0.79/0.89	0.890441	192	115
0.88/0.90	0.892113	191	121
0.88/0.90	0.900113	190	164
0.88/0.90	0.900941	189	167
0.88/0.90	0.902141	188	171
0.88/0.90	0.903541	187	177
0.88/0.91	0.907985	186	200
0.88/0.91	0.908645	185	202
0.88/0.91	0.913866	184	226
0.88/0.91	0.915507	183	232
0.88/0.92	0.917903	182	241
0.88/0.92	0.924524	181	270
0.88/0.93	0.927872	180	283
0.88/0.94	0.940335	179	343
0.88/0.97	0.969741	178	474
0.88/0.98	0.980098	177	519
0.99/1.04	1.03925	176	783
0.99/1.05	1.04837	175	823
0.99/1.06	1.06514	174	899
0.99/1.07	1.07176	173	928
1.08/1.10	1.09845	172	1055
1.08/1.23	1.23234	171	1667
1.08/1.24	1.24568	170	1728
1.08/1.25	1.25255	169	1757
1.08/1.31	1.30845	168	1998
1.08/1.32	1.32194	167	2059
1.08/1.40	1.4004	166	2421
1.50/1.56	1.56224	165	3151
1.60/1.64	1.64492	164	3517
1.60/1.67	1.67524	163	3656
2.49/2.77	2.77002	162	8833
2.49/2.81	2.80724	161	9016
2.49/2.85	2.84889	160	9228
2.49/2.85	2.85523	159	9259
5.29/5.76	5.75865	158	23511
6.39/6.43	6.43248	157	26778
72.89/72.95	72.9508	156	321207
77.39/77.48	77.4752	155	340972
999.94/1000.05	3845175
