0.68/0.79	0.788339	225	0
0.68/0.79	0.788841	224	1
0.68/0.79	0.789228	223	2
0.68/0.79	0.789709	222	3
0.68/0.79	0.790096	221	4
0.68/0.79	0.790483	220	5
0.68/0.79	0.790868	219	6
0.68/0.79	0.791235	218	7
0.68/0.79	0.791594	217	8
0.68/0.79	0.792199	216	10
0.68/0.79	0.793062	215	13
0.68/0.79	0.793911	214	16
0.68/0.79	0.79442	213	18
0.68/0.79	0.795479	212	22
0.68/0.79	0.796081	211	24
0.68/0.79	0.79666	210	26
0.68/0.80	0.797551	209	29
0.78/0.80	0.798038	208	30
0.78/0.80	0.79949	207	35
0.78/0.80	0.800122	206	37
0.78/0.80	0.800834	205	39
0.78/0.80	0.801434	204	41
0.78/0.80	0.802632	203	46
0.78/0.80	0.803649	202	49
0.78/0.80	0.804497	201	52
0.78/0.80	0.805251	200	55
0.78/0.80	0.80618	199	58
0.78/0.81	0.813748	198	95
0.78/0.83	0.828123	197	168
0.78/0.83	0.830439	196	180
0.78/0.83	0.831425	195	184
0.78/0.83	0.83272	194	190
0.78/0.83	0.834308	193	198
0.78/0.83	0.835344	192	202
0.78/0.84	0.837619	191	212
0.78/0.84	0.843392	190	241
0.78/0.85	0.849922	189	274
0.78/0.85	0.851206	188	279
0.78/0.85	0.851997	187	281
0.78/0.85	0.852608	186	283
0.78/0.86	0.864944	185	340
0.78/0.88	0.882332	184	429
0.88/0.90	0.904221	183	551
0.88/0.91	0.909686	182	576
0.88/0.91	0.912688	181	589
0.88/0.91	0.916343	180	604
0.88/0.92	0.918119	179	610
0.88/0.92	0.92038	178	618
0.88/0.93	0.932437	177	673
0.88/0.93	0.935799	176	687
0.98/1.07	1.0688	175	1308
0.98/1.07	1.07462	174	1332
0.98/1.07	1.07741	173	1343
1.08/1.14	1.1462	172	1692
1.18/1.27	1.27391	171	2379
1.28/1.37	1.36762	170	2860
1.40/1.46	1.4642	169	3315
1.40/1.50	1.50088	168	3488
1.40/1.66	1.66701	167	4280
1.40/1.69	1.69417	166	4403
1.40/1.84	1.84093	165	5099
1.99/2.07	2.06828	164	6183
2.20/2.28	2.28727	163	7298
2.70/2.70	2.70311	162	9277
2.79/3.07	3.0759	161	11122
3.58/3.69	3.68988	160	14148
3.58/3.69	3.69029	159	14149
3.78/3.85	3.85194	158	14944
11.19/11.25	11.2564	157	51376
92.99/93.02	93.0199	156	399620
93.09/93.12	93.1186	155	400114
94.19/94.20	94.197	154	405189
999.97/1000.03	3903705
