0.69/0.76	0.762354	228	0
0.69/0.76	0.763183	227	3
0.69/0.76	0.763583	226	4
0.69/0.76	0.764068	225	5
0.69/0.76	0.764436	224	6
0.69/0.76	0.76487	223	7
0.69/0.76	0.765274	222	8
0.69/0.76	0.765691	221	9
0.69/0.76	0.766125	220	10
0.69/0.76	0.766733	219	12
0.69/0.76	0.767322	218	14
0.69/0.76	0.76777	217	15
0.69/0.77	0.769578	216	21
0.69/0.77	0.769998	215	22
0.69/0.77	0.77039	214	23
0.69/0.77	0.770887	213	25
0.69/0.77	0.771458	212	27
0.69/0.77	0.77209	211	29
0.69/0.77	0.772735	210	31
0.69/0.77	0.77338	209	33
0.69/0.77	0.774027	208	35
0.69/0.77	0.774645	207	37
0.69/0.77	0.775169	206	39
0.69/0.77	0.776067	205	43
0.69/0.77	0.776934	204	47
0.69/0.77	0.777508	203	49
0.69/0.78	0.778611	202	53
0.69/0.78	0.779282	201	55
0.69/0.78	0.780279	200	59
0.69/0.78	0.781113	199	62
0.69/0.78	0.781957	198	65
0.69/0.78	0.784724	197	79
0.69/0.78	0.786332	196	86
0.69/0.78	0.787785	195	91
0.69/0.79	0.78908	194	96
0.69/0.79	0.790946	193	103
0.69/0.79	0.793559	192	114
0.69/0.79	0.79502	191	119
0.69/0.79	0.797607	190	128
0.79/0.80	0.799654	189	135
0.79/0.80	0.801553	188	142
0.79/0.80	0.803857	187	151
0.79/0.80	0.806032	186	160
0.79/0.81	0.817074	185	209
0.79/0.83	0.828475	184	260
0.79/0.84	0.839186	183	312
0.79/0.84	0.842073	182	325
0.79/0.86	0.860328	181	415
0.79/0.86	0.86125	180	418
0.79/0.87	0.871977	179	468
0.79/0.87	0.87466	178	477
0.79/0.88	0.879113	177	495
0.79/0.88	0.885607	176	521
0.79/0.89	0.891054	175	544
0.89/0.90	0.899063	174	578
0.89/0.93	0.929027	173	721
0.89/0.96	0.968044	172	914
0.89/0.98	0.986896	171	1007
0.89/0.99	0.990761	170	1023
1.00/1.03	1.03361	169	1231
1.00/1.03	1.03753	168	1250
1.10/1.13	1.13203	167	1697
1.10/1.14	1.14351	166	1747
1.10/1.18	1.18757	165	1953
1.19/1.29	1.29035	164	2457
1.49/1.58	1.58337	163	3786
1.59/1.61	1.60941	162	3911
2.10/2.28	2.28383	161	7186
2.78/2.81	2.80843	160	9805
4.38/4.47	4.47164	159	17943
4.92/5.16	5.16041	158	21306
11.90/11.96	11.9596	157	53417
31.22/31.24	31.2462	156	140697
34.64/34.68	34.6864	155	156227
420.00/420.03	420.014	154	1688896
420.00/420.33	420.313	153	1690355
999.96/1000.03	3866930
