0.69/0.72	0.712441	227	0
0.69/0.72	0.712945	226	1
0.69/0.72	0.713368	225	2
0.69/0.72	0.713718	224	3
0.69/0.72	0.714113	223	4
0.69/0.72	0.714483	222	5
0.69/0.72	0.714983	221	7
0.69/0.72	0.715509	220	9
0.69/0.72	0.715944	219	10
0.69/0.72	0.716332	218	11
0.69/0.72	0.716723	217	12
0.69/0.72	0.7173	216	14
0.69/0.72	0.717701	215	15
0.69/0.72	0.718139	214	16
0.69/0.72	0.719209	213	20
0.69/0.72	0.719842	212	22
0.69/0.72	0.720456	211	24
0.69/0.72	0.721067	210	26
0.69/0.73	0.722072	209	30
0.69/0.73	0.722766	208	32
0.69/0.73	0.723412	207	34
0.69/0.73	0.724156	206	37
0.69/0.73	0.725519	205	44
0.69/0.73	0.725884	204	45
0.69/0.73	0.727346	203	52
0.69/0.73	0.728237	202	56
0.69/0.73	0.72861	201	57
0.69/0.73	0.729474	200	60
0.69/0.73	0.729985	199	61
0.69/0.73	0.730764	198	64
0.69/0.74	0.731581	197	67
0.69/0.74	0.733638	196	78
0.69/0.74	0.736097	195	90
0.69/0.74	0.736994	194	94
0.69/0.74	0.737907	193	98
0.69/0.74	0.740163	192	109
0.69/0.75	0.743402	191	125
0.69/0.75	0.746212	190	138
0.69/0.75	0.74773	189	144
0.69/0.75	0.749757	188	153
0.69/0.75	0.750769	187	157
0.69/0.76	0.752043	186	162
0.69/0.76	0.753275	185	167
0.69/0.76	0.754151	184	170
0.69/0.76	0.756277	183	179
0.69/0.76	0.760358	182	199
0.69/0.77	0.765433	181	222
0.69/0.78	0.779878	180	288
0.69/0.79	0.781752	179	295
0.69/0.79	0.785418	178	310
0.79/0.80	0.801091	177	385
0.79/0.85	0.848235	176	619
0.79/0.85	0.849392	175	623
0.79/0.88	0.877938	174	769
0.88/0.92	0.918239	173	968
0.88/0.94	0.933969	172	1040
0.88/0.95	0.947236	171	1103
0.88/0.98	0.981268	170	1262
0.88/0.99	0.986204	169	1283
0.98/1.00	0.99483	168	1320
1.08/1.12	1.11782	167	1915
1.08/1.12	1.12089	166	1930
1.18/1.27	1.26996	165	2683
1.34/1.48	1.4731	164	3610
1.34/1.53	1.52222	163	3844
1.58/1.66	1.6534	162	4493
3.19/3.23	3.22889	161	12247
3.19/3.25	3.24723	160	12342
6.18/6.25	6.24106	159	27025
7.18/7.29	7.28076	158	32084
19.38/19.45	19.4457	157	88658
19.58/19.81	19.8089	156	90461
106.28/106.39	106.378	155	468214
126.58/126.67	126.657	154	555324
999.96/1000.04	3874248
