0.74/0.82	0.771562	236	0
0.74/0.82	0.772083	235	1
0.74/0.82	0.772508	234	2
0.74/0.82	0.772901	233	3
0.74/0.82	0.773335	232	4
0.74/0.82	0.773692	231	5
0.74/0.82	0.774076	230	6
0.74/0.82	0.77446	229	7
0.74/0.82	0.774799	228	8
0.74/0.83	0.775268	227	10
0.74/0.83	0.775676	226	11
0.74/0.83	0.776039	225	12
0.74/0.83	0.776435	224	13
0.74/0.83	0.776775	223	14
0.74/0.83	0.777166	222	15
0.74/0.83	0.777523	221	16
0.74/0.83	0.777961	220	17
0.74/0.83	0.778869	219	19
0.74/0.83	0.779302	218	20
0.74/0.83	0.779976	217	22
0.74/0.83	0.780601	216	24
0.74/0.83	0.780983	215	25
0.74/0.83	0.78192	214	28
0.74/0.83	0.782656	213	30
0.74/0.83	0.783333	212	32
0.74/0.83	0.784332	211	36
0.74/0.84	0.785066	210	39
0.74/0.84	0.785541	209	40
0.74/0.84	0.786332	208	43
0.74/0.84	0.787139	207	46
0.74/0.84	0.787845	206	48
0.74/0.84	0.788454	205	50
0.74/0.84	0.789359	204	53
0.74/0.84	0.790249	203	56
0.74/0.84	0.791795	202	62
0.74/0.84	0.792934	201	66
0.74/0.85	0.796822	199	83
0.74/0.85	0.798575	198	90
0.74/0.85	0.800046	197	96
0.74/0.85	0.801548	196	102
0.74/0.85	0.804082	195	113
0.74/0.86	0.806181	194	121
0.74/0.86	0.807071	193	124
0.74/0.86	0.808446	192	130
0.74/0.86	0.811183	191	142
0.74/0.86	0.812993	190	148
0.74/0.87	0.815388	189	156
0.74/0.87	0.817097	188	162
0.74/0.88	0.828735	187	215
0.74/0.88	0.829895	186	219
0.74/0.88	0.832502	185	230
0.74/0.89	0.838797	184	254
0.74/0.89	0.844804	183	280
0.84/0.90	0.847206	182	289
0.84/0.90	0.851175	181	305
0.84/0.90	0.854306	180	318
0.84/0.91	0.86005	179	342
0.84/0.94	0.888755	178	476
0.84/0.94	0.893385	177	494
0.84/0.95	0.903005	176	537
0.84/0.96	0.911573	175	575
0.84/0.96	0.915039	174	590
0.84/0.97	0.921957	173	619
0.84/1.00	0.953342	172	753
0.95/1.07	1.01586	171	1028
0.95/1.18	1.12855	170	1584
1.15/1.23	1.17933	169	1840
1.15/1.27	1.22175	168	2034
1.15/1.30	1.2482	167	2152
1.15/1.34	1.29074	166	2349
1.29/1.38	1.33117	165	2546
2.13/2.28	2.22548	164	6606
2.13/2.29	2.23775	163	6666
2.13/2.33	2.28387	162	6890
2.13/2.41	2.3586	161	7258
2.13/2.43	2.37763	160	7354
5.14/5.42	5.37087	159	21992
5.38/5.52	5.4698	158	22495
10.24/10.33	10.2747	157	45334
16.44/16.53	16.4767	156	75273
635.71/635.88	635.812	155	2616518
999.90/1000.08	4086287
