0.68/0.75	0.752101	222	0
0.68/0.75	0.752556	221	1
0.68/0.75	0.753134	219	2
0.68/0.75	0.753687	218	4
0.68/0.75	0.754102	217	5
0.68/0.75	0.754501	216	6
0.68/0.75	0.754921	215	7
0.68/0.75	0.755471	214	9
0.68/0.76	0.755806	213	10
0.68/0.76	0.756433	212	12
0.68/0.76	0.757331	211	16
0.68/0.76	0.758032	210	18
0.68/0.76	0.75859	209	20
0.68/0.76	0.75945	208	24
0.68/0.76	0.760364	207	27
0.68/0.76	0.762641	206	38
0.68/0.76	0.76335	205	40
0.68/0.76	0.764044	204	42
0.68/0.76	0.765591	203	48
0.68/0.77	0.766141	202	50
0.68/0.77	0.768027	201	58
0.68/0.77	0.769837	200	66
0.68/0.77	0.770716	199	69
0.68/0.77	0.771518	198	72
0.68/0.77	0.773459	197	79
0.68/0.77	0.774738	196	85
0.68/0.78	0.775922	195	90
0.68/0.78	0.777483	194	97
0.68/0.78	0.77852	193	100
0.68/0.78	0.779655	192	104
0.68/0.78	0.781105	191	110
0.68/0.78	0.78272	190	117
0.68/0.78	0.784682	189	125
0.68/0.79	0.786971	188	134
0.68/0.79	0.788817	187	141
0.68/0.79	0.790523	186	147
0.68/0.79	0.792833	185	156
0.78/0.80	0.802352	184	199
0.78/0.81	0.806121	183	215
0.78/0.81	0.808944	182	227
0.78/0.81	0.810845	181	234
0.78/0.82	0.816245	180	257
0.78/0.82	0.821461	179	279
0.78/0.82	0.825165	178	294
0.78/0.83	0.831969	177	324
0.78/0.84	0.840715	176	362
0.78/0.87	0.86977	175	496
0.78/0.87	0.872359	174	505
0.78/0.88	0.881008	173	543
0.78/0.89	0.891462	172	591
0.89/0.92	0.921278	171	729
0.89/0.92	0.922332	170	733
0.99/1.01	1.01056	169	1166
0.99/1.06	1.06393	168	1404
0.99/1.22	1.21791	167	2132
1.45/1.49	1.49193	166	3433
1.54/1.58	1.57558	165	3816
1.58/1.63	1.6254	164	4054
2.28/2.30	2.30173	163	7254
2.28/2.31	2.30975	162	7295
2.28/2.31	2.31287	161	7309
3.39/3.44	3.43817	160	12662
3.58/3.60	3.59455	159	13445
4.58/4.63	4.62596	158	18552
8.99/9.06	9.056	157	39478
53.59/53.64	53.6403	156	243636
54.09/54.10	54.0976	155	245894
999.94/1000.04	3933962
