0.69/0.78	0.781846	230	0
0.69/0.78	0.782469	229	2
0.69/0.78	0.782812	228	3
0.69/0.78	0.783346	227	5
0.69/0.78	0.783728	226	6
0.69/0.78	0.784077	225	7
0.69/0.78	0.784501	224	8
0.69/0.78	0.785022	223	10
0.69/0.78	0.785443	222	11
0.69/0.78	0.785828	221	12
0.69/0.78	0.78615	220	13
0.69/0.78	0.786531	219	14
0.69/0.78	0.787313	218	17
0.69/0.79	0.788087	217	20
0.69/0.79	0.788499	216	21
0.69/0.79	0.789027	215	23
0.69/0.79	0.789412	214	24
0.69/0.79	0.789792	213	25
0.69/0.79	0.790135	212	26
0.69/0.79	0.790471	211	27
0.69/0.79	0.790806	210	28
0.69/0.79	0.791853	209	32
0.69/0.79	0.792232	208	33
0.69/0.79	0.792838	207	35
0.69/0.79	0.793367	206	37
0.69/0.79	0.794079	205	40
0.69/0.79	0.795197	204	44
0.69/0.79	0.795941	203	46
0.69/0.79	0.796818	202	50
0.69/0.79	0.797497	201	52
0.79/0.80	0.798733	200	57
0.79/0.80	0.799727	199	61
0.79/0.80	0.801539	198	66
0.79/0.80	0.803062	197	73
0.79/0.81	0.810454	196	110
0.79/0.81	0.81275	195	121
0.79/0.81	0.813384	194	123
0.79/0.81	0.816352	193	138
0.79/0.82	0.821728	192	164
0.79/0.82	0.825325	191	182
0.79/0.82	0.825948	190	184
0.79/0.82	0.827705	189	192
0.79/0.83	0.837297	188	240
0.79/0.84	0.838724	187	245
0.79/0.84	0.847645	186	284
0.79/0.85	0.852702	185	306
0.79/0.85	0.855912	184	320
0.79/0.86	0.857815	183	327
0.79/0.86	0.861869	182	343
0.79/0.86	0.86576	181	358
0.79/0.87	0.872689	180	387
0.79/0.87	0.876492	179	402
0.79/0.89	0.892341	178	473
0.79/0.89	0.89401	177	479
0.88/0.91	0.911925	176	560
0.88/0.94	0.939412	175	678
0.88/0.94	0.944322	174	699
0.88/0.99	0.995416	173	956
0.98/1.00	1.00496	172	1000
0.98/1.04	1.04379	171	1176
0.98/1.05	1.05166	170	1210
1.10/1.15	1.15728	169	1717
1.10/1.16	1.16173	168	1738
1.10/1.25	1.25619	167	2168
1.32/1.33	1.33076	166	2522
1.32/1.38	1.37855	165	2752
1.32/1.40	1.39816	164	2850
1.59/1.69	1.68886	163	4213
1.68/1.70	1.70153	162	4269
1.68/1.75	1.75653	161	4548
2.32/2.53	2.53537	160	8305
3.49/3.51	3.50819	159	13187
3.49/3.63	3.62931	158	13763
10.79/10.96	10.9622	157	48407
10.79/11.18	11.1852	156	49487
12.99/13.07	13.0726	155	58639
999.96/1000.03	3969375
