0.79/0.85	0.848322	226	0
0.79/0.85	0.848827	225	1
0.79/0.85	0.84924	224	2
0.79/0.85	0.849616	223	3
0.79/0.85	0.85	222	4
0.79/0.85	0.850426	221	5
0.79/0.85	0.850842	220	6
0.79/0.85	0.85142	219	8
0.79/0.85	0.851807	218	9
0.79/0.85	0.852198	217	10
0.79/0.85	0.852845	216	12
0.79/0.85	0.853426	215	14
0.79/0.85	0.853871	214	15
0.79/0.85	0.854237	213	16
0.79/0.85	0.855119	212	19
0.79/0.85	0.855728	211	21
0.79/0.85	0.856412	210	23
0.79/0.85	0.857018	209	25
0.79/0.86	0.857561	208	27
0.79/0.86	0.858188	207	29
0.79/0.86	0.858804	206	31
0.79/0.86	0.860242	205	38
0.79/0.86	0.861228	204	41
0.79/0.86	0.862048	203	44
0.79/0.86	0.862899	202	47
0.79/0.86	0.863396	201	48
0.79/0.86	0.865095	200	56
0.79/0.86	0.866683	199	62
0.79/0.87	0.868423	198	69
0.79/0.87	0.869645	197	74
0.79/0.87	0.870781	196	79
0.79/0.87	0.872261	195	85
0.79/0.87	0.876199	194	106
0.79/0.88	0.877657	193	112
0.79/0.88	0.880763	192	126
0.79/0.88	0.882456	191	133
0.79/0.88	0.886566	190	152
0.79/0.89	0.888545	189	160
0.79/0.89	0.889534	188	164
0.89/0.90	0.898557	187	206
0.89/0.90	0.903614	186	231
0.89/0.90	0.905158	185	237
0.89/0.91	0.907724	184	248
0.89/0.91	0.910835	183	261
0.89/0.91	0.91519	182	282
0.89/0.91	0.916537	181	287
0.89/0.93	0.928246	180	349
0.89/0.94	0.938181	179	392
0.89/0.94	0.939736	178	398
0.89/0.95	0.956651	177	477
0.89/0.96	0.963107	176	503
0.89/0.97	0.972194	175	541
0.99/1.08	1.08238	174	1028
0.99/1.09	1.08807	173	1055
1.09/1.11	1.11292	172	1172
1.09/1.11	1.11506	171	1179
1.09/1.15	1.15516	170	1368
1.09/1.25	1.25025	169	1820
1.09/1.25	1.25665	168	1851
1.09/1.29	1.28878	167	2006
1.09/1.30	1.30555	166	2080
1.09/1.35	1.35538	165	2323
1.09/1.37	1.37189	164	2409
1.61/1.63	1.62959	163	3633
1.99/2.02	2.01899	162	5621
3.69/3.71	3.71586	161	13858
4.39/4.47	4.47388	160	17570
4.49/4.55	4.55002	159	17948
4.60/4.64	4.64255	158	18426
4.99/5.16	5.15829	157	21062
4.99/5.32	5.32345	156	21894
210.89/211.00	210.995	155	912081
999.97/1000.02	4033042
