0.68/0.78	0.780406	231	0
0.68/0.78	0.780854	230	1
0.68/0.78	0.781232	229	2
0.68/0.78	0.781738	228	3
0.68/0.78	0.782329	227	5
0.68/0.78	0.782771	226	6
0.68/0.78	0.783235	225	7
0.68/0.78	0.783676	224	8
0.68/0.78	0.784107	223	9
0.68/0.78	0.784464	222	10
0.68/0.78	0.78486	221	11
0.68/0.78	0.785781	220	14
0.68/0.78	0.786228	219	15
0.68/0.78	0.786669	218	16
0.68/0.78	0.787079	217	17
0.68/0.78	0.787718	216	19
0.68/0.79	0.788296	215	21
0.68/0.79	0.788925	214	23
0.68/0.79	0.789633	213	25
0.68/0.79	0.790031	212	26
0.68/0.79	0.790787	211	28
0.68/0.79	0.791703	210	31
0.68/0.79	0.792393	209	33
0.68/0.79	0.793786	208	39
0.68/0.79	0.794393	207	41
0.68/0.79	0.795108	206	43
0.68/0.79	0.795901	205	46
0.68/0.79	0.796726	204	48
0.68/0.80	0.797889	203	53
0.78/0.80	0.798855	202	57
0.78/0.80	0.800012	201	61
0.78/0.80	0.800796	200	64
0.78/0.80	0.802902	199	75
0.78/0.80	0.804885	198	84
0.78/0.80	0.80605	197	89
0.78/0.81	0.807845	196	96
0.78/0.81	0.809493	195	103
0.78/0.81	0.809991	194	104
0.78/0.81	0.812177	193	114
0.78/0.81	0.813518	192	119
0.78/0.81	0.815989	191	130
0.78/0.82	0.818155	190	139
0.78/0.82	0.819422	189	143
0.78/0.82	0.823809	188	165
0.78/0.82	0.826115	187	175
0.78/0.83	0.837539	186	228
0.78/0.84	0.83917	185	235
0.78/0.84	0.842668	184	251
0.78/0.84	0.844284	183	257
0.78/0.85	0.853854	182	304
0.78/0.85	0.855395	181	309
0.78/0.86	0.866362	180	364
0.78/0.87	0.868474	179	372
0.78/0.88	0.880461	178	432
0.78/0.89	0.888273	177	469
0.88/0.91	0.915798	176	600
0.88/0.92	0.919186	175	614
0.88/0.93	0.934216	174	679
0.88/0.94	0.938153	173	694
0.88/0.94	0.942613	172	711
0.88/0.98	0.978957	171	876
0.98/1.04	1.03838	170	1163
0.98/1.04	1.04581	169	1201
0.98/1.05	1.05604	168	1250
0.98/1.08	1.07892	167	1362
0.98/1.10	1.09934	166	1459
0.98/1.11	1.11261	165	1522
0.98/1.19	1.19636	164	1946
1.68/1.74	1.7404	163	4485
1.89/1.97	1.97388	162	5681
1.99/2.09	2.089	161	6289
3.19/3.28	3.27966	160	12162
4.20/4.27	4.27523	159	16939
4.58/4.68	4.68332	158	19029
4.78/4.84	4.841	157	19839
41.48/41.54	41.5449	156	184225
90.08/90.11	90.108	155	383709
667.66/668.02	667.988	154	2578343
999.84/1000.04	3825618
