0.99/1.39	1.3932	6929	0
0.99/1.40	1.3975	6928	19
0.99/1.40	1.39874	6927	22
0.99/1.40	1.40283	6926	36
0.99/1.41	1.40651	6925	48
1.27/1.41	1.4123	6924	67
1.27/1.42	1.41507	6923	77
1.27/1.42	1.42045	6922	98
1.27/1.43	1.42539	6921	118
1.27/1.43	1.42815	6920	129
1.27/1.43	1.43047	6919	137
1.27/1.43	1.43188	6918	141
1.27/1.44	1.43634	6917	154
1.27/1.44	1.43757	6916	159
1.27/1.44	1.44351	6915	184
1.27/1.45	1.44582	6914	192
1.27/1.45	1.44683	6913	195
1.27/1.45	1.44823	6912	198
1.27/1.45	1.44995	6911	205
1.27/1.45	1.45337	6910	219
1.27/1.46	1.4603	6909	246
1.27/1.47	1.46361	6908	256
1.27/1.47	1.4645	6907	259
1.27/1.47	1.46882	6906	276
1.27/1.47	1.47173	6905	289
1.27/1.48	1.47717	6904	312
1.27/1.48	1.47974	6903	322
1.27/1.48	1.48131	6902	325
1.27/1.49	1.48712	6901	347
1.27/1.49	1.49055	6900	361
1.27/1.50	1.49564	6899	380
1.27/1.50	1.49738	6898	385
1.27/1.50	1.49951	6897	389
1.50/1.51	1.50386	6896	408
1.50/1.51	1.51164	6895	441
1.50/1.52	1.51999	6894	474
1.50/1.52	1.52205	6893	479
1.50/1.53	1.52867	6892	507
1.50/1.53	1.53038	6891	512
1.50/1.53	1.53303	6890	519
1.50/1.54	1.53738	6889	537
1.50/1.54	1.54089	6888	549
1.50/1.54	1.54309	6887	557
1.50/1.55	1.54557	6886	566
1.50/1.55	1.54682	6885	569
1.50/1.55	1.54911	6884	577
1.50/1.55	1.55125	6883	584
1.50/1.56	1.55473	6882	595
1.50/1.56	1.55787	6881	608
1.50/1.56	1.56068	6880	618
1.50/1.57	1.56549	6879	636
1.50/1.57	1.57247	6878	663
1.50/1.58	1.57575	6877	672
1.50/1.58	1.57871	6876	683
1.50/1.59	1.58696	6875	717
1.59/1.60	1.60267	6874	782
1.59/1.61	1.6078	6873	798
1.59/1.62	1.61389	6872	823
1.59/1.63	1.626	6871	876
1.59/1.63	1.62954	6870	890
1.59/1.63	1.63128	6869	895
1.59/1.64	1.63951	6868	930
1.59/1.66	1.6566	6867	1001
1.59/1.66	1.65969	6866	1012
1.59/1.66	1.66185	6865	1019
1.69/1.76	1.76304	6864	1476
1.69/1.78	1.77485	6863	1524
1.69/1.79	1.79301	6862	1601
1.79/1.82	1.81683	6861	1705
1.79/1.83	1.82518	6860	1742
1.79/1.83	1.8286	6859	1755
1.79/1.90	1.89358	6858	2052
1.89/1.95	1.94367	6857	2280
1.89/1.98	1.97627	6856	2422
2.08/2.10	2.09512	6855	2909
2.18/2.20	2.19402	6854	3350
2.18/2.20	2.1984	6853	3368
2.28/2.41	2.41176	6852	4312
3.09/3.13	3.13227	6851	7516
999.93/1000.16	********Debuging CoveringArray::optimize*********
999.93/1000.16	total size : 6851
999.93/1000.16	********End of Debuing CoveringArray::optimize********
