1.39/1.42	1.42029	6908	0
1.39/1.42	1.42434	6907	16
1.39/1.42	1.42706	6906	25
1.39/1.43	1.42925	6905	34
1.39/1.43	1.43091	6904	40
1.39/1.43	1.4336	6903	52
1.39/1.43	1.43711	6902	61
1.39/1.44	1.43782	6901	63
1.39/1.44	1.43984	6900	69
1.39/1.45	1.45494	6899	138
1.39/1.45	1.45636	6898	143
1.39/1.46	1.45873	6897	153
1.39/1.46	1.46403	6896	173
1.39/1.46	1.46588	6895	177
1.39/1.46	1.46685	6894	180
1.39/1.47	1.47244	6893	206
1.39/1.47	1.47583	6892	219
1.39/1.48	1.47833	6891	229
1.39/1.48	1.48555	6890	264
1.39/1.50	1.50048	6889	333
1.39/1.51	1.51215	6888	388
1.50/1.51	1.51579	6887	405
1.50/1.51	1.51626	6886	406
1.50/1.51	1.51733	6885	410
1.50/1.52	1.52686	6884	451
1.50/1.53	1.53248	6883	475
1.50/1.53	1.53651	6882	492
1.50/1.54	1.53846	6881	498
1.50/1.55	1.54872	6880	545
1.50/1.55	1.55077	6879	554
1.50/1.55	1.55646	6878	580
1.50/1.56	1.56039	6877	595
1.50/1.56	1.56376	6876	606
1.50/1.57	1.56915	6875	630
1.50/1.58	1.57918	6874	679
1.50/1.58	1.58733	6873	717
1.50/1.60	1.59838	6872	770
1.50/1.61	1.61249	6871	835
1.60/1.61	1.61639	6870	849
1.60/1.65	1.64809	6869	1002
1.60/1.65	1.65059	6868	1012
1.60/1.65	1.6533	6867	1024
1.60/1.67	1.67076	6866	1114
1.69/1.70	1.69958	6865	1253
1.69/1.70	1.701	6864	1259
1.69/1.72	1.71876	6863	1342
1.69/1.72	1.7225	6862	1359
1.69/1.73	1.7356	6861	1422
1.69/1.78	1.7824	6860	1644
1.69/1.80	1.80028	6859	1726
1.69/1.81	1.81128	6858	1781
1.69/1.83	1.82999	6857	1869
1.69/1.85	1.8502	6856	1965
1.69/1.87	1.87273	6855	2076
1.69/1.93	1.92932	6854	2344
1.69/1.99	1.98742	6853	2619
1.69/2.03	2.02922	6852	2780
1.69/2.05	2.05325	6851	2887
