1.24/1.26	1.2592	6928	0
1.24/1.26	1.26525	6927	30
1.24/1.26	1.26745	6925	38
1.24/1.26	1.26836	6924	40
1.24/1.27	1.26904	6923	42
1.24/1.27	1.27172	6922	54
1.24/1.27	1.27442	6921	66
1.24/1.27	1.27827	6920	81
1.24/1.28	1.27918	6919	83
1.24/1.28	1.28199	6918	95
1.24/1.28	1.28284	6917	98
1.24/1.28	1.28448	6916	103
1.24/1.28	1.28652	6915	111
1.24/1.28	1.2869	6914	112
1.24/1.29	1.29211	6913	133
1.24/1.29	1.2983	6912	162
1.24/1.30	1.3012	6911	175
1.24/1.30	1.30254	6910	180
1.24/1.30	1.30796	6909	207
1.24/1.31	1.30949	6908	212
1.24/1.31	1.31119	6907	218
1.24/1.31	1.31418	6906	231
1.24/1.31	1.31647	6905	241
1.24/1.32	1.32249	6904	265
1.24/1.32	1.32491	6903	276
1.24/1.32	1.32755	6902	285
1.24/1.33	1.33021	6901	296
1.24/1.33	1.33622	6900	326
1.24/1.34	1.33969	6899	340
1.24/1.34	1.34434	6898	357
1.24/1.35	1.34974	6897	383
1.34/1.35	1.35263	6896	394
1.34/1.35	1.35386	6895	398
1.34/1.35	1.35596	6894	404
1.34/1.35	1.35642	6893	405
1.34/1.36	1.36227	6892	433
1.34/1.36	1.36332	6891	437
1.34/1.36	1.36575	6890	448
1.34/1.37	1.36916	6889	460
1.34/1.37	1.37627	6888	491
1.34/1.38	1.37915	6887	503
1.34/1.38	1.38254	6886	515
1.34/1.39	1.39437	6885	570
1.34/1.39	1.39829	6884	587
1.39/1.40	1.39913	6883	590
1.39/1.41	1.4092	6882	637
1.39/1.41	1.41354	6881	655
1.39/1.42	1.4215	6880	692
1.39/1.43	1.43719	6879	772
1.39/1.44	1.44033	6878	786
1.39/1.45	1.44858	6877	824
1.39/1.45	1.45236	6876	839
1.39/1.48	1.48058	6875	983
1.39/1.48	1.48712	6874	1014
1.39/1.48	1.48837	6873	1018
1.39/1.49	1.49314	6872	1038
1.39/1.49	1.49574	6871	1050
1.50/1.52	1.52089	6870	1175
1.50/1.53	1.5334	6869	1235
1.50/1.54	1.54681	6868	1305
1.50/1.55	1.5537	6867	1332
1.50/1.56	1.55967	6866	1360
1.50/1.57	1.56883	6865	1398
1.50/1.57	1.57089	6864	1406
1.50/1.59	1.59826	6863	1541
1.60/1.60	1.60551	6862	1574
1.60/1.62	1.61982	6861	1644
1.60/1.64	1.64013	6860	1734
1.60/1.65	1.65739	6859	1823
1.60/1.68	1.68758	6858	1971
1.60/1.71	1.71264	6857	2095
1.60/1.76	1.76825	6856	2372
1.60/1.82	1.82025	6855	2627
1.85/1.87	1.86872	6854	2873
1.98/2.09	2.09366	6853	3884
2.09/2.19	2.19302	6852	4357
2.59/2.63	2.63457	6851	6490
999.66/1000.12	********Debuging CoveringArray::optimize*********
999.66/1000.12	total size : 6851
999.66/1000.12	********End of Debuing CoveringArray::optimize********
