1.23/1.33	1.33253	6910	0
1.23/1.33	1.33365	6909	3
1.23/1.33	1.33829	6908	24
1.23/1.34	1.34088	6907	33
1.23/1.34	1.34461	6906	46
1.23/1.34	1.34641	6905	50
1.23/1.35	1.34917	6904	61
1.23/1.35	1.35482	6903	84
1.23/1.36	1.35853	6902	100
1.23/1.36	1.35899	6901	101
1.23/1.36	1.36247	6900	114
1.35/1.36	1.36471	6899	122
1.35/1.36	1.36553	6898	124
1.35/1.37	1.36925	6897	139
1.35/1.37	1.37044	6896	142
1.35/1.37	1.3729	6895	152
1.35/1.37	1.37593	6894	164
1.35/1.39	1.38854	6893	221
1.39/1.40	1.40073	6892	276
1.39/1.40	1.40203	6891	279
1.39/1.40	1.40699	6890	302
1.39/1.41	1.40962	6889	313
1.39/1.42	1.41985	6888	359
1.39/1.42	1.42207	6887	366
1.39/1.42	1.4252	6886	376
1.39/1.42	1.42833	6885	390
1.39/1.43	1.4343	6884	417
1.39/1.43	1.43674	6883	425
1.39/1.44	1.43929	6882	436
1.39/1.44	1.44507	6881	458
1.39/1.44	1.44831	6880	472
1.39/1.45	1.45406	6879	495
1.39/1.46	1.46111	6878	530
1.39/1.46	1.46655	6877	555
1.39/1.46	1.46752	6876	558
1.39/1.47	1.47032	6875	567
1.39/1.48	1.4804	6874	610
1.39/1.48	1.48683	6873	638
1.39/1.49	1.49	6872	650
1.39/1.49	1.49792	6871	686
1.49/1.50	1.50149	6870	703
1.49/1.51	1.51333	6869	756
1.49/1.52	1.52403	6868	805
1.49/1.54	1.54212	6867	891
1.49/1.54	1.54281	6866	893
1.49/1.55	1.55538	6865	950
1.49/1.55	1.5581	6864	961
1.49/1.56	1.56407	6863	989
1.49/1.57	1.57288	6862	1029
1.49/1.57	1.57394	6861	1032
1.59/1.61	1.61001	6860	1204
1.59/1.64	1.64705	6859	1380
1.59/1.65	1.64942	6858	1389
1.59/1.65	1.65476	6857	1414
1.59/1.68	1.68183	6856	1537
1.69/1.72	1.72042	6855	1719
1.69/1.75	1.75398	6854	1878
1.69/1.76	1.76376	6853	1924
1.69/1.76	1.76609	6852	1933
1.79/1.80	1.80747	6851	2122
1000.06/1000.13	********Debuging CoveringArray::optimize*********
1000.06/1000.13	total size : 6851
1000.06/1000.13	********End of Debuing CoveringArray::optimize********
