1.29/1.34	1.33913	6931	0
1.29/1.34	1.34189	6930	7
1.29/1.34	1.34326	6929	11
1.29/1.34	1.34635	6928	24
1.29/1.35	1.34822	6927	30
1.29/1.35	1.35143	6926	44
1.29/1.35	1.3542	6925	53
1.29/1.36	1.35924	6924	76
1.29/1.36	1.36017	6923	79
1.29/1.36	1.36305	6922	91
1.29/1.36	1.36471	6921	95
1.29/1.36	1.3657	6920	98
1.29/1.36	1.36643	6919	100
1.29/1.36	1.36713	6918	102
1.29/1.37	1.36815	6917	105
1.29/1.37	1.37094	6916	113
1.29/1.37	1.37196	6915	116
1.29/1.37	1.3776	6914	139
1.29/1.38	1.37952	6913	145
1.29/1.38	1.38026	6912	147
1.29/1.38	1.38315	6911	158
1.29/1.38	1.38388	6910	160
1.29/1.38	1.3875	6909	172
1.29/1.39	1.3901	6908	182
1.29/1.39	1.39268	6907	189
1.39/1.40	1.39835	6906	209
1.39/1.40	1.40095	6905	219
1.39/1.40	1.40289	6904	226
1.39/1.40	1.40512	6903	232
1.39/1.41	1.40931	6902	251
1.39/1.41	1.41271	6901	264
1.39/1.41	1.41578	6900	277
1.39/1.41	1.41659	6899	279
1.39/1.42	1.42257	6898	305
1.39/1.43	1.43362	6897	351
1.39/1.43	1.43427	6896	353
1.39/1.44	1.44122	6895	381
1.39/1.44	1.44561	6894	399
1.39/1.44	1.4463	6893	401
1.39/1.46	1.4633	6892	477
1.39/1.46	1.46432	6891	480
1.39/1.46	1.4653	6890	483
1.39/1.47	1.47769	6889	538
1.39/1.48	1.47988	6888	547
1.39/1.48	1.48587	6887	574
1.39/1.49	1.49552	6886	617
1.49/1.51	1.5149	6885	709
1.49/1.53	1.52885	6884	774
1.49/1.53	1.53477	6883	798
1.49/1.54	1.5407	6882	824
1.49/1.54	1.54577	6881	846
1.49/1.54	1.54678	6880	849
1.49/1.55	1.55177	6879	871
1.49/1.55	1.55312	6878	876
1.49/1.57	1.56991	6877	956
1.49/1.57	1.57329	6876	968
1.49/1.57	1.57763	6875	987
1.49/1.59	1.58813	6874	1037
1.59/1.61	1.60846	6873	1133
1.59/1.62	1.62044	6872	1192
1.59/1.62	1.6246	6871	1209
1.59/1.63	1.63136	6870	1237
1.59/1.63	1.63264	6869	1241
1.59/1.65	1.65679	6868	1355
1.59/1.69	1.68981	6867	1503
1.69/1.71	1.71444	6866	1613
1.69/1.72	1.72144	6865	1644
1.69/1.74	1.73798	6864	1721
1.69/1.75	1.74819	6863	1769
1.69/1.75	1.7538	6862	1793
1.69/1.77	1.76925	6861	1862
1.69/1.77	1.76999	6860	1864
1.79/1.82	1.82174	6859	2116
1.79/1.83	1.83023	6858	2153
1.79/1.86	1.86613	6857	2320
1.79/1.89	1.89582	6856	2457
1.89/1.99	1.99317	6855	2919
1.99/2.04	2.04723	6854	3134
1.99/2.06	2.06265	6853	3203
2.08/2.19	2.19726	6852	3825
2.79/2.87	2.8766	6851	6965
999.96/1000.13	********Debuging CoveringArray::optimize*********
999.96/1000.13	total size : 6851
999.96/1000.13	********End of Debuing CoveringArray::optimize********
