1.49/1.54	1.54264	6923	0
1.49/1.55	1.54733	6922	15
1.49/1.55	1.5508	6921	30
1.49/1.55	1.55211	6920	34
1.49/1.55	1.55286	6919	36
1.49/1.55	1.55436	6918	42
1.49/1.55	1.55492	6917	43
1.49/1.56	1.55546	6916	44
1.49/1.56	1.55794	6915	51
1.49/1.56	1.56465	6914	82
1.49/1.57	1.56974	6913	105
1.49/1.57	1.575	6912	127
1.49/1.58	1.5759	6911	130
1.49/1.58	1.57714	6910	134
1.49/1.58	1.58164	6909	149
1.49/1.58	1.58351	6908	156
1.49/1.59	1.58721	6907	169
1.49/1.59	1.5884	6906	172
1.49/1.59	1.59276	6905	192
1.49/1.59	1.59488	6904	201
1.49/1.60	1.59868	6903	218
1.59/1.61	1.6066	6902	253
1.59/1.61	1.61363	6901	282
1.59/1.62	1.61614	6900	290
1.59/1.62	1.62244	6899	310
1.59/1.62	1.62401	6898	316
1.59/1.63	1.62575	6897	320
1.59/1.63	1.62697	6896	323
1.59/1.63	1.63184	6895	345
1.59/1.65	1.64647	6894	408
1.59/1.65	1.64904	6893	419
1.59/1.65	1.65096	6892	426
1.59/1.65	1.65404	6891	437
1.59/1.66	1.657	6890	448
1.59/1.66	1.66425	6889	473
1.59/1.67	1.66936	6888	491
1.59/1.68	1.67715	6887	527
1.59/1.68	1.68178	6886	544
1.59/1.68	1.68375	6885	550
1.59/1.69	1.68565	6884	557
1.59/1.69	1.68701	6883	560
1.59/1.69	1.68812	6882	563
1.59/1.69	1.691	6881	572
1.69/1.70	1.69629	6880	593
1.69/1.70	1.69885	6879	603
1.69/1.72	1.72241	6878	713
1.69/1.72	1.72428	6877	719
1.69/1.73	1.72588	6876	724
1.69/1.74	1.74124	6875	791
1.69/1.75	1.75185	6874	838
1.69/1.77	1.7692	6873	920
1.69/1.77	1.7738	6872	939
1.69/1.79	1.7897	6871	1010
1.69/1.79	1.79246	6870	1021
1.69/1.79	1.79421	6869	1026
1.79/1.80	1.80004	6868	1053
1.79/1.80	1.80174	6867	1058
1.79/1.80	1.80279	6866	1062
1.79/1.81	1.8129	6865	1108
1.79/1.82	1.81861	6864	1133
1.79/1.82	1.82055	6863	1140
1.79/1.83	1.83287	6862	1193
1.79/1.85	1.84867	6861	1265
1.79/1.86	1.86496	6860	1337
1.89/1.90	1.89603	6859	1484
1.89/1.91	1.91153	6858	1554
1.89/1.94	1.94168	6857	1697
1.99/2.02	2.02215	6856	2008
2.08/2.11	2.11123	6855	2376
2.08/2.18	2.1763	6854	2672
2.08/2.18	2.18162	6853	2690
2.39/2.46	2.46347	6852	4046
2.49/2.50	2.50457	6851	4244
1000.05/1000.13	********Debuging CoveringArray::optimize*********
1000.05/1000.13	total size : 6851
1000.05/1000.13	********End of Debuing CoveringArray::optimize********
