1.39/1.42	1.42229	6919	0
1.39/1.42	1.42621	6918	14
1.39/1.43	1.42986	6917	27
1.39/1.43	1.43141	6916	32
1.39/1.43	1.43443	6915	43
1.39/1.43	1.43592	6914	49
1.39/1.44	1.43837	6913	60
1.39/1.44	1.44234	6912	76
1.39/1.44	1.44373	6911	82
1.39/1.45	1.45701	6910	144
1.39/1.46	1.45896	6909	148
1.39/1.46	1.46127	6908	156
1.39/1.46	1.46535	6907	172
1.39/1.46	1.46687	6906	176
1.39/1.47	1.46767	6905	178
1.39/1.47	1.46885	6904	183
1.39/1.47	1.46971	6903	185
1.39/1.47	1.47072	6902	187
1.39/1.47	1.47136	6901	188
1.39/1.47	1.47426	6900	201
1.39/1.48	1.47744	6899	214
1.39/1.48	1.47948	6898	218
1.39/1.48	1.48175	6897	228
1.39/1.49	1.49093	6896	272
1.39/1.49	1.49498	6895	290
1.49/1.50	1.50418	6894	329
1.49/1.51	1.50736	6893	343
1.49/1.51	1.50913	6892	350
1.49/1.52	1.51738	6891	389
1.49/1.52	1.52078	6890	404
1.49/1.52	1.52379	6889	416
1.49/1.53	1.53251	6888	455
1.49/1.54	1.54068	6887	492
1.49/1.54	1.54448	6886	510
1.49/1.55	1.54844	6885	527
1.49/1.55	1.5521	6884	542
1.49/1.56	1.56306	6883	592
1.49/1.56	1.56493	6882	597
1.49/1.56	1.56652	6881	603
1.49/1.57	1.56915	6880	613
1.49/1.57	1.57184	6879	625
1.49/1.57	1.57251	6878	627
1.49/1.57	1.57537	6877	633
1.49/1.58	1.5795	6876	650
1.49/1.58	1.58121	6875	655
1.49/1.58	1.58288	6874	662
1.49/1.59	1.59641	6873	722
1.59/1.60	1.60188	6872	742
1.59/1.60	1.60666	6871	764
1.59/1.61	1.609	6870	773
1.59/1.61	1.61237	6869	786
1.59/1.62	1.61948	6868	814
1.59/1.65	1.64925	6867	954
1.59/1.65	1.65353	6866	971
1.59/1.66	1.65898	6865	997
1.69/1.70	1.70702	6864	1222
1.69/1.74	1.74435	6863	1396
1.69/1.76	1.7589	6862	1462
1.69/1.77	1.77186	6861	1517
1.69/1.84	1.83943	6860	1841
1.69/1.84	1.84212	6859	1850
1.69/1.84	1.84371	6858	1856
1.69/1.85	1.85364	6857	1896
1.69/1.88	1.87868	6856	2009
1.69/1.95	1.94764	6855	2334
1.69/2.00	2.00117	6854	2576
1.69/2.08	2.07931	6853	2859
2.14/2.16	2.16643	6852	3259
2.14/2.18	2.186	6851	3348
