1.19/1.35	1.35356	6921	0
1.19/1.35	1.35503	6920	4
1.19/1.36	1.35711	6919	8
1.19/1.36	1.35911	6918	15
1.19/1.36	1.35981	6917	17
1.19/1.36	1.36026	6916	18
1.19/1.36	1.36122	6915	20
1.19/1.36	1.36278	6914	24
1.19/1.36	1.36626	6913	37
1.19/1.37	1.36691	6912	39
1.19/1.37	1.36829	6911	43
1.19/1.37	1.36984	6910	47
1.19/1.37	1.37146	6909	53
1.19/1.38	1.38	6908	91
1.19/1.38	1.38495	6907	109
1.19/1.38	1.38683	6906	116
1.19/1.39	1.38936	6905	123
1.19/1.39	1.39021	6904	126
1.38/1.39	1.39217	6903	134
1.38/1.40	1.40122	6902	176
1.38/1.41	1.41059	6901	220
1.38/1.41	1.41385	6900	234
1.38/1.42	1.41761	6899	249
1.38/1.42	1.42144	6898	262
1.38/1.42	1.4229	6897	266
1.38/1.42	1.42606	6896	281
1.38/1.42	1.42687	6895	283
1.38/1.43	1.42821	6894	287
1.38/1.43	1.43657	6893	324
1.38/1.44	1.43951	6892	336
1.38/1.44	1.44044	6891	338
1.38/1.44	1.44124	6890	340
1.38/1.44	1.44337	6889	344
1.38/1.44	1.44564	6888	354
1.38/1.45	1.4501	6887	373
1.38/1.46	1.4583	6886	408
1.38/1.46	1.45995	6885	413
1.38/1.46	1.46437	6884	429
1.38/1.46	1.46675	6883	438
1.38/1.47	1.46749	6882	440
1.38/1.47	1.46848	6881	443
1.38/1.47	1.47412	6880	466
1.38/1.48	1.48158	6879	500
1.49/1.50	1.49783	6878	577
1.49/1.50	1.5014	6877	593
1.49/1.51	1.50918	6876	625
1.49/1.51	1.51046	6875	629
1.49/1.52	1.51919	6874	662
1.49/1.52	1.52361	6873	678
1.49/1.53	1.52973	6872	702
1.49/1.54	1.53776	6871	741
1.49/1.54	1.54103	6870	755
1.49/1.54	1.54173	6869	757
1.49/1.55	1.55202	6868	804
1.49/1.59	1.5889	6867	977
1.59/1.60	1.59824	6866	1020
1.59/1.62	1.61981	6865	1110
1.59/1.62	1.62546	6864	1134
1.59/1.64	1.63844	6863	1192
1.59/1.66	1.66049	6862	1295
1.59/1.68	1.67945	6861	1381
1.59/1.69	1.69375	6860	1446
1.69/1.70	1.70221	6859	1486
1.69/1.77	1.77064	6858	1812
1.79/1.80	1.8043	6857	1966
1.79/1.81	1.80915	6856	1987
1.79/1.89	1.8939	6855	2383
1.99/2.05	2.05437	6854	3092
2.08/2.15	2.15336	6853	3546
2.08/2.19	2.19571	6852	3743
2.18/2.28	2.27887	6851	4131
