1.30/1.30	1.30242	6933	0
1.30/1.30	1.30435	6932	7
1.30/1.30	1.30798	6931	18
1.30/1.31	1.31013	6930	27
1.30/1.31	1.31075	6929	29
1.30/1.31	1.31259	6928	34
1.30/1.31	1.31334	6927	36
1.30/1.31	1.31378	6926	37
1.30/1.31	1.31754	6925	51
1.30/1.32	1.31895	6924	56
1.30/1.32	1.3225	6923	66
1.30/1.32	1.32466	6922	73
1.30/1.32	1.32641	6921	79
1.30/1.32	1.3272	6920	81
1.30/1.33	1.32917	6919	89
1.30/1.33	1.33169	6918	99
1.30/1.33	1.33392	6917	108
1.30/1.33	1.33514	6916	111
1.30/1.33	1.33613	6915	114
1.30/1.33	1.33764	6914	121
1.30/1.34	1.34043	6913	133
1.30/1.34	1.34129	6912	135
1.30/1.34	1.34617	6911	155
1.30/1.35	1.35109	6910	173
1.30/1.35	1.35289	6909	178
1.30/1.35	1.35825	6908	193
1.30/1.36	1.36282	6907	211
1.30/1.37	1.37	6906	247
1.30/1.37	1.37115	6905	251
1.30/1.37	1.37445	6904	264
1.30/1.37	1.37802	6903	276
1.30/1.38	1.38488	6902	302
1.30/1.38	1.38628	6901	306
1.30/1.38	1.38765	6900	309
1.30/1.39	1.3891	6899	313
1.30/1.39	1.39011	6898	316
1.30/1.39	1.3961	6897	341
1.39/1.40	1.40495	6896	380
1.39/1.40	1.4068	6895	386
1.39/1.40	1.40814	6894	391
1.39/1.41	1.40954	6893	396
1.39/1.41	1.413	6892	410
1.39/1.41	1.41666	6891	424
1.39/1.42	1.41885	6890	432
1.39/1.42	1.42396	6889	454
1.39/1.42	1.42715	6888	466
1.39/1.43	1.43394	6887	496
1.39/1.43	1.43685	6886	509
1.39/1.44	1.44126	6885	526
1.39/1.44	1.4435	6884	534
1.39/1.45	1.45124	6883	566
1.39/1.45	1.455	6882	582
1.39/1.46	1.46027	6881	603
1.39/1.46	1.46662	6880	633
1.39/1.47	1.47332	6879	666
1.39/1.47	1.47466	6878	671
1.39/1.47	1.47686	6877	680
1.39/1.48	1.47936	6876	687
1.39/1.48	1.48605	6875	717
1.39/1.49	1.48906	6874	730
1.39/1.49	1.48991	6873	732
1.49/1.51	1.50934	6872	819
1.49/1.52	1.51898	6871	860
1.49/1.52	1.52684	6870	895
1.49/1.53	1.53666	6869	938
1.49/1.53	1.53821	6868	942
1.49/1.55	1.55648	6867	1022
1.49/1.56	1.56533	6866	1062
1.49/1.58	1.58128	6865	1133
1.49/1.59	1.58857	6864	1166
1.49/1.59	1.59685	6863	1203
1.59/1.61	1.61016	6862	1261
1.59/1.61	1.61747	6861	1292
1.59/1.65	1.65171	6860	1454
1.59/1.65	1.65487	6859	1467
1.59/1.66	1.66301	6858	1504
1.59/1.67	1.66855	6857	1532
1.68/1.74	1.74781	6856	1899
1.68/1.76	1.76621	6855	1980
1.78/1.85	1.85041	6854	2372
1.78/1.89	1.89124	6853	2561
2.08/2.12	2.12531	6852	3624
2.20/2.24	2.23835	6851	4148
