1.20/1.22	1.22182	6923	0
1.20/1.22	1.22478	6922	10
1.20/1.23	1.22919	6921	24
1.20/1.23	1.23108	6920	31
1.20/1.23	1.23393	6919	45
1.20/1.23	1.23553	6918	50
1.20/1.24	1.24159	6917	75
1.20/1.24	1.24532	6916	92
1.20/1.24	1.24643	6915	95
1.20/1.25	1.24886	6914	106
1.20/1.25	1.25003	6913	109
1.20/1.25	1.25069	6912	111
1.20/1.25	1.25248	6911	118
1.20/1.25	1.25522	6910	131
1.20/1.26	1.26051	6909	156
1.20/1.26	1.26128	6908	159
1.20/1.26	1.2627	6907	163
1.20/1.26	1.26568	6906	176
1.20/1.26	1.26745	6905	183
1.20/1.27	1.27695	6904	231
1.20/1.28	1.27905	6903	240
1.20/1.28	1.27982	6902	243
1.20/1.28	1.28112	6901	247
1.20/1.28	1.28435	6900	262
1.20/1.28	1.28808	6899	279
1.20/1.29	1.2961	6898	317
1.29/1.30	1.29931	6897	331
1.29/1.30	1.30151	6896	339
1.29/1.30	1.30587	6895	360
1.29/1.31	1.31724	6894	415
1.29/1.31	1.31823	6893	418
1.29/1.32	1.32303	6892	442
1.29/1.33	1.33632	6891	505
1.29/1.34	1.33839	6890	512
1.29/1.34	1.3397	6889	515
1.29/1.34	1.34168	6888	520
1.29/1.35	1.35726	6887	599
1.29/1.36	1.35953	6886	605
1.29/1.36	1.36136	6885	613
1.29/1.36	1.36206	6884	615
1.29/1.36	1.36651	6883	638
1.29/1.37	1.36886	6882	648
1.29/1.39	1.38936	6881	749
1.29/1.39	1.39182	6880	760
1.29/1.39	1.39765	6879	786
1.39/1.40	1.39972	6878	794
1.39/1.42	1.42194	6877	908
1.39/1.42	1.42653	6876	930
1.39/1.43	1.43153	6875	953
1.39/1.44	1.44443	6874	1011
1.39/1.45	1.44923	6873	1029
1.39/1.46	1.46514	6872	1100
1.39/1.46	1.4675	6871	1108
1.39/1.47	1.47148	6870	1127
1.39/1.47	1.47258	6869	1131
1.39/1.49	1.49504	6868	1243
1.50/1.50	1.50748	6867	1307
1.50/1.52	1.524	6866	1388
1.50/1.52	1.52748	6865	1403
1.50/1.53	1.53051	6864	1416
1.50/1.57	1.57167	6863	1621
1.50/1.57	1.57499	6862	1636
1.60/1.61	1.6157	6861	1843
1.60/1.66	1.66375	6860	2086
1.60/1.69	1.68848	6859	2210
1.69/1.70	1.70472	6858	2288
1.69/1.73	1.73761	6857	2450
1.69/1.75	1.75407	6856	2529
1.69/1.78	1.7794	6855	2651
1.69/1.78	1.78673	6854	2685
1.69/1.79	1.79692	6853	2735
1.78/1.81	1.81165	6852	2807
1.89/1.90	1.90721	6851	3279
999.65/1000.12	********Debuging CoveringArray::optimize*********
999.65/1000.12	total size : 6851
999.65/1000.12	********End of Debuing CoveringArray::optimize********
