0.59/0.63	0.627244	1131	0
0.59/0.64	0.644984	1130	2
0.59/0.66	0.662609	1129	3
0.59/0.68	0.681146	1127	6
0.69/0.70	0.69927	1126	8
0.69/0.71	0.717171	1125	10
0.69/0.73	0.734712	1124	11
0.69/0.75	0.753061	1123	14
0.69/0.77	0.770988	1121	16
0.69/0.79	0.788437	1120	17
0.78/0.80	0.805676	1119	19
0.78/0.82	0.825446	1117	25
0.78/0.84	0.843201	1114	27
0.78/0.86	0.861684	1113	30
0.78/0.88	0.880285	1111	34
0.78/0.90	0.897976	1110	36
0.78/0.91	0.915252	1108	37
0.78/0.93	0.932966	1107	39
0.78/0.95	0.950605	1106	41
0.78/0.97	0.967845	1105	42
0.78/0.98	0.985307	1104	43
0.78/1.00	1.0025	1103	44
0.78/1.02	1.01975	1101	45
0.78/1.03	1.03711	1100	46
0.78/1.05	1.05591	1099	51
0.78/1.07	1.07493	1096	57
0.78/1.09	1.09445	1094	64
0.78/1.11	1.11232	1093	67
0.78/1.13	1.12939	1092	68
0.78/1.14	1.14641	1091	69
0.78/1.16	1.16322	1090	70
0.78/1.18	1.18165	1089	74
0.78/1.20	1.19897	1087	76
0.78/1.21	1.21638	1086	78
0.78/1.23	1.23393	1085	80
0.78/1.25	1.25129	1082	82
0.78/1.27	1.26822	1081	83
0.78/1.28	1.28547	1080	84
0.78/1.30	1.3023	1079	85
0.78/1.32	1.31924	1078	86
0.78/1.33	1.33646	1076	88
0.78/1.35	1.35354	1075	90
0.78/1.37	1.37017	1073	91
0.78/1.39	1.38721	1071	93
0.78/1.40	1.40463	1070	96
0.78/1.42	1.42124	1069	97
1.42/1.44	1.43906	1067	101
1.42/1.45	1.45578	1066	102
1.42/1.47	1.47231	1065	103
1.42/1.49	1.4888	1064	104
1.42/1.50	1.5056	1063	106
1.50/1.52	1.52328	1062	110
1.50/1.54	1.54056	1060	113
1.50/1.56	1.55787	1057	116
1.50/1.57	1.57536	1056	120
1.50/1.59	1.59173	1055	121
1.50/1.61	1.60813	1054	122
1.60/1.62	1.62535	1052	127
1.60/1.64	1.64148	1051	129
1.60/1.66	1.66082	1050	138
1.60/1.68	1.67787	1049	142
1.60/1.69	1.69529	1048	147
1.69/1.71	1.7131	1047	151
1.69/1.73	1.73071	1046	155
1.69/1.75	1.7482	1045	159
1.69/1.76	1.7648	1044	160
1.69/1.78	1.78124	1043	161
1.69/1.79	1.79681	1041	162
1.79/1.81	1.8129	1040	163
1.79/1.83	1.82901	1039	164
1.79/1.84	1.84608	1038	167
1.79/1.86	1.86268	1037	169
1.79/1.88	1.87868	1036	170
1.79/1.89	1.89502	1035	172
1.89/1.91	1.91112	1034	173
1.89/1.93	1.92834	1033	177
1.89/1.94	1.94506	1032	181
1.89/1.96	1.96166	1031	185
1.89/1.98	1.97718	1030	186
1.89/1.99	1.99385	1029	189
1.99/2.01	2.01058	1028	192
1.99/2.03	2.02931	1025	201
1.99/2.05	2.05219	1023	220
1.99/2.07	2.06966	1022	225
1.99/2.08	2.08468	1021	226
2.09/2.10	2.1029	1019	233
2.09/2.12	2.11949	1018	236
2.09/2.13	2.13563	1017	238
2.09/2.15	2.15375	1015	246
2.09/2.17	2.17042	1014	251
2.09/2.19	2.18723	1013	255
2.19/2.20	2.20202	1012	256
2.19/2.22	2.21842	1011	260
2.19/2.23	2.23396	1010	261
2.19/2.25	2.24991	1009	264
2.19/2.26	2.2648	1008	265
2.19/2.28	2.28046	1007	266
2.19/2.29	2.29575	1006	267
2.28/2.31	2.31152	1005	269
2.28/2.33	2.32837	1003	274
2.28/2.34	2.34496	1002	278
2.28/2.36	2.36487	1001	290
2.28/2.38	2.38055	1000	293
2.28/2.39	2.39716	999	298
2.28/2.41	2.41458	998	305
2.28/2.43	2.43208	997	311
2.28/2.45	2.44758	996	312
2.28/2.46	2.46235	995	313
2.28/2.48	2.47794	993	316
2.28/2.49	2.49323	991	317
2.28/2.51	2.50942	990	320
2.28/2.52	2.5246	989	321
2.28/2.54	2.54075	987	325
2.28/2.55	2.55584	986	326
2.28/2.57	2.57101	985	327
2.28/2.58	2.5863	984	328
2.28/2.60	2.60422	982	337
2.28/2.62	2.62049	981	341
2.28/2.63	2.63589	980	343
2.28/2.65	2.65404	979	352
2.28/2.67	2.6701	978	356
2.28/2.68	2.6851	977	357
2.28/2.70	2.70168	976	362
2.28/2.71	2.71672	975	363
2.28/2.74	2.74669	974	402
2.28/2.77	2.76967	973	423
2.28/2.78	2.78479	972	424
2.28/2.80	2.79889	971	425
2.28/2.82	2.82003	970	443
2.28/2.84	2.83805	969	452
2.28/2.85	2.85578	968	460
2.28/2.87	2.87133	967	463
2.28/2.88	2.88654	966	465
2.28/2.90	2.90325	965	472
2.91/2.92	2.91805	964	473
2.91/2.93	2.93428	963	477
2.91/2.95	2.9551	962	492
2.91/2.97	2.97025	961	494
2.91/2.98	2.98576	960	497
2.99/3.00	3.00293	959	505
2.99/3.02	3.01745	958	506
2.99/3.04	3.04093	957	530
2.99/3.06	3.06652	956	559
2.99/3.11	3.10751	955	625
3.10/3.12	3.12562	954	634
3.10/3.15	3.1484	953	655
3.10/3.16	3.16453	952	659
3.10/3.18	3.18128	951	665
3.20/3.22	3.2236	950	732
3.28/3.31	3.31356	948	913
3.28/3.33	3.33167	947	922
3.28/3.34	3.34696	946	925
3.28/3.37	3.37256	945	952
3.28/3.39	3.39014	944	962
3.38/3.41	3.41106	943	979
3.38/3.42	3.42676	942	983
3.38/3.45	3.44749	941	999
3.38/3.48	3.47755	940	1039
3.49/3.55	3.54984	939	1183
3.59/3.60	3.59909	938	1268
3.59/3.61	3.61599	937	1276
3.59/3.63	3.63294	936	1284
3.59/3.65	3.65448	935	1302
3.59/3.67	3.66934	934	1304
3.59/3.69	3.69262	933	1327
3.69/3.71	3.70763	932	1329
3.69/3.73	3.73708	931	1368
3.69/3.75	3.75107	930	1369
3.69/3.77	3.77156	929	1385
3.79/3.84	3.84536	928	1529
3.79/3.86	3.85947	927	1530
3.79/3.87	3.8736	926	1531
3.79/3.91	3.90971	925	1585
3.79/3.94	3.93952	924	1622
3.79/3.95	3.95539	923	1628
3.79/3.98	3.98362	922	1662
3.79/4.04	4.04538	920	1785
3.79/4.06	4.06018	919	1789
3.79/4.07	4.07445	918	1791
3.79/4.09	4.08764	917	1792
3.79/4.12	4.12235	914	1841
3.79/4.14	4.13807	913	1847
3.79/4.15	4.15129	912	1848
3.79/4.17	4.16779	911	1858
3.79/4.30	4.30447	910	2163
3.79/4.33	4.33295	909	2200
3.79/4.35	4.34797	908	2204
4.39/4.46	4.46547	905	2468
4.49/4.50	4.5021	904	2525
4.59/4.62	4.62146	903	2790
4.59/4.64	4.63925	902	2802
4.81/4.85	4.84923	899	3304
4.99/5.07	5.07065	897	3830
4.99/5.08	5.08651	895	3837
5.09/5.10	5.10174	894	3842
5.09/5.11	5.11529	893	3843
5.28/5.56	5.56226	892	4947
5.28/5.59	5.5941	891	4995
6.30/6.32	6.32371	890	6781
6.30/6.34	6.33788	889	6784
6.39/6.48	6.4868	887	7128
6.49/6.50	6.50031	886	7129
6.69/6.72	6.71878	885	7643
6.69/6.77	6.76728	884	7732
6.69/6.78	6.78143	883	7733
6.69/6.86	6.86124	881	7901
6.69/6.94	6.93852	880	8062
6.69/6.95	6.95504	879	8071
7.49/7.59	7.59645	878	9641
7.59/7.61	7.61614	877	9659
7.99/8.05	8.05114	876	10735
7.99/8.06	8.06393	875	10736
7.99/8.08	8.07953	874	10743
8.09/8.13	8.13556	873	10848
11.80/11.85	11.8495	871	20115
11.80/11.86	11.8635	870	20118
11.80/11.88	11.8776	869	20121
11.80/11.89	11.8933	868	20127
14.89/14.98	14.9774	866	27798
16.59/16.64	16.6421	865	31926
18.59/19.13	19.1356	864	38241
18.59/19.15	19.1482	863	38242
19.69/19.75	19.7489	861	39739
19.69/19.76	19.7617	860	39740
22.69/22.76	22.764	859	47394
22.89/22.93	22.9273	858	47760
26.69/26.79	26.7919	857	57598
27.19/27.25	27.2557	856	58744
28.89/29.21	29.2151	855	63721
29.99/30.04	30.0411	854	65783
40.78/41.32	41.3162	853	94628
40.78/41.33	41.3289	852	94629
41.89/41.96	41.9591	851	96196
1000.17/1000.26	315.326	39910947	2632503
