0.09/0.12	0.120233	426	0
0.09/0.12	0.127055	425	1
0.09/0.13	0.133992	424	2
0.09/0.14	0.141027	423	3
0.09/0.15	0.147918	422	4
0.09/0.15	0.154922	421	5
0.09/0.16	0.161682	420	8
0.09/0.17	0.168397	419	9
0.09/0.17	0.174957	418	10
0.09/0.18	0.182451	417	12
0.09/0.19	0.189143	416	14
0.09/0.19	0.195649	415	15
0.19/0.20	0.202312	414	16
0.19/0.21	0.208813	413	17
0.19/0.21	0.215298	412	18
0.19/0.22	0.221719	411	19
0.19/0.23	0.228723	410	22
0.19/0.23	0.235149	409	23
0.19/0.24	0.241529	408	24
0.19/0.25	0.247865	407	25
0.19/0.25	0.25418	406	26
0.19/0.26	0.260822	405	28
0.19/0.27	0.267485	404	30
0.19/0.27	0.27402	403	31
0.19/0.28	0.280947	402	34
0.19/0.29	0.288072	401	40
0.19/0.29	0.294362	400	41
0.29/0.30	0.300832	399	43
0.29/0.31	0.30752	398	45
0.29/0.31	0.314485	397	47
0.29/0.32	0.321936	396	55
0.29/0.33	0.329175	395	61
0.29/0.33	0.335495	394	63
0.29/0.34	0.341852	393	65
0.29/0.35	0.348385	392	67
0.29/0.35	0.354521	391	68
0.29/0.36	0.360511	390	69
0.29/0.36	0.367132	389	72
0.29/0.37	0.373407	388	73
0.29/0.38	0.37937	387	74
0.29/0.38	0.386497	386	81
0.29/0.39	0.393428	385	86
0.39/0.40	0.399219	384	87
0.39/0.40	0.406433	383	98
0.39/0.42	0.418896	382	147
0.39/0.42	0.426131	381	158
0.39/0.43	0.431857	380	159
0.39/0.44	0.438092	379	161
0.39/0.44	0.446773	378	172
0.39/0.45	0.452977	377	175
0.39/0.46	0.458675	376	176
0.39/0.46	0.464318	375	177
0.39/0.47	0.469889	374	178
0.39/0.47	0.475457	373	179
0.39/0.48	0.481075	372	180
0.39/0.48	0.486587	371	181
0.49/0.50	0.498772	370	216
0.49/0.51	0.510327	369	248
0.49/0.52	0.524658	368	315
0.49/0.59	0.594869	367	690
0.59/0.62	0.619179	366	803
0.59/0.68	0.677957	365	1170
0.69/0.75	0.748325	364	1600
0.89/0.92	0.921897	363	2579
0.99/1.04	1.04451	362	3253
2.58/2.67	2.67244	361	16870
3.79/3.89	3.88992	360	26096
