0.10/0.11	0.115409	417	0
0.10/0.12	0.121909	416	1
0.10/0.12	0.127429	415	3
0.10/0.13	0.132885	414	4
0.10/0.13	0.138104	413	5
0.10/0.14	0.143348	412	6
0.10/0.15	0.148782	411	8
0.10/0.15	0.154151	410	9
0.10/0.16	0.159717	409	11
0.10/0.16	0.165167	408	12
0.10/0.17	0.170633	407	13
0.10/0.17	0.175969	406	14
0.10/0.18	0.181411	405	16
0.10/0.18	0.186492	404	17
0.10/0.19	0.191672	403	18
0.10/0.19	0.197203	402	21
0.20/0.20	0.202408	401	22
0.20/0.20	0.207446	400	23
0.20/0.21	0.212894	399	25
0.20/0.21	0.218109	398	27
0.20/0.22	0.223318	397	29
0.20/0.23	0.228393	396	30
0.20/0.23	0.233315	395	31
0.20/0.24	0.238585	394	33
0.20/0.24	0.243426	393	34
0.20/0.25	0.248398	392	35
0.20/0.25	0.253319	391	36
0.20/0.26	0.258636	390	39
0.20/0.26	0.263432	389	40
0.20/0.27	0.268367	388	41
0.20/0.27	0.273565	387	44
0.20/0.28	0.280714	386	62
0.20/0.28	0.286704	385	71
0.20/0.29	0.291609	384	72
0.20/0.29	0.297454	383	79
0.29/0.30	0.302536	382	83
0.29/0.30	0.307264	381	84
0.29/0.31	0.311925	380	85
0.29/0.31	0.316567	379	86
0.29/0.32	0.324875	378	107
0.29/0.33	0.33034	377	113
0.29/0.33	0.335002	376	114
0.29/0.34	0.339613	375	116
0.29/0.34	0.34451	374	118
0.29/0.35	0.356352	373	164
0.29/0.37	0.374114	372	258
0.39/0.41	0.411929	370	510
0.39/0.44	0.439299	368	701
0.39/0.49	0.493817	367	1132
0.49/0.50	0.500459	366	1143
0.49/0.52	0.519429	365	1260
0.49/0.54	0.541933	364	1419
0.49/0.54	0.546207	363	1420
0.49/0.55	0.553011	362	1435
0.59/0.63	0.636803	361	2327
0.69/0.70	0.702971	360	2852
