0.10/0.11	0.112495	416	0
0.10/0.12	0.119208	415	1
0.10/0.12	0.126157	413	3
0.10/0.13	0.132977	412	4
0.10/0.14	0.139569	411	5
0.10/0.14	0.146257	409	6
0.10/0.15	0.152672	408	7
0.10/0.16	0.159542	407	9
0.10/0.16	0.166919	406	14
0.10/0.17	0.175045	405	15
0.10/0.18	0.182446	404	16
0.10/0.19	0.189588	403	17
0.10/0.19	0.196523	402	18
0.20/0.20	0.204232	401	24
0.20/0.21	0.210644	400	25
0.20/0.21	0.216904	399	26
0.20/0.22	0.223073	398	27
0.20/0.23	0.229425	397	28
0.20/0.23	0.235565	396	29
0.20/0.24	0.242773	395	35
0.20/0.25	0.248909	394	36
0.20/0.25	0.25513	393	38
0.20/0.26	0.261069	392	39
0.20/0.27	0.267957	391	43
0.20/0.27	0.27407	390	44
0.20/0.28	0.280098	389	45
0.20/0.28	0.286681	388	48
0.20/0.29	0.292889	387	50
0.30/0.30	0.299767	386	55
0.30/0.30	0.306314	385	57
0.30/0.31	0.312601	384	59
0.30/0.32	0.319851	383	66
0.30/0.32	0.326487	382	70
0.30/0.33	0.334008	381	78
0.30/0.34	0.340811	380	83
0.30/0.34	0.34722	379	86
0.30/0.35	0.35421	378	91
0.30/0.36	0.360294	377	93
0.30/0.36	0.36619	376	95
0.30/0.37	0.373188	375	102
0.30/0.38	0.379975	374	108
0.30/0.38	0.385821	373	110
0.40/0.41	0.41006	372	191
0.40/0.41	0.416779	371	196
0.40/0.42	0.424421	370	203
0.40/0.44	0.442089	369	281
0.40/0.49	0.489172	368	534
0.49/0.53	0.531252	367	751
0.49/0.54	0.544373	366	790
0.59/0.62	0.620327	365	1186
0.59/0.68	0.684939	364	1461
0.69/0.77	0.775625	363	1954
0.79/0.86	0.857399	362	2382
1.89/1.98	1.9869	360	9239
