0.09/0.11	0.116758	413	0
0.09/0.12	0.123628	412	1
0.09/0.13	0.130186	411	2
0.09/0.14	0.137713	410	6
0.09/0.14	0.144269	409	7
0.09/0.15	0.150747	408	8
0.09/0.15	0.157181	407	9
0.09/0.16	0.163639	406	10
0.09/0.17	0.17004	405	11
0.09/0.17	0.176451	404	12
0.09/0.18	0.183187	403	13
0.09/0.19	0.190415	402	18
0.09/0.19	0.197403	401	21
0.18/0.20	0.203694	400	22
0.18/0.21	0.210225	399	23
0.18/0.21	0.21648	398	24
0.18/0.22	0.222631	397	25
0.18/0.23	0.22895	396	26
0.18/0.23	0.235124	395	27
0.18/0.24	0.241414	394	28
0.18/0.25	0.24772	393	29
0.18/0.25	0.254017	392	31
0.18/0.26	0.259976	391	32
0.18/0.26	0.266241	390	34
0.18/0.27	0.272802	389	36
0.18/0.28	0.279201	388	37
0.18/0.28	0.285397	387	39
0.18/0.29	0.293042	386	45
0.28/0.30	0.300539	385	52
0.28/0.30	0.307178	384	56
0.28/0.31	0.314321	383	61
0.28/0.32	0.322609	382	69
0.28/0.33	0.328956	381	70
0.28/0.33	0.334945	380	71
0.28/0.34	0.342203	379	75
0.28/0.35	0.349434	378	82
0.28/0.36	0.35858	377	98
0.28/0.37	0.368672	376	122
0.28/0.38	0.377432	375	141
0.28/0.39	0.392449	374	196
0.38/0.40	0.404518	373	233
0.38/0.41	0.414037	372	249
0.38/0.42	0.423469	371	266
0.38/0.44	0.439487	370	316
0.38/0.45	0.456625	369	380
0.38/0.46	0.467019	368	402
0.38/0.49	0.495572	367	548
0.48/0.52	0.525336	366	689
0.48/0.58	0.57934	365	953
0.58/0.60	0.606073	364	1074
0.58/0.61	0.616459	363	1100
0.58/0.63	0.635228	362	1178
0.68/0.78	0.787053	361	2177
1.10/1.20	1.19742	360	5295
