0.10/0.12	0.124141	420	0
0.10/0.13	0.13447	419	1
0.10/0.14	0.144171	418	2
0.10/0.15	0.153135	417	3
0.10/0.16	0.162424	416	5
0.10/0.17	0.17067	415	6
0.10/0.18	0.178404	414	7
0.10/0.18	0.186163	413	9
0.10/0.19	0.193415	412	10
0.20/0.20	0.200269	411	11
0.20/0.20	0.20707	410	12
0.20/0.21	0.213872	409	14
0.20/0.22	0.220751	408	17
0.20/0.23	0.227876	407	21
0.20/0.23	0.234265	406	22
0.20/0.24	0.240635	405	23
0.20/0.24	0.247135	404	24
0.20/0.25	0.253896	403	26
0.20/0.26	0.260182	402	27
0.20/0.26	0.266888	401	29
0.20/0.27	0.273165	400	30
0.20/0.28	0.279817	399	34
0.20/0.29	0.288582	398	46
0.20/0.29	0.29476	397	47
0.20/0.30	0.300888	396	48
0.30/0.31	0.311087	395	74
0.30/0.31	0.317335	394	75
0.30/0.32	0.323466	393	76
0.30/0.33	0.329557	392	77
0.30/0.33	0.337114	391	85
0.30/0.34	0.343924	390	88
0.30/0.35	0.350138	389	90
0.30/0.35	0.356365	388	91
0.30/0.36	0.363649	387	97
0.30/0.37	0.37173	386	104
0.30/0.38	0.378008	385	106
0.30/0.38	0.384265	384	108
0.30/0.39	0.390117	383	109
0.30/0.39	0.396426	382	112
0.40/0.40	0.403096	381	119
0.40/0.41	0.410575	380	132
0.40/0.42	0.419406	379	145
0.40/0.43	0.427756	378	164
0.40/0.43	0.433677	377	166
0.40/0.44	0.440165	376	173
0.40/0.49	0.491942	375	534
0.40/0.50	0.497597	374	535
0.49/0.53	0.527828	373	713
0.49/0.55	0.548913	372	817
0.49/0.56	0.560468	371	845
0.49/0.56	0.56678	370	849
0.49/0.59	0.588558	369	951
0.59/0.64	0.640786	368	1280
0.59/0.65	0.657078	367	1336
1.00/1.06	1.06099	366	3694
1.10/1.18	1.1802	365	4335
1.68/1.70	1.69829	363	7815
2.99/3.02	3.02728	361	16237
3.29/3.31	3.31084	360	18202
