0.09/0.12	0.117654	419	0
0.09/0.12	0.124692	418	2
0.09/0.13	0.131299	417	3
0.09/0.14	0.138006	416	4
0.09/0.14	0.144602	415	5
0.09/0.15	0.151037	414	6
0.09/0.16	0.157596	413	7
0.09/0.16	0.164244	412	8
0.09/0.17	0.170885	411	9
0.09/0.18	0.177423	410	10
0.09/0.18	0.183809	409	11
0.09/0.19	0.190425	407	13
0.09/0.19	0.19686	406	14
0.19/0.20	0.20333	405	15
0.19/0.21	0.210013	404	17
0.19/0.21	0.216429	403	18
0.19/0.22	0.222793	402	20
0.19/0.23	0.229098	401	22
0.19/0.23	0.236364	400	28
0.19/0.24	0.24319	399	31
0.19/0.25	0.249618	398	32
0.19/0.25	0.256012	397	34
0.19/0.26	0.26203	396	35
0.19/0.27	0.268994	395	38
0.19/0.27	0.275455	394	40
0.19/0.28	0.281792	392	42
0.19/0.29	0.287872	391	43
0.19/0.29	0.294567	390	48
0.29/0.30	0.300535	389	49
0.29/0.31	0.309069	388	61
0.29/0.31	0.315392	387	63
0.29/0.32	0.321845	386	68
0.29/0.33	0.327952	385	69
0.29/0.33	0.334265	384	72
0.29/0.34	0.340144	383	73
0.29/0.35	0.348601	382	82
0.29/0.35	0.354445	381	84
0.29/0.36	0.360804	380	87
0.29/0.37	0.367499	379	91
0.29/0.37	0.374089	378	96
0.29/0.38	0.384101	377	117
0.29/0.39	0.390158	376	120
0.39/0.40	0.406904	375	180
0.39/0.41	0.412821	374	181
0.39/0.43	0.427613	373	234
0.39/0.43	0.433297	372	235
0.39/0.45	0.45081	371	296
0.39/0.46	0.458344	370	307
0.39/0.47	0.467563	369	329
0.49/0.52	0.520172	368	572
0.49/0.54	0.545116	367	678
0.49/0.58	0.579946	366	842
0.59/0.64	0.643216	365	1175
0.59/0.68	0.684509	364	1413
0.69/0.74	0.737857	363	1860
0.69/0.76	0.764438	362	2036
2.79/2.89	2.8935	361	19153
3.09/3.11	3.10729	360	20737
