0.10/0.11	0.111099	420	0
0.10/0.12	0.118103	419	2
0.10/0.12	0.124836	418	3
0.10/0.13	0.131695	417	4
0.10/0.14	0.138385	416	5
0.10/0.14	0.145	415	6
0.10/0.15	0.151977	414	8
0.10/0.16	0.158525	413	9
0.10/0.16	0.165177	412	10
0.10/0.17	0.171908	411	12
0.10/0.18	0.17858	410	13
0.10/0.18	0.185438	409	16
0.10/0.19	0.191852	408	17
0.19/0.20	0.198429	407	19
0.19/0.20	0.204904	406	20
0.19/0.21	0.211385	405	21
0.19/0.22	0.217903	404	22
0.19/0.22	0.224312	403	23
0.19/0.23	0.230592	401	24
0.19/0.23	0.237231	400	26
0.19/0.24	0.243829	399	27
0.19/0.25	0.250328	398	28
0.19/0.25	0.256838	397	30
0.19/0.26	0.263074	396	31
0.19/0.27	0.269638	395	34
0.19/0.27	0.276154	394	36
0.19/0.28	0.282339	393	37
0.19/0.29	0.28854	392	38
0.19/0.29	0.29453	391	39
0.29/0.30	0.302053	390	49
0.29/0.31	0.307974	389	50
0.29/0.31	0.314481	388	53
0.29/0.32	0.32048	387	54
0.29/0.32	0.326694	386	56
0.29/0.33	0.335838	384	71
0.29/0.34	0.342815	383	78
0.29/0.35	0.348841	382	80
0.29/0.35	0.355075	381	82
0.29/0.36	0.361547	380	85
0.29/0.37	0.369753	379	95
0.29/0.37	0.376971	378	100
0.29/0.38	0.383227	377	106
0.29/0.39	0.389221	376	108
0.29/0.39	0.395814	375	112
0.40/0.40	0.403244	374	120
0.40/0.43	0.428273	373	225
0.40/0.46	0.462518	372	390
0.40/0.49	0.491518	371	494
0.49/0.50	0.497687	370	496
0.49/0.56	0.562889	369	912
0.49/0.57	0.569367	368	919
0.49/0.57	0.574934	367	920
0.49/0.58	0.58582	366	946
0.49/0.59	0.592674	365	952
0.59/0.63	0.634429	364	1149
0.69/0.71	0.715787	363	1732
0.89/0.95	0.953283	362	3827
1.59/1.63	1.6287	361	9331
4.18/4.27	4.27303	360	29489
