0.09/0.11	0.116724	422	0
0.09/0.12	0.12371	421	1
0.09/0.13	0.13055	420	2
0.09/0.13	0.137281	419	3
0.09/0.14	0.143991	418	4
0.09/0.15	0.151215	417	6
0.09/0.16	0.159178	416	15
0.09/0.16	0.165949	415	16
0.09/0.17	0.172711	414	18
0.09/0.18	0.179295	413	19
0.09/0.18	0.185963	412	20
0.09/0.19	0.192583	411	21
0.19/0.20	0.199983	410	27
0.19/0.20	0.206522	409	28
0.19/0.21	0.21292	407	29
0.19/0.22	0.219322	406	30
0.19/0.22	0.226685	405	31
0.19/0.23	0.233312	404	32
0.19/0.24	0.239644	403	33
0.19/0.24	0.247412	402	38
0.19/0.25	0.253872	401	40
0.19/0.26	0.26079	400	43
0.19/0.26	0.26707	399	44
0.19/0.27	0.273442	398	45
0.19/0.28	0.279819	397	46
0.19/0.28	0.286091	396	47
0.19/0.29	0.292553	395	50
0.29/0.30	0.298768	394	51
0.29/0.30	0.304956	393	52
0.29/0.31	0.311988	392	58
0.29/0.32	0.321065	391	70
0.29/0.33	0.327746	390	73
0.29/0.33	0.333813	389	74
0.29/0.34	0.340606	388	79
0.29/0.35	0.348454	387	86
0.29/0.35	0.354879	386	89
0.29/0.36	0.361081	385	90
0.29/0.37	0.368214	384	96
0.29/0.37	0.374157	383	97
0.29/0.38	0.381386	382	105
0.29/0.39	0.390419	381	125
0.29/0.39	0.396355	380	126
0.39/0.41	0.407626	379	160
0.39/0.42	0.418827	378	189
0.39/0.43	0.428067	377	204
0.39/0.44	0.444987	376	270
0.39/0.45	0.45075	375	271
0.39/0.46	0.464518	374	315
0.49/0.52	0.518635	373	574
0.49/0.58	0.583526	372	928
0.59/0.67	0.668887	371	1549
0.59/0.68	0.679225	370	1598
0.59/0.68	0.68338	369	1599
0.59/0.69	0.691853	368	1622
0.79/0.80	0.803798	367	2716
0.79/0.81	0.815014	366	2777
0.79/0.83	0.831473	365	2903
1.59/1.64	1.64269	364	10231
1.59/1.69	1.69235	363	10628
2.48/2.50	2.50057	362	16812
2.78/2.89	2.88793	361	19973
2.98/3.08	3.0809	360	21660
