0.10/0.11	0.11109	430	0
0.10/0.12	0.118335	429	2
0.10/0.12	0.125264	428	3
0.10/0.13	0.13221	427	4
0.10/0.14	0.13923	426	5
0.10/0.14	0.146238	425	6
0.10/0.15	0.153097	424	7
0.10/0.16	0.159954	423	8
0.10/0.16	0.167162	422	11
0.10/0.17	0.174017	421	12
0.10/0.18	0.181172	420	14
0.10/0.19	0.188131	419	16
0.10/0.19	0.194789	418	17
0.20/0.20	0.201452	417	18
0.20/0.21	0.208059	416	19
0.20/0.21	0.214617	415	20
0.20/0.22	0.221168	414	21
0.20/0.23	0.228368	413	24
0.20/0.23	0.23515	412	26
0.20/0.24	0.241929	411	27
0.20/0.25	0.248479	410	28
0.20/0.25	0.254899	409	29
0.20/0.26	0.261951	408	33
0.20/0.27	0.268436	407	34
0.20/0.27	0.2752	406	36
0.20/0.28	0.281854	405	38
0.20/0.29	0.288175	404	39
0.20/0.29	0.294536	403	40
0.29/0.30	0.301746	402	41
0.29/0.31	0.307974	401	42
0.29/0.31	0.314482	400	44
0.29/0.32	0.320626	399	45
0.29/0.32	0.326843	398	46
0.29/0.33	0.33309	397	47
0.29/0.34	0.339635	396	49
0.29/0.34	0.345793	395	50
0.29/0.35	0.351917	394	51
0.29/0.36	0.358142	393	52
0.29/0.36	0.364709	392	54
0.29/0.37	0.371276	391	57
0.29/0.37	0.377405	390	58
0.29/0.38	0.383511	389	59
0.29/0.39	0.390153	388	63
0.29/0.39	0.396451	387	65
0.40/0.40	0.402446	386	66
0.40/0.41	0.409026	385	70
0.40/0.41	0.414872	384	71
0.40/0.42	0.420978	383	73
0.40/0.43	0.427493	382	76
0.40/0.43	0.43405	381	79
0.40/0.44	0.441026	380	84
0.40/0.45	0.44762	379	88
0.40/0.46	0.457586	378	109
0.40/0.46	0.465906	377	123
0.40/0.47	0.473279	376	133
0.40/0.48	0.483614	375	157
0.40/0.49	0.495116	373	185
0.49/0.50	0.50479	372	203
0.49/0.51	0.514353	371	221
0.49/0.54	0.546212	370	354
0.49/0.57	0.568174	369	446
0.49/0.58	0.584312	368	510
0.49/0.59	0.589834	367	511
0.59/0.69	0.687699	366	1333
0.89/0.92	0.917472	365	3751
1.00/1.06	1.06419	364	4796
1.00/1.07	1.06856	363	4797
1.00/1.09	1.09288	362	4981
1.49/1.53	1.53361	361	8946
2.29/2.30	2.29905	360	15432
