0.09/0.11	0.11044	420	0
0.09/0.11	0.115885	419	1
0.09/0.12	0.121269	418	2
0.09/0.12	0.127905	416	9
0.09/0.13	0.133313	415	10
0.09/0.14	0.138799	414	13
0.09/0.14	0.144213	413	15
0.09/0.15	0.149653	412	18
0.09/0.15	0.154721	411	19
0.09/0.16	0.159772	410	20
0.09/0.16	0.164882	409	21
0.09/0.17	0.172421	407	31
0.09/0.18	0.179126	406	41
0.09/0.18	0.184143	405	42
0.09/0.19	0.189259	404	43
0.09/0.19	0.19427	403	44
0.19/0.20	0.199535	402	46
0.19/0.20	0.204669	401	47
0.19/0.21	0.209719	400	49
0.19/0.21	0.214578	398	50
0.19/0.22	0.219399	397	51
0.19/0.22	0.224303	396	52
0.19/0.23	0.229227	395	53
0.19/0.23	0.234029	394	54
0.19/0.24	0.23961	393	58
0.19/0.24	0.244503	392	59
0.19/0.25	0.250301	391	60
0.19/0.25	0.256373	390	65
0.19/0.26	0.261291	389	66
0.19/0.26	0.266631	388	70
0.19/0.27	0.271378	387	71
0.19/0.27	0.277117	386	79
0.19/0.28	0.281899	385	80
0.19/0.28	0.286763	384	82
0.19/0.29	0.291354	383	83
0.19/0.30	0.298313	382	96
0.29/0.30	0.303811	381	101
0.29/0.31	0.311785	380	122
0.29/0.32	0.319515	379	144
0.29/0.32	0.327425	378	170
0.29/0.33	0.333702	377	178
0.29/0.34	0.342256	376	203
0.29/0.37	0.375237	375	406
0.29/0.39	0.388659	374	472
0.29/0.39	0.394198	373	479
0.39/0.40	0.402388	372	502
0.39/0.48	0.485902	370	1126
0.39/0.49	0.49041	369	1127
0.39/0.49	0.495088	368	1129
0.49/0.52	0.518166	367	1283
0.49/0.55	0.554756	366	1628
0.49/0.57	0.57508	365	1749
0.59/0.63	0.629852	364	2217
0.69/0.75	0.75394	363	3237
1.49/1.53	1.53345	362	9875
2.20/2.21	2.21407	361	15745
2.89/2.99	2.99069	360	22119
