1.11/1.15	1.15639	1032	0
1.11/1.20	1.20323	1031	3
1.11/1.25	1.2487	1030	4
1.11/1.29	1.29408	1029	5
1.11/1.34	1.34264	1028	11
1.35/1.39	1.38935	1027	14
1.35/1.43	1.43647	1026	18
1.45/1.48	1.48276	1025	20
1.49/1.53	1.52791	1024	21
1.49/1.57	1.57388	1023	22
1.59/1.62	1.61899	1022	23
1.59/1.66	1.66555	1021	26
1.69/1.71	1.71256	1020	30
1.69/1.76	1.75836	1019	32
1.79/1.80	1.80502	1018	35
1.79/1.85	1.85062	1017	37
1.89/1.90	1.89785	1016	41
1.89/1.94	1.94347	1015	43
1.89/1.99	1.98835	1014	44
1.99/2.03	2.03402	1013	45
1.99/2.08	2.08063	1012	47
2.09/2.12	2.12539	1011	48
2.09/2.17	2.17022	1010	49
2.19/2.21	2.21492	1009	50
2.19/2.26	2.26277	1008	55
2.30/2.30	2.30745	1007	56
2.30/2.35	2.35631	1006	63
2.30/2.40	2.40072	1005	64
2.30/2.44	2.44738	1004	69
2.30/2.49	2.49511	1003	74
2.30/2.54	2.53948	1002	75
2.30/2.58	2.58512	1001	77
2.30/2.63	2.63658	1000	89
2.30/2.68	2.68071	999	90
2.69/2.72	2.7248	998	91
2.69/2.77	2.77222	997	96
2.69/2.81	2.81755	996	98
2.83/2.86	2.86162	995	99
2.89/2.90	2.90664	994	101
2.89/2.95	2.95057	993	102
2.89/2.99	2.99428	992	103
2.99/3.04	3.04449	991	115
2.99/3.09	3.09061	990	118
3.09/3.13	3.13512	989	120
3.09/3.18	3.17861	988	121
3.19/3.22	3.2227	987	123
3.19/3.26	3.2663	986	124
3.29/3.31	3.31258	985	130
3.29/3.35	3.35747	984	133
3.39/3.40	3.40094	983	134
3.39/3.44	3.4449	982	136
3.39/3.49	3.49544	981	150
3.49/3.54	3.53868	980	151
3.49/3.58	3.58553	979	156
3.59/3.63	3.62959	978	159
3.59/3.67	3.67429	977	163
3.69/3.72	3.7194	976	168
3.69/3.76	3.76397	975	171
3.69/3.81	3.81221	974	180
3.69/3.86	3.85771	973	184
3.69/3.90	3.90046	972	185
3.69/3.94	3.94628	971	190
3.69/3.99	3.98897	970	191
3.69/4.03	4.03195	969	192
3.69/4.08	4.07891	968	197
3.69/4.12	4.12269	967	199
3.69/4.17	4.17241	966	212
4.18/4.22	4.21903	965	218
4.18/4.26	4.26716	964	227
4.18/4.31	4.31145	963	231
4.32/4.36	4.35832	962	238
4.39/4.40	4.40329	961	244
4.39/4.45	4.45005	960	251
4.39/4.49	4.49487	959	256
4.49/4.54	4.54559	958	270
4.49/4.59	4.58941	957	272
4.59/4.63	4.63385	956	276
4.59/4.68	4.68363	955	286
4.69/4.73	4.7335	954	300
4.69/4.77	4.776	953	302
4.78/4.82	4.82518	952	316
4.78/4.87	4.87415	951	328
4.88/4.92	4.9177	950	331
4.88/4.96	4.9609	949	335
4.98/5.00	5.00406	948	338
6.39/6.44	6.44522	947	3371
6.49/6.52	6.52646	946	3441
6.59/6.67	6.67388	945	3632
6.69/6.72	6.72036	944	3643
6.69/6.77	6.77042	943	3656
6.69/6.81	6.81639	942	3665
6.69/6.89	6.89203	941	3726
6.69/6.97	6.96997	940	3793
6.69/7.01	7.01165	939	3795
6.69/7.07	7.07255	938	3829
6.69/7.15	7.15358	937	3900
6.69/7.23	7.23349	936	3970
7.39/7.49	7.49619	935	4400
7.49/7.55	7.54764	934	4417
7.69/7.78	7.78064	933	4772
8.09/8.13	8.13408	932	5351
8.19/8.61	8.61562	931	6168
12.29/12.35	12.3563	930	13876
12.39/12.47	12.4708	929	14002
12.69/12.85	12.8475	928	14601
12.69/12.96	12.9609	927	14713
13.59/13.67	13.6722	926	16106
15.39/15.45	15.4469	925	19752
15.81/15.85	15.8552	924	20539
16.39/16.45	16.4536	923	21569
16.49/16.54	16.5421	922	21656
16.59/16.63	16.6314	921	21742
17.83/17.85	17.855	920	24116
18.09/18.15	18.1538	919	24652
18.69/19.14	19.1388	918	26508
19.16/19.36	19.3584	917	26828
19.88/19.95	19.9507	916	27837
23.08/23.10	23.1007	915	33698
27.49/27.85	27.8498	914	42362
27.49/27.94	27.9435	913	42469
30.29/30.39	30.3893	912	47135
31.59/31.68	31.6772	911	49336
33.49/33.58	33.5775	910	52794
999.56/1000.03	1877080
