0.98/1.08	1.08032	1037	0
0.98/1.13	1.12993	1036	1
1.16/1.18	1.17991	1035	2
1.16/1.23	1.23226	1034	6
1.26/1.28	1.28275	1033	8
1.28/1.33	1.33204	1032	9
1.28/1.38	1.38103	1031	10
1.38/1.43	1.4306	1030	12
1.38/1.48	1.48013	1029	14
1.48/1.53	1.52933	1028	15
1.48/1.58	1.57831	1027	16
1.58/1.62	1.62726	1026	17
1.58/1.68	1.67768	1025	19
1.69/1.72	1.72631	1024	20
1.69/1.77	1.7752	1023	21
1.69/1.82	1.8245	1022	23
1.69/1.87	1.87283	1021	24
1.69/1.92	1.92163	1020	26
1.69/1.97	1.97339	1019	32
1.69/2.02	2.02198	1018	33
1.69/2.07	2.07025	1017	34
2.10/2.12	2.1197	1016	37
2.10/2.17	2.16791	1015	38
2.18/2.22	2.21823	1014	41
2.18/2.26	2.26626	1013	42
2.28/2.31	2.31526	1012	44
2.28/2.36	2.36311	1011	45
2.38/2.41	2.41091	1009	46
2.38/2.46	2.45873	1008	47
2.38/2.50	2.50641	1007	48
2.50/2.55	2.55573	1006	51
2.50/2.60	2.60324	1005	52
2.50/2.65	2.65063	1004	53
2.68/2.70	2.69868	1003	54
2.68/2.75	2.74813	1002	58
2.68/2.79	2.79626	1001	60
2.78/2.84	2.84435	1000	62
2.78/2.89	2.89258	999	64
2.88/2.94	2.93979	998	65
2.88/2.98	2.98706	997	66
2.98/3.03	3.03595	996	69
2.98/3.08	3.08277	995	70
2.98/3.13	3.12962	994	71
2.98/3.18	3.1798	993	77
2.98/3.23	3.22753	992	79
2.98/3.27	3.275	991	81
2.98/3.32	3.32505	990	86
2.98/3.37	3.37159	989	87
2.98/3.42	3.41836	988	88
3.45/3.46	3.465	987	89
3.48/3.51	3.51689	986	96
3.48/3.56	3.56327	985	97
3.58/3.61	3.60973	984	98
3.58/3.66	3.65858	983	103
3.68/3.70	3.70553	982	104
3.68/3.75	3.75564	981	110
3.78/3.80	3.80241	980	111
3.78/3.85	3.84979	979	113
3.78/3.90	3.90038	978	120
3.78/3.95	3.95275	977	130
3.94/4.00	4.00271	976	136
3.94/4.05	4.05025	975	138
4.04/4.09	4.09688	974	140
4.08/4.14	4.14349	973	142
4.08/4.19	4.19114	972	144
4.18/4.24	4.24096	971	152
4.18/4.29	4.28799	970	155
4.28/4.33	4.33419	969	156
4.28/4.38	4.38162	968	160
4.28/4.43	4.42777	967	161
4.28/4.47	4.47593	966	165
4.28/4.52	4.52206	965	167
4.28/4.57	4.571	964	172
4.28/4.61	4.61741	963	174
4.28/4.66	4.66333	962	176
4.28/4.71	4.71131	961	180
4.28/4.76	4.76062	960	188
4.78/4.82	4.82194	959	218
4.78/4.87	4.87303	958	231
4.88/4.92	4.92019	957	235
4.88/4.96	4.96703	956	239
4.98/5.01	5.01503	955	244
4.98/5.06	5.06219	954	247
5.08/5.11	5.11042	953	251
5.08/5.17	5.17375	952	273
5.18/5.22	5.22095	951	278
5.18/5.27	5.26844	950	283
5.18/5.31	5.31527	949	286
5.30/5.36	5.36164	948	289
5.30/5.41	5.40785	947	292
5.44/5.45	5.45293	946	294
5.48/5.50	5.49844	945	296
5.48/5.56	5.56268	944	323
5.58/5.61	5.6127	943	332
5.58/5.66	5.66162	942	341
5.68/5.72	5.72635	941	373
5.68/5.77	5.77385	940	379
5.68/5.82	5.82328	939	388
5.68/5.88	5.88536	938	414
5.68/5.93	5.93095	937	417
5.68/5.98	5.98722	936	437
5.68/6.04	6.03953	935	452
6.03/6.08	6.08731	934	459
6.08/6.13	6.13608	933	465
6.18/6.20	6.20407	932	507
6.18/6.25	6.25467	931	518
6.28/6.31	6.3078	930	533
6.28/6.37	6.36825	929	558
6.38/6.43	6.43353	928	593
6.48/6.65	6.65192	927	902
6.60/6.70	6.70422	926	915
6.60/6.75	6.75094	925	919
6.78/6.86	6.86518	924	1038
6.88/6.91	6.91435	923	1047
6.88/7.26	7.25924	922	1665
7.58/7.69	7.68924	921	2458
7.78/7.86	7.86566	920	2734
8.69/8.70	8.70264	919	4480
8.79/8.87	8.87599	918	4717
8.89/8.95	8.95543	917	4786
10.62/10.81	10.8094	916	8470
12.89/12.97	12.969	915	12693
13.59/13.60	13.6071	914	13791
13.79/13.80	13.8015	913	14050
19.99/20.06	20.061	912	25839
26.29/26.52	26.5255	911	38418
37.29/37.33	37.3274	910	60389
999.97/1000.02	2020441
