1.18/1.20	1.19494	1031	0
1.18/1.24	1.24123	1030	1
1.18/1.29	1.28865	1029	4
1.18/1.34	1.33551	1028	6
1.18/1.38	1.38221	1027	7
1.18/1.43	1.42994	1025	11
1.18/1.48	1.4758	1024	12
1.18/1.52	1.52222	1023	14
1.18/1.57	1.56812	1022	15
1.18/1.62	1.61699	1021	18
1.56/1.67	1.66445	1020	21
1.56/1.71	1.7107	1019	23
1.56/1.76	1.75748	1018	26
1.78/1.80	1.80354	1017	27
1.78/1.85	1.8495	1016	28
1.88/1.90	1.89464	1015	29
1.88/1.94	1.94048	1014	30
1.88/1.99	1.98784	1013	32
1.98/2.04	2.03437	1012	33
1.98/2.08	2.08061	1011	35
2.10/2.13	2.12697	1010	37
2.10/2.17	2.17355	1009	39
2.18/2.22	2.21828	1008	40
2.18/2.26	2.26303	1007	41
2.28/2.31	2.30867	1006	42
2.28/2.36	2.35437	1005	44
2.38/2.40	2.40145	1004	48
2.38/2.45	2.44699	1003	49
2.38/2.49	2.49255	1002	52
2.48/2.54	2.53784	1001	53
2.48/2.59	2.58509	1000	57
2.48/2.63	2.63032	998	58
2.62/2.68	2.67556	997	59
2.62/2.72	2.71981	996	60
2.62/2.77	2.76422	995	61
2.62/2.81	2.80991	994	63
2.62/2.86	2.85525	993	66
2.62/2.90	2.89981	992	68
2.62/2.94	2.94399	991	69
2.87/2.99	2.99122	990	72
2.87/3.04	3.03676	989	74
3.06/3.08	3.08119	988	75
3.08/3.13	3.12655	987	76
3.08/3.17	3.17033	986	77
3.18/3.22	3.21475	985	79
3.18/3.26	3.26165	984	86
3.28/3.31	3.3052	983	87
3.28/3.35	3.35157	982	91
3.38/3.40	3.3955	981	92
3.38/3.44	3.43897	980	93
3.38/3.48	3.4824	979	94
3.50/3.53	3.52614	978	95
3.50/3.58	3.57777	977	111
3.58/3.63	3.62426	976	115
3.58/3.67	3.66926	975	118
3.68/3.73	3.72501	974	141
3.68/3.77	3.76929	973	142
3.78/3.81	3.81325	972	143
3.78/3.86	3.8577	971	145
3.89/3.91	3.90584	970	153
3.89/3.95	3.95164	969	157
3.89/4.01	4.0125	968	189
3.89/4.06	4.05595	967	191
3.89/4.11	4.10642	966	203
3.89/4.15	4.15116	965	206
3.89/4.20	4.19524	964	209
4.22/4.24	4.23892	963	212
4.22/4.29	4.28437	962	218
4.22/4.33	4.32755	961	219
4.33/4.38	4.38333	960	241
4.39/4.43	4.42884	959	247
4.49/4.50	4.49647	958	292
4.49/4.54	4.54161	957	295
4.49/4.59	4.58656	956	299
4.59/4.63	4.63159	955	302
4.69/4.71	4.70805	954	364
4.79/4.81	4.80755	953	468
4.79/4.86	4.85407	952	476
4.89/4.94	4.94202	951	555
4.89/4.99	4.98606	950	558
5.09/5.10	5.09437	949	677
5.09/5.14	5.13794	948	680
5.19/5.30	5.30269	947	911
5.19/5.44	5.43769	946	1079
5.19/5.48	5.48342	945	1085
5.61/5.62	5.61838	944	1255
5.64/5.68	5.67511	943	1280
5.69/5.76	5.76122	942	1367
5.79/5.84	5.8352	940	1431
5.99/6.00	5.99453	939	1639
5.99/6.04	6.03922	938	1645
5.99/6.09	6.08432	937	1649
6.29/6.30	6.30369	936	1966
6.29/6.38	6.38131	935	2033
6.39/6.43	6.42569	934	2038
6.39/6.47	6.46939	933	2043
6.49/6.51	6.5115	932	2045
6.49/6.57	6.57156	931	2078
6.49/6.65	6.64606	930	2136
7.89/8.16	8.15457	929	5048
8.69/8.79	8.78857	928	6241
11.69/11.76	11.7585	927	12660
12.19/12.35	12.3508	926	13652
14.35/14.38	14.3784	925	17615
16.38/16.43	16.4293	924	21591
18.98/19.09	19.092	923	27052
19.28/19.31	19.3107	922	27362
20.79/20.84	20.839	921	30369
22.19/22.26	22.2564	920	32875
22.38/22.40	22.3963	919	33062
22.48/22.55	22.5482	918	33261
26.89/26.93	26.9318	917	41790
28.39/28.70	28.6952	915	44893
28.39/28.75	28.7453	914	44911
29.89/30.20	30.2018	913	47831
35.94/36.03	36.0244	912	58980
36.33/36.41	36.4086	911	59593
50.48/50.99	50.987	910	87241
999.94/1000.04	1883928
