0.99/1.09	1.0908	1040	0
1.09/1.13	1.13808	1039	1
1.09/1.18	1.18733	1038	5
1.19/1.23	1.23446	1037	6
1.19/1.28	1.28146	1036	7
1.29/1.33	1.3297	1035	9
1.29/1.37	1.37662	1034	10
1.40/1.42	1.42352	1033	11
1.40/1.47	1.47186	1032	13
1.40/1.52	1.51871	1031	14
1.40/1.56	1.56622	1030	16
1.58/1.61	1.61595	1029	21
1.58/1.66	1.66255	1028	22
1.58/1.71	1.71147	1027	27
1.58/1.76	1.7592	1026	28
1.58/1.80	1.80803	1025	32
1.83/1.85	1.85447	1024	33
1.83/1.90	1.90099	1023	34
1.90/1.94	1.94745	1022	35
1.90/1.99	1.99437	1021	37
2.00/2.04	2.04169	1020	39
2.00/2.09	2.09215	1019	46
2.09/2.14	2.13826	1018	47
2.09/2.18	2.18681	1017	50
2.19/2.23	2.23296	1016	51
2.19/2.28	2.27946	1015	52
2.29/2.32	2.32554	1014	53
2.29/2.37	2.37148	1013	54
2.39/2.42	2.4184	1012	56
2.39/2.46	2.46757	1011	62
2.49/2.51	2.51435	1010	64
2.49/2.56	2.5624	1009	67
2.59/2.61	2.6131	1008	73
2.59/2.66	2.65971	1007	76
2.69/2.70	2.70521	1006	77
2.69/2.75	2.75056	1005	78
2.69/2.79	2.79733	1004	80
2.69/2.84	2.84381	1003	83
2.69/2.89	2.88901	1002	84
2.69/2.93	2.93476	1001	86
2.69/2.98	2.98312	1000	90
2.69/3.03	3.02839	999	91
2.69/3.08	3.0793	998	101
2.69/3.12	3.1278	997	107
2.69/3.17	3.17385	996	110
2.69/3.22	3.21873	995	111
2.69/3.26	3.26387	994	113
3.20/3.31	3.30959	993	116
3.20/3.35	3.35546	992	118
3.38/3.40	3.40168	991	121
3.38/3.44	3.44687	990	123
3.38/3.49	3.49292	989	125
3.48/3.53	3.53732	988	126
3.48/3.58	3.58173	987	127
3.58/3.62	3.6277	986	129
3.58/3.67	3.67203	985	130
3.69/3.71	3.71693	984	132
3.69/3.76	3.76248	983	135
3.79/3.80	3.80649	982	136
3.79/3.85	3.85109	981	138
3.88/3.90	3.89874	980	144
3.88/3.94	3.94296	979	145
3.88/3.99	3.99661	978	162
3.98/4.04	4.04088	977	163
3.98/4.08	4.08563	976	166
4.08/4.13	4.13323	975	171
4.08/4.18	4.17848	974	173
4.18/4.22	4.22733	973	183
4.18/4.27	4.27384	972	187
4.18/4.32	4.32208	971	195
4.18/4.37	4.3704	970	202
4.18/4.42	4.4223	969	215
4.18/4.46	4.46591	968	216
4.18/4.51	4.51224	967	221
4.18/4.55	4.55548	966	222
4.18/4.60	4.60341	965	230
4.64/4.66	4.65967	964	252
4.64/4.70	4.70695	963	260
4.64/4.75	4.75484	962	267
4.79/4.80	4.80449	961	277
4.79/4.85	4.8518	960	283
4.79/4.89	4.89787	959	290
4.89/4.94	4.94182	958	293
4.89/4.99	4.98841	957	299
4.98/5.03	5.03281	956	303
4.98/5.08	5.07879	955	310
5.08/5.13	5.1316	954	323
5.08/5.19	5.18957	953	345
5.18/5.23	5.23579	952	352
5.28/5.30	5.30454	951	395
5.28/5.35	5.35416	950	408
5.28/5.39	5.39675	949	409
5.38/5.45	5.44817	948	425
5.38/5.49	5.49258	947	429
5.48/5.54	5.54006	946	437
5.48/5.58	5.58601	945	443
5.58/5.63	5.63251	944	451
5.58/5.68	5.67887	943	458
5.58/5.72	5.72543	942	465
5.58/5.77	5.77213	941	471
5.58/5.81	5.81591	940	474
5.58/5.86	5.85972	939	477
5.58/5.92	5.92497	938	518
5.58/5.98	5.98378	937	540
5.58/6.05	6.05245	936	581
5.58/6.11	6.10809	935	599
5.58/6.15	6.15454	934	609
5.58/6.19	6.19675	933	611
6.07/6.31	6.30939	932	727
6.32/6.38	6.37877	931	769
6.38/6.45	6.44913	930	816
6.48/6.55	6.55191	929	913
6.58/6.61	6.60835	928	937
6.58/6.67	6.66898	927	971
6.68/6.71	6.71299	926	977
6.78/6.86	6.86696	925	1163
6.88/6.99	6.99323	924	1318
7.19/7.36	7.36057	923	1883
7.19/7.54	7.5463	922	2132
7.19/7.59	7.58892	921	2134
8.39/8.47	8.46844	920	3671
8.59/8.79	8.79383	919	4187
10.09/10.29	10.2886	918	6835
10.64/10.65	10.6564	917	7435
11.29/11.32	11.3181	916	8571
11.49/11.74	11.7454	915	9261
12.38/12.43	12.4285	914	10468
12.58/12.65	12.6481	913	10812
18.89/19.17	19.1724	912	22911
21.79/22.20	22.1992	911	28291
56.19/56.25	56.2485	910	93047
999.97/1000.03	1884424
