1.09/1.14	1.14282	1020	0
1.09/1.19	1.18886	1019	1
1.20/1.24	1.2382	1018	7
1.20/1.28	1.28558	1017	9
1.32/1.33	1.33233	1016	10
1.32/1.38	1.37818	1015	11
1.32/1.42	1.42378	1014	12
1.32/1.47	1.47055	1013	14
1.50/1.51	1.51633	1012	15
1.50/1.56	1.56593	1011	22
1.59/1.61	1.6131	1010	24
1.59/1.66	1.65848	1009	25
1.70/1.70	1.70379	1008	26
1.70/1.75	1.74916	1007	27
1.70/1.79	1.79461	1006	28
1.79/1.84	1.84101	1005	29
1.79/1.88	1.88601	1004	30
1.89/1.93	1.93105	1003	31
1.89/1.97	1.97728	1002	33
1.99/2.02	2.02506	1001	36
1.99/2.07	2.07217	1000	40
2.10/2.12	2.12325	999	50
2.10/2.17	2.16815	998	51
2.19/2.21	2.21366	997	53
2.19/2.26	2.25897	996	55
2.19/2.30	2.30531	995	57
2.30/2.36	2.35882	994	67
2.30/2.40	2.40499	993	69
2.40/2.45	2.45613	992	80
2.49/2.50	2.50195	991	83
2.49/2.55	2.5484	990	85
2.49/2.59	2.59773	989	94
2.60/2.64	2.6431	988	96
2.60/2.69	2.68877	987	99
2.69/2.74	2.74121	986	109
2.69/2.79	2.7894	985	115
2.79/2.83	2.83544	984	117
2.79/2.88	2.88054	983	118
2.90/2.92	2.92741	982	124
2.90/2.97	2.97234	981	125
2.99/3.02	3.02167	980	132
2.99/3.07	3.06989	979	138
3.09/3.11	3.11588	978	141
3.09/3.16	3.16024	977	142
3.19/3.20	3.20738	976	147
3.19/3.25	3.2548	975	153
3.29/3.30	3.30355	974	162
3.29/3.35	3.34879	973	164
3.29/3.39	3.39558	972	171
3.29/3.45	3.4559	971	198
3.29/3.50	3.50164	970	203
3.29/3.54	3.54502	969	204
3.29/3.59	3.59021	968	208
3.29/3.63	3.63337	967	209
3.56/3.67	3.67674	966	210
3.56/3.72	3.72157	965	214
3.75/3.76	3.76564	964	217
3.75/3.81	3.80913	963	219
3.75/3.85	3.85458	962	222
3.75/3.90	3.90028	961	228
3.90/3.95	3.95171	960	242
3.99/4.00	3.99857	959	247
3.99/4.05	4.04722	958	255
3.99/4.09	4.09586	957	265
4.09/4.14	4.13936	956	267
4.09/4.18	4.18347	955	270
4.19/4.23	4.22863	954	274
4.19/4.27	4.27508	953	282
4.29/4.32	4.3227	952	288
4.29/4.37	4.3685	951	293
4.39/4.41	4.4123	950	296
4.39/4.45	4.45515	949	298
4.49/4.50	4.4997	948	301
4.49/4.54	4.54503	947	305
4.49/4.59	4.58855	946	307
4.59/4.63	4.63125	945	309
4.59/4.67	4.67494	944	312
4.69/4.73	4.73298	943	338
4.69/4.78	4.78354	942	353
4.69/4.84	4.84331	941	381
4.84/4.88	4.88527	940	382
4.84/4.93	4.93252	939	390
4.84/4.99	4.98905	938	410
4.84/5.03	5.03206	937	413
4.84/5.08	5.07917	936	423
4.84/5.12	5.12535	935	431
4.84/5.17	5.16901	934	436
5.19/5.21	5.2146	933	444
5.19/5.28	5.27976	932	482
5.29/5.34	5.3392	931	511
5.29/5.40	5.40366	930	551
5.40/5.44	5.44577	929	553
5.49/5.50	5.50582	928	583
5.99/6.01	6.01292	927	1500
5.99/6.17	6.16639	926	1706
5.99/6.25	6.24883	925	1774
5.99/6.35	6.34693	924	1866
5.99/6.39	6.39501	923	1877
6.62/6.68	6.67997	922	2283
7.60/7.99	7.98848	921	4559
8.19/8.27	8.26709	920	4965
8.28/8.39	8.38928	919	5108
10.29/10.34	10.3457	918	9016
10.51/10.80	10.8027	917	9778
11.39/11.43	11.4355	916	11221
13.29/13.38	13.3832	915	14730
14.49/14.58	14.5808	914	16999
15.59/15.67	15.6702	913	18883
16.93/16.94	16.9422	912	21056
17.78/18.15	18.1505	911	23001
19.28/19.35	19.3535	910	25010
999.76/1000.03	1871957
