1.00/1.07	1.07499	1023	0
1.10/1.12	1.12067	1022	1
1.10/1.16	1.16611	1021	2
1.20/1.21	1.21148	1020	3
1.20/1.25	1.25779	1019	5
1.20/1.30	1.30485	1018	8
1.31/1.35	1.35011	1017	9
1.31/1.39	1.39582	1016	11
1.41/1.44	1.44113	1015	12
1.41/1.48	1.48673	1014	13
1.50/1.53	1.53164	1013	14
1.50/1.57	1.57672	1012	15
1.60/1.62	1.62175	1011	16
1.60/1.66	1.66657	1010	17
1.70/1.71	1.71132	1009	18
1.70/1.75	1.75622	1008	19
1.80/1.80	1.80269	1007	22
1.80/1.84	1.84721	1006	23
1.80/1.89	1.89175	1005	24
1.80/1.93	1.93786	1004	27
1.80/1.98	1.98317	1003	28
1.80/2.02	2.02818	1002	29
1.80/2.07	2.07319	1001	31
1.80/2.11	2.11756	1000	32
1.80/2.16	2.16175	999	33
1.80/2.20	2.20758	998	35
2.22/2.25	2.25174	997	36
2.22/2.29	2.29571	996	37
2.30/2.34	2.33978	995	38
2.30/2.38	2.38375	994	39
2.39/2.42	2.42779	993	40
2.39/2.47	2.47218	992	41
2.49/2.51	2.51746	991	44
2.49/2.56	2.56182	990	46
2.59/2.60	2.60738	989	50
2.59/2.65	2.65246	988	52
2.59/2.69	2.69619	987	53
2.71/2.74	2.74075	986	55
2.71/2.78	2.78418	985	56
2.81/2.83	2.82887	984	58
2.81/2.87	2.87225	983	59
2.89/2.91	2.91667	982	61
2.89/2.96	2.96053	981	62
2.99/3.00	3.00717	980	68
2.99/3.05	3.05035	979	69
2.99/3.09	3.09499	978	73
3.09/3.13	3.13812	977	74
3.09/3.18	3.18131	976	75
3.20/3.22	3.22793	975	82
3.20/3.27	3.27082	974	83
3.30/3.31	3.31506	973	86
3.30/3.36	3.36253	972	95
3.30/3.41	3.40873	971	101
3.30/3.45	3.45582	970	106
3.30/3.50	3.49873	969	107
3.30/3.55	3.54928	968	118
3.30/3.59	3.59203	967	119
3.30/3.64	3.64167	966	129
3.30/3.69	3.68942	965	139
3.30/3.73	3.73727	964	148
3.78/3.78	3.78469	963	157
3.78/3.82	3.82809	962	159
3.84/3.87	3.8713	961	162
3.90/3.91	3.91784	960	171
3.90/3.96	3.96813	959	182
3.99/4.01	4.01527	958	190
3.99/4.06	4.06015	957	196
3.99/4.10	4.10464	956	200
4.11/4.14	4.14802	955	204
4.11/4.19	4.19165	954	207
4.21/4.23	4.23595	953	211
4.21/4.28	4.28009	952	214
4.30/4.33	4.33531	951	234
4.30/4.38	4.38059	950	240
4.40/4.42	4.42545	949	245
4.40/4.48	4.48318	948	272
4.49/4.52	4.52663	947	275
4.49/4.57	4.57793	946	288
4.59/4.63	4.63396	945	307
4.59/4.68	4.68628	944	320
4.70/4.73	4.737	943	332
4.70/4.78	4.78142	942	335
4.70/4.82	4.82491	941	339
4.70/4.87	4.86826	940	343
4.70/4.91	4.91682	939	355
4.70/4.97	4.97141	938	374
4.70/5.02	5.02147	937	386
4.70/5.08	5.0813	936	410
4.70/5.12	5.12816	935	418
4.70/5.17	5.17495	934	428
4.70/5.21	5.21712	933	430
4.70/5.26	5.26152	932	437
4.70/5.31	5.30826	931	446
5.34/5.36	5.36768	930	471
5.39/5.44	5.44157	929	509
5.49/5.54	5.54059	928	591
5.49/5.58	5.58362	927	594
5.59/5.62	5.62778	926	601
5.59/5.69	5.69599	925	646
5.81/5.85	5.85034	924	851
5.89/5.90	5.89872	923	859
5.89/5.97	5.96858	922	907
6.09/6.13	6.13352	921	1112
6.19/6.22	6.22773	920	1193
6.30/6.36	6.36669	919	1358
6.30/6.42	6.42479	918	1381
6.30/6.72	6.7208	917	1824
8.99/9.05	9.05183	916	6376
9.19/9.20	9.20109	915	6563
10.50/10.59	10.5902	914	9367
11.39/11.48	11.4824	913	10908
13.09/13.13	13.133	912	13805
22.59/22.71	22.717	911	31242
25.49/25.57	25.5691	910	36597
999.96/1000.03	1891456
