1.13/1.20	1.19901	1026	0
1.13/1.25	1.24947	1025	2
1.13/1.30	1.30096	1024	5
1.33/1.35	1.35159	1023	8
1.39/1.40	1.401	1022	9
1.39/1.45	1.45023	1021	10
1.49/1.50	1.49977	1020	11
1.49/1.55	1.54975	1019	13
1.59/1.60	1.60041	1018	16
1.59/1.65	1.6506	1017	18
1.69/1.70	1.70086	1016	21
1.69/1.75	1.75056	1015	23
1.69/1.80	1.79953	1014	24
1.81/1.85	1.84953	1013	26
1.89/1.90	1.89976	1012	28
1.89/1.95	1.94846	1011	29
1.99/2.00	1.99854	1010	31
1.99/2.05	2.04901	1009	34
2.09/2.10	2.09773	1008	35
2.09/2.15	2.14721	1007	37
2.19/2.20	2.19656	1006	39
2.19/2.25	2.24635	1005	41
2.19/2.30	2.2962	1004	44
2.19/2.35	2.34626	1003	47
2.19/2.39	2.3944	1002	48
2.19/2.44	2.44264	1001	49
2.19/2.49	2.49114	1000	50
2.52/2.54	2.54078	999	53
2.52/2.59	2.59014	998	55
2.61/2.64	2.63874	997	56
2.61/2.69	2.68722	996	58
2.69/2.74	2.73594	995	60
2.69/2.78	2.78483	994	62
2.79/2.83	2.83255	993	63
2.79/2.88	2.88522	992	72
2.89/2.94	2.9367	991	79
2.89/2.98	2.98483	990	80
2.89/3.03	3.03224	989	81
2.89/3.08	3.08053	988	83
2.89/3.13	3.12842	987	84
3.17/3.18	3.17721	986	87
3.19/3.23	3.22785	985	93
3.19/3.27	3.27505	984	94
3.29/3.32	3.32245	983	95
3.29/3.37	3.36953	982	96
3.39/3.42	3.4197	981	101
3.39/3.47	3.46717	980	103
3.49/3.51	3.51402	979	104
3.49/3.56	3.56076	978	105
3.59/3.61	3.60757	977	106
3.59/3.65	3.65481	976	107
3.59/3.70	3.70319	975	109
3.59/3.75	3.74988	974	110
3.59/3.80	3.80102	973	118
3.59/3.85	3.84772	972	119
3.86/3.90	3.89953	971	128
3.86/3.95	3.94705	970	130
3.95/3.99	3.99527	969	133
3.99/4.04	4.0431	968	136
3.99/4.09	4.08938	967	137
4.09/4.14	4.13746	966	139
4.09/4.19	4.19181	965	151
4.09/4.24	4.23986	964	154
4.09/4.29	4.28613	963	155
4.09/4.33	4.33301	962	157
4.36/4.38	4.37887	961	158
4.39/4.42	4.42499	960	159
4.39/4.47	4.47196	959	161
4.49/4.52	4.51886	958	163
4.49/4.57	4.5727	957	175
4.59/4.62	4.62294	956	181
4.59/4.67	4.67102	955	185
4.69/4.72	4.71974	954	190
4.69/4.77	4.76745	953	193
4.79/4.82	4.81648	952	200
4.79/4.87	4.86622	951	207
4.89/4.91	4.91386	950	210
4.89/4.96	4.96128	949	215
4.89/5.01	5.01029	948	222
4.89/5.06	5.05764	947	227
4.89/5.10	5.10341	946	228
4.89/5.15	5.14963	945	230
5.08/5.21	5.21415	944	259
5.25/5.26	5.26528	943	269
5.29/5.33	5.33044	942	302
5.29/5.39	5.39239	941	329
5.29/5.45	5.45107	940	353
5.29/5.50	5.50475	939	368
5.29/5.56	5.55668	938	377
5.59/5.62	5.62266	937	410
5.59/5.69	5.69137	936	453
5.69/5.76	5.76033	935	493
5.79/5.84	5.84318	934	562
5.89/5.90	5.90014	933	584
5.89/5.99	5.98672	932	660
5.99/6.03	6.03327	931	664
5.99/6.09	6.086	930	674
6.09/6.14	6.1397	929	689
6.19/6.20	6.19704	928	710
6.19/6.26	6.25767	927	740
6.19/6.34	6.33778	926	799
6.19/6.39	6.39233	925	810
6.19/6.55	6.55412	924	1006
6.19/6.74	6.7451	923	1263
6.39/6.80	6.80294	922	1289
7.09/7.19	7.18939	921	1902
7.69/8.07	8.06633	920	3509
8.16/8.18	8.1764	919	3612
9.09/9.12	9.12414	918	5309
10.49/10.56	10.5607	917	7829
17.89/18.12	18.1246	916	23258
20.78/21.12	21.1233	915	28999
22.28/22.88	22.8758	914	32427
24.59/24.66	24.6589	913	36169
28.71/28.79	28.7925	912	43933
31.19/31.31	31.3084	911	48392
48.94/49.02	49.0193	910	81064
999.96/1000.03	1862260
