1.00/1.08	1.08077	1022	0
1.10/1.12	1.12617	1021	1
1.10/1.17	1.17118	1020	2
1.19/1.21	1.21678	1019	3
1.19/1.26	1.26181	1018	4
1.29/1.30	1.30706	1017	5
1.29/1.35	1.35192	1016	6
1.29/1.39	1.39737	1015	7
1.39/1.44	1.44423	1014	11
1.39/1.49	1.489	1013	12
1.49/1.53	1.5341	1012	13
1.49/1.58	1.57985	1011	16
1.60/1.62	1.62563	1010	18
1.60/1.67	1.67244	1009	22
1.69/1.71	1.71707	1008	23
1.69/1.76	1.76322	1007	27
1.79/1.81	1.81054	1006	32
1.79/1.85	1.85731	1005	36
1.89/1.90	1.90229	1004	37
1.89/1.94	1.94782	1003	40
1.89/1.99	1.99215	1002	41
1.99/2.03	2.03666	1001	42
1.99/2.08	2.0809	1000	43
1.99/2.12	2.12611	999	45
2.12/2.17	2.16991	998	46
2.12/2.21	2.21425	997	48
2.23/2.26	2.25904	996	50
2.29/2.30	2.30415	995	52
2.29/2.34	2.34809	994	53
2.29/2.39	2.39281	993	55
2.39/2.44	2.44067	992	64
2.39/2.48	2.48421	991	65
2.49/2.53	2.52816	990	66
2.49/2.57	2.57179	989	67
2.59/2.62	2.61907	988	75
2.59/2.66	2.66498	987	80
2.69/2.71	2.71003	986	84
2.69/2.76	2.75899	985	93
2.79/2.80	2.80211	984	94
2.79/2.84	2.84523	983	95
2.79/2.89	2.89055	982	98
2.89/2.93	2.93545	981	101
2.89/2.98	2.9783	980	102
2.99/3.02	3.02146	979	103
2.99/3.06	3.06485	978	105
3.09/3.10	3.10765	977	106
3.09/3.15	3.15039	976	107
3.09/3.19	3.19312	975	108
3.09/3.23	3.23797	974	112
3.09/3.28	3.28514	973	118
3.09/3.33	3.33386	972	125
3.09/3.38	3.38411	971	138
3.09/3.43	3.42897	970	142
3.09/3.47	3.4717	969	143
3.49/3.51	3.51464	968	145
3.49/3.56	3.55945	967	149
3.49/3.60	3.60315	966	151
3.60/3.64	3.64702	965	154
3.60/3.69	3.6892	964	155
3.69/3.73	3.73324	963	159
3.69/3.77	3.77556	962	160
3.79/3.82	3.82328	961	170
3.79/3.87	3.87304	960	184
3.89/3.91	3.91579	959	185
3.89/3.96	3.95883	958	188
3.99/4.00	4.00098	957	189
3.99/4.04	4.04318	956	190
3.99/4.08	4.08645	955	192
4.09/4.13	4.12981	954	195
4.09/4.17	4.17295	953	198
4.19/4.21	4.21538	952	200
4.19/4.26	4.26061	951	207
4.29/4.30	4.30559	950	214
4.29/4.35	4.35218	949	222
4.39/4.40	4.40587	948	238
4.39/4.45	4.45304	947	247
4.39/4.49	4.49626	946	249
4.49/4.54	4.53876	945	251
4.49/4.58	4.58225	944	254
4.49/4.63	4.63567	943	273
4.49/4.68	4.68446	942	284
4.49/4.73	4.73795	941	304
4.49/4.80	4.79822	940	332
4.49/4.84	4.84754	939	344
4.88/4.90	4.89963	938	361
4.88/4.94	4.94101	937	363
5.09/5.10	5.10593	936	581
5.09/5.16	5.16021	935	601
5.19/5.23	5.23254	934	655
5.39/5.40	5.39841	933	874
5.58/5.65	5.65357	932	1251
5.68/5.78	5.78049	931	1407
5.78/5.84	5.8383	930	1429
6.44/6.48	6.48203	929	2506
6.58/6.60	6.60747	928	2657
6.58/6.66	6.66562	927	2677
6.68/6.77	6.77147	926	2798
7.08/7.11	7.11562	925	3365
7.18/7.24	7.2456	924	3529
7.28/7.50	7.50045	923	3914
8.19/8.25	8.25048	922	5198
8.39/8.46	8.46165	921	5520
8.49/8.51	8.51485	920	5536
8.79/8.91	8.91299	919	6200
8.79/8.97	8.97142	918	6224
9.27/9.40	9.40193	917	6936
10.29/10.49	10.4956	916	8928
10.29/10.63	10.6371	915	9110
10.29/10.68	10.6785	914	9113
11.79/12.05	12.0529	913	11586
11.79/12.12	12.1276	912	11649
13.19/13.46	13.4626	911	14067
15.59/15.62	15.6181	910	18017
999.97/1000.02	1903512
