0.79/1.07	1.07671	1023	0
0.79/1.12	1.12293	1022	1
0.79/1.17	1.17407	1021	9
1.21/1.22	1.21941	1020	10
1.21/1.26	1.26682	1019	12
1.29/1.31	1.31243	1018	13
1.29/1.35	1.35742	1017	14
1.29/1.40	1.40466	1016	18
1.29/1.45	1.45189	1015	22
1.45/1.49	1.49769	1014	24
1.45/1.54	1.54543	1013	30
1.55/1.59	1.59192	1012	34
1.59/1.63	1.63779	1011	36
1.59/1.68	1.68239	1010	37
1.69/1.72	1.72766	1009	39
1.69/1.77	1.77273	1008	40
1.79/1.81	1.81755	1007	41
1.79/1.86	1.8619	1006	42
1.89/1.91	1.90918	1005	48
1.89/1.95	1.95518	1004	51
1.99/2.00	2.00215	1003	55
1.99/2.04	2.04696	1002	56
1.99/2.09	2.0915	1001	57
2.09/2.13	2.13656	1000	58
2.09/2.18	2.18149	999	60
2.19/2.22	2.22588	998	61
2.19/2.27	2.27032	997	62
2.29/2.31	2.31462	996	63
2.29/2.36	2.36011	995	65
2.39/2.40	2.40565	994	68
2.39/2.45	2.45272	993	74
2.39/2.49	2.49692	992	75
2.39/2.54	2.54413	991	81
2.39/2.59	2.58868	990	83
2.39/2.63	2.6333	989	84
2.39/2.68	2.67891	988	88
2.39/2.72	2.72331	987	90
2.39/2.76	2.76716	986	91
2.39/2.81	2.81091	985	92
2.39/2.85	2.85579	984	95
2.39/2.90	2.90053	983	97
2.39/2.94	2.94398	982	98
2.86/2.99	2.98852	981	101
2.86/3.03	3.0368	980	109
2.86/3.08	3.08141	979	112
3.09/3.12	3.12549	978	113
3.09/3.17	3.16983	977	115
3.19/3.21	3.21537	976	120
3.19/3.26	3.26012	975	123
3.29/3.30	3.30376	974	125
3.29/3.35	3.3503	973	132
3.29/3.39	3.39329	972	133
3.39/3.43	3.43734	971	135
3.39/3.48	3.48077	970	137
3.49/3.52	3.52742	969	143
3.49/3.57	3.57038	968	144
3.59/3.62	3.61994	967	152
3.59/3.66	3.66669	966	157
3.69/3.71	3.71408	965	164
3.69/3.76	3.7604	964	171
3.79/3.80	3.80422	963	174
3.79/3.85	3.84909	962	179
3.79/3.89	3.89318	961	182
3.89/3.94	3.93961	960	189
3.89/3.98	3.9873	959	198
3.89/4.03	4.03058	958	200
3.89/4.08	4.07836	957	211
3.89/4.12	4.12382	956	216
3.89/4.17	4.16845	955	219
3.89/4.22	4.22132	954	237
3.89/4.26	4.26741	953	243
3.89/4.31	4.31196	952	247
3.89/4.37	4.3772	951	283
3.89/4.44	4.44384	950	329
4.32/4.54	4.53978	949	432
4.59/4.62	4.627	948	508
4.59/4.67	4.67304	947	515
4.68/4.71	4.71589	946	517
4.78/4.89	4.89658	945	749
4.88/4.94	4.94678	944	764
4.88/4.99	4.99446	943	777
4.98/5.04	5.04779	942	796
5.28/5.32	5.32379	941	1212
5.38/5.56	5.55944	940	1569
5.38/5.62	5.61871	939	1596
5.38/5.91	5.91723	938	2068
6.03/6.04	6.04785	937	2220
6.39/6.45	6.45407	936	3046
6.59/6.63	6.63248	935	3281
6.79/6.87	6.8697	934	3666
6.89/6.91	6.91777	933	3677
6.99/7.18	7.17807	932	4083
6.99/7.42	7.42302	931	4430
6.99/7.53	7.52865	930	4535
8.19/8.21	8.21668	929	5717
8.39/8.72	8.7219	928	6602
9.29/9.32	9.3263	927	7641
9.99/10.11	10.1089	926	9194
10.79/10.85	10.8534	925	10608
10.99/11.00	11.0005	924	10839
11.19/11.23	11.2362	923	11253
11.59/11.73	11.7286	922	12163
12.19/12.25	12.2553	921	13049
12.89/12.95	12.9552	920	14262
13.89/13.95	13.9501	919	16013
14.09/14.11	14.1166	918	16223
14.49/14.63	14.6362	917	17094
16.41/16.61	16.6173	916	20383
17.38/17.43	17.4299	915	21790
17.38/17.53	17.5284	914	21893
20.54/20.61	20.6091	913	27545
25.34/25.37	25.3685	912	36399
29.09/29.69	29.695	911	44085
31.59/31.62	31.626	910	47489
999.92/1000.03	1886422
