0.90/1.11	1.10945	1024	0
0.90/1.15	1.15637	1023	2
0.90/1.20	1.202	1022	3
0.90/1.25	1.24864	1021	5
0.90/1.29	1.29537	1020	7
1.31/1.34	1.34088	1019	8
1.31/1.38	1.38625	1018	9
1.40/1.43	1.43416	1017	14
1.40/1.48	1.48028	1016	16
1.50/1.52	1.52599	1015	17
1.50/1.57	1.57312	1014	21
1.60/1.62	1.62388	1013	32
1.60/1.67	1.66893	1012	33
1.69/1.71	1.71484	1011	35
1.69/1.76	1.76162	1010	38
1.79/1.80	1.8065	1009	39
1.79/1.85	1.8519	1008	41
1.79/1.89	1.89681	1007	42
1.89/1.94	1.94155	1006	43
1.89/1.98	1.9867	1005	44
1.99/2.03	2.03239	1004	45
1.99/2.08	2.07907	1003	50
2.09/2.12	2.12612	1002	53
2.09/2.17	2.17356	1001	58
2.19/2.22	2.21813	1000	59
2.19/2.26	2.26269	999	60
2.29/2.30	2.30758	998	62
2.29/2.35	2.35229	997	64
2.29/2.40	2.40011	996	70
2.29/2.44	2.44442	995	71
2.29/2.49	2.49242	994	75
2.29/2.53	2.53738	993	76
2.29/2.58	2.58164	992	77
2.29/2.62	2.6255	991	78
2.29/2.67	2.67384	990	87
2.71/2.71	2.71762	989	88
2.71/2.76	2.76138	988	89
2.71/2.80	2.80719	987	92
2.71/2.85	2.85139	986	94
2.86/2.89	2.8955	985	96
2.89/2.94	2.94033	984	98
2.89/2.98	2.98474	983	100
2.99/3.03	3.02907	982	101
2.99/3.07	3.07307	981	103
3.09/3.11	3.11641	980	104
3.09/3.16	3.16234	979	109
3.19/3.20	3.20672	978	111
3.19/3.25	3.25104	977	114
3.19/3.29	3.29421	976	115
3.29/3.33	3.33728	975	116
3.29/3.38	3.38273	974	120
3.39/3.43	3.42879	973	125
3.39/3.47	3.47172	972	126
3.49/3.51	3.51706	971	129
3.49/3.56	3.56148	970	131
3.59/3.60	3.60504	969	133
3.59/3.65	3.65572	968	145
3.69/3.71	3.71076	967	168
3.69/3.75	3.75538	966	172
3.69/3.80	3.80169	965	180
3.69/3.85	3.85105	964	192
3.69/3.90	3.89968	963	200
3.69/3.94	3.94588	962	204
3.69/3.99	3.99128	961	210
3.69/4.03	4.03639	960	214
3.69/4.08	4.0793	959	215
3.69/4.13	4.12923	958	227
3.69/4.17	4.17585	957	233
3.69/4.22	4.22168	956	238
4.24/4.26	4.26613	955	242
4.24/4.31	4.30819	954	243
4.24/4.35	4.35268	953	246
4.39/4.40	4.40021	952	253
4.39/4.44	4.44269	951	255
4.39/4.49	4.49142	950	264
4.49/4.54	4.5445	949	283
4.49/4.59	4.59342	948	294
4.59/4.64	4.64584	947	307
4.69/4.70	4.70082	946	331
4.69/4.74	4.74312	945	333
4.79/4.80	4.80502	944	370
4.79/4.87	4.8707	943	408
4.89/4.94	4.94168	942	457
4.89/4.99	4.99331	941	476
4.99/5.04	5.0433	940	489
4.99/5.08	5.08644	939	492
5.09/5.17	5.17789	938	570
5.19/5.22	5.22622	937	585
5.19/5.27	5.26864	936	588
5.19/5.31	5.31236	935	593
5.19/5.35	5.35424	934	595
5.19/5.40	5.39914	933	602
5.19/5.44	5.44572	932	612
5.19/5.48	5.4873	931	614
5.19/5.53	5.52957	930	616
5.19/5.62	5.61924	929	701
5.19/5.68	5.68103	928	738
5.69/5.79	5.79419	927	874
5.83/5.87	5.86924	926	922
5.89/5.94	5.94635	925	990
5.99/6.07	6.07681	924	1145
6.69/7.21	7.21693	923	3548
7.39/7.44	7.44452	922	3889
7.48/7.50	7.50479	921	3924
7.48/7.58	7.58103	920	3987
7.98/8.06	8.06787	919	4790
8.18/8.20	8.20574	918	4964
8.89/8.91	8.91207	917	6144
9.68/9.79	9.79684	916	7687
10.88/10.98	10.9817	915	9807
11.08/11.10	11.1027	914	9935
13.59/13.67	13.6713	913	14564
14.09/14.54	14.5397	912	16140
17.69/17.74	17.7449	911	22660
26.28/26.32	26.322	910	39426
999.96/1000.03	1866848
