2.26/2.39	2.35906	353	0
2.26/2.39	2.35979	352	1
2.26/2.39	2.36073	350	2
2.26/2.39	2.36187	349	5
2.26/2.39	2.36301	348	8
2.26/2.39	2.36372	347	9
2.26/2.39	2.36486	346	12
2.26/2.39	2.36559	345	13
2.26/2.39	2.36673	344	16
2.26/2.40	2.36749	343	17
2.26/2.40	2.36807	342	18
2.26/2.40	2.36869	341	19
2.26/2.40	2.36928	340	20
2.26/2.40	2.3711	339	25
2.26/2.40	2.37176	338	26
2.26/2.40	2.37279	337	28
2.26/2.40	2.37343	336	29
2.26/2.40	2.374	335	30
2.26/2.40	2.37472	334	31
2.26/2.40	2.37542	333	32
2.26/2.40	2.37702	332	36
2.26/2.41	2.37874	331	41
2.26/2.41	2.38	330	44
2.37/2.41	2.38268	329	52
2.37/2.41	2.38363	328	54
2.37/2.41	2.38456	327	56
2.37/2.41	2.38599	326	60
2.37/2.41	2.38709	325	62
2.37/2.42	2.38767	324	63
2.37/2.42	2.38919	323	67
2.37/2.42	2.39052	322	70
2.37/2.42	2.39406	321	81
2.37/2.42	2.39606	320	87
2.37/2.43	2.39881	319	95
2.37/2.43	2.39999	318	98
2.37/2.43	2.40202	317	104
2.37/2.43	2.40307	316	107
2.37/2.43	2.40435	315	110
2.37/2.43	2.40636	314	115
2.37/2.44	2.40884	313	122
2.37/2.44	2.41041	312	126
2.37/2.44	2.41217	311	131
2.37/2.44	2.41492	310	139
2.37/2.44	2.41732	309	145
2.37/2.45	2.41862	308	148
2.37/2.45	2.42322	307	163
2.37/2.45	2.42626	306	172
2.37/2.46	2.42859	305	176
2.37/2.46	2.43414	304	192
2.37/2.47	2.43762	303	202
2.37/2.47	2.44059	302	210
2.37/2.48	2.45253	301	250
2.37/2.48	2.45652	300	262
2.37/2.49	2.45888	299	268
2.37/2.49	2.46159	298	274
2.37/2.49	2.46427	297	281
2.37/2.50	2.4676	296	290
2.37/2.50	2.47227	295	303
2.37/2.50	2.47704	294	316
2.37/2.51	2.48034	293	324
2.37/2.51	2.48137	292	326
2.37/2.52	2.48971	291	350
2.37/2.56	2.53231	290	482
2.37/2.58	2.55305	289	546
2.37/2.58	2.55445	288	549
2.37/2.60	2.56893	287	590
2.37/2.63	2.60694	286	704
2.37/2.64	2.61168	285	717
2.37/2.64	2.61636	284	730
2.37/2.65	2.62148	283	743
2.37/2.77	2.73946	282	1121
2.37/2.79	2.76097	281	1191
2.77/2.83	2.80574	280	1331
2.77/2.89	2.85985	279	1493
3.46/3.56	3.53638	278	3925
3.56/3.67	3.6473	277	4329
3.76/3.98	3.95579	276	5424
4.36/4.40	4.3717	275	6935
4.36/4.46	4.42861	274	7136
5.86/5.92	5.88925	273	12428
6.26/6.34	6.3079	272	13968
7.36/7.42	7.39694	271	17907
7.66/7.72	7.6942	270	18990
7.76/7.83	7.8027	269	19382
8.16/8.33	8.30125	268	21169
8.16/8.34	8.31408	267	21213
8.86/8.98	8.94798	266	23494
9.16/9.21	9.17731	265	24325
9.72/9.89	9.86263	264	26760
10.16/10.21	10.1855	263	27908
11.06/11.37	11.3397	262	31967
12.56/12.83	12.8035	261	37253
14.06/14.35	14.3176	260	42634
15.36/15.45	15.426	259	46592
15.67/15.89	15.859	258	48148
21.06/21.16	21.1295	257	66063
21.16/21.21	21.1859	256	66259
21.16/21.29	21.2631	255	66512
24.46/24.72	24.6912	254	78009
24.98/25.11	25.0849	253	79327
25.66/25.79	25.7578	252	81580
25.96/26.40	26.3702	251	83649
28.86/28.93	28.901	250	91948
35.46/35.57	35.5414	249	113662
37.06/37.19	37.157	248	119060
37.66/37.75	37.7233	247	120937
42.06/42.14	42.1107	246	134685
55.56/55.69	55.6611	245	178533
56.20/56.31	56.2855	244	180521
56.66/56.73	56.7002	243	181856
256.06/256.46	256.429	242	787601
260.35/260.40	260.367	241	799678
769.22/769.40	769.337	240	2317320
999.92/1000.07	2993704
