2.29/2.46	2.459	351	0
2.29/2.46	2.45986	350	1
2.29/2.46	2.46046	349	2
2.29/2.46	2.46104	348	3
2.29/2.46	2.46165	347	4
2.29/2.46	2.4625	346	6
2.29/2.46	2.46325	345	7
2.29/2.46	2.46387	344	8
2.29/2.46	2.46487	343	10
2.29/2.46	2.46573	342	11
2.29/2.46	2.46632	341	12
2.29/2.47	2.46725	340	14
2.29/2.47	2.46792	339	15
2.29/2.47	2.46848	338	16
2.29/2.47	2.47027	337	21
2.29/2.47	2.47085	336	22
2.29/2.47	2.47163	335	23
2.29/2.47	2.47278	334	26
2.29/2.47	2.47368	333	28
2.29/2.47	2.47523	332	32
2.29/2.47	2.47646	331	35
2.29/2.48	2.47762	330	38
2.29/2.48	2.47849	329	40
2.29/2.48	2.47937	328	42
2.29/2.48	2.48054	327	45
2.29/2.48	2.48142	326	47
2.29/2.48	2.48267	325	50
2.29/2.48	2.48414	324	53
2.29/2.48	2.48564	323	57
2.29/2.49	2.48832	322	65
2.29/2.49	2.4904	321	71
2.29/2.49	2.49199	320	75
2.29/2.49	2.49321	319	78
2.29/2.49	2.495	318	83
2.29/2.50	2.49699	317	89
2.29/2.50	2.49758	316	90
2.29/2.50	2.49892	315	93
2.29/2.50	2.50038	314	97
2.29/2.50	2.50227	313	102
2.29/2.50	2.50418	312	107
2.29/2.51	2.50733	311	117
2.29/2.51	2.50982	310	125
2.29/2.51	2.51347	309	136
2.29/2.51	2.51442	308	138
2.29/2.52	2.51735	307	146
2.29/2.52	2.51842	306	148
2.29/2.52	2.52004	305	152
2.29/2.53	2.52723	304	176
2.29/2.54	2.5464	303	239
2.29/2.55	2.5475	302	241
2.29/2.55	2.54844	301	243
2.29/2.57	2.57424	300	337
2.29/2.58	2.5813	299	363
2.29/2.59	2.58892	298	389
2.29/2.60	2.60279	297	436
2.29/2.63	2.6349	296	541
2.29/2.64	2.6438	295	569
2.29/2.64	2.64562	294	573
2.29/2.65	2.64807	293	578
2.29/2.65	2.65034	292	583
2.29/2.66	2.66408	291	623
2.29/2.74	2.74604	290	900
2.29/2.77	2.76803	289	977
2.29/2.78	2.78414	288	1032
2.73/2.84	2.8428	287	1234
2.73/2.86	2.86289	286	1299
2.73/2.89	2.89376	285	1404
2.73/2.90	2.90198	284	1430
2.90/2.95	2.95508	283	1601
3.19/3.22	3.22002	282	2504
3.59/3.64	3.6464	281	3944
3.59/3.69	3.69573	280	4108
3.69/3.71	3.71199	279	4157
3.69/3.71	3.71429	278	4161
3.80/3.86	3.86147	277	4638
3.80/3.97	3.96936	276	4972
3.80/4.00	4.00354	275	5073
3.80/4.16	4.1616	274	5624
4.20/4.21	4.21526	273	5798
4.38/4.45	4.45234	272	6661
5.65/5.74	5.74664	271	11871
6.28/6.36	6.358	270	14152
6.38/6.41	6.41008	269	14335
6.58/6.68	6.68474	268	15330
6.58/6.70	6.70557	267	15391
6.58/6.97	6.97362	266	16326
6.58/7.07	7.06981	265	16665
7.89/7.96	7.96467	264	19849
7.99/8.07	8.07554	263	20235
8.09/8.27	8.26723	262	20898
8.09/8.57	8.57022	261	21920
12.58/12.95	12.9522	260	37256
13.99/14.29	14.2963	259	41804
13.99/14.35	14.351	258	41978
14.52/14.70	14.6973	257	43138
14.52/14.74	14.7395	256	43278
15.60/15.63	15.6339	255	46216
15.60/15.75	15.7545	254	46592
15.60/15.98	15.981	253	47319
18.09/18.11	18.1085	252	54429
21.98/22.06	22.057	251	67838
22.59/22.64	22.6444	250	69849
22.89/23.33	23.334	249	72193
31.29/31.33	31.3294	248	98807
31.39/31.40	31.401	247	99047
33.19/33.28	33.2816	246	105070
36.09/36.17	36.1739	245	114502
54.19/54.34	54.3363	244	173381
54.41/54.51	54.5065	243	173938
139.18/139.73	139.724	242	441123
155.68/156.04	156.039	241	492261
158.39/158.42	158.419	240	499992
999.94/1000.04	2996529
