2.29/2.39	2.39357	355	0
2.29/2.39	2.39455	354	2
2.29/2.39	2.39544	353	4
2.29/2.39	2.39612	352	5
2.29/2.39	2.39672	351	6
2.39/2.40	2.39865	350	12
2.39/2.40	2.39928	349	13
2.39/2.40	2.39987	348	14
2.39/2.40	2.4005	347	15
2.39/2.40	2.40189	346	18
2.39/2.40	2.4026	345	19
2.39/2.40	2.40324	344	20
2.39/2.40	2.40543	343	27
2.39/2.40	2.40606	342	28
2.39/2.40	2.40705	341	30
2.39/2.41	2.40776	340	31
2.39/2.41	2.40843	339	32
2.39/2.41	2.40911	338	33
2.39/2.41	2.41023	337	36
2.39/2.41	2.41143	336	39
2.39/2.41	2.41238	335	41
2.39/2.41	2.4144	334	47
2.39/2.41	2.41581	333	51
2.39/2.42	2.41764	332	56
2.39/2.42	2.41835	331	57
2.39/2.42	2.41949	330	60
2.39/2.42	2.42041	329	62
2.39/2.42	2.42112	328	63
2.39/2.42	2.4222	327	65
2.39/2.42	2.42341	326	68
2.39/2.42	2.42483	325	72
2.39/2.42	2.42576	324	74
2.39/2.43	2.4278	323	80
2.39/2.43	2.42867	322	82
2.39/2.43	2.43042	321	87
2.39/2.43	2.43392	320	95
2.39/2.43	2.43552	319	99
2.39/2.44	2.44215	318	120
2.39/2.44	2.44285	317	121
2.39/2.44	2.44383	316	123
2.39/2.44	2.44489	315	125
2.39/2.44	2.44673	314	130
2.39/2.45	2.44947	313	138
2.39/2.45	2.45418	312	153
2.39/2.45	2.45589	311	157
2.39/2.46	2.46025	310	170
2.39/2.46	2.46391	309	182
2.39/2.46	2.46668	308	189
2.39/2.47	2.46963	307	197
2.39/2.47	2.47308	306	206
2.39/2.47	2.47447	305	209
2.39/2.47	2.47645	304	213
2.39/2.48	2.48283	303	233
2.39/2.49	2.49538	302	272
2.49/2.50	2.50138	301	290
2.49/2.50	2.50657	300	304
2.49/2.51	2.51322	299	324
2.49/2.52	2.51848	298	339
2.49/2.52	2.52353	297	353
2.49/2.53	2.53575	296	389
2.49/2.54	2.53873	295	397
2.49/2.54	2.54434	294	412
2.49/2.54	2.54563	293	415
2.49/2.55	2.54729	292	419
2.49/2.55	2.54917	291	423
2.49/2.55	2.55288	290	434
2.49/2.55	2.55516	289	440
2.49/2.55	2.55634	288	443
2.49/2.56	2.55985	287	453
2.49/2.56	2.56258	286	460
2.60/2.63	2.63084	285	672
2.60/2.69	2.69026	284	876
2.60/2.70	2.69939	283	905
2.70/2.78	2.78539	282	1189
2.70/2.93	2.92895	281	1674
2.70/2.97	2.96984	280	1805
2.70/3.08	3.08152	279	2169
3.28/3.33	3.33149	278	3072
3.28/3.39	3.39553	277	3294
3.68/3.78	3.78593	276	4655
3.78/3.84	3.83896	275	4843
4.68/4.76	4.76468	274	8485
4.98/5.05	5.05214	273	9534
5.64/5.79	5.78941	272	12182
5.64/5.91	5.91283	271	12610
6.01/6.09	6.09501	270	13234
6.01/6.11	6.11044	269	13284
6.39/6.44	6.44342	268	14390
6.49/6.56	6.56541	267	14796
6.59/6.68	6.6851	266	15204
6.69/6.71	6.71685	265	15313
6.89/6.94	6.94645	264	16085
7.01/7.26	7.26143	263	17148
8.19/8.28	8.27796	262	20605
12.19/12.26	12.2655	261	34656
12.59/12.68	12.6782	260	36115
13.79/13.84	13.8455	259	40096
16.69/16.73	16.736	258	50009
17.77/17.81	17.8153	257	53901
18.69/18.80	18.7983	256	57468
19.59/19.67	19.675	255	60388
20.73/20.81	20.8102	254	64340
21.09/21.12	21.1252	253	65412
26.19/26.65	26.6553	252	83326
29.89/29.98	29.9849	251	94461
30.09/30.14	30.1364	250	94949
30.19/30.27	30.2746	249	95397
31.99/32.50	32.5013	248	102612
32.61/32.62	32.6166	247	102985
32.69/32.74	32.7401	246	103372
41.44/41.46	41.4562	245	130616
42.88/43.07	43.0755	244	135652
43.29/43.34	43.3432	243	136491
51.28/51.51	51.5069	242	162487
131.38/131.88	131.877	241	399003
132.48/132.50	132.495	240	400888
772.64/772.82	772.791	239	2208973
999.95/1000.04	2855605
