2.39/2.41	2.41261	351	0
2.39/2.41	2.41337	350	1
2.39/2.41	2.41398	349	2
2.39/2.41	2.41458	348	3
2.39/2.41	2.41515	347	4
2.39/2.41	2.41577	346	5
2.39/2.41	2.4167	345	7
2.39/2.41	2.41733	344	8
2.39/2.41	2.41801	343	9
2.39/2.42	2.41862	342	10
2.39/2.42	2.41941	341	11
2.39/2.42	2.42033	340	13
2.39/2.42	2.42131	339	15
2.39/2.42	2.42209	338	16
2.39/2.42	2.4227	337	17
2.39/2.42	2.42372	336	19
2.39/2.42	2.42524	335	22
2.39/2.42	2.42597	334	23
2.39/2.42	2.427	333	25
2.39/2.42	2.42796	332	27
2.39/2.43	2.42923	331	30
2.39/2.43	2.43047	330	33
2.39/2.43	2.43169	329	36
2.39/2.43	2.43261	328	38
2.39/2.43	2.43355	327	40
2.39/2.43	2.43464	326	42
2.39/2.43	2.43566	325	44
2.39/2.43	2.43754	324	49
2.39/2.44	2.44038	323	57
2.39/2.44	2.44494	322	71
2.39/2.44	2.44607	321	73
2.39/2.44	2.44807	320	79
2.39/2.45	2.45004	319	84
2.39/2.45	2.4507	318	85
2.39/2.45	2.45182	317	87
2.39/2.45	2.45301	316	90
2.39/2.45	2.45455	315	93
2.39/2.46	2.46005	313	105
2.39/2.46	2.4614	312	108
2.39/2.46	2.46434	311	116
2.39/2.46	2.46576	310	119
2.39/2.47	2.47011	309	132
2.39/2.47	2.47082	308	133
2.39/2.47	2.47439	307	144
2.39/2.47	2.47659	306	150
2.39/2.47	2.47736	305	152
2.39/2.48	2.47852	304	154
2.39/2.48	2.4806	303	159
2.39/2.48	2.48243	302	163
2.39/2.48	2.48556	301	169
2.39/2.48	2.48659	300	171
2.39/2.49	2.49362	299	192
2.49/2.50	2.49884	298	207
2.49/2.50	2.50276	297	218
2.49/2.51	2.51035	296	243
2.49/2.51	2.5169	295	262
2.49/2.52	2.51843	294	265
2.49/2.53	2.53077	293	304
2.49/2.53	2.53317	292	310
2.49/2.53	2.53673	291	319
2.49/2.54	2.54321	290	339
2.49/2.54	2.54616	289	347
2.49/2.55	2.55155	288	363
2.49/2.56	2.56141	287	394
2.49/2.57	2.57012	286	421
2.49/2.58	2.57829	285	445
2.49/2.59	2.59044	284	479
2.59/2.61	2.6091	283	537
2.59/2.61	2.61501	282	555
2.59/2.62	2.62732	281	593
2.70/2.75	2.75159	280	982
2.79/2.80	2.80548	279	1151
2.79/2.86	2.86272	278	1336
3.09/3.10	3.10782	277	2118
3.09/3.14	3.14783	276	2253
3.09/3.16	3.16111	275	2300
3.09/3.47	3.47623	274	3388
3.54/3.58	3.58294	273	3757
3.62/3.65	3.65529	272	3992
3.69/3.77	3.7719	271	4371
3.79/3.84	3.84023	270	4588
4.29/4.38	4.38611	269	6480
4.49/4.87	4.87669	268	8224
5.49/5.57	5.57593	267	10629
5.59/5.66	5.66399	266	10922
5.69/5.72	5.72222	265	11124
5.69/5.77	5.77755	264	11308
5.89/6.24	6.24009	263	12844
6.52/6.57	6.57026	262	13922
6.59/6.64	6.64452	261	14156
6.59/6.66	6.66624	260	14226
6.59/6.67	6.67451	259	14252
6.90/6.92	6.92014	258	15046
8.09/8.14	8.1441	257	19118
12.89/12.98	12.9789	256	35233
19.19/19.28	19.2839	255	56418
20.29/20.38	20.3799	254	59891
30.49/30.59	30.5971	253	93617
30.99/31.46	31.46	252	96511
32.49/33.04	33.0457	251	101702
33.29/33.36	33.3629	250	102728
33.39/33.48	33.4813	249	103116
38.39/38.40	38.4056	248	119078
38.51/38.65	38.6558	247	119884
39.09/39.16	39.163	246	121477
40.55/40.56	40.5614	245	126130
45.29/45.33	45.3272	244	141386
106.09/106.11	106.11	243	328779
175.08/175.15	175.149	242	539298
260.38/260.63	260.621	241	803285
547.38/547.49	547.478	240	1668718
888.26/888.39	888.361	239	2696596
999.96/1000.03	3025465
