2.39/2.47	2.47127	353	0
2.39/2.47	2.47221	352	2
2.39/2.47	2.47282	351	3
2.39/2.47	2.47346	350	4
2.39/2.47	2.47405	349	5
2.39/2.48	2.4747	348	6
2.39/2.48	2.47534	347	7
2.39/2.48	2.47598	346	8
2.39/2.48	2.47672	345	9
2.39/2.48	2.4773	344	10
2.39/2.48	2.47789	343	11
2.39/2.48	2.47869	342	12
2.39/2.48	2.47932	341	13
2.39/2.48	2.48033	340	15
2.39/2.48	2.48111	339	16
2.39/2.48	2.48182	338	17
2.39/2.48	2.48242	337	18
2.39/2.48	2.48333	336	20
2.39/2.49	2.48528	335	25
2.39/2.49	2.48586	334	26
2.39/2.49	2.48654	333	27
2.39/2.49	2.48713	332	28
2.39/2.49	2.48824	331	31
2.39/2.49	2.48949	330	34
2.39/2.49	2.49043	329	36
2.39/2.49	2.49139	328	38
2.39/2.49	2.49241	327	40
2.39/2.49	2.49342	326	42
2.39/2.50	2.49431	325	44
2.49/2.50	2.49563	324	47
2.49/2.50	2.49722	323	51
2.49/2.50	2.49785	322	52
2.49/2.50	2.50056	321	60
2.49/2.50	2.50349	320	68
2.49/2.51	2.50475	319	70
2.49/2.51	2.50611	318	72
2.49/2.51	2.50735	317	75
2.49/2.51	2.50888	316	78
2.49/2.51	2.51037	315	81
2.49/2.51	2.51401	314	91
2.49/2.52	2.51653	313	98
2.49/2.52	2.51809	312	102
2.49/2.52	2.52207	311	114
2.49/2.52	2.52355	310	117
2.49/2.53	2.52511	309	120
2.49/2.53	2.52769	308	127
2.49/2.53	2.53014	307	133
2.49/2.54	2.53907	306	159
2.49/2.54	2.54277	305	169
2.49/2.55	2.54477	304	174
2.49/2.55	2.55103	303	193
2.49/2.56	2.55611	302	208
2.49/2.58	2.57679	301	274
2.49/2.58	2.58147	300	287
2.49/2.59	2.58534	299	298
2.49/2.60	2.60022	298	340
2.49/2.60	2.60123	297	342
2.49/2.64	2.6425	296	477
2.49/2.65	2.64552	295	486
2.49/2.68	2.68322	294	601
2.49/2.70	2.69482	293	637
2.49/2.71	2.71014	292	683
2.49/2.72	2.71862	291	708
2.49/2.74	2.7345	290	755
2.49/2.75	2.74645	289	792
2.77/2.87	2.8702	288	1224
2.89/2.93	2.93308	287	1430
2.99/3.01	3.00994	286	1691
2.99/3.04	3.04251	285	1804
3.09/3.12	3.12035	284	2040
3.09/3.15	3.14845	283	2130
3.09/3.18	3.1839	282	2240
3.09/3.21	3.20949	281	2322
3.23/3.26	3.26058	280	2479
3.23/3.26	3.26215	279	2482
3.23/3.26	3.26397	278	2486
3.30/3.34	3.33997	277	2723
3.30/3.39	3.39287	276	2890
3.49/3.54	3.53589	275	3350
3.49/3.59	3.5884	274	3511
3.81/4.20	4.19609	273	5591
4.39/4.47	4.46678	272	6533
4.49/4.56	4.56276	271	6838
4.99/5.07	5.07009	270	8601
5.09/5.24	5.23563	269	9157
6.38/6.58	6.58363	268	13756
6.38/6.59	6.59127	267	13780
6.51/6.94	6.93586	266	14913
6.99/7.05	7.04857	265	15281
7.19/7.21	7.2077	264	15795
7.19/7.25	7.24559	263	15915
7.79/7.91	7.90693	262	18086
8.24/8.32	8.31579	261	19472
10.58/10.62	10.6206	260	27008
13.71/13.96	13.955	259	38332
17.38/17.41	17.4078	258	49928
21.08/21.22	21.2172	257	62918
22.81/22.83	22.83	256	68383
22.81/22.96	22.9554	255	68789
23.78/23.82	23.8172	254	71612
29.14/29.16	29.1545	253	89077
29.48/29.52	29.5183	252	90238
29.68/29.73	29.7241	251	90872
29.98/30.24	30.2383	250	92498
31.19/31.23	31.2277	249	95649
32.18/32.20	32.2009	248	98855
32.18/32.29	32.2915	247	99153
34.39/34.50	34.4944	246	106510
39.88/39.98	39.9788	245	124031
40.08/40.19	40.1883	244	124695
70.48/70.57	70.5628	243	220009
72.19/72.22	72.2178	242	225303
220.28/220.71	220.705	241	679337
253.08/253.18	253.173	240	779721
999.96/1000.03	2996586
