2.30/2.36	2.36311	347	0
2.30/2.36	2.36384	346	1
2.30/2.36	2.36454	345	2
2.30/2.36	2.36522	344	3
2.30/2.37	2.36583	343	4
2.30/2.37	2.36646	342	5
2.30/2.37	2.36738	341	7
2.30/2.37	2.36798	340	8
2.30/2.37	2.3686	339	9
2.30/2.37	2.36917	338	10
2.30/2.37	2.36995	337	11
2.30/2.37	2.37063	336	12
2.30/2.37	2.37123	335	13
2.30/2.37	2.37188	334	14
2.30/2.37	2.37286	333	16
2.30/2.37	2.37368	332	17
2.30/2.37	2.3747	331	19
2.30/2.37	2.37536	330	20
2.30/2.38	2.37644	329	22
2.30/2.38	2.37741	328	24
2.30/2.38	2.37935	327	29
2.30/2.38	2.3815	326	34
2.30/2.38	2.38216	325	35
2.30/2.38	2.38341	324	38
2.30/2.38	2.38425	323	40
2.30/2.38	2.38564	322	44
2.30/2.39	2.38779	321	50
2.30/2.39	2.38964	320	55
2.30/2.39	2.39065	319	57
2.30/2.39	2.39128	318	58
2.30/2.39	2.39269	317	61
2.30/2.39	2.39494	316	67
2.30/2.39	2.39555	315	68
2.30/2.40	2.39643	314	70
2.30/2.40	2.40063	313	83
2.30/2.40	2.40223	312	87
2.30/2.41	2.41247	311	120
2.30/2.42	2.41742	310	136
2.30/2.42	2.42212	309	151
2.30/2.42	2.4245	308	157
2.30/2.43	2.43452	307	188
2.30/2.44	2.43858	306	200
2.30/2.45	2.44968	305	237
2.30/2.45	2.45253	304	245
2.30/2.46	2.45661	303	257
2.30/2.46	2.45924	302	264
2.30/2.47	2.46982	301	296
2.30/2.48	2.47717	300	317
2.30/2.48	2.48057	299	327
2.30/2.48	2.48433	298	337
2.30/2.49	2.48712	297	344
2.30/2.49	2.48877	296	348
2.30/2.52	2.51838	295	438
2.30/2.60	2.59785	294	699
2.30/2.65	2.64742	293	856
2.30/2.65	2.65066	292	865
2.30/2.66	2.65721	291	882
2.30/2.68	2.68086	290	955
2.30/2.69	2.68776	289	977
2.30/2.70	2.69959	288	1014
2.30/2.72	2.71745	287	1070
2.30/2.72	2.72296	286	1086
2.72/2.78	2.77834	285	1254
2.72/2.78	2.78276	284	1267
2.72/2.84	2.84455	283	1456
2.84/2.86	2.8577	282	1498
2.84/2.86	2.85891	281	1500
2.84/2.89	2.89012	280	1599
2.89/2.96	2.96437	279	1830
2.99/3.01	3.00662	278	1959
3.09/3.13	3.13053	277	2350
3.09/3.15	3.14791	276	2405
3.39/3.47	3.47168	275	3431
3.49/3.57	3.5734	274	3753
3.59/3.65	3.64581	273	3991
3.59/3.65	3.65167	272	4007
3.59/3.67	3.67209	271	4069
3.69/4.04	4.04073	270	5252
4.20/4.31	4.31331	269	6197
4.39/4.45	4.44903	268	6667
4.58/4.64	4.64377	267	7304
4.58/4.69	4.68783	266	7450
4.78/4.80	4.80463	265	7839
4.78/4.81	4.80858	264	7851
5.18/5.25	5.25078	263	9328
5.18/5.26	5.26408	262	9371
5.99/6.09	6.09307	261	12146
6.39/6.49	6.48862	260	13495
6.69/6.70	6.70289	259	14244
6.69/7.02	7.01879	258	15375
7.49/7.53	7.52946	257	17149
7.99/8.07	8.06573	256	19021
9.39/9.46	9.45812	255	23793
9.39/9.48	9.47776	254	23859
12.58/12.63	12.6256	253	34484
13.89/13.94	13.9396	252	38879
14.19/14.49	14.4952	251	40732
31.69/31.75	31.7466	250	97870
37.39/37.48	37.4833	249	117045
37.59/37.61	37.6111	248	117469
37.79/37.81	37.8108	247	118144
39.39/39.92	39.923	246	124893
60.99/61.01	61.0135	245	191449
68.49/68.58	68.5771	244	214154
84.98/85.04	85.0365	243	267164
132.68/132.75	132.751	242	414564
250.28/250.31	250.303	241	774089
423.68/423.88	423.864	240	1298158
429.70/430.17	430.152	239	1317677
999.95/1000.03	2983940
