2.32/2.52	2.44541	345	0
2.32/2.52	2.44627	344	1
2.32/2.52	2.44691	343	2
2.32/2.52	2.44752	342	3
2.32/2.52	2.44837	341	4
2.32/2.52	2.44896	340	5
2.32/2.52	2.44967	339	6
2.32/2.52	2.45036	338	7
2.32/2.52	2.45104	337	8
2.32/2.52	2.45166	336	9
2.32/2.52	2.45228	335	10
2.32/2.52	2.45287	334	11
2.32/2.53	2.45395	333	14
2.32/2.53	2.4554	332	18
2.32/2.53	2.45599	331	19
2.32/2.53	2.45753	330	24
2.32/2.53	2.45824	329	25
2.32/2.53	2.45938	328	28
2.32/2.53	2.46033	327	30
2.32/2.53	2.46303	326	39
2.32/2.54	2.46531	325	46
2.32/2.54	2.46626	324	48
2.32/2.54	2.46762	323	51
2.32/2.54	2.46893	322	54
2.32/2.54	2.46985	321	56
2.32/2.54	2.47122	320	59
2.32/2.54	2.47256	319	62
2.32/2.55	2.4742	318	66
2.32/2.55	2.4757	317	70
2.32/2.55	2.47705	316	73
2.32/2.55	2.47823	315	76
2.32/2.55	2.47955	314	79
2.32/2.55	2.48091	313	82
2.32/2.56	2.48277	312	87
2.32/2.56	2.48411	311	90
2.32/2.56	2.48762	310	100
2.32/2.56	2.48829	309	101
2.32/2.56	2.4897	308	104
2.32/2.57	2.49359	307	115
2.32/2.57	2.49638	306	123
2.32/2.57	2.49985	305	133
2.32/2.57	2.50142	304	137
2.32/2.58	2.50268	303	140
2.32/2.58	2.50402	302	143
2.32/2.59	2.51639	301	183
2.32/2.60	2.52232	300	201
2.32/2.61	2.5341	299	238
2.32/2.62	2.55114	298	292
2.32/2.63	2.55248	297	295
2.32/2.63	2.55739	296	311
2.32/2.64	2.56468	295	334
2.32/2.64	2.56548	294	335
2.32/2.65	2.57663	293	371
2.32/2.66	2.58328	292	391
2.32/2.66	2.58615	291	398
2.32/2.66	2.58858	290	404
2.32/2.68	2.607	289	462
2.32/2.69	2.61486	288	484
2.32/2.70	2.63029	287	532
2.32/2.71	2.63132	286	534
2.32/2.71	2.63868	285	555
2.32/2.73	2.65239	284	594
2.32/2.75	2.67574	283	658
2.32/2.77	2.69757	282	723
2.32/2.80	2.73	281	833
2.32/2.89	2.81333	280	1109
2.91/3.06	2.98656	278	1662
3.02/3.11	3.03054	277	1792
3.02/3.13	3.05906	276	1880
3.02/3.19	3.11131	275	2041
3.11/3.21	3.13359	274	2107
3.11/3.24	3.16254	273	2201
3.71/3.84	3.76438	272	4084
3.71/3.92	3.84006	271	4320
3.71/3.99	3.91654	270	4563
3.71/4.09	4.01455	269	4880
3.71/4.17	4.09775	268	5164
3.71/4.18	4.10868	267	5198
3.71/4.19	4.11481	266	5216
4.61/4.77	4.69564	265	7201
4.71/4.86	4.78477	264	7506
5.01/5.16	5.08657	263	8512
5.21/5.30	5.22598	262	8971
5.21/5.51	5.43512	261	9664
5.82/5.98	5.90458	260	11208
6.01/6.10	6.02564	259	11598
6.31/6.43	6.35281	258	12683
7.81/7.92	7.8436	257	17703
7.81/7.97	7.89475	256	17870
9.01/9.14	9.06827	255	21846
9.21/9.36	9.28832	254	22597
13.51/13.63	13.5522	253	36822
15.02/15.15	15.0721	252	41752
16.91/17.01	16.93	251	47958
17.91/18.08	18.0063	250	51309
21.61/21.80	21.7213	249	63234
23.50/23.81	23.7321	248	69623
25.41/25.52	25.4415	247	75179
30.41/30.99	30.9177	246	92326
52.21/52.32	52.2406	245	157962
52.61/52.89	52.8134	244	159750
58.51/58.95	58.8714	243	178004
70.51/70.94	70.8653	242	215197
144.70/144.91	144.834	241	437411
376.90/377.03	376.943	240	1125548
999.98/1000.11	2922995
