2.31/2.47	2.47189	359	0
2.31/2.47	2.47257	358	1
2.31/2.47	2.47349	357	3
2.31/2.47	2.47427	356	4
2.31/2.47	2.47486	355	5
2.31/2.47	2.47545	354	6
2.31/2.47	2.47615	353	7
2.31/2.47	2.47683	352	8
2.31/2.47	2.47746	351	9
2.31/2.48	2.47805	350	10
2.31/2.48	2.47869	349	11
2.31/2.48	2.47927	348	12
2.31/2.48	2.48018	347	14
2.31/2.48	2.48122	346	16
2.31/2.48	2.48194	345	17
2.31/2.48	2.48315	344	20
2.31/2.48	2.48378	343	21
2.31/2.48	2.48451	342	22
2.31/2.48	2.48599	341	26
2.31/2.48	2.48717	340	29
2.31/2.49	2.48877	339	33
2.31/2.49	2.4906	338	38
2.31/2.49	2.49263	337	44
2.31/2.49	2.49369	336	46
2.31/2.49	2.49485	335	48
2.31/2.49	2.49572	334	49
2.31/2.49	2.49665	333	51
2.31/2.50	2.49779	332	53
2.31/2.50	2.50023	331	61
2.31/2.50	2.50135	330	63
2.31/2.50	2.50235	329	65
2.31/2.50	2.50682	328	77
2.31/2.51	2.51051	327	88
2.31/2.51	2.51153	326	90
2.31/2.51	2.51302	325	94
2.31/2.51	2.51462	324	98
2.31/2.51	2.51639	323	103
2.31/2.52	2.51849	322	109
2.31/2.52	2.52026	321	114
2.31/2.52	2.52148	320	117
2.31/2.52	2.52769	319	136
2.31/2.53	2.52876	318	138
2.31/2.53	2.53155	317	145
2.31/2.53	2.53306	316	148
2.31/2.54	2.54001	315	169
2.31/2.54	2.54244	314	176
2.31/2.54	2.54374	313	179
2.31/2.54	2.5456	312	183
2.31/2.54	2.54679	311	185
2.31/2.55	2.54866	310	190
2.31/2.55	2.55131	309	197
2.31/2.55	2.55268	308	200
2.31/2.55	2.55589	307	209
2.31/2.56	2.55834	306	215
2.31/2.56	2.55901	305	216
2.31/2.56	2.56475	304	234
2.31/2.56	2.56572	303	236
2.31/2.57	2.56783	302	241
2.31/2.58	2.58113	301	280
2.31/2.58	2.58297	300	284
2.31/2.58	2.58744	299	297
2.31/2.59	2.59335	298	315
2.31/2.60	2.60402	297	350
2.31/2.64	2.64131	296	460
2.31/2.64	2.64318	295	464
2.31/2.64	2.6446	294	467
2.31/2.66	2.66425	293	531
2.67/2.70	2.70653	292	675
2.70/2.71	2.71538	291	700
2.79/2.83	2.82817	290	1069
2.79/2.85	2.85446	289	1153
2.79/2.89	2.88932	288	1265
2.79/2.89	2.895	287	1281
2.89/2.93	2.93045	286	1395
2.89/2.96	2.96077	285	1497
3.00/3.03	3.02846	284	1738
3.00/3.10	3.10088	283	1967
3.20/3.27	3.26756	282	2523
3.29/3.31	3.31622	281	2683
3.49/3.59	3.59167	280	3619
3.49/3.60	3.60241	279	3651
3.49/3.79	3.78876	278	4264
3.89/4.06	4.06126	277	5146
4.20/4.23	4.22968	276	5741
4.30/4.36	4.36359	275	6201
4.30/4.37	4.37547	274	6238
4.48/4.55	4.55475	273	6834
4.58/4.61	4.60893	272	7008
4.78/4.88	4.8791	271	7946
4.88/4.93	4.93576	270	8122
4.88/4.99	4.99164	269	8304
4.98/5.29	5.29643	268	9350
6.08/6.13	6.13531	267	12336
6.08/6.15	6.14789	266	12377
6.38/6.47	6.469	265	13456
6.38/6.71	6.70876	264	14258
6.38/6.84	6.84254	263	14720
7.89/7.96	7.96202	262	18510
9.52/9.77	9.77018	261	24786
10.09/10.12	10.1251	260	26042
12.09/12.11	12.1156	259	32762
12.90/12.92	12.9208	258	35488
13.49/13.51	13.5098	257	37513
13.49/13.53	13.5283	256	37576
22.68/23.21	23.2126	255	70041
27.19/27.51	27.5083	254	84361
28.69/28.82	28.8251	253	88452
34.49/34.97	34.9703	252	108772
39.50/39.53	39.5293	251	123731
39.60/39.63	39.6337	250	124069
42.46/42.50	42.4976	249	133391
44.59/44.69	44.6897	248	140720
47.08/47.11	47.1079	247	148716
47.88/47.98	47.9778	246	151493
48.51/48.53	48.5321	245	153250
50.29/50.33	50.3276	244	159112
102.69/102.76	102.756	243	320860
102.69/102.95	102.952	242	321508
205.29/205.88	205.873	241	631810
213.69/213.74	213.739	240	655971
999.95/1000.03	2992649
