2.29/2.39	2.38967	348	0
2.29/2.39	2.39044	347	1
2.29/2.39	2.39141	346	3
2.29/2.39	2.39199	345	4
2.39/2.40	2.39265	344	5
2.39/2.40	2.39359	343	7
2.39/2.40	2.39453	342	9
2.39/2.40	2.39521	341	10
2.39/2.40	2.39611	340	12
2.39/2.40	2.39703	339	14
2.39/2.40	2.39762	338	15
2.39/2.40	2.39835	337	16
2.39/2.40	2.39911	336	17
2.39/2.40	2.3998	335	18
2.39/2.40	2.40059	334	19
2.39/2.40	2.4012	333	20
2.39/2.40	2.40229	332	22
2.39/2.41	2.403	331	23
2.39/2.41	2.40375	330	24
2.39/2.41	2.40521	329	28
2.39/2.41	2.40623	328	30
2.39/2.41	2.40779	327	33
2.39/2.41	2.40901	326	36
2.39/2.41	2.40985	325	38
2.39/2.41	2.41093	324	40
2.39/2.41	2.41163	323	41
2.39/2.42	2.41316	322	45
2.39/2.42	2.41468	321	49
2.39/2.42	2.41626	320	53
2.39/2.42	2.42108	319	68
2.39/2.43	2.42263	318	71
2.39/2.43	2.42782	317	87
2.39/2.43	2.42965	316	92
2.39/2.43	2.43065	315	94
2.39/2.44	2.43257	314	98
2.39/2.44	2.43469	313	103
2.39/2.44	2.43772	312	112
2.39/2.44	2.43961	311	117
2.39/2.44	2.44217	310	125
2.39/2.45	2.44607	309	137
2.39/2.45	2.44787	308	140
2.39/2.45	2.45019	307	146
2.39/2.45	2.45196	306	150
2.39/2.46	2.4549	305	158
2.39/2.46	2.45851	304	168
2.39/2.46	2.46211	303	178
2.39/2.47	2.4657	302	187
2.39/2.47	2.46723	301	190
2.39/2.48	2.47513	300	212
2.39/2.48	2.48221	299	231
2.39/2.49	2.48492	298	237
2.39/2.53	2.52323	297	364
2.39/2.54	2.53755	296	408
2.39/2.55	2.54631	295	433
2.39/2.55	2.5487	294	439
2.39/2.57	2.56953	293	503
2.39/2.64	2.63524	292	725
2.39/2.66	2.65986	291	800
2.39/2.67	2.66999	290	836
2.39/2.68	2.67269	289	843
2.39/2.69	2.68585	288	882
2.39/2.71	2.70679	287	947
2.39/2.72	2.71962	286	983
2.50/2.76	2.75938	285	1105
2.50/2.76	2.76099	284	1109
2.50/2.80	2.79993	283	1230
3.38/3.43	3.42489	282	3401
3.68/3.80	3.79312	281	4712
3.68/3.83	3.8238	280	4808
4.00/4.03	4.02797	279	5488
4.19/4.23	4.22386	278	6158
4.29/4.31	4.30694	277	6456
4.29/4.33	4.32375	276	6512
4.29/4.33	4.32563	275	6516
4.99/5.31	5.30651	274	9998
5.49/5.52	5.52149	273	10754
5.49/5.56	5.56103	272	10890
6.28/6.60	6.6008	271	14564
6.59/6.69	6.6886	270	14877
6.59/6.70	6.70082	269	14919
8.28/8.35	8.34421	268	20829
9.39/9.46	9.46039	267	24795
10.69/10.70	10.7006	266	29233
11.83/11.93	11.9255	265	33541
11.99/12.00	11.9941	264	33774
12.79/12.97	12.9627	263	37226
13.79/13.80	13.8012	262	40108
13.79/13.86	13.8557	261	40287
14.09/14.48	14.4764	260	42418
15.48/15.58	15.5814	259	46209
17.35/17.40	17.3948	258	52638
17.58/17.65	17.644	257	53531
17.78/17.89	17.8893	256	54369
18.28/18.54	18.5367	255	56527
18.28/18.72	18.7199	254	57117
18.98/19.09	19.0861	253	58318
20.58/20.61	20.6063	252	63325
24.19/24.60	24.5976	251	76573
25.58/25.85	25.8422	250	80926
26.29/26.32	26.3177	249	82529
43.39/43.88	43.8799	248	141017
44.59/44.69	44.6902	247	143665
61.19/61.41	61.4101	246	196577
62.19/62.26	62.2532	245	199337
64.99/65.08	65.0772	244	208749
66.98/67.07	67.0632	243	215165
77.19/77.66	77.6609	242	248464
279.98/280.01	280.003	241	868568
652.27/652.31	652.298	240	2003584
999.86/1000.03	3046411
