2.18/2.38	2.37294	348	0
2.18/2.38	2.37361	347	1
2.18/2.38	2.37418	346	2
2.18/2.38	2.37484	345	3
2.18/2.39	2.37589	343	4
2.18/2.39	2.37647	342	5
2.18/2.39	2.37709	341	6
2.18/2.39	2.37775	340	7
2.18/2.39	2.3786	339	9
2.18/2.39	2.37931	338	10
2.18/2.39	2.37999	337	11
2.18/2.39	2.38067	336	12
2.18/2.39	2.38123	335	13
2.18/2.39	2.38214	334	15
2.18/2.39	2.38304	333	17
2.18/2.39	2.38417	332	19
2.18/2.39	2.38526	331	21
2.18/2.40	2.38675	330	25
2.18/2.40	2.38799	329	28
2.18/2.40	2.38897	328	30
2.18/2.40	2.39114	327	36
2.18/2.40	2.39237	326	39
2.18/2.40	2.39331	325	41
2.18/2.40	2.39393	324	42
2.18/2.40	2.39489	323	44
2.18/2.41	2.39656	322	48
2.18/2.41	2.39822	321	52
2.18/2.41	2.40055	320	58
2.18/2.41	2.40172	319	61
2.18/2.41	2.40474	318	70
2.18/2.42	2.40567	317	72
2.18/2.42	2.40766	316	77
2.18/2.42	2.41017	315	84
2.18/2.42	2.41172	314	88
2.18/2.42	2.41469	313	96
2.18/2.43	2.41615	312	100
2.18/2.43	2.41712	311	102
2.18/2.43	2.42046	310	112
2.18/2.43	2.42435	309	123
2.18/2.43	2.42531	308	125
2.18/2.44	2.42837	307	134
2.18/2.44	2.43163	306	144
2.18/2.44	2.43469	305	153
2.18/2.45	2.44034	304	172
2.18/2.45	2.44438	303	183
2.18/2.46	2.44754	302	191
2.18/2.47	2.45637	301	218
2.18/2.47	2.46057	300	228
2.18/2.48	2.46665	299	248
2.18/2.48	2.4703	298	258
2.18/2.49	2.47808	297	281
2.18/2.49	2.48177	296	291
2.18/2.50	2.48905	295	313
2.18/2.50	2.49193	294	320
2.18/2.51	2.50264	293	353
2.18/2.51	2.5037	292	355
2.18/2.52	2.50545	291	359
2.18/2.52	2.50756	290	365
2.18/2.52	2.5128	289	380
2.18/2.52	2.51444	288	384
2.18/2.53	2.51702	287	391
2.48/2.55	2.53754	286	452
2.48/2.58	2.57473	285	571
2.48/2.59	2.57758	284	578
2.59/2.66	2.65266	283	835
2.59/2.67	2.66402	282	870
2.59/2.68	2.66798	281	881
2.59/2.68	2.67302	280	895
2.68/2.74	2.72742	279	1072
2.68/2.75	2.74216	278	1120
2.68/2.76	2.74552	277	1129
2.68/2.78	2.76991	276	1206
2.78/2.81	2.79922	275	1300
2.88/2.91	2.89658	274	1614
2.88/2.92	2.90588	273	1642
3.00/3.01	2.99974	272	1936
3.00/3.03	3.02183	271	2002
3.08/3.18	3.1736	270	2497
3.18/3.26	3.24824	269	2745
3.28/3.34	3.33474	268	3016
3.50/3.66	3.65117	267	4043
4.08/4.12	4.10562	266	5573
4.08/4.12	4.10642	265	5574
5.07/5.14	5.13108	264	9148
5.18/5.29	5.27908	263	9671
5.88/6.20	6.18552	262	12813
6.37/6.50	6.49156	261	13878
7.50/7.52	7.51055	260	17451
8.38/8.64	8.62735	259	21349
9.58/9.65	9.6391	258	24898
12.78/13.09	13.0809	257	36987
12.78/13.22	13.2096	256	37420
14.07/14.11	14.0977	255	40350
15.68/15.85	15.8429	254	46448
18.08/18.16	18.148	253	54291
20.08/20.15	20.1422	252	60955
20.08/20.15	20.1443	251	60960
20.77/20.83	20.822	250	63247
21.47/21.52	21.5093	249	65545
23.88/23.99	23.9747	248	73973
24.08/24.18	24.1713	247	74623
31.87/31.97	31.959	246	100215
33.08/33.15	33.1441	245	104116
33.18/33.29	33.2815	244	104550
85.07/85.16	85.1504	243	270123
117.67/117.76	117.742	242	374470
145.27/145.45	145.429	241	460354
547.95/548.07	548.036	240	1695955
999.74/1000.05	3048671
