2.19/2.24	2.24379	353	0
2.29/2.36	2.35993	352	1
2.39/2.47	2.47301	350	2
2.49/2.59	2.58757	349	5
2.59/2.70	2.70211	348	8
2.59/2.81	2.8124	347	9
2.59/2.92	2.92446	346	12
3.02/3.03	3.03384	345	13
3.09/3.15	3.14575	344	16
3.19/3.25	3.25445	343	17
3.29/3.36	3.3615	342	18
3.39/3.47	3.46798	341	19
3.49/3.57	3.57335	340	20
3.59/3.68	3.68472	339	25
3.69/3.79	3.78873	338	26
3.79/3.89	3.89459	337	28
3.89/4.00	3.99733	336	29
3.89/4.10	4.0999	335	30
3.89/4.20	4.20273	334	31
4.10/4.30	4.30403	333	32
4.39/4.41	4.40982	332	36
4.49/4.52	4.5157	331	41
4.59/4.62	4.61877	330	44
4.69/4.73	4.73048	329	52
4.79/4.83	4.83084	328	54
4.89/4.93	4.93035	327	56
4.99/5.03	5.03126	326	60
5.09/5.13	5.13148	325	62
5.19/5.23	5.22663	324	63
5.19/5.33	5.32742	323	67
5.19/5.43	5.42735	322	70
5.19/5.54	5.53826	321	81
5.46/5.64	5.6403	320	87
5.69/5.75	5.74586	319	95
5.79/5.84	5.84106	318	98
5.89/5.94	5.94098	317	104
5.99/6.03	6.03414	316	107
6.09/6.13	6.12832	315	110
6.19/6.23	6.2278	314	115
6.28/6.33	6.32945	313	122
6.38/6.42	6.42488	312	126
6.49/6.52	6.51959	311	131
6.49/6.62	6.62117	310	139
6.49/6.72	6.72078	309	145
6.49/6.81	6.81098	308	148
6.83/6.92	6.92041	307	163
6.99/7.02	7.01824	306	172
7.09/7.11	7.11326	305	176
7.19/7.23	7.22553	304	192
7.29/7.33	7.3257	303	202
7.39/7.42	7.4222	302	210
7.49/7.57	7.57365	301	250
7.59/7.68	7.67641	300	262
7.69/7.77	7.76651	299	268
7.79/7.86	7.85939	298	274
7.79/7.95	7.9507	297	281
7.79/8.04	8.04504	296	290
7.79/8.15	8.14692	295	303
8.03/8.25	8.24894	294	316
8.29/8.34	8.3425	293	324
8.39/8.42	8.42155	292	326
8.48/8.54	8.54249	291	350
8.78/8.84	8.84264	290	482
8.99/9.02	9.01734	289	546
8.99/9.10	9.09565	288	549
9.09/9.24	9.24476	287	590
9.36/9.52	9.51638	286	704
9.59/9.61	9.61303	285	717
9.69/9.71	9.70911	284	730
9.79/9.81	9.80645	283	743
10.39/10.44	10.4366	282	1121
10.39/10.61	10.6125	281	1191
10.88/10.91	10.9075	280	1331
11.19/11.25	11.249	279	1493
14.39/14.45	14.4534	278	3925
14.99/15.04	15.0409	277	4329
16.49/16.55	16.5503	276	5424
18.28/18.43	18.4342	275	6935
18.63/18.76	18.7578	274	7136
24.89/25.10	25.104	273	12428
26.99/27.00	26.9979	272	13968
31.89/31.96	31.9601	271	17907
33.39/33.41	33.4065	270	18990
33.99/34.01	34.0099	269	19382
36.29/36.36	36.3617	268	21169
36.49/36.51	36.5091	267	21213
39.29/39.63	39.626	266	23494
40.59/40.75	40.7523	265	24325
44.09/44.12	44.1167	264	26760
45.59/45.67	45.6703	263	27908
50.89/50.94	50.9437	262	31967
57.29/57.30	57.3022	261	37253
63.79/63.85	63.8468	260	42634
68.19/68.60	68.5963	259	46592
70.59/70.61	70.6081	258	48148
93.08/93.21	93.2078	257	66063
93.49/93.51	93.5125	256	66259
93.89/93.94	93.9343	255	66512
109.49/109.53	109.527	254	78009
111.48/111.56	111.553	253	79327
114.52/114.66	114.657	252	81580
117.49/117.56	117.554	251	83649
129.19/129.26	129.253	250	91948
159.58/159.69	159.684	249	113662
167.02/167.16	167.159	248	119060
169.82/169.85	169.85	247	120937
190.29/190.43	190.423	246	134685
252.08/252.25	252.243	245	178533
255.38/255.47	255.463	244	180521
257.38/257.72	257.714	243	181856
1001.28/1001.36	829.892	14434598	700479
