2.30/2.60	2.51456	353	0
2.30/2.60	2.51531	352	1
2.30/2.61	2.51627	350	2
2.30/2.61	2.51743	349	5
2.30/2.61	2.51858	348	8
2.30/2.61	2.5193	347	9
2.30/2.61	2.52047	346	12
2.30/2.61	2.5212	345	13
2.30/2.61	2.52236	344	16
2.30/2.61	2.52314	343	17
2.30/2.61	2.52373	342	18
2.30/2.61	2.52436	341	19
2.30/2.61	2.52496	340	20
2.30/2.62	2.52669	339	25
2.30/2.62	2.52733	338	26
2.30/2.62	2.52831	337	28
2.30/2.62	2.52892	336	29
2.30/2.62	2.52948	335	30
2.30/2.62	2.53016	334	31
2.30/2.62	2.53084	333	32
2.30/2.62	2.53238	332	36
2.30/2.62	2.53412	331	41
2.30/2.62	2.5354	330	44
2.30/2.63	2.53814	329	52
2.30/2.63	2.5391	328	54
2.30/2.63	2.54006	327	56
2.30/2.63	2.54153	326	60
2.30/2.63	2.54276	325	62
2.30/2.63	2.54338	324	63
2.30/2.63	2.54509	323	67
2.30/2.64	2.54644	322	70
2.30/2.64	2.55005	321	81
2.30/2.64	2.55211	320	87
2.30/2.64	2.55492	319	95
2.30/2.65	2.55612	318	98
2.30/2.65	2.55817	317	104
2.30/2.65	2.55925	316	107
2.30/2.65	2.56056	315	110
2.30/2.65	2.56261	314	115
2.30/2.65	2.56515	313	122
2.30/2.66	2.56674	312	126
2.30/2.66	2.56854	311	131
2.30/2.66	2.57133	310	139
2.30/2.66	2.57377	309	145
2.30/2.66	2.57511	308	148
2.30/2.67	2.57982	307	163
2.30/2.67	2.58275	306	172
2.30/2.67	2.58488	305	176
2.30/2.68	2.59019	304	192
2.30/2.68	2.59374	303	202
2.30/2.69	2.59659	302	210
2.30/2.70	2.6095	301	250
2.30/2.70	2.61355	300	262
2.30/2.71	2.61598	299	268
2.30/2.71	2.61873	298	274
2.30/2.71	2.62149	297	281
2.62/2.71	2.62489	296	290
2.62/2.72	2.62964	295	303
2.62/2.72	2.6345	294	316
2.62/2.73	2.63788	293	324
2.62/2.73	2.63892	292	326
2.62/2.74	2.64743	291	350
2.62/2.78	2.69261	290	482
2.62/2.80	2.71229	289	546
2.62/2.80	2.71374	288	549
2.72/2.82	2.7279	287	590
2.72/2.85	2.76334	286	704
2.72/2.86	2.76766	285	717
2.72/2.86	2.77199	284	730
2.72/2.87	2.77669	283	743
2.80/2.98	2.89426	282	1121
2.90/3.01	2.91608	281	1191
2.90/3.05	2.96217	280	1331
3.00/3.11	3.01541	279	1493
3.60/3.81	3.7203	278	3925
3.60/3.93	3.83586	277	4329
4.10/4.24	4.14904	276	5424
4.50/4.65	4.5609	275	6935
4.60/4.71	4.61713	274	7136
6.00/6.19	6.09818	273	12428
6.30/6.62	6.53224	272	13968
7.60/7.72	7.62491	271	17907
7.91/8.02	7.92572	270	18990
7.91/8.13	8.03499	269	19382
8.50/8.64	8.54894	268	21169
8.50/8.65	8.56197	267	21213
9.20/9.30	9.21032	266	23494
9.30/9.54	9.44612	265	24325
10.10/10.24	10.1468	264	26760
10.39/10.56	10.4678	263	27908
11.59/11.73	11.6391	262	31967
13.10/13.21	13.1206	261	37253
14.60/14.76	14.6648	260	42634
15.73/15.89	15.7991	259	46592
16.19/16.34	16.245	258	48148
21.52/21.67	21.584	257	66063
21.64/21.73	21.6399	256	66259
21.70/21.81	21.7188	255	66512
25.10/25.26	25.1689	254	78009
25.40/25.67	25.5753	253	79327
26.20/26.35	26.2604	252	81580
26.80/26.98	26.8854	251	83649
29.40/29.54	29.447	250	91948
36.18/36.31	36.2188	249	113662
37.82/37.96	37.8688	248	119060
38.40/38.54	38.4478	247	120937
42.80/42.94	42.8469	246	134685
56.22/56.68	56.5894	245	178533
57.20/57.33	57.237	244	180521
57.60/57.75	57.6538	243	181856
257.19/257.30	257.201	242	787601
260.59/261.16	261.059	241	799678
768.58/768.97	768.85	240	2317320
