2.49/2.53	2.53522	351	0
2.49/2.53	2.53604	350	1
2.49/2.53	2.53666	349	2
2.49/2.53	2.53725	348	3
2.49/2.53	2.53787	347	4
2.49/2.54	2.53874	346	6
2.49/2.54	2.5395	345	7
2.49/2.54	2.54013	344	8
2.49/2.54	2.54111	343	10
2.49/2.54	2.54198	342	11
2.49/2.54	2.54257	341	12
2.49/2.54	2.54349	340	14
2.49/2.54	2.54418	339	15
2.49/2.54	2.54476	338	16
2.49/2.54	2.54658	337	21
2.49/2.54	2.54716	336	22
2.49/2.54	2.54794	335	23
2.49/2.55	2.54912	334	26
2.49/2.55	2.55002	333	28
2.49/2.55	2.55158	332	32
2.49/2.55	2.55285	331	35
2.49/2.55	2.55404	330	38
2.49/2.55	2.55494	329	40
2.49/2.55	2.5559	328	42
2.49/2.55	2.55722	327	45
2.49/2.55	2.55811	326	47
2.49/2.56	2.55938	325	50
2.49/2.56	2.56088	324	53
2.49/2.56	2.56241	323	57
2.49/2.56	2.56514	322	65
2.49/2.56	2.56726	321	71
2.49/2.57	2.56888	320	75
2.49/2.57	2.57012	319	78
2.49/2.57	2.57195	318	83
2.49/2.57	2.57398	317	89
2.49/2.57	2.57459	316	90
2.49/2.57	2.57598	315	93
2.49/2.57	2.57758	314	97
2.49/2.58	2.57956	313	102
2.49/2.58	2.58151	312	107
2.49/2.58	2.58469	311	117
2.49/2.58	2.5872	310	125
2.49/2.59	2.59093	309	136
2.49/2.59	2.59191	308	138
2.49/2.59	2.5949	307	146
2.49/2.59	2.59598	306	148
2.49/2.59	2.59763	305	152
2.59/2.60	2.60498	304	176
2.59/2.62	2.62424	303	239
2.59/2.62	2.62593	302	241
2.59/2.62	2.6269	301	243
2.59/2.65	2.65294	300	337
2.59/2.66	2.66003	299	363
2.59/2.66	2.66717	298	389
2.59/2.68	2.68088	297	436
2.69/2.71	2.71195	296	541
2.69/2.72	2.72139	295	569
2.69/2.72	2.72327	294	573
2.69/2.72	2.72577	293	578
2.69/2.72	2.72809	292	583
2.69/2.74	2.7421	291	623
2.79/2.82	2.82747	290	900
2.79/2.85	2.85095	289	977
2.79/2.86	2.86699	288	1032
2.89/2.92	2.92638	287	1234
2.89/2.94	2.94603	286	1299
2.89/2.98	2.9795	285	1404
2.89/2.98	2.98829	284	1430
2.99/3.04	3.04226	283	1601
3.19/3.31	3.30969	282	2504
3.37/3.73	3.73619	281	3944
3.75/3.78	3.78558	280	4108
3.75/3.80	3.80116	279	4157
3.75/3.80	3.80321	278	4161
3.89/3.94	3.94708	277	4638
3.99/4.05	4.05481	276	4972
3.99/4.09	4.08858	275	5073
4.19/4.24	4.24191	274	5624
4.19/4.29	4.29475	273	5798
4.49/4.53	4.52876	272	6661
5.79/5.85	5.85222	271	11871
6.09/6.47	6.4686	270	14152
6.09/6.52	6.52091	269	14335
6.78/6.79	6.79725	268	15330
6.79/6.82	6.81833	267	15391
6.98/7.08	7.08499	266	16326
7.08/7.18	7.18279	265	16665
7.58/8.07	8.07747	264	19849
8.17/8.19	8.18966	263	20235
8.29/8.38	8.37829	262	20898
8.59/8.68	8.67971	261	21920
12.99/13.05	13.0569	260	37256
14.28/14.39	14.3968	259	41804
14.38/14.45	14.4512	258	41978
14.69/14.79	14.7951	257	43138
14.79/14.83	14.837	256	43278
15.69/15.73	15.7284	255	46216
15.79/15.84	15.8466	254	46592
15.99/16.07	16.0722	253	47319
17.90/18.23	18.232	252	54429
22.09/22.19	22.189	251	67838
22.29/22.78	22.7844	250	69849
23.39/23.48	23.4798	249	72193
30.99/31.55	31.5563	248	98807
31.58/31.63	31.631	247	99047
33.49/33.54	33.5423	246	105070
36.49/36.50	36.5018	245	114502
54.40/54.80	54.8051	244	173381
54.97/54.98	54.981	243	173938
140.68/140.90	140.903	242	441123
156.78/157.27	157.265	241	492261
159.58/159.66	159.658	240	499992
