2.26/2.47	2.44553	355	0
2.26/2.47	2.4465	354	2
2.26/2.48	2.44741	353	4
2.26/2.48	2.44814	352	5
2.26/2.48	2.44878	351	6
2.26/2.48	2.45077	350	12
2.26/2.48	2.45143	349	13
2.26/2.48	2.452	348	14
2.26/2.48	2.45261	347	15
2.26/2.48	2.45389	346	18
2.26/2.48	2.45457	345	19
2.26/2.48	2.45521	344	20
2.26/2.49	2.45742	343	27
2.26/2.49	2.45806	342	28
2.26/2.49	2.45905	341	30
2.26/2.49	2.45977	340	31
2.26/2.49	2.46044	339	32
2.26/2.49	2.46116	338	33
2.26/2.49	2.46228	337	36
2.26/2.49	2.46348	336	39
2.26/2.49	2.46444	335	41
2.26/2.49	2.46648	334	47
2.26/2.50	2.46792	333	51
2.26/2.50	2.46974	332	56
2.26/2.50	2.47042	331	57
2.26/2.50	2.47157	330	60
2.26/2.50	2.4725	329	62
2.26/2.50	2.47324	328	63
2.26/2.50	2.47432	327	65
2.26/2.50	2.47555	326	68
2.26/2.51	2.477	325	72
2.26/2.51	2.47792	324	74
2.26/2.51	2.48	323	80
2.26/2.51	2.48088	322	82
2.26/2.51	2.48257	321	87
2.26/2.51	2.48531	320	95
2.26/2.52	2.48686	319	99
2.26/2.52	2.49369	318	120
2.26/2.52	2.4944	317	121
2.26/2.52	2.49541	316	123
2.26/2.52	2.49647	315	125
2.26/2.53	2.49834	314	130
2.26/2.53	2.50108	313	138
2.26/2.53	2.50588	312	153
2.26/2.54	2.50761	311	157
2.26/2.54	2.512	310	170
2.26/2.54	2.51592	309	182
2.26/2.55	2.51873	308	189
2.26/2.55	2.5217	307	197
2.26/2.55	2.52518	306	206
2.26/2.55	2.52657	305	209
2.26/2.56	2.52857	304	213
2.26/2.56	2.53536	303	233
2.26/2.58	2.54729	302	272
2.26/2.58	2.55336	301	290
2.26/2.59	2.55858	300	304
2.26/2.59	2.5653	299	324
2.26/2.60	2.57086	298	339
2.26/2.60	2.57612	297	353
2.26/2.62	2.58769	296	389
2.26/2.62	2.59067	295	397
2.26/2.62	2.59634	294	412
2.26/2.63	2.59775	293	415
2.26/2.63	2.59961	292	419
2.26/2.63	2.60166	291	423
2.26/2.63	2.60583	290	434
2.26/2.64	2.60837	289	440
2.26/2.64	2.60966	288	443
2.26/2.64	2.61339	287	453
2.26/2.64	2.61643	286	460
2.26/2.71	2.68609	285	672
2.26/2.77	2.74648	284	876
2.26/2.78	2.75489	283	905
2.81/2.87	2.84443	282	1189
2.96/3.01	2.98653	281	1674
2.96/3.06	3.0297	280	1805
3.06/3.16	3.13493	279	2169
3.36/3.41	3.37866	278	3072
3.36/3.47	3.43827	277	3294
3.66/3.84	3.80796	276	4655
3.66/3.89	3.85838	275	4843
4.66/4.79	4.7637	274	8485
4.96/5.08	5.05411	273	9534
5.77/5.81	5.78319	272	12182
5.86/5.93	5.9058	271	12610
6.06/6.12	6.08751	270	13234
6.06/6.13	6.10242	269	13284
6.36/6.45	6.42467	268	14390
6.46/6.58	6.54791	267	14796
6.56/6.70	6.66701	266	15204
6.66/6.73	6.69895	265	15313
6.66/6.96	6.93239	264	16085
7.16/7.28	7.25098	263	17148
7.96/8.27	8.24458	262	20605
12.16/12.25	12.2215	261	34656
12.36/12.66	12.6273	260	36115
13.66/13.79	13.766	259	40096
16.56/16.66	16.6282	258	50009
17.66/17.73	17.7	257	53901
18.26/18.71	18.679	256	57468
19.46/19.59	19.5646	255	60388
20.66/20.74	20.7122	254	64340
20.96/21.05	21.0193	253	65412
26.36/26.49	26.4601	252	83326
29.76/29.85	29.823	251	94461
29.96/30.00	29.9746	250	94949
30.06/30.14	30.1101	249	95397
32.26/32.38	32.3514	248	102612
32.36/32.50	32.4659	247	102985
32.56/32.62	32.5863	246	103372
41.26/41.38	41.352	245	130616
42.86/42.96	42.9348	244	135652
43.16/43.23	43.1963	243	136491
50.86/51.39	51.3637	242	162487
130.66/131.08	131.05	241	399003
131.66/131.70	131.666	240	400888
746.17/746.23	746.181	239	2208973
