2.19/2.36	2.36393	351	0
2.19/2.36	2.36465	350	1
2.19/2.36	2.36524	349	2
2.19/2.36	2.36585	348	3
2.19/2.36	2.36641	347	4
2.19/2.36	2.36702	346	5
2.19/2.36	2.36796	345	7
2.19/2.37	2.36858	344	8
2.19/2.37	2.36926	343	9
2.19/2.37	2.36986	342	10
2.19/2.37	2.37061	341	11
2.19/2.37	2.37145	340	13
2.19/2.37	2.37236	339	15
2.19/2.37	2.37307	338	16
2.19/2.37	2.37365	337	17
2.19/2.37	2.37459	336	19
2.19/2.37	2.37599	335	22
2.19/2.37	2.37667	334	23
2.19/2.37	2.37762	333	25
2.19/2.38	2.3785	332	27
2.19/2.38	2.37977	331	30
2.19/2.38	2.38102	330	33
2.19/2.38	2.38224	329	36
2.19/2.38	2.38313	328	38
2.19/2.38	2.38407	327	40
2.19/2.38	2.38515	326	42
2.19/2.38	2.38616	325	44
2.19/2.38	2.388	324	49
2.19/2.39	2.39067	323	57
2.19/2.39	2.39486	322	71
2.19/2.39	2.39599	321	73
2.19/2.39	2.39797	320	79
2.19/2.40	2.39993	319	84
2.19/2.40	2.40059	318	85
2.19/2.40	2.40169	317	87
2.19/2.40	2.40288	316	90
2.19/2.40	2.40441	315	93
2.19/2.41	2.40984	313	105
2.19/2.41	2.41116	312	108
2.19/2.41	2.41408	311	116
2.19/2.41	2.41553	310	119
2.19/2.42	2.42034	309	132
2.19/2.42	2.42105	308	133
2.19/2.42	2.42459	307	144
2.19/2.42	2.42675	306	150
2.19/2.42	2.42752	305	152
2.19/2.43	2.42867	304	154
2.19/2.43	2.43072	303	159
2.19/2.43	2.43254	302	163
2.19/2.43	2.43491	301	169
2.19/2.43	2.43594	300	171
2.19/2.44	2.4429	299	192
2.19/2.44	2.44794	298	207
2.19/2.45	2.45144	297	218
2.19/2.46	2.45892	296	243
2.19/2.46	2.46515	295	262
2.19/2.46	2.46665	294	265
2.19/2.48	2.48033	293	304
2.47/2.48	2.48295	292	310
2.47/2.48	2.48691	291	319
2.47/2.49	2.49391	290	339
2.47/2.49	2.49715	289	347
2.47/2.50	2.50254	288	363
2.47/2.51	2.51233	287	394
2.47/2.52	2.52093	286	421
2.47/2.53	2.52901	285	445
2.47/2.54	2.54061	284	479
2.47/2.56	2.55925	283	537
2.47/2.56	2.56573	282	555
2.56/2.57	2.57788	281	593
2.59/2.69	2.69521	280	982
2.69/2.75	2.74867	279	1151
2.79/2.80	2.80378	278	1336
2.99/3.05	3.05059	277	2118
2.99/3.09	3.09006	276	2253
3.09/3.10	3.10402	275	2300
3.39/3.42	3.42163	274	3388
3.39/3.53	3.53106	273	3757
3.39/3.60	3.60206	272	3992
3.61/3.71	3.71632	271	4371
3.75/3.78	3.78392	270	4588
4.28/4.32	4.32543	269	6480
4.71/4.81	4.81334	268	8224
5.48/5.50	5.5083	267	10629
5.48/5.59	5.59489	266	10922
5.58/5.65	5.65386	265	11124
5.68/5.71	5.7101	264	11308
6.04/6.16	6.16751	263	12844
6.47/6.49	6.49732	262	13922
6.49/6.57	6.57207	261	14156
6.49/6.59	6.59452	260	14226
6.59/6.60	6.60277	259	14252
6.79/6.85	6.85276	258	15046
7.99/8.06	8.0672	257	19118
12.79/12.88	12.8872	256	35233
18.89/19.20	19.2004	255	56418
20.29/20.30	20.3057	254	59891
30.48/30.57	30.5723	253	93617
31.38/31.43	31.4318	252	96511
32.98/33.00	33.0047	251	101702
33.28/33.31	33.3093	250	102728
33.39/33.43	33.4308	249	103116
37.99/38.31	38.3155	248	119078
38.54/38.56	38.5592	247	119884
38.99/39.05	39.047	246	121477
40.39/40.43	40.4333	245	126130
44.99/45.06	45.0606	244	141386
104.69/104.73	104.725	243	328779
172.88/173.06	173.052	242	539298
257.98/258.08	258.077	241	803285
543.57/543.62	543.611	240	1668718
882.96/883.04	883.016	239	2696596
