2.59/2.60	2.60236	353	0
2.59/2.60	2.6033	352	2
2.59/2.60	2.60391	351	3
2.59/2.60	2.60456	350	4
2.59/2.60	2.60514	349	5
2.59/2.60	2.60575	348	6
2.59/2.60	2.60638	347	7
2.59/2.60	2.60699	346	8
2.59/2.61	2.60769	345	9
2.59/2.61	2.60826	344	10
2.59/2.61	2.60883	343	11
2.59/2.61	2.60957	342	12
2.59/2.61	2.61018	341	13
2.59/2.61	2.61115	340	15
2.59/2.61	2.61195	339	16
2.59/2.61	2.61269	338	17
2.59/2.61	2.6133	337	18
2.59/2.61	2.61423	336	20
2.59/2.61	2.61618	335	25
2.59/2.61	2.61678	334	26
2.59/2.62	2.61747	333	27
2.59/2.62	2.61807	332	28
2.59/2.62	2.6192	331	31
2.59/2.62	2.62047	330	34
2.59/2.62	2.62144	329	36
2.59/2.62	2.62241	328	38
2.59/2.62	2.62343	327	40
2.59/2.62	2.62446	326	42
2.59/2.62	2.62538	325	44
2.59/2.62	2.62687	324	47
2.59/2.63	2.62858	323	51
2.59/2.63	2.62925	322	52
2.59/2.63	2.63202	321	60
2.59/2.63	2.63499	320	68
2.59/2.63	2.63628	319	70
2.59/2.64	2.63781	318	72
2.59/2.64	2.63919	317	75
2.59/2.64	2.64076	316	78
2.59/2.64	2.64244	315	81
2.59/2.64	2.64619	314	91
2.59/2.65	2.64876	313	98
2.59/2.65	2.65051	312	102
2.59/2.65	2.65504	311	114
2.59/2.65	2.65668	310	117
2.59/2.66	2.65845	309	120
2.59/2.66	2.66137	308	127
2.59/2.66	2.66411	307	133
2.59/2.67	2.67327	306	159
2.59/2.67	2.67708	305	169
2.59/2.68	2.67914	304	174
2.59/2.68	2.68609	303	193
2.59/2.69	2.69195	302	208
2.69/2.71	2.71417	301	274
2.69/2.72	2.719	300	287
2.69/2.72	2.723	299	298
2.69/2.74	2.73839	298	340
2.69/2.74	2.73951	297	342
2.69/2.78	2.78135	296	477
2.69/2.78	2.78444	295	486
2.81/2.82	2.82221	294	601
2.81/2.83	2.83415	293	637
2.81/2.85	2.85	292	683
2.81/2.86	2.85874	291	708
2.81/2.87	2.87512	290	755
2.81/2.89	2.88743	289	792
2.81/3.02	3.01977	288	1224
3.05/3.08	3.07985	287	1430
3.05/3.15	3.15259	286	1691
3.15/3.18	3.18422	285	1804
3.19/3.25	3.2565	284	2040
3.19/3.28	3.28311	283	2130
3.29/3.31	3.3161	282	2240
3.29/3.34	3.33982	281	2322
3.29/3.38	3.38694	280	2479
3.29/3.39	3.38863	279	2482
3.29/3.39	3.39054	278	2486
3.39/3.46	3.46427	277	2723
3.49/3.51	3.51541	276	2890
3.59/3.65	3.65169	275	3350
3.69/3.70	3.70168	274	3511
3.99/4.30	4.30439	273	5591
4.52/4.59	4.59028	272	6533
4.59/4.69	4.68863	271	6838
5.19/5.20	5.20714	270	8601
5.29/5.37	5.37185	269	9157
6.69/6.74	6.74035	268	13756
6.69/6.75	6.74817	267	13780
6.69/7.09	7.09605	266	14913
7.13/7.21	7.21242	265	15281
7.29/7.37	7.37483	264	15795
7.39/7.41	7.41444	263	15915
7.99/8.08	8.08496	262	18086
8.09/8.51	8.51073	261	19472
10.79/10.86	10.8625	260	27008
13.99/14.27	14.2745	259	38332
17.79/17.81	17.8086	258	49928
21.28/21.70	21.6978	257	62918
22.79/23.34	23.3466	256	68383
23.43/23.48	23.4774	255	68789
24.29/24.36	24.3569	254	71612
29.78/29.83	29.8338	253	89077
30.09/30.20	30.2047	252	90238
30.09/30.41	30.4145	251	90872
30.89/30.94	30.9436	250	92498
31.59/31.95	31.9552	249	95649
32.89/32.96	32.9581	248	98855
32.99/33.06	33.0579	247	99153
35.29/35.30	35.3002	246	106510
40.38/40.90	40.9022	245	124031
41.09/41.11	41.115	244	124695
72.09/72.18	72.1813	243	220009
73.79/73.88	73.8844	242	225303
225.18/225.39	225.381	241	679337
258.38/258.48	258.469	240	779721
