2.48/2.59	2.58807	347	0
2.48/2.59	2.58881	346	1
2.48/2.59	2.58957	345	2
2.48/2.59	2.59025	344	3
2.48/2.59	2.59085	343	4
2.48/2.59	2.59148	342	5
2.48/2.59	2.5924	341	7
2.48/2.59	2.593	340	8
2.48/2.59	2.59361	339	9
2.48/2.59	2.59422	338	10
2.48/2.59	2.59505	337	11
2.48/2.59	2.59577	336	12
2.48/2.59	2.59641	335	13
2.58/2.60	2.59708	334	14
2.58/2.60	2.59802	333	16
2.58/2.60	2.59886	332	17
2.58/2.60	2.5999	331	19
2.58/2.60	2.60056	330	20
2.58/2.60	2.60165	329	22
2.58/2.60	2.60259	328	24
2.58/2.60	2.60444	327	29
2.58/2.61	2.60671	326	34
2.58/2.61	2.60738	325	35
2.58/2.61	2.60865	324	38
2.58/2.61	2.60954	323	40
2.58/2.61	2.61107	322	44
2.58/2.61	2.61344	321	50
2.58/2.61	2.61549	320	55
2.58/2.61	2.61658	319	57
2.58/2.62	2.61725	318	58
2.58/2.62	2.61882	317	61
2.58/2.62	2.6213	316	67
2.58/2.62	2.62196	315	68
2.58/2.62	2.62292	314	70
2.58/2.63	2.62763	313	83
2.58/2.63	2.62938	312	87
2.58/2.64	2.64035	311	120
2.58/2.64	2.64584	310	136
2.58/2.65	2.65067	309	151
2.58/2.65	2.65309	308	157
2.58/2.66	2.66306	307	188
2.58/2.67	2.66722	306	200
2.58/2.68	2.67964	305	237
2.58/2.68	2.68271	304	245
2.58/2.69	2.68692	303	257
2.58/2.69	2.68975	302	264
2.58/2.70	2.69956	301	296
2.58/2.71	2.70689	300	317
2.58/2.71	2.71059	299	327
2.58/2.71	2.71471	298	337
2.58/2.72	2.71744	297	344
2.58/2.72	2.71903	296	348
2.58/2.75	2.74923	295	438
2.58/2.83	2.83036	294	699
2.58/2.88	2.8816	293	856
2.58/2.88	2.88475	292	865
2.58/2.89	2.89116	291	882
2.58/2.91	2.91615	290	955
2.58/2.92	2.92359	289	977
2.58/2.93	2.9356	288	1014
2.58/2.95	2.95227	287	1070
2.58/2.96	2.9576	286	1086
2.58/3.01	3.01349	285	1254
2.58/3.02	3.01803	284	1267
3.02/3.08	3.08201	283	1456
3.02/3.10	3.09668	282	1498
3.02/3.10	3.09786	281	1500
3.12/3.13	3.13075	280	1599
3.18/3.20	3.2061	279	1830
3.18/3.24	3.24632	278	1959
3.28/3.37	3.36899	277	2350
3.28/3.38	3.38606	276	2405
3.68/3.70	3.70179	275	3431
3.78/3.80	3.80306	274	3753
3.78/3.87	3.87008	273	3991
3.78/3.87	3.87635	272	4007
3.78/3.90	3.89688	271	4069
3.98/4.25	4.24797	270	5252
4.49/4.52	4.518	269	6197
4.59/4.65	4.65463	268	6667
4.79/4.85	4.84778	267	7304
4.79/4.89	4.89181	266	7450
4.99/5.01	5.00804	265	7839
4.99/5.01	5.01198	264	7851
5.39/5.45	5.45191	263	9328
5.39/5.46	5.46618	262	9371
6.19/6.29	6.29215	261	12146
6.59/6.68	6.68328	260	13495
6.79/6.89	6.89523	259	14244
6.79/7.21	7.209	258	15375
7.69/7.72	7.71963	257	17149
8.19/8.25	8.25598	256	19021
9.59/9.63	9.63409	255	23793
9.59/9.65	9.65337	254	23859
12.58/12.78	12.7795	253	34484
14.09/14.10	14.1038	252	38879
14.64/14.66	14.6656	251	40732
31.90/31.94	31.9413	250	97870
37.75/37.78	37.7794	249	117045
37.75/37.90	37.9042	248	117469
38.09/38.11	38.1094	247	118144
40.19/40.23	40.234	246	124893
61.19/61.23	61.2332	245	191449
68.79/68.80	68.7965	244	214154
84.99/85.03	85.031	243	267164
132.09/132.52	132.516	242	414564
250.00/250.06	250.056	241	774089
424.98/425.04	425.031	240	1298158
431.08/431.39	431.378	239	1317677
