2.39/2.49	2.49178	345	0
2.39/2.49	2.49261	344	1
2.39/2.49	2.49322	343	2
2.39/2.49	2.49384	342	3
2.39/2.49	2.49474	341	4
2.39/2.49	2.49535	340	5
2.39/2.49	2.49604	339	6
2.39/2.49	2.49668	338	7
2.39/2.49	2.49733	337	8
2.49/2.50	2.49793	336	9
2.49/2.50	2.49853	335	10
2.49/2.50	2.4991	334	11
2.49/2.50	2.50018	333	14
2.49/2.50	2.5016	332	18
2.49/2.50	2.50218	331	19
2.49/2.50	2.50371	330	24
2.49/2.50	2.5044	329	25
2.49/2.50	2.5055	328	28
2.49/2.50	2.50643	327	30
2.49/2.51	2.50911	326	39
2.49/2.51	2.51136	325	46
2.49/2.51	2.51229	324	48
2.49/2.51	2.51363	323	51
2.49/2.51	2.51493	322	54
2.49/2.51	2.51585	321	56
2.49/2.51	2.51719	320	59
2.49/2.52	2.51853	319	62
2.49/2.52	2.52015	318	66
2.49/2.52	2.52162	317	70
2.49/2.52	2.52295	316	73
2.49/2.52	2.52409	315	76
2.49/2.52	2.5254	314	79
2.49/2.52	2.52674	313	82
2.49/2.53	2.52859	312	87
2.49/2.53	2.52992	311	90
2.49/2.53	2.53322	310	100
2.49/2.53	2.53385	309	101
2.49/2.53	2.53512	308	104
2.49/2.54	2.53882	307	115
2.49/2.54	2.54161	306	123
2.49/2.54	2.54503	305	133
2.49/2.54	2.54656	304	137
2.49/2.55	2.54781	303	140
2.49/2.55	2.54914	302	143
2.49/2.56	2.56105	301	183
2.49/2.56	2.56633	300	201
2.49/2.57	2.57684	299	238
2.49/2.59	2.59215	298	292
2.49/2.59	2.59339	297	295
2.59/2.60	2.59805	296	311
2.59/2.60	2.60488	295	334
2.59/2.60	2.60556	294	335
2.59/2.61	2.6163	293	371
2.59/2.62	2.6227	292	391
2.59/2.62	2.62543	291	398
2.59/2.63	2.62777	290	404
2.59/2.64	2.6444	289	462
2.59/2.65	2.65204	288	484
2.59/2.66	2.6671	287	532
2.59/2.67	2.66808	286	534
2.59/2.67	2.67526	285	555
2.59/2.69	2.68865	284	594
2.69/2.71	2.71096	283	658
2.69/2.73	2.73155	282	723
2.69/2.76	2.76473	281	833
2.79/2.84	2.84745	280	1109
3.00/3.01	3.01479	278	1662
3.00/3.05	3.05683	277	1792
3.00/3.08	3.08374	276	1880
3.10/3.13	3.13629	275	2041
3.10/3.15	3.15744	274	2107
3.10/3.18	3.18626	273	2201
3.70/3.77	3.7775	272	4084
3.79/3.85	3.8528	271	4320
3.89/3.92	3.92715	270	4563
3.99/4.03	4.02924	269	4880
4.09/4.11	4.10988	268	5164
4.09/4.12	4.12055	267	5198
4.09/4.12	4.12646	266	5216
4.60/4.71	4.70823	265	7201
4.60/4.80	4.79881	264	7506
4.60/5.11	5.11169	263	8512
5.19/5.25	5.25445	262	8971
5.39/5.46	5.46523	261	9664
5.89/5.93	5.93634	260	11208
5.99/6.06	6.05746	259	11598
5.99/6.39	6.39383	258	12683
7.49/7.86	7.85801	257	17703
7.49/7.91	7.90947	256	17870
8.99/9.11	9.10763	255	21846
8.99/9.34	9.33795	254	22597
13.49/13.55	13.5526	253	36822
14.99/15.03	15.0307	252	41752
16.49/16.88	16.8833	251	47958
17.89/17.95	17.9505	250	51309
21.49/21.58	21.5788	249	63234
23.49/23.54	23.5391	248	69623
25.19/25.23	25.2336	247	75179
30.59/30.64	30.6436	246	92326
51.79/51.80	51.8038	245	157962
51.99/52.37	52.3657	244	159750
58.39/58.44	58.4378	243	178004
70.32/70.40	70.4018	242	215197
143.58/143.64	143.64	241	437411
373.77/374.28	374.264	240	1125548
