2.38/2.48	2.47892	359	0
2.38/2.48	2.47957	358	1
2.38/2.48	2.48048	357	3
2.38/2.48	2.48125	356	4
2.38/2.48	2.48183	355	5
2.38/2.48	2.48241	354	6
2.38/2.48	2.4831	353	7
2.38/2.48	2.48381	352	8
2.38/2.48	2.48446	351	9
2.38/2.48	2.48509	350	10
2.38/2.48	2.48576	349	11
2.38/2.48	2.48634	348	12
2.38/2.48	2.48724	347	14
2.38/2.49	2.4882	346	16
2.38/2.49	2.48887	345	17
2.38/2.49	2.48998	344	20
2.38/2.49	2.49056	343	21
2.38/2.49	2.49128	342	22
2.38/2.49	2.49273	341	26
2.38/2.49	2.4939	340	29
2.38/2.49	2.49546	339	33
2.38/2.49	2.49731	338	38
2.48/2.50	2.4995	337	44
2.48/2.50	2.50062	336	46
2.48/2.50	2.50186	335	48
2.48/2.50	2.50282	334	49
2.48/2.50	2.5038	333	51
2.48/2.50	2.50503	332	53
2.48/2.50	2.50744	331	61
2.48/2.51	2.50844	330	63
2.48/2.51	2.50935	329	65
2.48/2.51	2.51328	328	77
2.48/2.51	2.51673	327	88
2.48/2.51	2.51767	326	90
2.48/2.52	2.51913	325	94
2.48/2.52	2.52069	324	98
2.48/2.52	2.52242	323	103
2.48/2.52	2.52456	322	109
2.48/2.52	2.5263	321	114
2.48/2.52	2.52755	320	117
2.48/2.53	2.53356	319	136
2.48/2.53	2.53464	318	138
2.48/2.53	2.53749	317	145
2.48/2.54	2.53897	316	148
2.48/2.54	2.54571	315	169
2.48/2.55	2.54809	314	176
2.48/2.55	2.54937	313	179
2.48/2.55	2.55119	312	183
2.48/2.55	2.55236	311	185
2.48/2.55	2.55418	310	190
2.48/2.55	2.55682	309	197
2.48/2.56	2.55816	308	200
2.48/2.56	2.56132	307	209
2.48/2.56	2.56371	306	215
2.48/2.56	2.56438	305	216
2.48/2.57	2.57	304	234
2.48/2.57	2.57096	303	236
2.48/2.57	2.57284	302	241
2.48/2.58	2.58576	301	280
2.48/2.58	2.58758	300	284
2.48/2.59	2.59248	299	297
2.48/2.60	2.59896	298	315
2.59/2.61	2.61067	297	350
2.59/2.64	2.6477	296	460
2.59/2.65	2.64956	295	464
2.59/2.65	2.65104	294	467
2.59/2.67	2.67161	293	531
2.59/2.71	2.71523	292	675
2.59/2.72	2.72395	291	700
2.59/2.83	2.836	290	1069
2.59/2.86	2.86082	289	1153
2.59/2.89	2.89474	288	1265
2.59/2.90	2.90015	287	1281
2.59/2.93	2.93493	286	1395
2.59/2.96	2.96601	285	1497
2.96/3.03	3.03765	284	1738
3.09/3.13	3.1297	283	1967
3.29/3.30	3.30436	282	2523
3.29/3.36	3.35811	281	2683
3.59/3.65	3.65453	280	3619
3.59/3.66	3.66628	279	3651
3.79/3.85	3.84953	278	4264
3.89/4.12	4.11755	277	5146
3.89/4.28	4.28202	276	5741
3.89/4.41	4.40992	275	6201
3.89/4.42	4.42172	274	6238
4.59/4.60	4.60032	273	6834
4.59/4.65	4.65377	272	7008
4.89/4.92	4.9203	271	7946
4.89/4.97	4.97478	270	8122
4.99/5.03	5.03019	269	8304
5.29/5.32	5.32667	268	9350
6.09/6.17	6.16966	267	12336
6.09/6.18	6.18237	266	12377
6.39/6.49	6.49592	265	13456
6.69/6.74	6.73754	264	14258
6.79/6.87	6.87093	263	14720
7.89/7.98	7.97753	262	18510
9.68/9.76	9.75797	261	24786
9.78/10.11	10.1132	260	26042
11.99/12.07	12.0721	259	32762
12.69/12.87	12.8752	258	35488
13.39/13.46	13.4657	257	37513
13.39/13.48	13.4841	256	37576
22.99/23.05	23.0525	255	70041
27.19/27.23	27.2357	254	84361
28.49/28.53	28.5296	253	88452
34.48/34.57	34.5675	252	108772
38.99/39.07	39.0759	251	123731
39.09/39.18	39.1803	250	124069
41.89/42.00	41.9972	249	133391
44.09/44.16	44.16	248	140720
46.31/46.56	46.5641	247	148716
47.39/47.43	47.4264	246	151493
47.69/47.97	47.9729	245	153250
49.69/49.74	49.7395	244	159112
101.08/101.16	101.162	243	320860
101.29/101.35	101.349	242	321508
200.89/201.33	201.326	241	631810
208.88/208.96	208.956	240	655971
