2.49/2.53	2.53167	348	0
2.49/2.53	2.53239	347	1
2.49/2.53	2.53336	346	3
2.49/2.53	2.53399	345	4
2.49/2.53	2.5347	344	5
2.49/2.53	2.53572	343	7
2.49/2.53	2.53671	342	9
2.49/2.53	2.53739	341	10
2.49/2.54	2.5383	340	12
2.49/2.54	2.53922	339	14
2.49/2.54	2.53982	338	15
2.49/2.54	2.54056	337	16
2.49/2.54	2.54131	336	17
2.49/2.54	2.54201	335	18
2.49/2.54	2.54275	334	19
2.49/2.54	2.54334	333	20
2.49/2.54	2.54442	332	22
2.49/2.54	2.54513	331	23
2.49/2.54	2.54587	330	24
2.49/2.54	2.54736	329	28
2.49/2.55	2.54832	328	30
2.49/2.55	2.54975	327	33
2.49/2.55	2.55098	326	36
2.49/2.55	2.55184	325	38
2.49/2.55	2.55292	324	40
2.49/2.55	2.5536	323	41
2.49/2.55	2.55516	322	45
2.49/2.55	2.55672	321	49
2.49/2.56	2.5583	320	53
2.49/2.56	2.56324	319	68
2.49/2.56	2.56479	318	71
2.49/2.57	2.57006	317	87
2.49/2.57	2.57191	316	92
2.49/2.57	2.57285	315	94
2.49/2.57	2.57461	314	98
2.49/2.57	2.57661	313	103
2.49/2.58	2.57968	312	112
2.49/2.58	2.58158	311	117
2.49/2.58	2.58419	310	125
2.49/2.59	2.5881	309	137
2.49/2.59	2.58973	308	140
2.49/2.59	2.59189	307	146
2.49/2.59	2.59351	306	150
2.49/2.59	2.59667	305	158
2.49/2.60	2.60064	304	168
2.49/2.60	2.60435	303	178
2.49/2.61	2.60802	302	187
2.49/2.61	2.60958	301	190
2.49/2.61	2.6177	300	212
2.49/2.62	2.625	299	231
2.49/2.62	2.62777	298	237
2.49/2.67	2.66935	297	364
2.49/2.68	2.68397	296	408
2.49/2.69	2.69297	295	433
2.49/2.69	2.69541	294	439
2.49/2.71	2.71737	293	503
2.49/2.78	2.78701	292	725
2.49/2.81	2.81283	291	800
2.49/2.82	2.82441	290	836
2.49/2.82	2.8275	289	843
2.49/2.84	2.84177	288	882
2.49/2.86	2.86315	287	947
2.49/2.87	2.87639	286	983
2.49/2.92	2.91831	285	1105
2.49/2.92	2.92014	284	1109
2.91/2.96	2.96147	283	1230
3.59/3.60	3.60518	282	3401
3.89/3.98	3.98592	281	4712
3.89/4.02	4.01997	280	4808
3.89/4.22	4.21899	279	5488
4.39/4.42	4.41955	278	6158
4.49/4.50	4.50552	277	6456
4.49/4.52	4.52262	276	6512
4.49/4.52	4.52452	275	6516
5.19/5.52	5.52632	274	9998
5.68/5.74	5.74242	273	10754
5.68/5.78	5.78378	272	10890
6.59/6.84	6.84515	271	14564
6.59/6.93	6.93562	270	14877
6.59/6.95	6.94811	269	14919
8.59/8.64	8.6419	268	20829
9.39/9.78	9.77984	267	24795
10.79/11.06	11.0621	266	29233
12.18/12.31	12.3136	265	33541
12.18/12.38	12.383	264	33774
13.28/13.37	13.37	263	37226
13.79/14.23	14.232	262	40108
13.79/14.29	14.288	261	40287
14.89/14.92	14.9247	260	42418
15.99/16.05	16.055	259	46209
17.78/17.88	17.8783	258	52638
18.08/18.13	18.1371	257	53531
18.08/18.39	18.3938	256	54369
18.99/19.06	19.0616	255	56527
19.19/19.25	19.2483	254	57117
19.59/19.62	19.621	253	58318
21.09/21.19	21.1956	252	63325
25.19/25.26	25.2627	251	76573
26.49/26.55	26.5536	250	80926
26.99/27.04	27.0393	249	82529
44.59/45.01	45.0124	248	141017
45.79/45.85	45.8495	247	143665
62.88/62.98	62.9806	246	196577
63.68/63.84	63.8415	245	199337
66.59/66.75	66.7476	244	208749
68.79/68.83	68.8272	243	215165
79.68/79.77	79.7715	242	248464
287.08/287.18	287.171	241	868568
668.17/668.29	668.267	240	2003584
