2.49/2.57	2.57666	348	0
2.49/2.58	2.57735	347	1
2.49/2.58	2.57793	346	2
2.49/2.58	2.5786	345	3
2.49/2.58	2.57969	343	4
2.49/2.58	2.58029	342	5
2.49/2.58	2.58093	341	6
2.49/2.58	2.58158	340	7
2.49/2.58	2.58247	339	9
2.49/2.58	2.58321	338	10
2.49/2.58	2.58391	337	11
2.49/2.58	2.58461	336	12
2.49/2.58	2.58519	335	13
2.49/2.58	2.5862	334	15
2.49/2.59	2.58713	333	17
2.49/2.59	2.58828	332	19
2.49/2.59	2.5894	331	21
2.49/2.59	2.59092	330	25
2.49/2.59	2.59222	329	28
2.49/2.59	2.59323	328	30
2.49/2.59	2.59545	327	36
2.49/2.59	2.59666	326	39
2.49/2.60	2.59762	325	41
2.59/2.60	2.59825	324	42
2.59/2.60	2.5992	323	44
2.59/2.60	2.60073	322	48
2.59/2.60	2.60231	321	52
2.59/2.60	2.60475	320	58
2.59/2.60	2.60592	319	61
2.59/2.61	2.60897	318	70
2.59/2.61	2.60994	317	72
2.59/2.61	2.61194	316	77
2.59/2.61	2.61449	315	84
2.59/2.61	2.61609	314	88
2.59/2.62	2.61914	313	96
2.59/2.62	2.62063	312	100
2.59/2.62	2.62164	311	102
2.59/2.62	2.62502	310	112
2.59/2.63	2.62897	309	123
2.59/2.63	2.62996	308	125
2.59/2.63	2.63309	307	134
2.59/2.63	2.63649	306	144
2.59/2.64	2.63964	305	153
2.59/2.64	2.64542	304	172
2.59/2.65	2.64952	303	183
2.59/2.65	2.65274	302	191
2.59/2.66	2.66132	301	218
2.59/2.66	2.66512	300	228
2.59/2.67	2.67189	299	248
2.59/2.67	2.67604	298	258
2.59/2.68	2.68466	297	281
2.59/2.69	2.68841	296	291
2.59/2.69	2.69516	295	313
2.59/2.70	2.69787	294	320
2.69/2.71	2.70834	293	353
2.69/2.71	2.70947	292	355
2.69/2.71	2.71131	291	359
2.69/2.71	2.71352	290	365
2.69/2.72	2.7189	289	380
2.69/2.72	2.7206	288	384
2.69/2.72	2.72325	287	391
2.69/2.74	2.74306	286	452
2.69/2.78	2.77777	285	571
2.69/2.78	2.78042	284	578
2.79/2.86	2.8615	283	835
2.79/2.87	2.8742	282	870
2.79/2.88	2.87875	281	881
2.79/2.88	2.88456	280	895
2.88/2.94	2.94242	279	1072
2.88/2.96	2.95863	278	1120
2.88/2.96	2.96248	277	1129
2.88/2.99	2.98993	276	1206
2.98/3.02	3.02249	275	1300
3.12/3.13	3.12796	274	1614
3.12/3.14	3.13853	273	1642
3.19/3.23	3.23537	272	1936
3.19/3.25	3.2561	271	2002
3.19/3.41	3.41667	270	2497
3.19/3.50	3.49835	269	2745
3.50/3.59	3.58883	268	3016
3.88/3.92	3.9259	267	4043
4.28/4.36	4.36557	266	5573
4.28/4.36	4.36635	265	5574
5.39/5.40	5.39946	264	9148
5.49/5.55	5.54721	263	9671
6.45/6.46	6.46251	262	12813
6.69/6.76	6.76535	261	13878
7.29/7.80	7.79766	260	17451
8.80/8.91	8.91365	259	21349
9.89/9.93	9.93542	258	24898
13.09/13.39	13.3908	257	36987
13.09/13.52	13.5189	256	37420
14.39/14.41	14.4135	255	40350
15.99/16.19	16.1932	254	46448
18.48/18.50	18.5005	253	54291
20.29/20.50	20.5007	252	60955
20.29/20.50	20.5027	251	60960
21.19/21.20	21.1991	250	63247
21.79/21.88	21.8791	249	65545
24.29/24.33	24.3321	248	73973
24.49/24.52	24.5238	247	74623
32.33/32.38	32.3844	246	100215
33.49/33.58	33.5792	245	104116
33.49/33.71	33.7143	244	104550
85.71/85.76	85.7598	243	270123
118.48/118.53	118.528	242	374470
145.90/146.26	146.255	241	460354
552.57/552.64	552.623	240	1695955
