0.00/0.11	0.11343	167	0
0.00/0.12	0.118642	166	1
0.00/0.12	0.125306	165	2
0.00/0.13	0.131379	164	3
0.00/0.14	0.136847	163	4
0.00/0.14	0.142361	162	5
0.00/0.15	0.147498	161	6
0.00/0.15	0.152408	160	7
0.00/0.16	0.157238	159	8
0.00/0.16	0.161894	158	9
0.00/0.17	0.166934	157	11
0.00/0.17	0.171911	156	13
0.00/0.18	0.176883	155	15
0.00/0.18	0.182182	154	19
0.00/0.19	0.186963	153	21
0.00/0.19	0.191977	152	24
0.00/0.20	0.196387	151	25
0.00/0.20	0.201278	150	28
0.00/0.20	0.205883	149	31
0.00/0.21	0.210605	147	35
0.00/0.21	0.215195	146	37
0.00/0.22	0.219986	145	40
0.00/0.22	0.225281	144	45
0.00/0.23	0.230955	143	51
0.00/0.24	0.237156	142	59
0.00/0.24	0.243036	141	66
0.00/0.25	0.249307	140	75
0.00/0.25	0.254537	139	80
0.00/0.26	0.259423	138	85
0.00/0.26	0.264037	137	88
0.00/0.27	0.269049	136	93
0.00/0.27	0.273954	135	98
0.00/0.28	0.27878	134	102
0.00/0.28	0.28316	133	105
0.00/0.29	0.292763	132	126
0.00/0.30	0.303495	131	151
0.00/0.31	0.309847	130	163
0.00/0.32	0.325297	129	206
0.00/0.33	0.330366	128	213
0.00/0.33	0.336233	127	222
0.00/0.34	0.346077	126	243
0.35/0.35	0.356149	125	264
0.35/0.36	0.362476	124	273
0.39/0.41	0.409077	123	425
0.49/0.51	0.515628	122	793
0.49/0.57	0.572987	121	987
0.49/0.59	0.59408	120	1050
0.59/0.68	0.683132	119	1357
0.69/0.75	0.751679	118	1622
0.98/1.09	1.08639	117	2951
1.19/1.36	1.35824	116	4076
1.48/1.63	1.63416	115	5291
1.69/1.79	1.79514	114	5911
2.29/2.36	2.36135	113	8196
7.39/7.45	7.44747	112	29960
13.89/13.91	13.9075	111	56763
53.49/53.59	53.5851	110	225854
267.79/268.15	268.141	109	1144456
674.58/674.64	674.624	108	2885994
999.66/1000.07	667.699	72114422	4295916
