0.09/0.10	0.106047	167	0
0.09/0.11	0.111279	166	1
0.09/0.11	0.116296	165	2
0.09/0.12	0.121284	164	3
0.09/0.12	0.126221	163	4
0.09/0.13	0.131195	162	5
0.09/0.13	0.136087	161	6
0.09/0.14	0.140744	160	7
0.09/0.14	0.145479	159	8
0.09/0.15	0.150131	158	9
0.09/0.15	0.155149	157	11
0.09/0.16	0.160097	156	13
0.09/0.16	0.165066	155	15
0.09/0.17	0.170369	154	19
0.09/0.17	0.17515	153	21
0.09/0.18	0.18016	152	24
0.09/0.18	0.184548	151	25
0.09/0.19	0.189456	150	28
0.09/0.19	0.194028	149	31
0.19/0.20	0.198752	147	35
0.19/0.20	0.203319	146	37
0.19/0.21	0.208083	145	40
0.19/0.21	0.21336	144	45
0.19/0.22	0.219027	143	51
0.19/0.22	0.225246	142	59
0.19/0.23	0.231126	141	66
0.19/0.23	0.237405	140	75
0.19/0.24	0.242604	139	80
0.19/0.24	0.247486	138	85
0.19/0.25	0.252074	137	88
0.19/0.25	0.257087	136	93
0.19/0.26	0.26201	135	98
0.19/0.26	0.266831	134	102
0.19/0.27	0.271216	133	105
0.19/0.28	0.280817	132	126
0.19/0.29	0.291553	131	151
0.19/0.30	0.2979	130	163
0.29/0.31	0.313376	129	206
0.29/0.32	0.318451	128	213
0.29/0.32	0.324079	127	222
0.29/0.33	0.333323	126	243
0.29/0.34	0.342797	125	264
0.29/0.35	0.348757	124	273
0.29/0.39	0.393824	123	425
0.49/0.50	0.501248	122	793
0.49/0.56	0.558715	121	987
0.49/0.58	0.579466	120	1050
0.59/0.66	0.660062	119	1357
0.69/0.72	0.726699	118	1622
0.79/1.05	1.05192	117	2951
0.79/1.32	1.32363	116	4076
1.51/1.60	1.59962	115	5291
1.69/1.76	1.76082	114	5911
2.29/2.32	2.3274	113	8196
7.36/7.38	7.38696	112	29960
13.79/13.86	13.8664	111	56763
53.49/53.52	53.5219	110	225854
268.08/268.18	268.173	109	1144456
671.97/672.03	672.01	108	2885994
999.96/1000.07	667.836	72352806	4310766
