0.58/0.61	0.60368	1131	0
0.58/0.62	0.620259	1130	2
0.58/0.64	0.636651	1129	3
0.58/0.66	0.653898	1127	6
0.58/0.67	0.670744	1126	8
0.58/0.69	0.687404	1125	10
0.68/0.71	0.703767	1124	11
0.68/0.72	0.720965	1123	14
0.68/0.74	0.737691	1121	16
0.68/0.76	0.75396	1120	17
0.68/0.77	0.770547	1119	19
0.68/0.79	0.789125	1117	25
0.78/0.81	0.805641	1114	27
0.78/0.83	0.822959	1113	30
0.78/0.84	0.840288	1111	34
0.78/0.86	0.856845	1110	36
0.78/0.88	0.873027	1108	37
0.78/0.89	0.889512	1107	39
0.88/0.91	0.905838	1106	41
0.88/0.93	0.921803	1105	42
0.88/0.94	0.938015	1104	43
0.88/0.96	0.953982	1103	44
0.88/0.97	0.969938	1101	45
0.88/0.99	0.986074	1100	46
0.98/1.01	1.0036	1099	51
0.98/1.03	1.0213	1096	57
0.98/1.04	1.03955	1094	64
0.98/1.06	1.05619	1093	67
0.98/1.08	1.07199	1092	68
0.98/1.09	1.0878	1091	69
0.98/1.11	1.10378	1090	70
0.98/1.13	1.12103	1089	74
0.98/1.14	1.13715	1087	76
0.98/1.16	1.15337	1086	78
0.98/1.17	1.16972	1085	80
0.98/1.19	1.18579	1082	82
0.98/1.21	1.20156	1081	83
0.98/1.22	1.21718	1080	84
0.98/1.24	1.23285	1079	85
0.98/1.25	1.24864	1078	86
0.98/1.27	1.26491	1076	88
0.98/1.28	1.28079	1075	90
0.98/1.30	1.29623	1073	91
0.98/1.32	1.312	1071	93
0.98/1.33	1.32816	1070	96
0.98/1.35	1.34353	1069	97
0.98/1.36	1.36014	1067	101
0.98/1.38	1.37566	1066	102
0.98/1.40	1.39102	1065	103
0.98/1.41	1.40641	1064	104
0.98/1.43	1.4219	1063	106
1.42/1.44	1.43831	1062	110
1.42/1.46	1.4544	1060	113
1.42/1.47	1.47044	1057	116
1.42/1.49	1.48675	1056	120
1.42/1.51	1.50189	1055	121
1.42/1.52	1.51734	1054	122
1.50/1.54	1.5339	1052	127
1.50/1.55	1.54927	1051	129
1.50/1.58	1.56721	1050	138
1.50/1.59	1.58362	1049	142
1.58/1.61	1.60034	1048	147
1.58/1.63	1.61699	1047	151
1.58/1.64	1.63337	1046	155
1.58/1.66	1.64967	1045	159
1.58/1.67	1.66509	1044	160
1.58/1.69	1.68003	1043	161
1.67/1.70	1.69497	1041	162
1.67/1.72	1.70992	1040	163
1.67/1.73	1.72433	1039	164
1.67/1.75	1.74018	1038	167
1.67/1.76	1.75582	1037	169
1.67/1.78	1.76985	1036	170
1.67/1.79	1.78457	1035	172
1.77/1.81	1.79947	1034	173
1.77/1.82	1.81551	1033	177
1.77/1.84	1.83142	1032	181
1.77/1.86	1.84742	1031	185
1.77/1.87	1.86233	1030	186
1.77/1.89	1.87787	1029	189
1.87/1.90	1.89332	1028	192
1.87/1.92	1.91176	1025	201
1.87/1.94	1.9337	1023	220
1.87/1.96	1.94994	1022	225
1.87/1.97	1.96454	1021	226
1.87/1.99	1.98206	1019	233
1.97/2.01	1.99747	1018	236
1.97/2.02	2.01242	1017	238
1.97/2.04	2.02874	1015	246
1.97/2.05	2.04393	1014	251
1.97/2.07	2.05928	1013	255
1.97/2.08	2.07377	1012	256
2.07/2.10	2.08944	1011	260
2.07/2.11	2.10396	1010	261
2.07/2.13	2.11917	1009	264
2.07/2.14	2.13288	1008	265
2.07/2.16	2.14669	1007	266
2.07/2.17	2.1605	1006	267
2.07/2.18	2.17465	1005	269
2.17/2.20	2.19008	1003	274
2.17/2.21	2.20469	1002	278
2.17/2.23	2.22306	1001	290
2.17/2.25	2.23809	1000	293
2.17/2.26	2.25409	999	298
2.17/2.28	2.27028	998	305
2.27/2.30	2.28645	997	311
2.27/2.31	2.30031	996	312
2.27/2.32	2.3144	995	313
2.27/2.34	2.3288	993	316
2.27/2.35	2.343	991	317
2.27/2.37	2.35813	990	320
2.27/2.38	2.37173	989	321
2.27/2.40	2.38621	987	325
2.38/2.41	2.40017	986	326
2.38/2.42	2.41427	985	327
2.38/2.44	2.42842	984	328
2.38/2.45	2.44524	982	337
2.38/2.47	2.46036	981	341
2.38/2.48	2.4747	980	343
2.38/2.50	2.49142	979	352
2.38/2.52	2.50598	978	356
2.38/2.53	2.51989	977	357
2.38/2.54	2.53504	976	362
2.38/2.56	2.54827	975	363
2.38/2.59	2.57614	974	402
2.38/2.61	2.59767	973	423
2.38/2.62	2.61073	972	424
2.38/2.63	2.62394	971	425
2.38/2.65	2.6441	970	443
2.38/2.67	2.66092	969	452
2.38/2.69	2.6774	968	460
2.38/2.70	2.69191	967	463
2.38/2.72	2.70624	966	465
2.38/2.73	2.72213	965	472
2.38/2.74	2.73589	964	473
2.73/2.76	2.75145	963	477
2.73/2.78	2.77057	962	492
2.73/2.79	2.78436	961	494
2.73/2.81	2.79833	960	497
2.73/2.82	2.81438	959	505
2.73/2.84	2.82792	958	506
2.82/2.86	2.85003	957	530
2.82/2.88	2.87414	956	559
2.87/2.92	2.9128	955	625
2.87/2.94	2.93001	954	634
2.87/2.96	2.9518	953	655
2.87/2.98	2.96656	952	659
2.87/2.99	2.98171	951	665
2.97/3.03	3.02164	950	732
3.07/3.12	3.10674	948	913
3.07/3.13	3.12365	947	922
3.07/3.15	3.13788	946	925
3.07/3.17	3.16186	945	952
3.07/3.19	3.17829	944	962
3.18/3.21	3.19733	943	979
3.18/3.22	3.2119	942	983
3.18/3.24	3.23122	941	999
3.18/3.27	3.26003	940	1039
3.27/3.34	3.3287	939	1183
3.27/3.38	3.37505	938	1268
3.37/3.40	3.39038	937	1276
3.37/3.42	3.4062	936	1284
3.37/3.44	3.42633	935	1302
3.37/3.45	3.43997	934	1304
3.37/3.47	3.4618	933	1327
3.37/3.48	3.47573	932	1329
3.47/3.51	3.50297	931	1368
3.47/3.53	3.51595	930	1369
3.47/3.54	3.53464	929	1385
3.57/3.61	3.60434	928	1529
3.57/3.63	3.61744	927	1530
3.57/3.64	3.63051	926	1531
3.57/3.67	3.66456	925	1585
3.67/3.70	3.69267	924	1622
3.67/3.72	3.70738	923	1628
3.67/3.74	3.73397	922	1662
3.67/3.80	3.79386	920	1785
3.67/3.82	3.80797	919	1789
3.67/3.83	3.82144	918	1791
3.67/3.84	3.83426	917	1792
3.67/3.88	3.86755	914	1841
3.67/3.89	3.88282	913	1847
3.67/3.90	3.89577	912	1848
3.67/3.92	3.91194	911	1858
3.67/4.05	4.04222	910	2163
3.67/4.08	4.06835	909	2200
4.07/4.09	4.08238	908	2204
4.17/4.20	4.19385	905	2468
4.17/4.24	4.22832	904	2525
4.27/4.35	4.34231	903	2790
4.27/4.37	4.35916	902	2802
4.47/4.57	4.55952	899	3304
4.67/4.78	4.77128	897	3830
4.77/4.80	4.78606	895	3837
4.77/4.81	4.80019	894	3842
4.77/4.82	4.81273	893	3843
4.97/5.25	5.23888	892	4947
4.97/5.28	5.26948	891	4995
5.87/5.97	5.96486	890	6781
5.87/5.99	5.97754	889	6784
6.08/6.13	6.11944	887	7128
6.08/6.14	6.13129	886	7129
6.28/6.35	6.33967	885	7643
6.28/6.39	6.38558	884	7732
6.38/6.41	6.39838	883	7733
6.38/6.48	6.47389	881	7901
6.48/6.56	6.54679	880	8062
6.48/6.57	6.56212	879	8071
7.07/7.18	7.17296	878	9641
7.17/7.20	7.19119	877	9659
7.58/7.61	7.60538	876	10735
7.58/7.63	7.61759	875	10736
7.58/7.64	7.63241	874	10743
7.68/7.70	7.68613	873	10848
11.18/11.24	11.2299	871	20115
11.18/11.25	11.2422	870	20118
11.18/11.26	11.2553	869	20121
11.18/11.28	11.2694	868	20127
14.15/14.22	14.2094	866	27798
15.73/15.81	15.7992	865	31926
18.07/18.19	18.178	864	38241
18.07/18.20	18.19	863	38242
18.56/18.78	18.7665	861	39739
18.56/18.79	18.7785	860	39740
21.56/21.65	21.6389	859	47394
21.77/21.80	21.7934	858	47760
25.38/25.49	25.4757	857	57598
25.58/25.93	25.9184	856	58744
27.68/27.80	27.7852	855	63721
28.48/28.58	28.5739	854	65783
39.27/39.36	39.3466	853	94628
39.27/39.37	39.3588	852	94629
39.88/39.97	39.96	851	96196
