0.60/0.67	0.672657	1152	0
0.60/0.69	0.688876	1151	1
0.69/0.70	0.705352	1149	3
0.69/0.72	0.721218	1147	4
0.69/0.74	0.737405	1145	6
0.69/0.75	0.753495	1144	8
0.69/0.77	0.769275	1143	9
0.69/0.78	0.785739	1142	11
0.79/0.80	0.802611	1141	13
0.79/0.82	0.819329	1140	14
0.79/0.83	0.835908	1136	15
0.79/0.85	0.852757	1134	17
0.79/0.87	0.86916	1133	18
0.79/0.88	0.885137	1132	19
0.89/0.90	0.901266	1130	21
0.89/0.91	0.917079	1128	22
0.89/0.93	0.93342	1127	23
0.89/0.95	0.949828	1125	24
0.89/0.96	0.96681	1124	26
0.89/0.98	0.983489	1123	28
0.89/1.00	1.00051	1120	30
0.89/1.02	1.01702	1118	32
0.89/1.03	1.03443	1117	37
0.89/1.05	1.05064	1116	38
0.89/1.06	1.06603	1115	39
0.89/1.08	1.08186	1114	41
0.89/1.10	1.09827	1113	42
1.10/1.11	1.1147	1112	44
1.10/1.13	1.1302	1111	45
1.10/1.14	1.14582	1110	46
1.10/1.16	1.16132	1109	47
1.10/1.18	1.17759	1108	50
1.10/1.20	1.19521	1105	56
1.20/1.21	1.21111	1104	57
1.20/1.23	1.22706	1103	58
1.20/1.24	1.24294	1101	59
1.20/1.26	1.26067	1099	64
1.20/1.28	1.27694	1098	66
1.20/1.29	1.29269	1097	67
1.29/1.31	1.30914	1095	69
1.29/1.33	1.32538	1094	71
1.29/1.34	1.34122	1093	72
1.29/1.36	1.35711	1092	73
1.29/1.37	1.37271	1091	74
1.29/1.39	1.3884	1090	75
1.39/1.41	1.40648	1089	81
1.39/1.42	1.42232	1088	82
1.39/1.44	1.4388	1087	85
1.39/1.46	1.45494	1086	86
1.39/1.47	1.47054	1085	87
1.39/1.49	1.48712	1084	88
1.49/1.50	1.50229	1083	90
1.49/1.52	1.51714	1082	91
1.49/1.53	1.53271	1080	93
1.49/1.55	1.54751	1079	94
1.49/1.57	1.56776	1076	108
1.49/1.59	1.58403	1075	110
1.59/1.60	1.59978	1074	111
1.59/1.62	1.61551	1073	112
1.59/1.63	1.63091	1072	113
1.59/1.65	1.64643	1071	114
1.59/1.66	1.66345	1070	119
1.59/1.68	1.67906	1069	120
1.69/1.70	1.69453	1068	121
1.69/1.71	1.71002	1067	122
1.69/1.73	1.72496	1066	123
1.69/1.74	1.74065	1064	125
1.69/1.76	1.75658	1063	127
1.69/1.77	1.77225	1062	129
1.69/1.79	1.78753	1061	130
1.79/1.80	1.80316	1060	132
1.79/1.82	1.82005	1059	136
1.79/1.84	1.8357	1058	138
1.79/1.85	1.85187	1057	141
1.79/1.87	1.86963	1055	149
1.79/1.89	1.88591	1054	153
1.89/1.90	1.90109	1053	155
1.89/1.92	1.91852	1051	163
1.89/1.94	1.93445	1050	166
1.89/1.96	1.95382	1048	177
1.89/1.97	1.96893	1047	178
1.89/1.99	1.98391	1046	179
1.99/2.00	1.99977	1045	181
1.99/2.02	2.01395	1044	182
1.99/2.03	2.02874	1043	184
1.99/2.04	2.04328	1042	185
1.99/2.06	2.05947	1041	190
1.99/2.08	2.07393	1039	191
1.99/2.09	2.08865	1038	192
1.99/2.11	2.10411	1037	195
2.10/2.12	2.11958	1035	200
2.10/2.14	2.13389	1034	201
2.10/2.15	2.14924	1033	204
2.10/2.17	2.16399	1031	207
2.10/2.18	2.17809	1030	208
2.10/2.20	2.1935	1029	212
2.10/2.21	2.20843	1028	213
2.10/2.23	2.22758	1027	226
2.10/2.24	2.24247	1026	227
2.10/2.26	2.25704	1025	228
2.10/2.28	2.27386	1022	235
2.10/2.29	2.2879	1021	236
2.10/2.30	2.30211	1020	237
2.10/2.32	2.3174	1019	240
2.10/2.33	2.33176	1018	241
2.10/2.35	2.34698	1016	244
2.10/2.36	2.36257	1015	248
2.10/2.39	2.38561	1014	272
2.10/2.40	2.3999	1012	273
2.10/2.42	2.41443	1011	275
2.10/2.43	2.42878	1010	276
2.10/2.45	2.44378	1009	278
2.10/2.46	2.45902	1008	281
2.10/2.47	2.47309	1007	282
2.10/2.49	2.48864	1006	286
2.10/2.51	2.50521	1005	294
2.10/2.52	2.51954	1004	295
2.10/2.54	2.53464	1003	298
2.54/2.55	2.54915	1002	299
2.54/2.57	2.56404	1001	302
2.54/2.58	2.57929	1000	306
2.54/2.59	2.59348	999	307
2.54/2.61	2.60782	998	308
2.62/2.63	2.63048	997	330
2.62/2.65	2.64496	996	332
2.62/2.66	2.66031	995	336
2.62/2.68	2.6743	994	337
2.62/2.69	2.68792	993	338
2.69/2.70	2.70254	992	340
2.69/2.72	2.71921	991	348
2.69/2.74	2.73995	989	365
2.69/2.76	2.7558	988	371
2.69/2.77	2.77332	987	381
2.69/2.79	2.78799	986	383
2.79/2.82	2.81908	983	424
2.79/2.84	2.83562	982	432
2.79/2.86	2.85967	980	459
2.89/2.90	2.89554	978	515
2.89/2.91	2.91117	977	521
2.89/2.93	2.92938	975	534
2.89/2.96	2.95449	973	562
2.89/2.97	2.97062	972	568
2.89/2.99	2.98422	971	569
2.99/3.00	2.9995	970	573
2.99/3.02	3.01439	969	578
2.99/3.04	3.03383	967	593
2.99/3.05	3.04753	966	594
2.99/3.06	3.06172	965	596
2.99/3.08	3.07512	964	597
2.99/3.09	3.08924	963	600
3.09/3.11	3.1062	962	609
3.09/3.12	3.12002	961	611
3.09/3.15	3.1467	960	646
3.09/3.16	3.16268	959	653
3.09/3.19	3.18824	958	686
3.19/3.21	3.21258	957	713
3.19/3.23	3.23055	956	725
3.19/3.25	3.24538	955	730
3.19/3.26	3.25956	954	732
3.19/3.28	3.27796	952	745
3.19/3.29	3.29169	951	747
3.29/3.31	3.30508	950	748
3.29/3.32	3.31862	949	749
3.29/3.35	3.35053	948	798
3.29/3.37	3.36655	947	805
3.29/3.38	3.38095	946	808
3.39/3.42	3.41844	945	874
3.39/3.43	3.43268	944	877
3.39/3.45	3.45031	943	889
3.39/3.47	3.46908	942	904
3.39/3.49	3.484	941	909
3.49/3.50	3.50267	940	923
3.49/3.53	3.52366	939	941
3.49/3.54	3.53758	938	945
3.49/3.57	3.56824	937	990
3.49/3.60	3.59652	934	1027
3.49/3.61	3.60974	933	1028
3.49/3.65	3.65272	931	1103
3.65/3.72	3.7213	930	1244
3.65/3.79	3.78624	929	1373
3.65/3.80	3.80036	928	1377
3.65/3.81	3.81342	927	1378
3.65/3.89	3.88628	925	1533
3.65/3.90	3.90297	924	1543
3.65/3.92	3.91705	923	1547
3.92/3.93	3.93045	922	1549
3.92/3.96	3.95986	921	1591
3.92/3.97	3.97283	920	1592
3.99/4.03	4.02743	919	1701
3.99/4.05	4.05224	918	1736
3.99/4.07	4.06704	917	1744
3.99/4.08	4.08075	916	1747
4.09/4.10	4.09517	915	1752
4.09/4.12	4.11744	914	1777
4.29/4.33	4.32821	913	2297
4.29/4.34	4.34127	912	2298
4.49/4.56	4.55624	909	2832
4.49/4.57	4.56946	908	2834
4.59/4.65	4.64744	907	3006
4.79/4.87	4.8733	906	3555
4.79/4.99	4.98436	904	3813
4.79/5.02	5.02265	901	3877
4.79/5.14	5.14297	900	4159
4.79/5.16	5.15737	899	4161
4.79/5.17	5.17049	897	4163
4.79/5.19	5.18393	896	4164
5.20/5.24	5.24223	894	4277
5.20/5.29	5.29335	893	4376
5.20/5.31	5.3101	892	4387
5.30/5.33	5.32461	891	4392
5.30/5.37	5.37317	890	4485
6.69/6.76	6.75432	888	8065
6.69/6.77	6.76645	887	8066
7.49/7.55	7.55242	885	10089
7.49/7.57	7.5657	883	10092
7.89/7.98	7.98165	882	11129
8.09/8.10	8.09626	880	11391
8.59/8.63	8.63237	879	12750
8.59/8.65	8.64772	878	12759
10.79/10.87	10.8686	877	18571
10.79/10.89	10.8841	876	18579
11.78/11.80	11.7999	875	21010
12.49/12.69	12.6886	872	23287
15.59/15.67	15.6711	871	31237
15.69/15.70	15.6993	870	31280
15.79/15.80	15.7986	868	31518
16.11/16.21	16.2093	867	32617
20.59/20.60	20.6004	866	45132
20.59/20.62	20.6139	865	45140
21.79/21.83	21.8283	863	48624
21.79/22.01	22.0116	861	49121
21.90/22.03	22.0231	860	49125
26.18/26.27	26.2701	858	61314
26.18/26.28	26.2827	857	61321
26.28/26.30	26.2955	856	61329
26.28/26.31	26.3121	855	61346
26.28/26.33	26.324	853	61351
751.86/751.91	751.888	851	2214658
