0.59/0.65	0.654085	1129	0
0.59/0.67	0.669932	1128	1
0.59/0.68	0.686338	1125	2
0.69/0.70	0.702686	1124	3
0.69/0.72	0.719557	1123	5
0.69/0.73	0.736704	1122	7
0.69/0.75	0.752906	1121	9
0.69/0.77	0.769169	1120	10
0.69/0.78	0.78549	1119	11
0.79/0.80	0.802563	1117	13
0.79/0.82	0.818681	1116	14
0.79/0.83	0.834943	1115	15
0.79/0.85	0.851624	1113	17
0.79/0.87	0.867697	1112	18
0.79/0.88	0.885365	1111	21
0.89/0.90	0.902134	1110	23
0.89/0.92	0.918106	1109	24
0.89/0.93	0.934719	1108	25
0.89/0.95	0.950743	1107	26
0.89/0.97	0.967709	1104	29
0.89/0.98	0.984094	1103	31
0.89/1.00	1.00061	1102	33
1.00/1.01	1.01654	1100	34
1.00/1.03	1.03241	1098	35
1.00/1.05	1.04843	1097	36
1.00/1.06	1.06434	1095	37
1.00/1.08	1.08017	1094	38
1.00/1.09	1.09723	1093	42
1.09/1.11	1.11297	1092	43
1.09/1.13	1.12849	1091	44
1.09/1.14	1.14371	1090	45
1.09/1.16	1.16057	1089	49
1.09/1.18	1.17881	1087	56
1.09/1.19	1.19436	1086	57
1.19/1.21	1.21032	1085	59
1.19/1.22	1.22593	1084	60
1.19/1.24	1.24205	1080	62
1.19/1.25	1.25678	1079	63
1.19/1.27	1.27182	1078	64
1.19/1.28	1.28734	1077	65
1.29/1.30	1.30404	1076	69
1.29/1.32	1.31957	1075	70
1.29/1.33	1.33496	1074	71
1.29/1.35	1.35046	1072	72
1.29/1.36	1.36587	1071	73
1.29/1.38	1.38176	1070	75
1.29/1.39	1.39719	1069	76
1.39/1.41	1.41288	1067	78
1.39/1.43	1.43002	1066	84
1.39/1.44	1.44541	1065	85
1.39/1.46	1.46151	1063	87
1.39/1.47	1.47738	1061	89
1.39/1.49	1.49325	1060	91
1.39/1.51	1.50859	1059	92
1.39/1.52	1.52465	1058	95
1.39/1.54	1.54108	1057	99
1.39/1.55	1.55634	1056	100
1.39/1.57	1.57146	1055	101
1.39/1.58	1.58705	1054	103
1.39/1.60	1.60255	1053	105
1.39/1.62	1.6178	1052	106
1.39/1.63	1.63416	1051	110
1.39/1.65	1.64923	1050	111
1.39/1.66	1.66435	1049	112
1.39/1.68	1.67969	1048	113
1.39/1.69	1.69513	1047	115
1.39/1.71	1.71018	1046	116
1.39/1.72	1.72546	1045	118
1.39/1.74	1.74213	1043	122
1.39/1.76	1.75754	1042	124
1.39/1.77	1.77284	1041	126
1.39/1.79	1.7878	1040	127
1.79/1.80	1.80314	1039	129
1.79/1.82	1.81806	1038	130
1.79/1.83	1.83367	1037	132
1.79/1.85	1.85093	1036	139
1.79/1.86	1.8657	1035	140
1.79/1.88	1.88225	1034	145
1.79/1.90	1.89942	1033	150
1.90/1.91	1.91424	1032	151
1.90/1.93	1.92909	1031	152
1.90/1.95	1.94822	1029	163
1.90/1.96	1.96352	1028	165
1.90/1.98	1.98033	1026	172
1.90/1.99	1.99521	1025	173
1.99/2.01	2.00957	1024	174
1.99/2.02	2.02368	1023	175
1.99/2.04	2.03859	1022	177
1.99/2.05	2.05457	1021	183
1.99/2.07	2.07145	1020	190
1.99/2.08	2.0866	1019	192
1.99/2.10	2.1008	1018	193
2.10/2.11	2.11667	1015	199
2.10/2.13	2.13163	1014	201
2.10/2.16	2.15801	1013	233
2.10/2.17	2.17272	1012	236
2.10/2.19	2.18973	1011	244
2.19/2.20	2.20452	1010	246
2.19/2.22	2.2187	1009	247
2.19/2.23	2.23286	1008	248
2.19/2.25	2.25324	1007	264
2.19/2.27	2.26782	1006	266
2.19/2.29	2.29725	1004	309
2.29/2.31	2.31294	1003	314
2.29/2.33	2.32844	1002	318
2.29/2.34	2.3428	1001	319
2.29/2.36	2.36242	999	333
2.29/2.38	2.38496	997	355
2.39/2.40	2.39906	996	356
2.39/2.41	2.41642	995	365
2.39/2.45	2.45267	993	424
2.39/2.47	2.47171	991	437
2.39/2.48	2.48557	990	438
2.49/2.50	2.49924	989	439
2.49/2.51	2.51342	987	442
2.49/2.53	2.53293	986	459
2.49/2.55	2.54836	985	464
2.49/2.56	2.56609	984	476
2.49/2.59	2.59584	982	519
2.59/2.63	2.63113	977	575
2.59/2.64	2.646	976	579
2.59/2.66	2.66059	975	582
2.59/2.68	2.68044	974	599
2.59/2.69	2.69497	973	602
2.69/2.71	2.70946	972	604
2.69/2.72	2.72288	971	605
2.69/2.73	2.73731	970	606
2.69/2.75	2.75192	969	611
2.69/2.76	2.76542	968	612
2.69/2.78	2.77949	967	615
2.69/2.79	2.79366	966	618
2.78/2.80	2.80708	965	619
2.78/2.82	2.82696	964	636
2.78/2.84	2.84027	963	638
2.78/2.85	2.85457	962	642
2.78/2.87	2.86866	961	644
2.78/2.88	2.88221	960	645
2.78/2.89	2.89695	959	648
2.78/2.91	2.91184	958	651
2.78/2.93	2.92813	957	657
2.78/2.94	2.94404	956	664
2.78/2.96	2.95751	955	665
2.78/2.97	2.97145	954	667
2.78/2.98	2.98503	953	668
2.78/3.00	3.00262	952	679
2.78/3.01	3.01693	951	682
2.78/3.03	3.03077	950	684
2.78/3.04	3.0435	949	685
2.78/3.06	3.05815	948	691
2.78/3.07	3.07669	947	706
2.78/3.09	3.09178	946	711
3.10/3.17	3.16746	944	869
3.10/3.19	3.18811	943	890
3.10/3.20	3.20125	942	891
3.10/3.24	3.2406	941	956
3.10/3.25	3.25416	940	958
3.10/3.28	3.27922	939	990
3.10/3.29	3.29545	938	998
3.10/3.31	3.30864	937	999
3.31/3.32	3.32396	936	1006
3.31/3.33	3.33735	935	1007
3.31/3.35	3.35122	934	1010
3.39/3.42	3.41761	933	1149
3.39/3.44	3.44273	931	1179
3.39/3.49	3.48854	929	1264
3.49/3.50	3.50189	928	1266
3.49/3.53	3.52873	927	1302
3.49/3.55	3.54759	926	1320
3.49/3.56	3.56089	925	1322
3.49/3.57	3.57401	924	1323
3.59/3.60	3.59929	923	1355
3.59/3.61	3.61467	922	1361
3.59/3.65	3.6535	921	1429
3.59/3.67	3.67116	920	1441
3.69/3.71	3.71468	919	1521
3.69/3.73	3.72916	918	1526
3.99/4.04	4.0457	916	2317
3.99/4.06	4.06005	915	2322
3.99/4.07	4.07377	914	2325
3.99/4.09	4.09255	913	2343
4.09/4.11	4.10776	912	2349
4.09/4.12	4.12061	911	2350
4.09/4.13	4.13532	910	2356
4.19/4.41	4.41174	908	3031
4.19/4.42	4.42528	907	3035
4.42/4.64	4.63749	905	3545
4.42/4.65	4.65474	904	3559
4.42/4.75	4.75532	903	3785
4.79/4.83	4.83512	902	3958
4.89/4.91	4.91547	901	4130
4.89/4.97	4.97166	900	4245
4.89/4.98	4.98628	899	4252
4.99/5.00	4.9992	898	4254
4.99/5.01	5.01219	897	4256
4.99/5.03	5.03099	896	4272
4.99/5.05	5.05338	895	4297
4.99/5.07	5.07021	894	4310
5.29/5.37	5.37248	892	5051
5.49/5.54	5.54394	891	5463
5.49/5.55	5.55662	890	5464
5.59/5.63	5.62886	889	5629
5.59/5.64	5.64326	888	5634
5.59/5.65	5.65583	887	5635
5.59/6.05	6.04826	886	6609
6.49/6.54	6.54527	885	7875
6.99/7.03	7.03646	884	9109
6.99/7.10	7.09733	882	9236
8.96/9.04	9.04582	880	14219
9.78/9.86	9.86074	879	16319
9.78/9.87	9.8745	878	16324
9.78/9.89	9.89051	877	16335
9.98/10.16	10.1672	875	17045
9.98/10.18	10.1801	874	17049
9.98/10.21	10.2159	873	17109
14.29/14.39	14.3923	870	28031
14.98/15.01	15.0091	869	29594
15.29/15.31	15.3089	868	30346
15.29/15.32	15.322	867	30349
15.29/15.38	15.3839	866	30474
15.89/15.91	15.9127	864	31802
15.89/16.51	16.5126	863	33358
16.61/16.62	16.6229	862	33623
16.61/16.64	16.6375	861	33631
16.69/16.73	16.7319	860	33846
16.69/16.74	16.744	859	33847
23.28/23.76	23.7581	858	52397
23.94/23.99	23.9966	857	53000
30.69/30.77	30.7711	855	71090
30.69/30.78	30.7849	854	71098
30.69/30.95	30.9481	853	71491
49.49/49.58	49.5773	852	121039
