0.59/0.68	0.678802	1128	0
0.59/0.69	0.694785	1127	1
0.69/0.71	0.711615	1126	3
0.69/0.73	0.728101	1125	4
0.69/0.74	0.74456	1124	5
0.69/0.76	0.761393	1122	7
0.69/0.78	0.777621	1121	8
0.69/0.79	0.793449	1120	10
0.79/0.81	0.809276	1119	12
0.79/0.82	0.82479	1116	13
0.79/0.84	0.841068	1115	15
0.79/0.86	0.85686	1113	16
0.79/0.87	0.873104	1112	18
0.79/0.89	0.889595	1111	19
0.89/0.90	0.906036	1110	21
0.89/0.92	0.922579	1109	23
0.89/0.94	0.938638	1108	24
0.89/0.95	0.955278	1107	26
0.89/0.97	0.971339	1106	27
0.89/0.99	0.988892	1104	32
0.99/1.00	1.00483	1103	33
0.99/1.02	1.02101	1102	34
0.99/1.04	1.03733	1101	36
0.99/1.05	1.05499	1099	41
0.99/1.07	1.0711	1098	42
0.99/1.09	1.08865	1097	47
1.09/1.10	1.10465	1096	48
1.09/1.12	1.12301	1095	55
1.09/1.14	1.13897	1094	56
1.09/1.15	1.15525	1092	57
1.09/1.17	1.1732	1090	63
1.09/1.19	1.18891	1089	64
1.19/1.20	1.20482	1088	65
1.19/1.22	1.22072	1087	66
1.19/1.24	1.23667	1086	67
1.19/1.25	1.25396	1083	72
1.19/1.27	1.2697	1082	73
1.19/1.28	1.28451	1081	74
1.29/1.30	1.30011	1079	76
1.29/1.31	1.31614	1077	77
1.29/1.33	1.3334	1074	82
1.29/1.35	1.34913	1073	83
1.29/1.37	1.368	1072	91
1.29/1.38	1.38521	1071	96
1.29/1.40	1.40082	1069	97
1.29/1.42	1.4169	1067	99
1.29/1.43	1.43271	1066	101
1.29/1.45	1.44809	1065	102
1.29/1.46	1.4651	1063	107
1.29/1.48	1.48059	1062	108
1.29/1.49	1.49581	1061	109
1.29/1.51	1.51111	1060	110
1.29/1.53	1.52687	1057	112
1.29/1.54	1.54327	1056	115
1.29/1.56	1.55862	1055	116
1.29/1.57	1.57388	1054	117
1.29/1.59	1.5891	1053	118
1.29/1.60	1.60463	1052	120
1.29/1.62	1.62044	1051	123
1.29/1.63	1.63549	1050	124
1.29/1.65	1.65113	1049	126
1.29/1.67	1.6662	1048	127
1.29/1.68	1.68258	1047	131
1.68/1.70	1.69779	1046	132
1.68/1.71	1.71306	1045	133
1.68/1.73	1.73187	1044	142
1.68/1.75	1.74686	1043	143
1.68/1.76	1.76307	1042	146
1.68/1.78	1.77982	1041	152
1.68/1.79	1.79508	1040	154
1.79/1.81	1.81001	1039	155
1.79/1.82	1.8255	1038	157
1.79/1.84	1.84037	1037	158
1.79/1.85	1.85577	1035	160
1.79/1.87	1.87142	1034	163
1.79/1.89	1.88619	1033	164
1.89/1.90	1.90183	1032	167
1.89/1.92	1.91732	1031	169
1.89/1.93	1.93506	1030	176
1.89/1.95	1.95231	1028	183
1.89/1.97	1.97136	1027	194
1.89/1.99	1.98758	1026	198
1.99/2.00	2.00214	1025	199
1.99/2.02	2.01646	1024	201
1.99/2.03	2.03106	1023	203
1.99/2.05	2.04538	1022	204
1.99/2.06	2.06079	1021	207
1.99/2.08	2.07588	1020	209
1.99/2.09	2.09038	1019	210
2.09/2.11	2.10518	1018	212
2.09/2.12	2.12118	1017	217
2.09/2.14	2.13716	1016	221
2.09/2.15	2.15198	1015	223
2.09/2.17	2.16683	1014	225
2.09/2.18	2.18235	1013	228
2.19/2.20	2.19996	1012	236
2.19/2.22	2.21508	1011	238
2.19/2.23	2.23225	1010	247
2.19/2.25	2.24672	1009	249
2.19/2.26	2.26266	1008	253
2.19/2.28	2.27821	1007	257
2.28/2.30	2.29314	1006	259
2.28/2.31	2.30829	1005	262
2.28/2.33	2.32439	1004	267
2.28/2.34	2.34037	1001	272
2.28/2.36	2.35978	1000	286
2.28/2.38	2.37645	998	293
2.38/2.40	2.39157	997	296
2.38/2.41	2.4088	996	304
2.38/2.43	2.42456	995	308
2.38/2.44	2.43972	994	311
2.38/2.46	2.45407	993	312
2.38/2.47	2.46879	992	314
2.38/2.49	2.48445	991	319
2.48/2.51	2.50812	988	344
2.48/2.53	2.52435	986	352
2.48/2.54	2.53914	985	354
2.48/2.56	2.55781	984	365
2.48/2.58	2.57191	983	366
2.48/2.59	2.58623	982	368
2.58/2.61	2.60515	981	382
2.58/2.63	2.6255	979	398
2.58/2.64	2.63957	978	399
2.58/2.66	2.65369	977	400
2.58/2.67	2.66925	976	405
2.58/2.69	2.68447	975	409
2.68/2.70	2.69833	974	410
2.68/2.72	2.71414	973	416
2.68/2.73	2.72882	972	419
2.68/2.75	2.74355	971	422
2.68/2.76	2.75768	970	423
2.68/2.78	2.77202	969	427
2.68/2.79	2.78696	968	431
2.68/2.81	2.80664	967	447
2.68/2.84	2.83229	966	477
2.68/2.89	2.88067	964	567
2.68/2.91	2.9013	963	586
2.68/2.93	2.92568	960	613
2.68/2.95	2.93975	959	615
2.68/2.96	2.95786	957	627
2.68/2.98	2.9712	956	628
2.68/3.02	3.01367	955	700
2.68/3.04	3.03365	954	718
2.68/3.07	3.0617	953	756
2.68/3.08	3.07598	952	759
2.68/3.10	3.09312	951	770
3.08/3.15	3.14184	950	857
3.14/3.16	3.15618	949	860
3.18/3.22	3.21607	948	977
3.18/3.24	3.23044	947	980
3.18/3.26	3.24931	946	995
3.18/3.28	3.26932	944	1012
3.18/3.29	3.28414	943	1017
3.28/3.30	3.29738	942	1018
3.28/3.32	3.31161	941	1021
3.28/3.33	3.32777	940	1029
3.28/3.37	3.35629	939	1041
3.28/3.39	3.3775	938	1042
3.38/3.41	3.39937	937	1049
3.38/3.45	3.43791	935	1096
3.38/3.48	3.47197	934	1142
3.48/3.50	3.48785	933	1146
3.48/3.57	3.55587	931	1267
3.48/3.58	3.57051	930	1268
3.58/3.60	3.5869	929	1273
3.58/3.64	3.62743	928	1333
3.68/3.70	3.68576	927	1435
3.68/3.73	3.7185	926	1475
3.68/3.74	3.73296	925	1476
3.68/3.76	3.74935	924	1480
3.68/3.78	3.7648	923	1485
3.78/3.82	3.80726	922	1550
3.78/3.83	3.82157	921	1551
3.78/3.86	3.85237	920	1587
3.88/3.90	3.88665	919	1633
3.88/3.96	3.94635	918	1737
3.98/4.11	4.09675	915	2080
3.98/4.12	4.10941	914	2082
3.98/4.14	4.12453	912	2090
3.98/4.17	4.15764	911	2141
3.98/4.18	4.17092	910	2143
3.98/4.20	4.18999	909	2157
3.98/4.21	4.20293	908	2158
3.98/4.23	4.21624	907	2160
3.98/4.24	4.22917	906	2162
3.98/4.25	4.24148	905	2163
4.48/4.56	4.54989	903	2830
4.58/4.65	4.63846	900	3023
4.58/4.68	4.66761	899	3068
4.58/4.69	4.683	898	3075
4.68/4.71	4.69759	897	3081
4.68/4.72	4.71035	896	3083
4.98/5.07	5.06305	895	3942
5.08/5.10	5.08538	894	3969
5.08/5.11	5.09865	893	3970
5.18/5.21	5.19422	892	4165
5.48/5.55	5.53769	890	5005
5.48/5.58	5.5724	889	5059
5.48/5.60	5.58615	888	5064
5.48/5.62	5.60348	887	5077
5.48/5.64	5.62514	886	5102
5.48/5.65	5.63819	885	5104
5.48/5.67	5.65891	884	5125
5.48/5.68	5.67122	883	5126
5.48/5.74	5.7235	882	5227
5.48/5.79	5.77896	881	5335
5.48/5.80	5.79237	880	5339
5.48/5.82	5.80552	879	5342
5.48/5.83	5.81924	878	5347
5.48/5.84	5.83142	877	5348
5.48/5.86	5.84591	876	5353
5.48/5.90	5.89107	875	5434
6.08/6.10	6.09225	874	5832
6.08/6.15	6.14164	873	5918
6.08/6.17	6.15703	872	5924
6.38/6.48	6.46377	871	6608
6.38/6.49	6.48133	870	6619
6.48/6.51	6.49497	869	6620
6.48/6.52	6.51224	868	6629
6.48/6.55	6.53917	867	6664
6.48/6.56	6.55146	866	6665
6.58/6.65	6.63535	865	6854
6.78/6.84	6.82542	864	7298
6.88/7.05	7.03915	863	7830
6.88/7.38	7.36392	862	8523
6.88/7.39	7.37892	861	8528
7.98/8.04	8.03111	860	10135
7.98/8.06	8.04369	859	10136
8.08/8.12	8.10338	857	10248
8.08/8.13	8.11702	856	10251
14.18/14.23	14.2177	855	25218
14.18/14.68	14.6708	854	26316
23.08/23.51	23.4906	853	47506
24.27/24.35	24.3337	851	49650
31.37/31.45	31.4303	850	68100
31.87/32.36	32.3425	849	70443
31.87/32.37	32.355	848	70445
31.87/32.38	32.3671	847	70446
35.67/35.73	35.7091	846	79167
