0.57/0.62	0.598446	1127	0
0.57/0.63	0.614719	1126	1
0.57/0.65	0.630726	1125	2
0.57/0.66	0.647232	1123	3
0.57/0.68	0.663623	1122	4
0.67/0.70	0.680565	1120	6
0.67/0.71	0.697074	1119	7
0.67/0.73	0.71343	1118	8
0.67/0.75	0.729808	1117	9
0.67/0.76	0.746251	1116	10
0.67/0.78	0.762525	1115	11
0.77/0.80	0.779716	1114	14
0.77/0.81	0.795972	1113	15
0.77/0.83	0.812653	1112	17
0.77/0.85	0.828859	1111	18
0.77/0.86	0.846175	1110	21
0.77/0.88	0.862895	1108	23
0.87/0.90	0.879178	1107	24
0.87/0.91	0.89555	1106	25
0.87/0.93	0.912258	1105	27
0.87/0.95	0.928294	1104	28
0.87/0.96	0.94468	1103	29
0.87/0.98	0.960699	1101	30
0.87/0.99	0.976744	1100	31
0.97/1.01	0.993116	1098	33
0.97/1.03	1.00999	1097	36
0.97/1.04	1.02623	1096	37
0.97/1.06	1.04393	1095	42
0.97/1.08	1.06117	1093	46
0.97/1.09	1.07719	1092	47
1.07/1.11	1.09405	1090	50
1.07/1.13	1.10991	1089	51
1.07/1.14	1.12587	1088	52
1.07/1.16	1.14304	1087	56
1.07/1.18	1.15977	1086	59
1.07/1.19	1.17576	1085	60
1.07/1.21	1.19181	1084	61
1.07/1.22	1.20753	1082	62
1.07/1.24	1.22408	1081	64
1.07/1.26	1.23975	1079	65
1.07/1.27	1.25595	1078	67
1.07/1.29	1.27225	1077	69
1.07/1.31	1.28802	1076	70
1.07/1.32	1.30367	1075	71
1.07/1.34	1.31957	1074	72
1.07/1.35	1.33535	1073	73
1.07/1.37	1.35116	1070	77
1.07/1.38	1.36652	1069	79
1.37/1.40	1.38204	1068	80
1.37/1.41	1.39768	1067	81
1.37/1.43	1.41347	1066	82
1.37/1.45	1.42941	1063	84
1.37/1.46	1.44594	1062	88
1.37/1.48	1.46271	1060	93
1.47/1.50	1.47858	1059	95
1.47/1.51	1.49406	1058	96
1.47/1.53	1.50977	1057	98
1.47/1.54	1.52559	1056	100
1.47/1.56	1.54126	1055	102
1.47/1.58	1.55814	1053	107
1.47/1.59	1.57344	1051	108
1.57/1.61	1.58869	1050	109
1.57/1.62	1.60384	1049	110
1.57/1.64	1.61996	1047	113
1.57/1.65	1.63503	1046	115
1.57/1.67	1.6502	1045	116
1.57/1.68	1.66557	1044	118
1.67/1.70	1.6809	1043	120
1.67/1.71	1.69729	1042	124
1.67/1.73	1.71252	1041	125
1.67/1.75	1.7286	1039	129
1.67/1.76	1.7435	1038	130
1.67/1.78	1.76053	1037	135
1.67/1.79	1.77545	1036	136
1.77/1.81	1.79034	1035	137
1.77/1.82	1.80534	1034	138
1.77/1.84	1.82121	1033	141
1.77/1.85	1.83758	1032	146
1.77/1.87	1.85521	1031	153
1.77/1.89	1.87109	1030	157
1.87/1.90	1.88628	1029	159
1.87/1.92	1.90094	1028	160
1.87/1.94	1.91811	1027	166
1.87/1.95	1.93359	1026	169
1.87/1.97	1.9483	1025	170
1.87/1.98	1.9634	1024	171
1.97/2.00	1.98177	1023	182
1.97/2.01	1.99676	1022	184
1.97/2.03	2.01235	1021	187
1.97/2.04	2.0265	1020	189
1.97/2.06	2.04069	1019	190
1.97/2.07	2.05536	1018	191
1.97/2.09	2.07019	1017	192
2.07/2.10	2.08471	1015	193
2.07/2.12	2.10344	1013	205
2.07/2.14	2.11868	1011	206
2.07/2.15	2.1351	1009	212
2.07/2.17	2.15223	1008	222
2.07/2.18	2.16715	1007	224
2.17/2.20	2.18132	1006	226
2.17/2.21	2.19523	1005	228
2.17/2.23	2.21104	1004	235
2.17/2.24	2.22542	1003	237
2.17/2.26	2.2399	1002	238
2.17/2.27	2.25482	1001	241
2.17/2.29	2.27237	1000	251
2.27/2.30	2.28735	999	254
2.27/2.32	2.30176	998	255
2.27/2.34	2.31866	997	262
2.27/2.35	2.33461	996	268
2.27/2.37	2.35206	994	278
2.27/2.39	2.36947	993	287
2.27/2.40	2.38706	992	296
2.27/2.42	2.40251	991	299
2.27/2.43	2.41669	990	300
2.27/2.45	2.43151	989	303
2.27/2.49	2.46987	988	362
2.27/2.50	2.48469	987	365
2.27/2.52	2.50042	986	370
2.27/2.53	2.51632	985	375
2.27/2.55	2.53027	984	376
2.27/2.56	2.54441	983	379
2.27/2.58	2.56144	980	389
2.27/2.60	2.58188	979	406
2.27/2.61	2.59571	978	407
2.27/2.63	2.60937	977	408
2.27/2.64	2.62442	976	412
2.39/2.67	2.65214	975	449
2.39/2.68	2.66601	974	450
2.39/2.70	2.68183	973	456
2.39/2.73	2.70813	971	488
2.39/2.74	2.7251	970	497
2.73/2.76	2.74099	969	503
2.73/2.78	2.75789	968	511
2.73/2.79	2.77701	967	524
2.77/2.81	2.79256	966	529
2.77/2.82	2.8065	965	530
2.77/2.84	2.82335	964	537
2.77/2.88	2.86427	962	604
2.87/2.90	2.88062	961	612
2.87/2.92	2.90723	959	647
2.87/2.94	2.92136	958	649
2.87/2.95	2.93554	957	651
2.87/2.99	2.97318	953	711
2.97/3.01	2.99286	952	729
2.97/3.03	3.00859	951	736
2.97/3.04	3.02201	950	737
2.97/3.05	3.03566	949	738
2.97/3.07	3.05025	948	742
2.97/3.08	3.06358	947	743
2.97/3.09	3.07695	946	744
3.07/3.11	3.09639	944	761
3.07/3.13	3.11591	943	774
3.07/3.15	3.13227	942	784
3.07/3.17	3.14956	941	795
3.07/3.19	3.16815	940	809
3.17/3.23	3.21053	938	882
3.17/3.24	3.22494	937	885
3.17/3.26	3.24299	936	898
3.17/3.27	3.25615	935	899
3.17/3.29	3.27059	934	904
3.27/3.30	3.28396	933	905
3.27/3.32	3.29781	932	907
3.27/3.33	3.31039	931	908
3.27/3.34	3.3248	930	912
3.37/3.40	3.37992	928	1014
3.37/3.41	3.39505	927	1022
3.37/3.43	3.40819	926	1023
3.37/3.44	3.42765	925	1039
3.37/3.47	3.45351	923	1071
3.47/3.51	3.48851	922	1126
3.47/3.52	3.50653	921	1139
3.47/3.54	3.52082	920	1143
3.47/3.55	3.53432	919	1145
3.57/3.62	3.6024	918	1282
3.57/3.66	3.64665	917	1363
3.57/3.68	3.66649	916	1380
3.57/3.73	3.71654	915	1472
3.57/3.75	3.73048	914	1475
3.57/3.76	3.74621	913	1482
3.57/3.78	3.76718	912	1502
3.57/3.80	3.78109	911	1505
3.57/3.82	3.79901	910	1517
3.57/3.85	3.8354	909	1577
3.57/3.87	3.84811	908	1578
3.57/3.88	3.86079	907	1579
3.97/4.09	4.07167	906	2098
4.07/4.11	4.09038	905	2116
4.17/4.25	4.23098	902	2444
4.17/4.26	4.24453	901	2447
4.17/4.30	4.27789	899	2506
4.27/4.31	4.2923	898	2512
4.47/4.58	4.56428	897	3182
4.57/4.68	4.66622	896	3417
4.67/4.70	4.67958	895	3420
4.67/4.71	4.6922	894	3421
4.77/4.88	4.86174	892	3823
4.77/4.94	4.92513	891	3963
4.77/4.96	4.94298	890	3977
4.77/5.01	4.98924	889	4069
4.77/5.04	5.02101	888	4122
5.13/5.20	5.18408	887	4514
5.57/5.68	5.6665	884	5778
5.67/5.70	5.67889	883	5779
5.87/5.91	5.88933	882	6284
5.87/5.95	5.92814	881	6353
5.87/5.96	5.94555	880	6367
7.17/7.20	7.18224	879	9634
7.47/7.64	7.62495	877	10756
7.47/7.89	7.87418	876	11375
7.47/7.92	7.89983	875	11410
7.91/7.94	7.9193	874	11430
7.91/7.95	7.93186	873	11432
8.57/8.60	8.58361	871	13152
8.57/8.61	8.59659	870	13155
8.57/8.63	8.60955	869	13158
9.31/9.43	9.41287	868	15249
9.57/9.65	9.63116	866	15783
9.67/9.72	9.70609	865	15954
12.87/12.95	12.93	864	24582
15.47/15.55	15.5357	862	31546
18.36/18.43	18.4138	861	39135
24.77/24.81	24.7921	859	55896
24.77/25.40	25.3835	858	57400
25.38/25.43	25.4104	857	57441
28.67/28.78	28.7625	856	66265
29.17/29.22	29.2059	854	67408
30.57/30.67	30.6499	853	71178
33.27/33.30	33.2815	851	78120
33.57/33.70	33.6846	849	79173
