0.59/0.60	0.605896	1135	0
0.59/0.62	0.621784	1134	1
0.59/0.64	0.638716	1133	4
0.59/0.65	0.655791	1132	5
0.59/0.67	0.672387	1131	6
0.59/0.69	0.689562	1130	8
0.69/0.70	0.705627	1129	9
0.69/0.72	0.721618	1128	10
0.69/0.74	0.738095	1127	11
0.69/0.75	0.755114	1126	12
0.69/0.77	0.771541	1125	13
0.69/0.79	0.788012	1124	14
0.79/0.80	0.804747	1123	15
0.79/0.82	0.821896	1121	18
0.79/0.84	0.83803	1120	19
0.79/0.85	0.853532	1119	20
0.79/0.87	0.869029	1118	21
0.79/0.88	0.885165	1117	22
0.79/0.90	0.9014	1116	23
0.89/0.91	0.917245	1115	24
0.89/0.93	0.933463	1114	25
0.89/0.95	0.949684	1113	26
0.89/0.96	0.965907	1112	27
0.89/0.98	0.982372	1111	28
0.89/0.99	0.997767	1110	29
0.89/1.01	1.01311	1109	30
0.89/1.03	1.02842	1107	31
0.89/1.04	1.0445	1106	33
0.89/1.06	1.06136	1105	36
0.89/1.07	1.07751	1104	37
0.89/1.09	1.09361	1103	38
0.89/1.11	1.10975	1102	39
0.89/1.12	1.12519	1101	40
0.89/1.14	1.1413	1100	41
0.89/1.15	1.1577	1099	42
0.89/1.17	1.17472	1098	45
0.89/1.19	1.19148	1097	47
0.89/1.20	1.20743	1096	48
0.89/1.22	1.22283	1095	49
0.89/1.24	1.23873	1094	50
0.89/1.25	1.25448	1093	51
0.89/1.27	1.27075	1092	52
0.89/1.28	1.2866	1091	53
1.28/1.30	1.30184	1089	54
1.28/1.32	1.3186	1088	59
1.28/1.33	1.33489	1087	61
1.28/1.35	1.3507	1086	62
1.28/1.36	1.36655	1085	63
1.28/1.38	1.38238	1084	64
1.38/1.40	1.398	1083	65
1.39/1.41	1.41377	1082	67
1.39/1.43	1.42993	1080	69
1.39/1.44	1.44733	1079	73
1.39/1.46	1.46334	1078	75
1.39/1.48	1.48055	1076	80
1.39/1.49	1.4967	1075	82
1.49/1.51	1.51228	1074	83
1.49/1.53	1.52827	1073	85
1.49/1.54	1.5438	1072	86
1.49/1.56	1.56063	1070	90
1.49/1.57	1.57766	1069	95
1.49/1.59	1.59357	1068	97
1.59/1.61	1.61034	1067	101
1.59/1.62	1.62656	1066	104
1.59/1.64	1.64144	1065	105
1.59/1.65	1.65761	1064	108
1.59/1.67	1.67329	1063	109
1.59/1.69	1.68882	1062	110
1.69/1.70	1.70449	1061	111
1.69/1.72	1.72171	1059	116
1.69/1.73	1.73761	1058	118
1.69/1.75	1.75291	1057	119
1.69/1.77	1.76827	1056	120
1.69/1.78	1.7843	1055	122
1.79/1.80	1.79993	1054	124
1.79/1.81	1.81532	1053	125
1.79/1.83	1.83222	1052	130
1.79/1.85	1.85017	1050	138
1.79/1.86	1.8656	1048	140
1.79/1.88	1.8819	1047	143
1.89/1.90	1.89852	1046	148
1.89/1.91	1.91341	1045	149
1.89/1.93	1.92792	1044	150
1.89/1.94	1.94369	1043	153
1.89/1.96	1.95883	1042	154
1.89/1.97	1.97487	1041	157
1.89/1.99	1.99024	1040	159
1.99/2.00	2.00722	1039	165
1.99/2.02	2.02318	1038	169
1.99/2.04	2.03914	1037	173
1.99/2.05	2.05461	1036	177
1.99/2.07	2.06922	1035	179
1.99/2.08	2.08328	1034	180
1.99/2.09	2.09773	1033	181
2.09/2.11	2.11443	1031	186
2.09/2.13	2.13343	1028	197
2.09/2.15	2.15043	1027	203
2.09/2.16	2.16464	1026	204
2.09/2.18	2.18155	1024	213
2.09/2.19	2.19712	1023	218
2.19/2.21	2.21166	1022	219
2.19/2.23	2.23047	1021	229
2.19/2.25	2.24869	1020	238
2.19/2.26	2.2655	1018	246
2.19/2.28	2.28048	1017	248
2.19/2.29	2.2954	1016	250
2.19/2.31	2.30986	1015	252
2.19/2.32	2.32561	1014	257
2.19/2.34	2.33942	1013	258
2.19/2.35	2.35363	1012	260
2.19/2.37	2.36909	1011	265
2.19/2.38	2.38475	1010	269
2.19/2.40	2.40342	1008	280
2.19/2.42	2.41896	1007	283
2.19/2.43	2.43329	1006	284
2.19/2.45	2.45126	1005	294
2.19/2.48	2.48004	1002	330
2.19/2.49	2.49551	1000	334
2.19/2.51	2.51637	999	352
2.19/2.53	2.53177	997	357
2.19/2.54	2.546	996	358
2.19/2.56	2.56033	995	359
2.19/2.57	2.5776	992	368
2.19/2.59	2.59098	991	369
2.19/2.60	2.60434	990	370
2.61/2.62	2.6206	988	378
2.61/2.63	2.63494	987	379
2.61/2.65	2.64955	986	381
2.61/2.67	2.66989	985	398
2.61/2.68	2.68458	983	400
2.61/2.70	2.69884	982	401
2.61/2.71	2.71346	981	404
2.71/2.73	2.72892	980	409
2.71/2.74	2.74553	979	416
2.71/2.76	2.75943	978	417
2.71/2.77	2.77403	977	419
2.71/2.79	2.78806	976	420
2.79/2.80	2.80495	975	427
2.79/2.82	2.82224	973	437
2.79/2.83	2.83569	972	438
2.79/2.85	2.8496	971	439
2.79/2.87	2.87477	970	468
2.89/2.90	2.90051	969	499
2.89/2.91	2.91451	968	500
2.89/2.93	2.92844	967	501
2.89/2.95	2.95532	966	535
2.89/2.97	2.97063	965	540
2.89/2.99	2.99408	964	566
2.99/3.01	3.01266	962	580
2.99/3.03	3.02781	961	585
2.99/3.04	3.04314	960	590
2.99/3.08	3.07901	958	647
2.99/3.09	3.09747	957	660
3.09/3.12	3.12324	954	692
3.09/3.13	3.13688	953	693
3.09/3.15	3.1528	952	698
3.09/3.16	3.16728	951	702
3.19/3.22	3.22539	948	817
3.19/3.25	3.25113	945	847
3.19/3.26	3.26455	944	848
3.19/3.28	3.28482	943	866
3.29/3.31	3.31325	942	906
3.29/3.32	3.32613	941	907
3.29/3.37	3.3689	939	981
3.29/3.38	3.383	938	984
3.29/3.39	3.39645	937	985
3.39/3.43	3.43505	935	1049
3.39/3.46	3.46352	934	1088
3.39/3.49	3.4924	933	1129
3.49/3.58	3.58749	930	1334
3.59/3.60	3.60107	929	1336
3.59/3.61	3.61568	928	1340
3.59/3.63	3.6288	927	1341
3.59/3.72	3.71856	926	1535
3.59/3.73	3.73186	925	1536
3.59/3.74	3.74507	924	1537
3.59/3.80	3.80166	922	1648
3.59/3.81	3.81761	921	1657
3.59/3.83	3.83213	920	1660
3.59/3.84	3.84574	919	1663
3.59/3.86	3.85896	918	1664
3.59/3.88	3.88175	917	1691
3.59/3.89	3.89488	916	1692
3.59/3.91	3.90979	915	1698
3.59/3.93	3.93491	914	1729
3.59/3.95	3.94842	913	1731
3.59/3.96	3.96149	912	1732
3.59/4.13	4.12941	911	2142
4.23/4.24	4.24041	910	2408
4.30/4.34	4.3379	909	2627
4.30/4.39	4.39474	908	2746
4.49/4.52	4.52357	906	3044
4.49/4.54	4.54016	905	3055
4.49/4.55	4.55443	904	3061
4.59/4.65	4.65194	902	3280
4.59/4.66	4.66708	901	3288
4.59/4.68	4.68009	900	3290
4.89/4.90	4.90492	899	3833
4.89/4.91	4.91761	898	3834
4.99/5.01	5.01024	897	4044
4.99/5.02	5.02376	896	4047
4.99/5.03	5.03675	895	4049
4.99/5.06	5.06388	894	4086
4.99/5.08	5.08586	893	4111
5.10/5.18	5.18474	892	4340
5.10/5.20	5.1984	891	4343
5.10/5.34	5.33861	890	4688
5.10/5.35	5.35452	889	4699
5.10/5.50	5.50768	887	5076
5.10/5.52	5.52253	886	5084
5.89/5.97	5.97465	884	6239
5.99/6.09	6.08845	883	6505
6.19/6.20	6.2	882	6768
7.28/7.32	7.32744	878	9656
7.28/7.34	7.33992	877	9657
9.28/9.37	9.36766	876	14958
9.28/9.38	9.38482	875	14974
9.38/9.90	9.90101	874	16314
9.38/9.96	9.96648	873	16457
9.38/9.98	9.9787	872	16458
11.89/11.96	11.9627	869	21630
13.79/13.94	13.9469	868	26885
15.43/15.55	15.5565	867	31122
15.43/15.57	15.5694	866	31125
15.43/15.58	15.5832	865	31131
15.43/15.59	15.5954	864	31132
15.43/15.61	15.6076	863	31133
19.69/20.26	20.2653	861	43757
20.98/21.09	21.0932	860	45958
21.18/21.61	21.6088	859	47316
21.78/21.80	21.8068	858	47815
22.58/23.19	23.1898	857	51444
23.34/23.37	23.3693	855	51895
23.39/23.47	23.472	854	52124
29.69/29.78	29.7839	853	68849
79.08/79.10	79.1038	852	201684
79.08/79.12	79.1157	851	201686
79.08/79.13	79.1285	850	201688
103.10/103.15	103.152	849	266308
904.86/904.99	904.96	848	2469326
