0.58/0.68	0.679519	1132	0
0.58/0.69	0.695681	1131	1
0.68/0.71	0.711639	1130	4
0.68/0.73	0.727153	1129	5
0.68/0.74	0.742527	1127	6
0.68/0.76	0.758513	1126	7
0.68/0.77	0.775315	1125	9
0.68/0.79	0.791636	1124	10
0.78/0.81	0.808472	1123	12
0.78/0.82	0.824766	1122	13
0.78/0.84	0.841328	1121	15
0.78/0.86	0.857978	1120	17
0.78/0.87	0.874557	1119	19
0.78/0.89	0.890794	1118	20
0.88/0.91	0.907078	1117	21
0.88/0.92	0.923719	1116	23
0.88/0.94	0.940079	1115	24
0.88/0.95	0.956161	1114	25
0.88/0.97	0.972649	1112	27
0.88/0.99	0.989276	1111	28
0.88/1.00	1.00532	1110	29
1.00/1.02	1.02137	1109	30
1.00/1.04	1.03742	1108	31
1.00/1.05	1.05393	1107	33
1.00/1.07	1.07011	1106	34
1.00/1.08	1.0861	1104	35
1.00/1.10	1.10227	1103	36
1.10/1.12	1.11817	1101	37
1.10/1.13	1.13469	1100	39
1.10/1.15	1.1506	1099	40
1.10/1.16	1.16678	1098	41
1.10/1.18	1.18265	1097	42
1.19/1.20	1.19885	1096	43
1.19/1.21	1.21474	1095	44
1.19/1.23	1.23097	1094	46
1.19/1.25	1.24747	1093	49
1.19/1.26	1.26324	1092	50
1.19/1.28	1.28018	1091	54
1.19/1.29	1.29661	1090	56
1.28/1.31	1.31247	1089	57
1.28/1.33	1.32819	1088	58
1.28/1.34	1.34416	1087	59
1.28/1.36	1.35977	1086	60
1.28/1.37	1.37544	1085	61
1.28/1.39	1.39101	1084	62
1.38/1.40	1.40674	1083	63
1.38/1.42	1.42232	1082	64
1.38/1.44	1.43919	1081	67
1.38/1.45	1.45568	1080	69
1.38/1.47	1.47165	1079	71
1.38/1.49	1.4879	1077	72
1.48/1.50	1.50379	1076	74
1.48/1.52	1.52027	1074	77
1.48/1.53	1.53594	1073	78
1.48/1.55	1.55136	1072	79
1.48/1.56	1.56675	1071	80
1.48/1.58	1.5825	1070	81
1.48/1.60	1.5989	1069	84
1.59/1.61	1.61464	1068	86
1.59/1.63	1.63031	1067	88
1.59/1.64	1.64567	1065	89
1.59/1.66	1.66309	1063	95
1.59/1.68	1.67832	1062	96
1.59/1.69	1.69361	1060	97
1.68/1.71	1.70895	1059	98
1.68/1.72	1.72425	1057	99
1.68/1.74	1.7406	1056	103
1.68/1.75	1.75615	1055	105
1.68/1.77	1.77147	1054	106
1.68/1.78	1.78653	1052	107
1.78/1.80	1.80306	1050	111
1.78/1.82	1.81826	1049	112
1.78/1.84	1.83757	1047	122
1.78/1.85	1.85282	1046	123
1.78/1.87	1.8684	1044	125
1.78/1.88	1.88502	1043	130
1.88/1.90	1.90044	1042	132
1.88/1.91	1.916	1041	134
1.88/1.93	1.93096	1040	135
1.88/1.95	1.94788	1039	141
1.88/1.96	1.963	1038	142
1.88/1.98	1.97848	1037	144
1.88/1.99	1.9936	1036	145
1.98/2.01	2.00913	1035	148
1.98/2.02	2.02376	1034	150
1.98/2.04	2.03971	1033	154
1.98/2.05	2.05669	1030	161
1.98/2.07	2.07417	1029	170
1.98/2.09	2.09008	1027	175
1.98/2.10	2.10541	1026	178
2.10/2.12	2.12117	1025	182
2.10/2.13	2.13567	1023	183
2.10/2.15	2.14973	1022	184
2.10/2.16	2.16506	1021	187
2.10/2.18	2.1795	1020	188
2.10/2.19	2.19459	1019	190
2.10/2.21	2.20979	1018	193
2.20/2.22	2.22482	1017	195
2.20/2.24	2.23957	1016	197
2.20/2.26	2.25724	1012	206
2.20/2.27	2.27208	1011	209
2.20/2.29	2.28776	1010	214
2.28/2.30	2.30214	1009	216
2.28/2.32	2.31908	1008	224
2.28/2.33	2.33358	1007	225
2.28/2.35	2.35214	1006	235
2.28/2.37	2.36894	1004	242
2.28/2.38	2.38342	1003	245
2.38/2.40	2.39848	1002	249
2.38/2.41	2.41285	1001	250
2.38/2.43	2.42767	999	252
2.38/2.44	2.44429	998	259
2.38/2.46	2.45944	996	262
2.38/2.48	2.48045	993	279
2.38/2.49	2.49546	992	283
2.48/2.51	2.51028	991	286
2.48/2.52	2.52445	990	288
2.48/2.54	2.54028	989	293
2.48/2.55	2.55644	988	299
2.48/2.57	2.57242	987	305
2.48/2.58	2.58652	986	307
2.59/2.60	2.60284	984	315
2.59/2.62	2.61824	983	319
2.59/2.64	2.63728	982	334
2.59/2.65	2.65134	981	335
2.59/2.66	2.66652	980	339
2.59/2.69	2.68866	979	359
2.68/2.70	2.70676	977	370
2.68/2.72	2.72111	976	372
2.68/2.74	2.74018	975	386
2.68/2.75	2.75565	974	390
2.68/2.77	2.77467	973	404
2.68/2.79	2.79141	972	412
2.79/2.81	2.80901	971	422
2.79/2.82	2.82431	970	427
2.79/2.85	2.85574	969	472
2.79/2.87	2.87224	968	480
2.79/2.88	2.88674	967	483
2.88/2.90	2.90058	966	484
2.88/2.91	2.91432	965	485
2.88/2.93	2.92896	964	488
2.88/2.94	2.94249	963	489
2.88/2.96	2.95692	962	492
2.88/2.97	2.97152	961	494
2.88/2.98	2.986	960	496
2.98/3.01	3.01352	959	532
2.98/3.03	3.03588	958	556
2.98/3.08	3.07902	956	633
2.98/3.09	3.09653	955	644
3.08/3.11	3.11331	954	653
3.08/3.13	3.12772	952	656
3.08/3.15	3.1535	951	688
3.08/3.17	3.1671	950	689
3.08/3.19	3.19335	949	722
3.08/3.22	3.21981	947	757
3.08/3.23	3.23429	946	760
3.22/3.25	3.25133	945	769
3.22/3.27	3.27061	944	785
3.22/3.28	3.28465	943	788
3.22/3.30	3.29929	942	792
3.22/3.31	3.31345	941	795
3.22/3.32	3.32599	940	796
3.32/3.36	3.35716	939	842
3.32/3.38	3.37718	938	860
3.32/3.39	3.39604	937	876
3.39/3.41	3.41047	936	880
3.39/3.42	3.42449	935	883
3.39/3.44	3.43915	934	887
3.39/3.45	3.45433	933	893
3.39/3.46	3.46683	932	894
3.39/3.48	3.4825	931	901
3.39/3.49	3.49492	930	902
3.48/3.51	3.50763	929	904
3.48/3.57	3.5768	928	1046
3.48/3.59	3.59101	927	1051
3.58/3.65	3.65112	926	1168
3.58/3.67	3.66705	925	1176
3.58/3.68	3.68022	924	1177
3.58/3.69	3.69386	923	1179
3.68/3.71	3.70809	922	1183
3.78/3.88	3.88671	921	1608
3.88/3.90	3.89979	920	1609
3.88/3.92	3.91775	918	1624
3.88/3.97	3.97052	916	1730
3.88/3.99	3.98767	915	1740
3.99/4.00	4.00051	914	1741
3.99/4.01	4.01429	913	1745
3.99/4.02	4.02682	912	1747
3.99/4.05	4.05013	911	1774
3.99/4.06	4.06319	910	1776
3.99/4.08	4.08628	909	1805
4.08/4.13	4.12776	907	1885
4.08/4.18	4.18511	906	2001
4.18/4.20	4.19899	905	2005
4.18/4.22	4.22567	904	2040
4.18/4.27	4.27119	903	2127
4.18/4.28	4.28376	902	2128
4.36/4.40	4.4038	900	2408
4.48/4.52	4.52078	899	2677
4.48/4.54	4.54655	898	2712
4.58/4.67	4.67488	896	3007
4.68/4.70	4.70289	895	3047
4.68/4.78	4.78557	894	3232
4.78/4.80	4.79827	893	3233
4.78/4.81	4.81051	892	3234
4.78/4.87	4.8761	890	3366
4.88/4.93	4.92924	889	3473
4.88/4.94	4.94163	888	3474
5.28/5.59	5.58749	887	5121
5.78/5.86	5.85812	885	5799
5.78/5.87	5.87191	884	5803
5.78/5.88	5.88359	883	5804
5.78/5.89	5.89603	882	5806
5.88/5.92	5.92504	881	5852
5.98/6.07	6.06897	879	6201
5.98/6.08	6.08165	878	6203
6.08/6.11	6.10923	877	6247
6.08/6.13	6.12703	876	6263
6.08/6.14	6.13913	875	6264
7.08/7.14	7.14418	872	8826
7.18/7.28	7.28059	870	9161
7.18/7.29	7.29282	869	9162
7.48/7.51	7.50849	868	9697
7.48/7.53	7.52865	867	9718
7.48/7.54	7.54204	866	9722
8.58/8.62	8.62069	865	12509
8.58/8.63	8.63238	864	12510
10.19/10.23	10.2361	862	16701
13.09/13.19	13.1929	860	24644
13.39/13.46	13.4659	859	25319
13.39/13.48	13.4782	858	25321
13.39/13.53	13.5334	857	25432
16.29/16.43	16.4334	855	33126
39.29/39.30	39.3044	853	93783
40.99/41.00	41.005	852	98228
42.39/42.45	42.4505	851	102060
55.79/55.85	55.847	850	137835
55.89/55.94	55.9399	849	138051
65.98/66.06	66.0649	847	164707
65.98/66.08	66.0762	846	164708
