0.58/0.68	0.683415	1138	0
0.68/0.70	0.701963	1135	3
0.68/0.72	0.720102	1134	4
0.68/0.74	0.738084	1133	5
0.68/0.75	0.755192	1131	6
0.68/0.77	0.772463	1130	7
0.68/0.79	0.789939	1128	8
0.79/0.80	0.807974	1127	9
0.79/0.82	0.827226	1126	12
0.79/0.84	0.845641	1124	14
0.79/0.86	0.863495	1123	15
0.79/0.88	0.881463	1121	16
0.88/0.90	0.899526	1120	17
0.88/0.91	0.917469	1119	18
0.88/0.93	0.935374	1118	19
0.88/0.95	0.953234	1117	20
0.88/0.97	0.971102	1116	21
0.88/0.99	0.988887	1115	22
0.88/1.00	1.0076	1114	25
0.88/1.02	1.02546	1113	26
0.88/1.04	1.04255	1112	27
1.04/1.06	1.0597	1111	28
1.04/1.07	1.07761	1110	29
1.04/1.09	1.09525	1108	30
1.04/1.11	1.11293	1107	31
1.04/1.13	1.12939	1106	32
1.04/1.14	1.14506	1105	34
1.14/1.16	1.16191	1103	38
1.14/1.18	1.17838	1102	40
1.14/1.19	1.19477	1101	42
1.19/1.21	1.21064	1100	43
1.19/1.22	1.2265	1099	44
1.19/1.24	1.24283	1098	46
1.19/1.26	1.25877	1096	47
1.19/1.27	1.27455	1095	48
1.19/1.29	1.29041	1094	49
1.28/1.30	1.30695	1093	52
1.28/1.32	1.32407	1091	56
1.28/1.34	1.34103	1090	60
1.28/1.35	1.35746	1089	63
1.28/1.37	1.37407	1088	66
1.28/1.39	1.38971	1087	67
1.39/1.40	1.40652	1085	72
1.39/1.42	1.42218	1084	73
1.39/1.43	1.43772	1083	74
1.39/1.45	1.45333	1082	75
1.39/1.47	1.46883	1080	77
1.39/1.48	1.48402	1078	78
1.39/1.50	1.49954	1077	79
1.39/1.51	1.51595	1076	82
1.39/1.53	1.53144	1074	83
1.52/1.54	1.54691	1073	84
1.52/1.56	1.56237	1072	85
1.52/1.57	1.57778	1071	86
1.52/1.59	1.5941	1070	89
1.59/1.61	1.61006	1069	92
1.59/1.62	1.62649	1067	94
1.59/1.64	1.64261	1066	96
1.59/1.65	1.65779	1065	97
1.59/1.67	1.67319	1064	98
1.59/1.69	1.68843	1063	99
1.68/1.70	1.70403	1062	101
1.68/1.72	1.72145	1060	107
1.68/1.74	1.73961	1058	115
1.68/1.75	1.75527	1057	117
1.68/1.77	1.77082	1056	119
1.68/1.78	1.78601	1055	120
1.78/1.80	1.80205	1054	123
1.78/1.82	1.81866	1053	128
1.78/1.83	1.83491	1052	132
1.78/1.85	1.85149	1050	137
1.78/1.86	1.86704	1049	139
1.78/1.88	1.88252	1048	141
1.88/1.90	1.89848	1047	144
1.88/1.91	1.91541	1046	150
1.88/1.93	1.93048	1045	151
1.88/1.94	1.94547	1043	152
1.88/1.96	1.96118	1041	155
1.88/1.97	1.97619	1040	156
1.88/1.99	1.99151	1039	158
1.98/2.01	2.01154	1038	172
1.98/2.02	2.02584	1037	173
1.98/2.04	2.04058	1036	174
1.98/2.05	2.05518	1035	175
1.98/2.07	2.07112	1034	179
1.98/2.09	2.08954	1033	191
1.98/2.10	2.10533	1032	194
1.98/2.12	2.12504	1030	205
1.98/2.14	2.14014	1029	207
2.14/2.15	2.15551	1028	210
2.14/2.17	2.17434	1026	222
2.14/2.19	2.18823	1025	223
2.14/2.20	2.20392	1023	228
2.14/2.22	2.218	1022	229
2.14/2.23	2.23325	1021	232
2.14/2.25	2.24827	1020	234
2.24/2.26	2.26294	1019	235
2.24/2.28	2.28067	1018	244
2.24/2.29	2.29537	1017	245
2.28/2.31	2.31504	1016	260
2.28/2.34	2.33038	1015	263
2.28/2.34	2.34486	1014	264
2.28/2.36	2.36361	1012	276
2.28/2.38	2.37834	1011	277
2.28/2.39	2.39509	1009	283
2.38/2.41	2.41065	1008	287
2.38/2.42	2.42453	1007	288
2.38/2.44	2.43896	1006	289
2.38/2.46	2.45912	1005	305
2.38/2.47	2.47328	1004	306
2.38/2.49	2.48682	1003	307
2.48/2.50	2.50077	1002	308
2.48/2.52	2.51884	1001	319
2.48/2.53	2.53531	1000	326
2.48/2.55	2.54937	999	327
2.48/2.56	2.56637	997	335
2.48/2.58	2.5825	996	341
2.48/2.59	2.59666	995	342
2.58/2.61	2.61087	994	343
2.58/2.63	2.63286	993	364
2.58/2.64	2.64656	992	365
2.58/2.68	2.68034	991	417
2.58/2.69	2.69436	990	418
2.68/2.71	2.70846	989	421
2.68/2.72	2.72283	988	424
2.68/2.74	2.73955	987	431
2.68/2.76	2.75764	986	444
2.68/2.77	2.77449	985	452
2.68/2.79	2.78878	984	454
2.68/2.81	2.80906	982	470
2.68/2.82	2.8255	981	477
2.82/2.84	2.84406	980	490
2.82/2.86	2.85718	979	491
2.82/2.87	2.87312	978	499
2.82/2.89	2.89169	977	513
2.88/2.92	2.91782	975	543
2.88/2.94	2.94164	973	569
2.88/2.95	2.95543	972	570
2.88/2.97	2.97621	971	589
2.98/3.01	3.00809	970	635
2.98/3.04	3.04594	969	697
3.08/3.10	3.10464	968	809
3.08/3.12	3.11833	967	810
3.08/3.13	3.13329	966	814
3.08/3.19	3.18839	965	922
3.08/3.20	3.20185	964	923
3.20/3.22	3.21855	963	934
3.20/3.24	3.24124	962	957
3.20/3.25	3.25555	961	960
3.20/3.27	3.27263	960	968
3.20/3.29	3.28771	959	972
3.20/3.30	3.30135	958	973
3.20/3.32	3.32297	955	992
3.20/3.34	3.33697	954	994
3.33/3.36	3.35921	953	1014
3.33/3.37	3.37458	951	1020
3.33/3.39	3.38856	950	1022
3.38/3.40	3.40396	949	1028
3.38/3.44	3.44157	947	1088
3.38/3.46	3.45924	946	1099
3.38/3.47	3.47562	945	1107
3.38/3.49	3.49443	944	1122
3.48/3.51	3.5095	943	1128
3.48/3.52	3.52278	942	1129
3.48/3.53	3.53645	941	1131
3.48/3.55	3.55048	940	1134
3.48/3.56	3.56506	939	1140
3.58/3.60	3.60267	938	1199
3.58/3.62	3.62414	937	1217
3.58/3.65	3.64733	935	1245
3.68/3.70	3.70598	934	1359
3.68/3.72	3.72072	933	1364
3.68/3.78	3.78645	932	1496
3.78/3.80	3.80056	931	1498
3.78/3.82	3.826	929	1529
3.78/3.84	3.84499	928	1545
3.78/3.86	3.86153	927	1554
3.78/3.89	3.8897	926	1592
3.88/3.91	3.91619	924	1630
3.88/3.93	3.9353	923	1645
3.88/3.95	3.94832	922	1646
3.98/4.06	4.05707	921	1892
3.98/4.07	4.07082	920	1896
3.98/4.12	4.11799	919	1988
3.98/4.15	4.14752	918	2030
3.98/4.18	4.18129	917	2088
3.98/4.25	4.248	916	2225
3.98/4.26	4.26082	915	2226
3.98/4.27	4.27295	914	2227
3.98/4.33	4.33283	913	2350
3.98/4.34	4.3456	912	2351
3.98/4.39	4.39275	911	2438
3.98/4.41	4.41402	910	2461
4.43/4.46	4.4631	908	2553
4.43/4.48	4.4766	907	2556
4.48/4.52	4.5175	906	2628
4.48/4.54	4.54597	905	2671
4.48/4.56	4.56473	904	2688
4.48/4.58	4.57719	903	2690
4.60/4.69	4.68789	902	2945
4.60/4.70	4.70145	901	2949
4.70/4.73	4.72825	900	2984
4.70/4.74	4.74091	899	2985
4.70/4.75	4.75543	898	2989
4.70/4.77	4.76857	897	2992
4.70/4.78	4.78143	896	2994
5.88/5.97	5.96993	894	5971
5.88/5.98	5.98329	893	5973
5.88/5.99	5.99597	892	5974
6.69/7.01	7.01117	889	8619
6.69/7.02	7.02401	888	8622
6.69/7.04	7.03786	887	8627
7.20/7.21	7.20956	886	9036
7.79/7.84	7.84035	883	10691
7.79/7.85	7.85273	882	10692
7.99/8.00	8.00004	881	11030
8.99/9.09	9.09571	878	13837
9.09/9.11	9.10864	876	13840
9.19/9.29	9.28863	875	14293
9.39/9.43	9.42947	874	14638
9.49/9.53	9.52741	872	14868
9.49/9.56	9.56177	871	14930
10.10/10.19	10.1902	870	16510
12.39/12.76	12.7578	869	23241
13.29/13.38	13.3824	867	24846
14.05/14.20	14.1981	866	26955
14.05/14.37	14.3735	865	27394
14.41/14.46	14.4586	864	27593
14.41/14.47	14.4719	863	27597
14.41/14.48	14.484	862	27598
16.79/16.92	16.9181	861	34007
16.79/16.93	16.9314	860	34012
22.58/22.66	22.6655	857	49395
25.49/25.63	25.634	855	57380
27.99/28.02	28.0184	854	63817
27.99/28.03	28.0303	853	63819
29.11/29.18	29.1817	852	66888
131.49/131.59	131.586	851	343722
