0.59/0.67	0.672575	1122	0
0.59/0.69	0.688373	1121	1
0.69/0.71	0.704752	1120	2
0.69/0.72	0.721076	1119	3
0.69/0.74	0.737612	1117	5
0.69/0.76	0.756297	1115	11
0.69/0.77	0.77221	1114	12
0.69/0.79	0.788272	1113	13
0.79/0.81	0.806097	1112	18
0.79/0.83	0.825102	1111	27
0.79/0.84	0.842351	1110	30
0.79/0.86	0.858537	1109	31
0.79/0.88	0.874521	1108	32
0.79/0.89	0.890892	1106	33
0.89/0.91	0.906927	1105	34
0.89/0.92	0.922933	1103	35
0.89/0.94	0.938883	1102	36
0.89/0.96	0.955803	1101	39
0.89/0.97	0.971858	1100	40
0.89/0.99	0.988311	1098	42
0.89/1.01	1.00466	1097	44
1.02/1.02	1.02279	1096	50
1.02/1.04	1.03903	1095	52
1.02/1.06	1.0548	1094	53
1.02/1.07	1.07136	1093	55
1.02/1.09	1.08716	1092	56
1.02/1.11	1.10315	1091	57
1.02/1.12	1.12028	1090	61
1.12/1.14	1.13735	1087	66
1.12/1.16	1.15359	1085	68
1.12/1.17	1.16968	1084	70
1.12/1.19	1.18532	1083	71
1.19/1.20	1.20122	1082	72
1.19/1.22	1.21679	1081	73
1.19/1.23	1.23242	1078	74
1.19/1.25	1.24839	1076	75
1.19/1.27	1.26461	1075	77
1.19/1.28	1.28021	1074	78
1.29/1.30	1.29608	1072	80
1.29/1.31	1.3118	1071	81
1.29/1.33	1.32739	1070	82
1.29/1.34	1.34278	1068	83
1.29/1.36	1.35829	1066	84
1.29/1.38	1.37489	1064	88
1.29/1.39	1.39068	1063	90
1.39/1.41	1.40637	1062	92
1.39/1.42	1.42238	1060	95
1.39/1.44	1.43861	1058	98
1.39/1.46	1.45489	1056	101
1.39/1.47	1.47007	1055	102
1.39/1.49	1.48581	1053	104
1.49/1.50	1.50128	1052	106
1.49/1.52	1.51655	1051	107
1.49/1.53	1.53209	1049	109
1.49/1.55	1.54747	1048	111
1.49/1.57	1.56337	1047	114
1.49/1.58	1.5785	1046	115
1.59/1.60	1.59399	1045	118
1.59/1.61	1.60896	1044	119
1.59/1.63	1.62438	1042	121
1.59/1.65	1.6431	1040	131
1.59/1.66	1.66219	1037	141
1.59/1.68	1.68171	1036	154
1.69/1.70	1.6978	1035	158
1.69/1.72	1.71338	1034	160
1.69/1.73	1.72857	1033	162
1.69/1.75	1.74326	1032	163
1.69/1.76	1.76244	1031	173
1.69/1.78	1.78011	1030	181
1.79/1.80	1.79502	1029	182
1.79/1.82	1.8161	1028	199
1.79/1.83	1.83138	1027	204
1.79/1.85	1.84717	1026	208
1.79/1.86	1.86304	1025	212
1.79/1.88	1.8778	1023	214
1.79/1.89	1.89285	1022	216
1.89/1.91	1.90829	1021	219
1.89/1.93	1.92551	1019	225
1.89/1.94	1.94029	1018	226
1.89/1.96	1.95645	1017	231
1.89/1.98	1.97989	1015	253
1.99/2.00	1.99529	1014	256
1.99/2.01	2.0095	1013	257
1.99/2.03	2.02813	1012	269
1.99/2.05	2.04427	1011	275
1.99/2.06	2.06016	1010	281
1.99/2.08	2.07538	1009	285
1.99/2.09	2.0918	1008	293
1.99/2.11	2.10571	1007	295
1.99/2.12	2.11969	1006	297
1.99/2.14	2.13323	1005	298
1.99/2.15	2.14976	1004	305
1.99/2.17	2.1651	1003	309
1.99/2.18	2.18255	1002	318
1.99/2.20	2.19692	1001	319
1.99/2.21	2.21134	1000	320
1.99/2.23	2.22722	999	325
1.99/2.24	2.24265	998	329
1.99/2.26	2.25754	997	330
1.99/2.27	2.27251	996	334
1.99/2.29	2.28712	995	336
1.99/2.31	2.30535	994	347
1.99/2.33	2.3232	993	355
1.99/2.34	2.33868	992	359
1.99/2.36	2.35417	991	363
1.99/2.37	2.36936	990	367
1.99/2.39	2.38375	989	368
1.99/2.40	2.39785	988	369
1.99/2.42	2.41666	984	380
1.99/2.43	2.43251	982	386
2.43/2.45	2.4458	981	387
2.43/2.46	2.45979	979	389
2.43/2.48	2.47378	978	390
2.43/2.49	2.48772	977	391
2.43/2.50	2.5027	976	394
2.43/2.52	2.51653	975	396
2.43/2.53	2.53034	974	397
2.53/2.55	2.54872	973	410
2.53/2.58	2.57321	972	436
2.53/2.59	2.58889	971	442
2.59/2.61	2.60876	970	458
2.59/2.63	2.62597	968	468
2.59/2.64	2.63973	967	469
2.59/2.67	2.66545	964	500
2.59/2.68	2.6797	963	502
2.69/2.70	2.69854	962	516
2.69/2.72	2.72158	961	540
2.69/2.74	2.73601	960	544
2.69/2.76	2.7545	959	558
2.69/2.78	2.78042	957	591
2.79/2.81	2.81036	956	635
2.79/2.83	2.82555	955	640
2.79/2.84	2.8393	954	641
2.79/2.85	2.85272	953	642
2.79/2.88	2.88004	951	678
2.79/2.90	2.89351	950	679
2.89/2.91	2.91292	949	696
2.89/2.93	2.92638	948	698
2.89/2.96	2.95615	946	741
2.89/2.97	2.9704	945	744
2.89/2.99	2.98851	944	757
2.99/3.00	3.00192	943	758
2.99/3.02	3.01594	942	761
2.99/3.04	3.03798	941	782
2.99/3.06	3.05491	940	793
2.99/3.07	3.06819	939	794
3.09/3.12	3.11722	937	886
3.09/3.15	3.14817	935	933
3.09/3.17	3.16371	934	941
3.09/3.18	3.17715	933	942
3.09/3.19	3.19174	932	947
3.19/3.21	3.20666	931	953
3.19/3.22	3.21991	930	954
3.19/3.24	3.24108	929	975
3.19/3.26	3.263	928	996
3.19/3.28	3.27981	927	1007
3.29/3.31	3.30442	926	1037
3.29/3.33	3.32854	925	1068
3.29/3.34	3.34168	924	1069
3.39/3.44	3.43359	923	1268
3.39/3.45	3.44677	922	1269
3.39/3.46	3.46122	921	1274
3.39/3.48	3.47842	920	1286
3.39/3.49	3.49208	919	1289
3.39/3.51	3.50633	918	1295
3.39/3.56	3.55672	917	1391
3.39/3.57	3.5729	916	1400
3.39/3.59	3.58618	915	1401
3.39/3.60	3.60119	914	1406
3.39/3.76	3.754	910	1759
3.39/3.77	3.76973	909	1768
3.77/3.85	3.84925	908	1943
3.77/3.87	3.86652	907	1957
3.86/3.88	3.87986	906	1959
3.86/3.90	3.89302	905	1961
3.89/3.91	3.9068	904	1964
3.99/4.08	4.07956	903	2382
4.09/4.16	4.15353	902	2538
4.09/4.18	4.17331	901	2556
4.09/4.19	4.18766	900	2562
4.19/4.20	4.20006	899	2564
4.19/4.22	4.21354	898	2567
4.19/4.26	4.26265	897	2659
4.29/4.36	4.35533	896	2863
4.29/4.38	4.37692	895	2889
4.39/4.44	4.43539	894	3009
4.39/4.45	4.44787	893	3010
4.39/4.49	4.49159	892	3090
4.49/4.57	4.56436	890	3256
4.59/4.62	4.62184	889	3378
4.59/4.64	4.63614	888	3383
4.69/4.83	4.82765	887	3852
4.69/4.90	4.90298	886	4010
4.69/5.20	5.19473	885	4735
5.20/5.21	5.20718	884	4736
5.39/5.42	5.42159	883	5259
5.39/5.44	5.43468	882	5261
5.49/5.51	5.50872	881	5423
5.49/5.52	5.52249	880	5428
5.49/5.54	5.5418	879	5446
5.49/5.56	5.55478	878	5449
5.49/5.58	5.57387	877	5467
6.69/6.70	6.70179	875	8355
6.69/6.75	6.74875	874	8444
6.69/6.76	6.76178	873	8446
6.69/6.78	6.77398	872	8448
6.89/6.99	6.98374	871	8965
7.49/7.54	7.54224	870	10397
7.49/7.62	7.61541	868	10559
7.49/7.70	7.69873	867	10744
7.49/7.71	7.71077	866	10746
7.49/7.73	7.72704	865	10759
10.45/10.49	10.4853	864	18121
10.45/10.51	10.5113	863	18160
10.45/10.82	10.8151	862	18924
11.29/11.36	11.3608	861	20331
11.29/11.38	11.3735	859	20334
11.29/11.39	11.3855	858	20335
14.09/14.17	14.1655	857	27568
15.00/15.09	15.0902	855	29974
15.09/15.10	15.1018	854	29975
15.09/15.14	15.1404	853	30048
30.48/30.66	30.6536	851	70789
30.48/30.67	30.6652	850	70791
30.48/30.96	30.9573	848	71510
30.48/30.98	30.9757	847	71528
56.58/56.64	56.6381	846	139866
56.58/56.67	56.6617	845	139900
57.69/57.71	57.7044	843	142634
59.09/59.15	59.1457	842	146419
