0.59/0.66	0.667969	1138	0
0.59/0.68	0.686105	1136	1
0.69/0.70	0.704233	1135	2
0.69/0.72	0.722483	1134	3
0.69/0.74	0.740632	1133	4
0.69/0.76	0.758722	1132	5
0.69/0.77	0.777364	1131	7
0.69/0.79	0.795396	1130	8
0.80/0.81	0.813348	1128	9
0.80/0.83	0.831316	1127	10
0.80/0.85	0.849317	1126	11
0.80/0.86	0.867218	1125	12
0.80/0.88	0.885744	1124	14
0.80/0.90	0.904833	1123	17
0.80/0.92	0.922683	1120	18
0.93/0.94	0.941051	1119	20
0.93/0.96	0.958851	1118	21
0.93/0.97	0.97681	1116	22
0.93/0.99	0.99448	1115	23
0.99/1.01	1.01267	1114	25
0.99/1.03	1.03039	1113	26
0.99/1.04	1.04636	1112	28
0.99/1.06	1.06253	1111	30
0.99/1.08	1.0787	1110	31
0.99/1.09	1.09478	1109	32
0.99/1.11	1.11088	1108	33
0.99/1.12	1.1274	1107	35
0.99/1.14	1.14385	1106	36
0.99/1.16	1.16179	1104	40
0.99/1.18	1.1802	1102	45
0.99/1.19	1.19675	1101	47
0.99/1.21	1.21373	1100	50
0.99/1.23	1.22964	1099	51
0.99/1.24	1.24581	1098	52
1.25/1.26	1.26582	1096	60
1.25/1.28	1.28217	1094	61
1.25/1.30	1.30027	1093	67
1.25/1.31	1.31638	1091	69
1.25/1.33	1.33302	1090	72
1.25/1.35	1.34893	1089	73
1.35/1.36	1.36488	1088	74
1.35/1.38	1.38114	1087	76
1.35/1.39	1.39691	1086	77
1.39/1.41	1.41446	1084	83
1.39/1.43	1.43013	1083	84
1.39/1.44	1.44704	1081	89
1.39/1.46	1.46326	1079	91
1.39/1.48	1.47834	1078	92
1.39/1.49	1.49451	1076	96
1.49/1.51	1.51205	1075	102
1.49/1.53	1.52869	1074	105
1.49/1.54	1.54552	1073	109
1.49/1.56	1.5622	1072	113
1.49/1.58	1.57897	1071	117
1.49/1.59	1.59516	1070	119
1.59/1.61	1.61078	1069	120
1.59/1.62	1.62639	1068	121
1.59/1.64	1.64347	1067	126
1.59/1.66	1.65938	1066	127
1.59/1.67	1.67451	1065	128
1.59/1.69	1.68945	1064	129
1.69/1.70	1.70631	1062	133
1.69/1.72	1.7216	1061	135
1.69/1.73	1.73781	1058	138
1.69/1.75	1.75306	1057	139
1.69/1.77	1.76846	1056	140
1.69/1.78	1.7841	1055	142
1.79/1.80	1.79947	1054	143
1.79/1.81	1.81482	1053	144
1.79/1.83	1.83235	1052	151
1.79/1.84	1.8474	1051	152
1.79/1.86	1.86342	1050	155
1.79/1.88	1.87855	1049	156
1.79/1.89	1.89405	1048	158
1.89/1.91	1.90923	1047	159
1.89/1.92	1.92426	1046	160
1.89/1.94	1.94221	1042	169
1.89/1.96	1.95999	1040	177
1.89/1.97	1.97509	1039	178
1.89/1.99	1.99166	1037	183
1.99/2.01	2.00892	1036	189
1.99/2.02	2.02333	1035	190
1.99/2.04	2.03817	1034	191
1.99/2.05	2.05503	1032	197
1.99/2.07	2.07036	1031	200
1.99/2.08	2.08626	1030	205
2.09/2.10	2.10151	1029	207
2.09/2.11	2.11622	1028	208
2.09/2.13	2.13157	1027	210
2.09/2.14	2.14616	1026	211
2.09/2.16	2.16118	1025	212
2.09/2.17	2.17603	1024	214
2.09/2.19	2.18994	1022	215
2.09/2.20	2.2053	1021	219
2.20/2.22	2.22041	1020	220
2.20/2.23	2.23631	1019	225
2.20/2.25	2.25406	1017	233
2.20/2.27	2.26816	1016	234
2.20/2.28	2.28327	1015	236
2.20/2.29	2.29787	1014	237
2.20/2.31	2.31522	1013	245
2.20/2.33	2.33001	1012	247
2.20/2.34	2.34511	1010	249
2.20/2.36	2.36415	1009	261
2.20/2.38	2.38202	1008	271
2.20/2.39	2.39712	1007	274
2.20/2.41	2.41352	1006	280
2.20/2.43	2.42979	1005	285
2.20/2.44	2.44712	1004	293
2.20/2.46	2.46194	1003	295
2.20/2.47	2.47639	1002	297
2.20/2.49	2.49032	1001	298
2.20/2.50	2.50516	1000	301
2.20/2.52	2.52087	999	306
2.20/2.53	2.53711	997	312
2.20/2.55	2.55209	996	315
2.20/2.57	2.56948	995	324
2.20/2.58	2.58372	994	325
2.20/2.59	2.59798	993	326
2.60/2.61	2.61551	992	335
2.60/2.63	2.63046	991	338
2.60/2.64	2.64514	990	341
2.60/2.66	2.66374	989	352
2.60/2.68	2.67829	988	354
2.60/2.69	2.69268	987	356
2.60/2.70	2.70645	986	357
2.70/2.74	2.73853	984	405
2.70/2.75	2.75762	982	419
2.70/2.77	2.77258	981	423
2.70/2.78	2.78667	980	424
2.79/2.80	2.80158	979	427
2.79/2.81	2.81542	978	428
2.79/2.83	2.82937	977	429
2.79/2.84	2.84331	976	430
2.79/2.85	2.85747	974	432
2.79/2.88	2.87893	973	454
2.79/2.89	2.89424	972	459
2.89/2.91	2.90965	971	464
2.89/2.92	2.92578	970	471
2.89/2.94	2.9431	969	480
2.89/2.96	2.95861	968	485
2.89/2.97	2.97382	967	490
2.99/3.02	3.01938	966	577
2.99/3.03	3.03396	965	580
2.99/3.05	3.04817	964	581
2.99/3.06	3.06344	963	586
2.99/3.07	3.07794	962	589
3.09/3.10	3.10019	960	613
3.09/3.11	3.11493	959	616
3.09/3.13	3.13391	958	630
3.09/3.14	3.14734	957	631
3.09/3.16	3.16224	956	635
3.09/3.17	3.17604	955	636
3.19/3.20	3.20102	954	664
3.19/3.21	3.21555	953	668
3.19/3.23	3.22959	952	670
3.19/3.27	3.27368	950	750
3.29/3.31	3.31427	948	819
3.29/3.33	3.32857	947	822
3.29/3.34	3.34566	946	833
3.29/3.36	3.36329	945	845
3.39/3.45	3.45404	943	1046
3.39/3.46	3.46801	942	1048
3.39/3.48	3.48146	941	1049
3.39/3.49	3.49731	940	1058
3.49/3.54	3.53988	939	1134
3.49/3.55	3.55473	938	1139
3.49/3.56	3.56806	937	1140
3.59/3.60	3.60048	936	1189
3.59/3.62	3.61842	935	1201
3.59/3.63	3.63167	934	1202
3.59/3.66	3.66463	933	1250
3.59/3.68	3.68441	932	1269
3.59/3.70	3.70411	931	1288
3.59/3.72	3.72275	930	1304
3.59/3.75	3.75133	929	1344
3.59/3.76	3.76439	928	1345
3.59/3.77	3.77781	927	1347
3.59/3.79	3.79284	926	1353
3.59/3.80	3.8062	925	1355
3.59/3.85	3.8527	924	1443
3.59/3.86	3.86568	923	1444
3.59/3.91	3.91616	922	1540
3.91/3.98	3.98554	921	1685
3.91/4.01	4.01382	920	1723
3.91/4.12	4.1199	916	1968
3.91/4.13	4.13245	915	1969
4.12/4.14	4.14708	914	1975
4.59/4.66	4.66731	913	3294
4.69/4.73	4.72957	912	3425
4.80/4.87	4.87147	910	3760
4.99/5.04	5.03984	908	4151
4.99/5.06	5.05934	907	4169
4.99/5.13	5.13699	906	4334
4.99/5.25	5.25405	905	4601
5.69/5.78	5.78372	904	5942
5.69/5.79	5.79793	903	5947
5.79/5.81	5.81166	902	5951
5.79/5.83	5.83463	901	5977
5.79/5.87	5.87205	900	6045
5.79/5.89	5.88815	899	6055
5.89/5.90	5.9008	898	6056
5.89/5.93	5.93051	896	6101
5.89/5.95	5.95113	895	6123
5.89/5.97	5.97336	894	6149
5.89/5.98	5.98789	893	6155
5.99/6.00	6.00078	892	6157
6.09/6.14	6.14207	891	6505
6.19/6.21	6.21483	890	6666
6.39/6.60	6.60643	888	7669
7.88/7.97	7.97415	887	11232
7.88/8.03	8.02937	885	11343
7.88/8.04	8.04148	884	11344
8.88/8.92	8.92556	883	13647
8.88/8.93	8.93722	882	13648
8.98/9.01	9.0097	881	13808
8.98/9.02	9.0221	880	13809
9.28/9.67	9.67188	877	15471
9.28/9.68	9.68416	876	15472
9.69/9.74	9.73997	875	15587
11.29/11.36	11.358	873	19824
11.29/11.37	11.3732	872	19832
14.39/14.40	14.4036	870	27730
14.39/14.41	14.4151	869	27731
14.39/14.47	14.4742	868	27863
14.89/15.36	15.3624	867	30141
15.89/15.92	15.9189	865	31575
15.99/16.05	16.0529	864	31896
15.99/16.06	16.065	863	31897
17.79/18.26	18.2614	862	37652
18.27/18.27	18.274	861	37654
18.27/18.28	18.2875	860	37659
18.30/18.30	18.305	859	37674
29.09/29.19	29.1917	858	66937
30.59/30.63	30.6287	857	70739
30.81/30.86	30.8617	856	71304
56.29/56.35	56.3503	855	139493
64.99/65.03	65.0328	854	162962
65.19/65.21	65.2116	852	163417
113.58/113.76	113.757	851	295586
114.98/115.02	115.016	850	298893
114.98/115.03	115.033	849	298909
