0.69/0.75	0.751212	236	0
0.69/0.79	0.785111	235	1
0.79/0.82	0.820126	234	5
0.79/0.86	0.85391	233	6
0.79/0.89	0.886663	232	7
0.89/0.92	0.919756	231	8
0.89/0.95	0.952032	230	9
0.89/0.99	0.98438	229	10
0.99/1.02	1.01666	228	11
0.99/1.05	1.04863	227	12
0.99/1.08	1.08021	226	13
1.09/1.11	1.11144	225	14
1.09/1.14	1.14342	224	15
1.09/1.18	1.17489	223	16
1.19/1.21	1.20547	222	17
1.19/1.24	1.23681	221	19
1.19/1.27	1.2669	220	20
1.29/1.30	1.29833	219	22
1.29/1.33	1.32893	218	24
1.29/1.36	1.35957	217	26
1.29/1.39	1.39108	216	29
1.29/1.42	1.42315	215	31
1.29/1.46	1.45387	214	34
1.29/1.49	1.48424	213	36
1.29/1.52	1.51523	212	39
1.29/1.55	1.54818	211	44
1.29/1.58	1.58092	210	50
1.29/1.61	1.61097	209	52
1.54/1.64	1.64098	208	53
1.54/1.67	1.67166	207	56
1.69/1.70	1.70096	206	58
1.69/1.74	1.73403	205	63
1.69/1.76	1.76317	204	65
1.79/1.80	1.80164	203	80
1.79/1.85	1.84893	202	104
1.79/1.89	1.88414	201	114
1.89/1.93	1.92507	200	129
1.89/1.96	1.9575	199	135
1.99/2.02	2.01694	198	183
1.99/2.06	2.06187	197	208
1.99/2.09	2.09179	196	212
2.09/2.12	2.12063	195	215
2.09/2.15	2.14919	194	217
2.09/2.18	2.17926	193	221
2.19/2.21	2.21266	192	232
2.19/2.25	2.24604	191	239
2.29/2.30	2.29463	190	268
2.29/2.33	2.32416	189	272
2.29/2.35	2.35304	188	276
2.29/2.38	2.38261	187	280
2.39/2.41	2.41243	186	285
2.39/2.44	2.4432	185	290
2.39/2.47	2.47152	184	294
2.49/2.51	2.50733	183	307
2.49/2.56	2.55607	182	328
2.49/2.59	2.58371	181	331
2.59/2.63	2.63051	180	357
2.59/2.68	2.67957	179	383
2.59/2.77	2.76458	178	454
2.59/2.81	2.80639	177	476
2.59/2.88	2.88075	176	533
2.92/2.98	2.97982	175	618
2.92/3.01	3.01296	174	629
3.01/3.05	3.04622	173	641
3.19/3.23	3.22566	172	819
3.29/3.39	3.391	171	991
3.49/3.52	3.52258	170	1109
4.08/4.21	4.21181	169	1878
4.29/4.37	4.37299	168	2067
5.78/5.83	5.8328	167	3864
5.88/5.90	5.90319	166	3917
6.99/7.05	7.04636	165	5345
7.58/7.63	7.62538	164	5996
8.13/8.24	8.23446	163	6699
8.59/8.70	8.69354	162	7196
13.09/13.16	13.154	161	12417
13.09/13.18	13.1776	160	12420
16.14/16.16	16.1599	159	15833
19.19/19.22	19.2221	158	19605
48.92/49.00	48.9958	157	55904
50.38/50.40	50.3989	156	57442
58.89/58.99	58.9906	155	67980
343.58/343.64	343.633	154	430271
1000.37/1000.45	788.083	20688012	1269289
