0.00/0.05	0.024624	77	0
0.00/0.06	0.025673	75	1
0.00/0.07	0.02673	73	2
0.00/0.07	0.027645	72	3
0.00/0.07	0.028529	71	4
0.00/0.08	0.029542	70	6
0.00/0.08	0.030541	69	8
0.00/0.08	0.031581	68	10
0.00/0.08	0.032621	67	12
0.00/0.09	0.033903	66	16
0.00/0.09	0.034921	65	18
0.00/0.09	0.036241	64	23
0.00/0.09	0.037422	63	27
0.00/0.09	0.038309	62	29
0.00/0.09	0.039996	61	37
0.00/0.09	0.041761	60	46
0.00/0.11	0.042798	59	49
0.00/0.11	0.047428	58	82
0.00/0.13	0.060782	57	191
0.00/0.15	0.067804	56	247
0.00/0.16	0.069975	55	260
0.46/0.67	0.537291	54	3892
3.55/3.72	3.58284	53	28675
87.65/87.86	87.7259	52	731309
