0.00/0.03	0.028654	70	0
0.00/0.03	0.029886	69	1
0.00/0.03	0.031809	68	6
0.00/0.03	0.032925	67	7
0.00/0.03	0.034188	66	9
0.00/0.03	0.036016	65	15
0.00/0.04	0.038489	64	25
0.00/0.04	0.039663	63	27
0.00/0.04	0.043907	62	48
0.00/0.04	0.045041	61	50
0.00/0.05	0.049518	60	74
0.00/0.05	0.05661	59	114
0.00/0.06	0.060893	58	140
0.00/0.07	0.07273	57	223
0.19/0.21	0.208212	56	1274
0.19/0.22	0.223632	55	1389
0.39/0.41	0.411431	54	2747
0.79/0.80	0.802284	53	6033
96.78/96.88	96.8805	52	836608
