0.00/0.03	0.033708	72	0
0.00/0.03	0.035457	71	2
0.00/0.03	0.036774	70	3
0.00/0.04	0.038208	69	5
0.00/0.04	0.03947	68	6
0.00/0.04	0.04077	67	7
0.00/0.04	0.041933	66	8
0.00/0.04	0.043365	65	10
0.00/0.04	0.045694	64	18
0.00/0.04	0.047032	63	20
0.00/0.05	0.050556	62	34
0.00/0.05	0.052778	61	42
0.00/0.05	0.054612	60	47
0.00/0.05	0.056345	59	51
0.00/0.06	0.060249	58	70
0.00/0.09	0.091581	57	283
0.00/0.09	0.095343	56	305
0.00/0.30	0.29768	55	1794
0.50/0.56	0.561887	54	3795
2.00/2.06	2.05728	53	16428
4.89/4.94	4.93936	52	40397
