0.00/0.03	0.029651	74	0
0.00/0.03	0.03182	73	6
0.00/0.03	0.033121	72	7
0.00/0.03	0.034377	71	8
0.00/0.03	0.035752	70	10
0.00/0.03	0.036904	69	11
0.00/0.04	0.038186	68	13
0.00/0.04	0.039237	67	14
0.00/0.04	0.040287	66	15
0.00/0.04	0.041467	65	17
0.00/0.04	0.042611	64	19
0.00/0.04	0.043813	63	21
0.00/0.04	0.04597	62	29
0.00/0.04	0.047322	61	32
0.00/0.05	0.04973	60	43
0.00/0.05	0.055096	59	75
0.00/0.06	0.057725	58	88
0.00/0.07	0.069017	57	161
0.00/0.09	0.088169	56	308
0.00/0.11	0.109334	55	484
0.69/0.72	0.722324	54	5427
2.70/2.75	2.75318	53	22363
410.12/410.16	410.146	52	3333295
