0.00/0.02	0.02013	71	0
0.00/0.02	0.021114	70	1
0.00/0.02	0.022005	69	2
0.00/0.02	0.023252	68	6
0.00/0.02	0.024302	67	9
0.00/0.02	0.025129	66	10
0.00/0.02	0.026095	65	12
0.00/0.02	0.027485	64	18
0.00/0.02	0.028401	63	20
0.00/0.03	0.029701	62	25
0.00/0.03	0.030975	61	29
0.00/0.03	0.036188	60	62
0.00/0.04	0.039007	59	78
0.00/0.04	0.04031	58	83
0.00/0.04	0.041321	57	86
0.00/0.06	0.067003	56	272
0.00/0.10	0.103079	55	550
0.30/0.32	0.326655	54	2375
0.30/0.33	0.337287	53	2460
227.19/227.25	227.25	52	1941086
