0.00/0.02	0.020684	75	0
0.00/0.02	0.021731	74	1
0.00/0.02	0.022765	73	2
0.00/0.02	0.023771	72	3
0.00/0.02	0.024699	71	4
0.00/0.02	0.025627	70	5
0.00/0.02	0.026514	69	6
0.00/0.02	0.027531	68	8
0.00/0.03	0.028604	67	10
0.00/0.03	0.029614	66	12
0.00/0.03	0.030731	65	15
0.00/0.03	0.031604	64	17
0.00/0.03	0.033258	63	25
0.00/0.03	0.03454	62	30
0.00/0.03	0.036663	61	42
0.00/0.04	0.038403	60	51
0.00/0.04	0.042711	59	80
0.00/0.04	0.046895	58	110
0.00/0.05	0.052138	57	149
0.00/0.11	0.114986	56	682
0.00/0.12	0.123838	55	754
0.00/0.13	0.134614	54	844
6.59/6.89	6.89173	53	58666
94.42/94.46	94.4617	52	812852
