0.00/0.03	0.033332	74	0
0.00/0.03	0.03492	73	1
0.00/0.03	0.036398	72	2
0.00/0.04	0.037793	71	3
0.00/0.04	0.039187	70	4
0.00/0.04	0.040531	69	5
0.00/0.04	0.042216	68	8
0.00/0.04	0.043597	67	10
0.00/0.04	0.044949	66	12
0.00/0.04	0.046756	65	16
0.00/0.05	0.048404	64	20
0.00/0.05	0.050001	63	24
0.00/0.05	0.051094	62	25
0.00/0.05	0.052891	61	30
0.00/0.05	0.056103	60	45
0.00/0.06	0.059793	59	63
0.00/0.08	0.080391	58	191
0.08/0.09	0.087751	57	234
0.09/0.10	0.106584	56	376
0.09/0.16	0.166888	55	808
0.19/0.21	0.209806	54	1110
1.82/1.83	1.83574	53	14384
120.79/121.03	121.03	52	1022419
