0.00/0.02	0.025605	73	0
0.00/0.02	0.026859	72	2
0.00/0.02	0.027894	70	3
0.00/0.03	0.02893	69	4
0.00/0.03	0.030057	68	6
0.00/0.03	0.030949	67	7
0.00/0.03	0.031856	66	8
0.00/0.03	0.03308	65	11
0.00/0.03	0.034084	64	13
0.00/0.03	0.035681	63	18
0.00/0.03	0.036841	62	22
0.00/0.04	0.040752	61	46
0.00/0.04	0.044044	60	65
0.00/0.04	0.045411	59	70
0.00/0.05	0.055115	58	135
0.00/0.07	0.076728	57	279
0.00/0.10	0.106464	56	488
0.00/0.12	0.123603	55	610
0.40/0.48	0.482468	54	3549
0.60/0.63	0.633796	53	4887
0.60/0.63	0.636104	52	4904
