0.00/0.03	0.031146	72	0
0.00/0.03	0.032624	71	1
0.00/0.03	0.034003	70	2
0.00/0.03	0.035514	69	4
0.00/0.03	0.037079	68	6
0.00/0.04	0.038677	67	8
0.00/0.04	0.041003	66	15
0.00/0.04	0.042869	65	20
0.00/0.04	0.044163	64	22
0.00/0.04	0.045644	63	25
0.00/0.04	0.047148	62	28
0.05/0.05	0.051357	61	47
0.05/0.05	0.054074	60	59
0.05/0.06	0.057994	59	77
0.05/0.06	0.061213	58	93
0.05/0.08	0.077936	57	201
0.09/0.13	0.131473	56	608
0.09/0.13	0.133785	55	620
0.29/0.30	0.305112	54	1965
4.59/4.67	4.67019	53	39340
169.18/169.21	169.207	52	1428556
