0.48/0.55	0.536962	198	0
0.48/0.58	0.559872	197	1
0.58/0.60	0.583054	196	2
0.58/0.62	0.605964	195	3
0.58/0.64	0.628329	194	4
0.58/0.67	0.650763	193	5
0.58/0.69	0.673818	192	7
0.68/0.71	0.695985	190	8
0.68/0.73	0.717984	189	9
0.68/0.76	0.740879	188	10
0.68/0.78	0.762409	187	11
0.78/0.80	0.784323	186	13
0.78/0.82	0.806146	185	15
0.78/0.85	0.828686	184	17
0.78/0.87	0.854373	183	24
0.78/0.89	0.875662	182	25
0.88/0.91	0.896851	181	27
0.88/0.94	0.918453	180	29
0.88/0.96	0.940341	179	32
0.88/0.98	0.964672	178	38
0.98/1.00	0.984715	177	39
0.98/1.03	1.0083	176	44
0.98/1.05	1.02951	175	47
0.98/1.07	1.05026	174	50
0.98/1.09	1.07457	173	59
0.98/1.12	1.10424	172	74
0.98/1.15	1.1306	171	85
0.98/1.17	1.15237	170	90
0.98/1.19	1.17419	169	94
0.98/1.21	1.19345	168	96
0.98/1.24	1.22039	167	108
0.98/1.26	1.24374	166	114
0.98/1.28	1.26757	165	123
0.98/1.31	1.28809	164	127
0.98/1.33	1.30854	163	131
0.98/1.34	1.32696	162	133
0.98/1.38	1.36077	161	156
0.98/1.40	1.38415	160	163
1.40/1.42	1.40648	159	171
1.40/1.47	1.45051	158	210
1.40/1.49	1.46979	157	213
1.40/1.51	1.49323	156	222
1.49/1.57	1.5472	155	278
1.56/1.63	1.60173	154	337
1.56/1.66	1.62915	153	353
1.66/1.72	1.69439	152	427
1.66/1.77	1.74504	151	485
1.76/1.84	1.81298	150	561
1.76/1.86	1.83283	149	567
1.86/1.91	1.87812	148	610
1.86/1.93	1.89936	147	617
1.86/1.98	1.95379	146	669
1.96/2.09	2.06648	145	825
2.16/2.25	2.22557	144	1059
2.26/2.31	2.28688	143	1134
2.36/2.68	2.64761	142	1701
2.69/2.74	2.71655	141	1785
2.69/2.76	2.73361	140	1789
3.26/3.37	3.34209	139	2720
3.36/3.45	3.427	138	2832
3.66/3.84	3.80783	137	3416
4.10/4.23	4.20123	136	4018
4.36/4.42	4.39125	135	4299
5.07/5.12	5.0882	134	5422
7.46/7.52	7.48811	133	9393
9.26/9.81	9.78	132	13132
10.06/10.14	10.1097	131	13605
11.86/11.93	11.8983	130	16386
11.96/12.08	12.0553	129	16586
376.25/376.68	376.646	128	626442
380.15/380.20	380.162	127	631888
383.05/383.11	383.076	126	636259
