0.49/0.51	0.511254	192	0
0.49/0.53	0.534029	191	2
0.49/0.55	0.556077	189	4
0.49/0.57	0.577451	188	5
0.59/0.60	0.598668	187	6
0.59/0.62	0.619769	186	7
0.59/0.64	0.6413	185	9
0.59/0.66	0.662663	184	11
0.59/0.68	0.68572	183	15
0.69/0.70	0.707088	182	16
0.69/0.72	0.72748	181	17
0.69/0.75	0.748597	180	19
0.69/0.77	0.769586	179	21
0.69/0.79	0.79225	178	25
0.79/0.81	0.8125	177	26
0.79/0.83	0.833563	176	28
0.79/0.85	0.853928	175	30
0.79/0.87	0.876488	174	34
0.89/0.90	0.899141	173	39
0.89/0.92	0.919232	172	41
0.89/0.94	0.9412	171	45
0.89/0.96	0.962676	170	50
0.89/0.98	0.983366	169	52
0.99/1.00	1.00384	168	56
0.99/1.02	1.0221	167	57
0.99/1.04	1.04742	166	68
0.99/1.06	1.06587	165	70
0.99/1.08	1.08635	164	75
1.09/1.11	1.10872	163	81
1.09/1.13	1.13332	162	92
1.09/1.15	1.15223	161	95
1.09/1.17	1.16966	160	97
1.09/1.19	1.19036	159	103
1.19/1.21	1.20921	158	107
1.19/1.23	1.22878	157	112
1.19/1.25	1.25178	156	121
1.19/1.27	1.27178	155	125
1.19/1.30	1.29869	154	141
1.19/1.32	1.32763	153	160
1.19/1.38	1.38447	152	221
1.19/1.40	1.40056	151	223
1.19/1.45	1.45179	150	273
1.19/1.48	1.47813	149	287
1.19/1.52	1.52739	148	337
1.19/1.59	1.59415	147	411
1.19/1.64	1.64591	146	459
1.19/1.69	1.69542	145	516
1.75/1.76	1.76311	144	594
1.75/1.78	1.77829	143	596
1.89/1.95	1.94989	142	828
1.89/1.98	1.98133	141	850
1.99/2.00	2.00451	140	864
2.09/2.17	2.17086	139	1103
2.19/2.27	2.27135	138	1230
2.29/2.34	2.33907	137	1311
2.49/2.59	2.59258	136	1698
2.59/2.79	2.7927	135	1979
3.59/3.66	3.66327	134	3323
3.99/4.02	4.02475	133	3879
4.80/4.89	4.88863	132	5218
5.48/5.63	5.63671	131	6361
5.48/5.92	5.92532	130	6778
45.61/45.70	45.6989	129	74387
45.99/46.00	45.9994	128	74803
605.57/605.69	605.674	127	1004112
