0.00/0.53	0.529553	187	0
0.00/0.55	0.550679	186	1
0.00/0.57	0.573397	185	3
0.57/0.59	0.595296	184	4
0.60/0.61	0.616615	183	5
0.60/0.64	0.638727	182	7
0.60/0.66	0.659893	181	8
0.60/0.68	0.680934	180	9
0.70/0.70	0.701858	179	10
0.70/0.72	0.72528	178	14
0.70/0.74	0.745941	177	16
0.70/0.76	0.766722	176	18
0.70/0.79	0.789488	175	23
0.80/0.81	0.811539	174	28
0.80/0.83	0.831856	173	30
0.80/0.85	0.854652	172	36
0.80/0.87	0.874833	171	38
0.80/0.89	0.895053	170	41
0.90/0.91	0.917103	169	45
0.90/0.94	0.938645	168	48
0.90/0.96	0.959309	167	51
0.90/0.98	0.978696	166	53
0.99/1.00	0.99819	165	56
0.99/1.02	1.02063	164	65
0.99/1.04	1.04393	163	74
0.99/1.06	1.06506	162	79
0.99/1.08	1.08467	161	82
1.10/1.11	1.10935	160	93
1.10/1.13	1.13034	159	97
1.10/1.16	1.15995	158	114
1.10/1.18	1.18193	157	121
1.19/1.21	1.20953	156	135
1.19/1.23	1.23075	155	141
1.19/1.26	1.25829	154	156
1.30/1.32	1.32621	153	232
1.30/1.34	1.34523	152	236
1.30/1.37	1.3723	151	253
1.30/1.39	1.39595	150	264
1.39/1.41	1.41545	149	269
1.39/1.46	1.46201	148	311
1.39/1.49	1.49146	147	330
1.39/1.51	1.51728	146	343
1.39/1.54	1.53823	145	351
1.39/1.63	1.62918	144	460
1.39/1.66	1.66592	143	488
1.91/1.98	1.97918	142	925
2.00/2.03	2.03256	141	987
2.00/2.07	2.07613	140	1031
2.09/2.19	2.19745	139	1205
2.49/2.51	2.51042	138	1665
2.49/2.58	2.58185	137	1751
2.80/3.02	3.02042	136	2430
3.06/3.31	3.31437	135	2882
3.99/4.04	4.04686	134	4007
3.99/4.09	4.09474	133	4058
4.19/4.65	4.65117	132	4914
5.59/5.61	5.61575	131	6362
5.72/5.73	5.72799	130	6510
33.19/33.29	33.2969	129	51920
33.59/33.64	33.6421	128	52390
205.59/205.63	205.631	127	340084
