0.41/0.49	0.491943	192	0
0.49/0.51	0.514709	191	2
0.49/0.53	0.536725	190	3
0.49/0.56	0.558611	189	4
0.49/0.58	0.58043	188	5
0.59/0.60	0.601994	187	6
0.59/0.62	0.623215	186	7
0.59/0.64	0.644232	185	8
0.59/0.66	0.665024	184	9
0.59/0.68	0.686108	183	10
0.69/0.71	0.708072	182	12
0.69/0.73	0.729105	181	14
0.69/0.75	0.749722	180	15
0.69/0.77	0.770839	179	16
0.69/0.79	0.791749	178	18
0.79/0.81	0.812651	177	20
0.79/0.83	0.833281	176	22
0.79/0.85	0.855289	175	26
0.79/0.87	0.875579	174	27
0.79/0.89	0.897535	173	31
0.89/0.92	0.918193	172	34
0.89/0.94	0.939132	171	37
0.89/0.96	0.964927	170	45
0.89/0.98	0.985356	169	49
0.99/1.00	1.00653	168	52
0.99/1.03	1.03065	167	61
0.99/1.05	1.05211	166	67
0.99/1.07	1.07386	165	73
0.99/1.09	1.0935	164	76
1.09/1.11	1.11672	163	84
1.09/1.14	1.14108	162	94
1.09/1.16	1.16434	161	103
1.09/1.19	1.19325	160	119
1.19/1.21	1.21621	159	128
1.19/1.26	1.26542	158	177
1.29/1.30	1.29875	157	200
1.29/1.32	1.31765	156	205
1.29/1.33	1.33622	155	208
1.29/1.35	1.35607	154	214
1.29/1.39	1.39619	153	246
1.29/1.45	1.45449	152	308
1.29/1.48	1.47983	151	320
1.29/1.50	1.50283	150	330
1.29/1.52	1.52281	149	338
1.29/1.54	1.54365	148	347
1.29/1.57	1.56897	147	360
1.29/1.61	1.6115	146	401
1.29/1.66	1.66177	145	451
1.29/1.69	1.69722	144	481
1.75/1.80	1.80663	143	622
1.84/1.86	1.86352	142	680
1.89/1.93	1.93565	141	755
1.99/2.03	2.03187	140	870
1.99/2.09	2.09354	139	938
2.09/2.12	2.11857	138	952
2.19/2.22	2.22216	137	1086
2.69/2.84	2.84147	136	2040
2.69/2.90	2.90657	135	2121
4.58/4.62	4.61916	134	4771
6.28/6.39	6.38772	133	7563
6.48/6.56	6.56104	132	7808
6.99/7.45	7.45229	131	9113
8.80/8.90	8.90654	130	11437
53.99/54.49	54.4956	129	87980
55.29/55.36	55.3643	128	89229
56.19/56.26	56.2571	127	90477
