0.39/0.48	0.483237	190	0
0.49/0.50	0.505202	189	1
0.49/0.52	0.527369	188	3
0.49/0.55	0.548929	187	4
0.49/0.57	0.570396	186	5
0.49/0.59	0.591225	185	6
0.59/0.61	0.61224	184	7
0.59/0.63	0.632848	183	8
0.59/0.65	0.655842	182	11
0.59/0.68	0.679179	181	17
0.69/0.70	0.699676	180	18
0.69/0.72	0.722924	179	24
0.69/0.74	0.743753	178	26
0.69/0.76	0.764855	177	29
0.69/0.78	0.786379	176	32
0.79/0.80	0.807886	175	36
0.79/0.83	0.83018	174	41
0.79/0.85	0.851138	173	44
0.79/0.87	0.872136	172	47
0.79/0.89	0.891733	171	49
0.89/0.91	0.914094	170	54
0.89/0.93	0.935133	169	58
0.89/0.95	0.95506	168	60
0.89/0.97	0.974942	167	63
0.89/0.99	0.997064	166	68
0.99/1.01	1.01632	165	71
0.99/1.03	1.03373	164	72
0.99/1.06	1.06208	163	89
0.99/1.08	1.08505	162	98
1.09/1.10	1.10671	161	104
1.09/1.13	1.13791	160	122
1.09/1.15	1.15809	159	128
1.09/1.19	1.18882	158	150
1.09/1.21	1.20918	157	155
1.21/1.25	1.25677	156	202
1.21/1.31	1.31029	155	259
1.21/1.34	1.34007	154	280
1.21/1.37	1.37071	153	300
1.21/1.39	1.39316	152	309
1.21/1.41	1.41203	151	314
1.43/1.47	1.47323	150	381
1.43/1.50	1.49893	149	396
1.49/1.54	1.53844	148	430
1.49/1.57	1.57474	147	463
1.59/1.67	1.6763	146	591
1.59/1.69	1.69644	145	599
1.69/1.73	1.7326	144	629
1.69/1.76	1.76344	143	652
1.69/1.79	1.79538	142	678
1.89/1.90	1.90285	141	809
1.89/1.97	1.97676	140	893
1.99/2.07	2.0718	139	1006
2.09/2.19	2.19755	138	1177
2.41/2.69	2.69813	137	1957
2.41/2.72	2.71826	136	1968
3.59/3.61	3.61439	135	3386
6.19/6.51	6.50991	134	8388
6.99/7.07	7.07396	133	9290
8.89/9.22	9.22193	132	12713
28.59/28.68	28.6854	131	45434
33.71/33.74	33.7399	130	53558
33.71/34.05	34.0568	129	54008
219.78/219.83	219.829	128	363169
733.08/733.17	733.154	127	1211188
