0.39/0.47	0.476558	189	0
0.49/0.50	0.497963	188	1
0.49/0.52	0.519086	187	2
0.49/0.54	0.540077	186	3
0.49/0.56	0.560927	185	4
0.49/0.58	0.581634	184	5
0.58/0.60	0.603273	183	7
0.58/0.62	0.624253	182	9
0.58/0.64	0.647239	181	14
0.58/0.67	0.667835	180	15
0.58/0.69	0.687908	179	16
0.68/0.71	0.708279	178	18
0.68/0.73	0.727883	177	19
0.68/0.75	0.748403	176	21
0.68/0.77	0.769404	175	25
0.68/0.79	0.790599	174	28
0.78/0.81	0.810614	173	31
0.78/0.83	0.829424	172	33
0.78/0.85	0.849648	171	36
0.78/0.87	0.870935	170	40
0.78/0.89	0.893285	169	46
0.89/0.91	0.916073	168	53
0.89/0.94	0.940214	167	62
0.89/0.96	0.962739	166	68
0.89/0.98	0.980736	165	69
0.89/1.00	1.00264	164	75
0.89/1.02	1.02606	163	81
0.89/1.04	1.04711	162	86
0.89/1.07	1.0695	161	92
0.89/1.09	1.09422	160	104
0.89/1.11	1.11595	159	113
0.89/1.13	1.13504	158	117
0.89/1.16	1.15958	157	127
0.89/1.18	1.18126	156	135
0.89/1.20	1.20281	155	142
0.89/1.23	1.22788	154	154
0.89/1.25	1.25261	153	165
0.89/1.28	1.28157	152	183
1.29/1.31	1.30993	151	200
1.29/1.33	1.33213	150	209
1.29/1.36	1.36525	149	238
1.29/1.39	1.3909	148	255
1.39/1.49	1.49424	147	386
1.49/1.51	1.51519	146	394
1.59/1.64	1.6406	145	552
1.68/1.73	1.72833	144	652
1.78/1.80	1.80256	143	744
1.98/2.04	2.04189	142	1081
2.08/2.13	2.13697	141	1211
2.28/2.35	2.34933	140	1531
2.28/2.57	2.57358	139	1857
2.28/2.71	2.71323	138	2061
3.19/3.23	3.23479	137	2873
3.39/3.47	3.46945	136	3235
3.59/3.65	3.65247	135	3499
4.29/4.33	4.33049	134	4553
4.29/4.35	4.35048	133	4562
7.89/7.92	7.92454	132	10362
8.98/9.04	9.03793	131	12072
104.19/104.50	104.502	130	175167
108.49/108.59	108.593	129	181666
367.28/367.31	367.296	128	618095
794.16/794.22	794.192	127	1329229
981.96/982.05	982.023	126	1639519
