0.49/0.56	0.566346	198	0
0.49/0.59	0.592991	197	1
0.59/0.62	0.618342	196	2
0.59/0.64	0.64323	195	3
0.59/0.67	0.668222	194	4
0.59/0.69	0.692745	193	5
0.69/0.71	0.717212	192	6
0.69/0.74	0.741944	191	7
0.69/0.76	0.766045	190	8
0.69/0.79	0.789072	189	9
0.79/0.81	0.810006	188	10
0.79/0.83	0.831335	187	11
0.79/0.85	0.853475	186	14
0.79/0.87	0.876365	185	17
0.89/0.90	0.898633	184	19
0.89/0.92	0.920964	183	22
0.89/0.94	0.941405	182	23
0.89/0.96	0.96204	181	24
0.89/0.98	0.982821	180	26
0.89/1.00	1.00472	179	30
1.00/1.02	1.02539	178	32
1.00/1.04	1.0464	177	35
1.00/1.07	1.06835	176	39
1.00/1.09	1.09036	175	44
1.10/1.11	1.11301	174	49
1.10/1.13	1.1332	173	52
1.10/1.16	1.15768	172	61
1.10/1.18	1.1807	171	68
1.20/1.21	1.21437	170	91
1.20/1.23	1.23387	169	94
1.20/1.25	1.25672	168	103
1.20/1.28	1.27895	167	109
1.30/1.30	1.29993	166	113
1.30/1.32	1.32312	165	121
1.30/1.34	1.3446	164	126
1.30/1.37	1.36823	163	134
1.30/1.39	1.38846	162	138
1.39/1.41	1.41082	161	145
1.39/1.43	1.43103	160	149
1.39/1.45	1.45309	159	156
1.39/1.47	1.47162	158	159
1.39/1.49	1.49414	157	166
1.49/1.52	1.52004	156	180
1.49/1.55	1.54779	155	196
1.49/1.58	1.5784	154	217
1.60/1.63	1.63443	153	275
1.60/1.68	1.6812	152	317
1.69/1.72	1.72052	151	352
1.69/1.74	1.74016	150	357
1.79/1.81	1.81527	149	443
1.79/1.83	1.83689	148	452
1.79/1.87	1.87236	147	482
1.79/1.89	1.89197	146	489
1.89/1.99	1.99349	145	615
1.99/2.02	2.02108	144	633
1.99/2.04	2.04415	143	646
2.29/2.30	2.30529	142	1050
2.29/2.33	2.33507	141	1074
2.49/2.58	2.57916	140	1438
2.69/2.76	2.76032	139	1698
2.99/3.10	3.10219	138	2223
3.10/3.15	3.15037	137	2277
3.10/3.20	3.19892	136	2335
3.89/3.95	3.95073	135	3487
4.89/4.99	4.99008	134	5096
6.39/6.44	6.44193	133	7362
6.49/6.51	6.50821	132	7438
10.39/10.49	10.497	131	13807
11.19/11.26	11.2659	130	14937
12.79/12.81	12.8085	129	17255
172.54/172.59	172.589	128	284965
461.08/461.15	461.137	127	761347
