0.49/0.55	0.552514	192	0
0.49/0.57	0.576679	191	1
0.59/0.60	0.601504	190	3
0.59/0.62	0.625101	189	4
0.59/0.64	0.646548	188	5
0.59/0.67	0.668322	187	6
0.59/0.69	0.689531	185	7
0.69/0.71	0.710489	184	8
0.69/0.73	0.730941	183	9
0.69/0.75	0.751762	182	10
0.69/0.77	0.771946	181	11
0.69/0.79	0.793083	180	14
0.79/0.81	0.813609	179	16
0.79/0.83	0.833203	178	17
0.79/0.85	0.855592	177	22
0.79/0.88	0.87874	176	26
0.89/0.90	0.899627	175	29
0.89/0.92	0.919534	174	31
0.89/0.94	0.941215	173	35
0.89/0.96	0.964045	172	42
0.89/0.99	0.98744	171	50
0.89/1.00	1.00578	170	51
1.00/1.02	1.02632	169	55
1.00/1.04	1.04515	168	57
1.00/1.07	1.07176	167	69
1.00/1.09	1.08951	166	70
1.10/1.12	1.12412	165	93
1.10/1.14	1.14588	164	99
1.10/1.17	1.16776	163	105
1.10/1.19	1.19042	162	115
1.19/1.21	1.21474	161	125
1.19/1.23	1.23631	160	131
1.19/1.26	1.25794	159	138
1.19/1.28	1.27682	158	141
1.29/1.30	1.3016	157	153
1.29/1.32	1.3252	156	162
1.29/1.35	1.34795	155	171
1.29/1.37	1.37036	154	180
1.39/1.40	1.39993	153	198
1.39/1.47	1.47152	152	275
1.49/1.51	1.50632	151	303
1.59/1.61	1.60917	150	433
1.59/1.63	1.63091	149	442
1.59/1.65	1.64943	148	446
1.59/1.69	1.69113	147	483
1.69/1.74	1.74384	146	539
1.79/1.83	1.83053	145	643
2.49/2.51	2.51244	144	1715
2.49/2.54	2.54065	143	1734
2.49/2.56	2.56148	142	1744
2.59/2.69	2.69387	141	1926
2.69/2.73	2.73183	140	1960
2.69/2.76	2.75638	139	1978
3.09/3.14	3.143	138	2568
3.09/3.16	3.1619	137	2575
3.09/3.21	3.21149	136	2630
5.19/5.29	5.288	135	6071
5.59/5.62	5.62029	134	6573
5.59/5.64	5.6414	133	6583
5.98/6.09	6.0901	132	7263
15.39/15.46	15.4645	131	22522
25.09/25.14	25.1383	130	38219
39.78/39.85	39.847	129	63073
178.79/178.86	178.86	128	291622
903.36/903.66	903.644	127	1490408
