0.49/0.55	0.547863	188	0
0.49/0.57	0.571634	187	1
0.49/0.59	0.595695	186	2
0.58/0.62	0.619028	185	3
0.58/0.64	0.641901	184	4
0.58/0.66	0.664287	183	5
0.58/0.69	0.687497	182	7
0.68/0.71	0.710991	180	9
0.68/0.73	0.731132	179	10
0.68/0.75	0.751226	178	11
0.68/0.77	0.770854	177	12
0.68/0.79	0.792336	176	15
0.80/0.81	0.812627	175	17
0.80/0.83	0.832658	174	19
0.80/0.85	0.854577	173	24
0.80/0.87	0.877122	172	29
0.80/0.90	0.898437	171	32
0.89/0.92	0.926848	170	47
0.89/0.95	0.947441	169	50
0.89/0.97	0.970893	168	58
0.89/0.99	0.990954	167	61
0.98/1.01	1.01265	166	66
0.98/1.03	1.03474	165	73
0.98/1.05	1.05383	164	76
0.98/1.08	1.0785	163	86
0.98/1.10	1.09986	162	92
1.10/1.12	1.12194	161	100
1.10/1.15	1.14765	160	111
1.10/1.17	1.17258	159	122
1.10/1.19	1.19102	158	125
1.20/1.21	1.21342	157	133
1.20/1.24	1.24029	156	147
1.20/1.26	1.26392	155	157
1.20/1.29	1.29604	154	177
1.29/1.34	1.34471	153	224
1.29/1.39	1.39643	152	279
1.38/1.44	1.44207	151	323
1.38/1.47	1.47504	150	348
1.38/1.49	1.49622	149	358
1.48/1.53	1.53035	148	386
1.48/1.58	1.58264	147	438
1.68/1.72	1.72025	146	615
1.68/1.76	1.76271	145	656
1.78/1.80	1.80553	144	699
1.88/1.91	1.91057	143	833
1.88/1.94	1.94484	142	861
2.09/2.31	2.31456	141	1427
2.09/2.36	2.3619	140	1481
2.41/2.45	2.45192	139	1595
2.69/2.73	2.73129	138	2019
2.79/2.84	2.84124	137	2159
3.77/3.81	3.81686	136	3691
4.39/4.41	4.41006	135	4623
4.49/4.55	4.54971	134	4818
5.39/5.46	5.46007	133	6246
5.69/5.78	5.78078	132	6722
7.49/7.75	7.75465	131	9818
14.59/14.61	14.6082	130	20720
15.01/15.08	15.0849	129	21425
15.69/15.71	15.7073	128	22373
17.39/17.63	17.6331	127	25350
529.18/529.56	529.545	126	886161
