0.50/0.53	0.5301	197	0
0.50/0.55	0.553133	196	1
0.50/0.57	0.57588	195	2
0.60/0.60	0.598497	194	3
0.60/0.62	0.622519	192	6
0.60/0.64	0.644966	191	7
0.60/0.66	0.667389	190	8
0.60/0.69	0.689353	189	9
0.70/0.71	0.711255	188	10
0.70/0.73	0.732683	187	11
0.70/0.75	0.75363	186	12
0.70/0.77	0.774779	185	13
0.70/0.79	0.795466	184	14
0.80/0.81	0.816894	183	15
0.80/0.83	0.837613	182	16
0.80/0.86	0.859946	181	18
0.80/0.88	0.880802	180	19
0.90/0.90	0.901439	179	20
0.90/0.92	0.922919	178	23
0.90/0.94	0.946363	177	28
0.90/0.96	0.967062	176	30
0.90/0.98	0.987633	175	32
1.00/1.01	1.0103	174	37
1.00/1.03	1.03227	173	41
1.00/1.05	1.05357	172	44
1.00/1.07	1.07481	171	47
1.00/1.10	1.10304	170	60
1.00/1.12	1.12314	169	63
1.00/1.14	1.14341	168	66
1.00/1.16	1.16182	167	67
1.00/1.18	1.18565	166	75
1.00/1.21	1.20941	165	85
1.00/1.23	1.22896	164	89
1.00/1.27	1.27759	163	135
1.00/1.29	1.2971	162	138
1.00/1.32	1.31951	161	144
1.00/1.35	1.35567	160	170
1.00/1.38	1.37825	159	177
1.00/1.39	1.39727	158	181
1.00/1.43	1.42987	157	202
1.25/1.47	1.47162	156	236
1.25/1.49	1.4904	155	240
1.54/1.56	1.55956	154	314
1.54/1.58	1.58107	153	322
1.60/1.60	1.60614	152	334
1.60/1.63	1.62862	151	343
1.60/1.69	1.69091	150	410
1.70/1.73	1.73623	149	453
1.70/1.76	1.76123	148	467
1.79/1.84	1.84206	147	560
1.89/1.97	1.97439	146	736
2.09/2.17	2.17462	145	1011
2.19/2.23	2.23728	144	1089
2.19/2.28	2.28175	143	1136
2.29/2.30	2.30541	142	1150
2.29/2.35	2.35119	141	1203
2.29/2.39	2.39208	140	1244
2.39/2.46	2.46237	139	1330
2.78/2.81	2.81062	138	1842
3.69/3.72	3.7222	137	3207
3.69/3.80	3.79783	136	3301
3.79/4.10	4.0979	135	3737
3.79/4.28	4.28425	134	4006
4.49/4.52	4.5256	133	4359
4.89/4.94	4.93993	132	4982
5.00/5.04	5.04249	131	5118
44.09/44.22	44.2263	130	71461
51.19/51.29	51.2953	129	82811
229.07/229.17	229.148	128	380475
233.78/234.17	234.147	127	388060
310.06/310.17	310.149	126	510095
