23.78/23.80	23.79	76546	0
28.28/28.38	28.3726	76545	4
33.18/33.21	33.2084	76544	5
37.78/37.80	37.791	76543	6
42.78/42.83	42.8206	76542	8
47.42/47.47	47.462	76540	22
51.98/52.05	52.0416	76539	33
56.68/56.74	56.7325	76538	35
61.60/61.69	61.6879	76537	40
66.38/66.40	66.3943	76536	45
70.98/71.02	71.0122	76535	49
75.48/75.50	75.4905	76534	52
80.08/80.15	80.1467	76533	62
84.68/84.73	84.7223	76532	64
89.10/89.15	89.1449	76531	67
93.62/93.69	93.6793	76530	85
98.18/98.22	98.2154	76529	87
102.58/102.65	102.639	76528	93
107.08/107.16	107.151	76527	95
111.88/111.91	111.902	76526	100
116.48/116.52	116.509	76525	103
121.18/121.20	121.187	76524	107
125.68/125.76	125.751	76523	109
130.37/130.45	130.444	76522	120
134.97/135.03	135.017	76521	122
139.69/139.79	139.782	76520	123
144.09/144.16	144.15	76519	130
148.78/148.88	148.865	76518	131
153.48/153.51	153.496	76517	137
157.78/157.83	157.816	76516	138
162.18/162.25	162.244	76515	140
166.78/166.82	166.807	76514	143
171.28/171.36	171.352	76513	144
175.88/175.97	175.959	76512	148
180.38/180.51	180.501	76511	159
184.79/184.92	184.913	76510	161
189.47/189.58	189.569	76509	163
194.07/194.16	194.149	76508	165
198.67/198.78	198.765	76507	166
203.77/203.88	203.865	76506	167
208.77/208.80	208.784	76505	180
213.07/213.12	213.112	76504	192
217.37/217.47	217.454	76503	195
221.77/221.83	221.816	76502	207
226.07/226.17	226.161	76501	213
230.48/230.51	230.497	76500	218
234.88/234.99	234.981	76499	219
239.27/239.37	239.358	76498	225
243.87/243.96	243.943	76497	229
248.58/248.70	248.686	76496	230
253.17/253.25	253.234	76495	231
257.77/257.84	257.822	76494	235
262.47/262.53	262.519	76493	239
267.17/267.26	267.245	76492	251
272.17/272.23	272.213	76490	254
276.87/276.99	276.973	76489	260
281.48/281.54	281.524	76488	268
286.37/286.48	286.467	76487	269
290.77/290.82	290.808	76486	270
295.57/295.68	295.666	76485	279
300.17/300.25	300.238	76484	283
304.80/304.83	304.811	76483	284
309.38/309.44	309.421	76482	294
314.08/314.11	314.098	76481	299
318.58/318.68	318.659	76480	301
323.51/323.54	323.523	76479	303
328.08/328.12	328.105	76478	306
332.67/332.74	332.725	76477	310
337.27/337.31	337.289	76476	311
341.87/341.90	341.887	76475	314
346.48/346.54	346.523	76474	332
351.07/351.11	351.092	76473	333
355.67/355.73	355.715	76472	334
360.27/360.36	360.342	76471	338
364.87/364.95	364.935	76470	341
369.58/369.64	369.625	76469	342
374.37/374.40	374.379	76468	345
378.97/379.00	378.977	76467	346
383.77/383.88	383.862	76466	347
388.28/388.35	388.336	76465	350
392.68/392.79	392.771	76464	358
397.27/397.33	397.314	76463	359
401.87/401.93	401.913	76462	372
406.66/406.72	406.697	76461	382
410.97/411.01	410.986	76460	385
415.07/415.18	415.157	76459	393
419.37/419.43	419.408	76458	394
423.61/423.69	423.669	76457	397
428.00/428.07	428.054	76456	400
432.67/432.71	432.69	76455	411
437.07/437.17	437.154	76454	418
441.46/441.52	441.499	76453	422
445.86/445.93	445.913	76452	424
450.66/450.71	450.692	76451	429
454.86/454.97	454.946	76450	430
459.36/459.49	459.474	76449	439
463.76/463.81	463.789	76448	445
468.06/468.18	468.158	76447	447
472.56/472.61	472.592	76446	454
476.96/477.03	477.007	76445	459
481.36/481.42	481.403	76444	462
485.77/485.81	485.788	76443	463
490.07/490.19	490.168	76442	465
494.57/494.61	494.588	76441	466
498.97/499.03	499.011	76440	467
503.37/503.46	503.441	76439	480
507.87/507.95	507.932	76438	498
512.37/512.40	512.38	76437	507
517.17/517.25	517.225	76436	510
521.57/521.63	521.608	76435	511
525.97/526.07	526.045	76434	529
530.37/530.44	530.413	76433	539
534.76/534.89	534.865	76432	549
539.27/539.32	539.292	76431	557
543.66/543.72	543.692	76430	561
548.06/548.14	548.119	76429	563
552.47/552.58	552.553	76428	570
556.87/556.97	556.949	76427	580
561.37/561.42	561.393	76426	584
565.97/566.01	565.991	76425	594
570.57/570.61	570.59	76424	605
575.27/575.39	575.361	76423	644
580.17/580.26	580.233	76422	646
584.77/584.85	584.826	76421	649
589.17/589.21	589.182	76420	659
593.57/593.64	593.613	76419	663
597.86/597.98	597.956	76418	671
602.36/602.42	602.392	76417	674
606.76/606.85	606.823	76416	679
611.16/611.23	611.205	76415	681
615.56/615.62	615.593	76414	689
620.06/620.13	620.101	76413	692
624.56/624.60	624.573	76412	697
628.96/629.03	629	76411	698
633.36/633.49	633.46	76410	708
637.86/637.96	637.931	76409	716
642.76/642.84	642.818	76408	725
647.16/647.28	647.258	76407	730
651.76/651.80	651.775	76406	731
656.36/656.47	656.443	76405	738
660.96/661.01	660.982	76404	743
665.26/665.30	665.272	76403	745
669.87/669.99	669.964	76402	746
674.40/674.45	674.424	76401	752
678.96/679.08	679.058	76400	757
683.46/683.51	683.478	76399	766
687.86/687.97	687.944	76398	773
692.66/692.73	692.701	76397	775
697.16/697.20	697.174	76396	786
701.66/701.73	701.7	76395	787
706.06/706.20	706.168	76394	799
710.58/710.65	710.623	76393	800
714.97/715.08	715.053	76392	801
719.37/719.52	719.493	76391	805
723.96/724.06	724.033	76390	818
728.46/728.50	728.474	76389	819
733.16/733.24	733.208	76388	820
737.56/737.69	737.658	76387	824
742.36/742.40	742.375	76386	857
746.65/746.76	746.731	76385	866
751.15/751.22	751.188	76384	869
755.86/755.97	755.941	76383	872
760.66/760.71	760.681	76382	894
765.57/765.70	765.666	76381	895
769.97/770.07	770.037	76380	908
774.66/774.75	774.718	76379	912
778.96/779.07	779.035	76378	914
783.46/783.55	783.521	76377	925
787.96/788.07	788.035	76376	928
792.56/792.63	792.603	76375	941
797.06/797.19	797.161	76374	943
801.56/801.66	801.624	76373	947
806.16/806.25	806.221	76372	971
810.56/810.70	810.673	76371	972
815.08/815.19	815.154	76370	979
819.96/820.03	819.995	76369	988
824.86/824.97	824.935	76368	1017
829.50/829.54	829.506	76367	1036
833.77/833.88	833.848	76366	1043
838.36/838.45	838.42	76365	1076
842.86/842.99	842.953	76364	1077
847.26/847.38	847.348	76363	1095
851.85/851.94	851.911	76362	1096
856.35/856.49	856.458	76361	1097
861.38/861.45	861.415	76360	1098
866.35/866.42	866.387	76359	1114
871.06/871.13	871.093	76358	1115
875.57/875.72	875.685	76357	1117
880.35/880.49	880.458	76356	1125
884.85/884.96	884.922	76355	1150
889.25/889.38	889.346	76354	1186
893.75/893.80	893.77	76353	1190
898.05/898.14	898.103	76352	1201
902.55/902.66	902.631	76351	1207
907.15/907.24	907.208	76349	1208
911.75/911.80	911.765	76348	1215
916.27/916.34	916.306	76347	1221
921.06/921.12	921.083	76346	1222
925.66/925.70	925.661	76345	1226
930.36/930.47	930.434	76344	1227
934.97/935.06	935.028	76343	1237
939.76/939.86	939.826	76342	1247
944.55/944.60	944.561	76341	1250
949.05/949.18	949.142	76340	1254
954.05/954.10	954.069	76339	1258
958.65/958.75	958.718	76338	1259
963.75/963.86	963.822	76337	1284
968.45/968.54	968.503	76336	1305
972.95/973.09	973.058	76335	1306
977.55/977.60	977.568	76334	1309
981.85/981.98	981.947	76333	1312
986.35/986.42	986.385	76332	1319
990.85/990.97	990.933	76331	1320
995.46/995.52	995.482	76330	1322
1000.00/1000.11	1000.08	76329	1326
