22.18/22.29	22.2906	76466	0
26.39/26.48	26.4811	76465	1
30.69/30.76	30.7618	76464	3
34.89/34.92	34.9246	76463	5
39.09/39.15	39.1497	76462	18
43.29/43.32	43.3236	76461	21
47.48/47.57	47.5703	76460	26
51.79/51.81	51.808	76459	27
55.99/56.05	56.0467	76458	38
60.29/60.35	60.3524	76457	40
64.59/64.60	64.5968	76456	41
68.69/68.77	68.7701	76455	44
73.09/73.11	73.11	76454	54
77.39/77.42	77.4212	76453	56
81.59/81.68	81.6785	76452	66
85.99/86.03	86.0254	76451	80
90.20/90.27	90.2706	76450	81
94.49/94.51	94.508	76449	87
98.69/98.75	98.7498	76448	90
102.99/103.00	102.995	76447	95
107.19/107.21	107.209	76446	100
111.39/111.45	111.453	76445	107
115.69/115.74	115.735	76444	121
119.90/119.91	119.905	76443	122
124.19/124.22	124.22	76442	125
128.39/128.43	128.432	76441	126
132.59/132.67	132.666	76440	129
136.89/136.93	136.931	76439	140
141.19/141.22	141.219	76438	141
145.49/145.50	145.502	76437	143
149.70/149.77	149.769	76436	145
153.89/153.94	153.933	76435	148
157.99/158.09	158.088	76434	164
162.19/162.30	162.293	76433	166
166.58/166.63	166.63	76432	170
170.89/170.94	170.941	76431	174
175.18/175.28	175.281	76430	187
179.39/179.48	179.479	76429	188
183.48/183.57	183.571	76428	190
187.58/187.67	187.668	76427	195
191.68/191.79	191.789	76426	203
195.79/195.87	195.869	76424	208
199.88/199.99	199.982	76423	221
204.08/204.12	204.113	76422	227
208.18/208.23	208.225	76421	229
212.39/212.45	212.446	76420	245
216.58/216.64	216.634	76419	246
220.78/220.83	220.821	76418	247
225.08/225.12	225.12	76417	255
229.28/229.32	229.32	76416	260
233.48/233.57	233.569	76415	268
237.59/237.69	237.683	76414	271
241.78/241.83	241.826	76413	272
245.98/246.05	246.041	76412	283
250.18/250.28	250.278	76411	285
254.58/254.61	254.603	76410	302
258.78/258.87	258.862	76409	308
263.08/263.11	263.1	76408	316
267.18/267.26	267.257	76407	329
271.48/271.52	271.515	76406	340
275.78/275.82	275.81	76405	349
280.08/280.14	280.134	76404	360
284.28/284.33	284.328	76403	368
288.58/288.67	288.661	76402	370
292.88/292.95	292.945	76401	374
297.18/297.25	297.245	76400	375
301.49/301.52	301.516	76399	383
305.58/305.61	305.602	76398	390
309.68/309.73	309.726	76397	394
313.78/313.80	313.797	76396	395
317.78/317.90	317.889	76395	403
321.98/322.02	322.015	76394	425
326.08/326.17	326.163	76393	451
330.28/330.30	330.294	76392	452
334.49/334.53	334.527	76391	462
338.68/338.72	338.717	76390	463
342.88/342.94	342.928	76389	464
347.08/347.16	347.156	76388	477
351.38/351.40	351.397	76387	478
355.58/355.63	355.625	76386	479
359.79/359.86	359.853	76385	486
363.98/364.01	364.006	76384	487
368.18/368.25	368.243	76383	490
372.38/372.44	372.433	76382	499
376.59/376.65	376.641	76381	501
380.69/380.78	380.771	76380	505
384.99/385.04	385.035	76379	517
389.28/389.33	389.317	76378	518
393.58/393.62	393.615	76377	519
397.78/397.85	397.843	76376	524
401.98/402.07	402.063	76375	537
406.28/406.32	406.314	76374	544
410.48/410.51	410.501	76373	550
414.69/414.78	414.769	76372	563
418.98/419.02	419.012	76371	565
423.18/423.26	423.251	76370	566
427.48/427.51	427.497	76369	572
431.58/431.68	431.665	76368	575
435.88/435.98	435.974	76367	595
440.18/440.22	440.21	76366	605
444.28/444.36	444.346	76365	606
448.58/448.63	448.619	76364	618
452.88/452.96	452.947	76363	623
457.08/457.17	457.164	76362	624
461.28/461.39	461.383	76361	627
465.58/465.65	465.638	76360	631
469.78/469.85	469.834	76359	633
473.98/474.04	474.03	76358	635
478.18/478.26	478.245	76357	638
482.38/482.41	482.397	76356	639
486.58/486.63	486.618	76355	640
490.78/490.81	490.797	76354	641
494.88/494.95	494.942	76353	643
498.98/499.09	499.076	76352	645
503.18/503.23	503.216	76351	651
507.38/507.40	507.383	76350	659
511.48/511.56	511.551	76349	672
515.67/515.75	515.734	76348	694
519.98/520.03	520.022	76347	703
524.27/524.32	524.305	76346	709
528.47/528.57	528.562	76345	712
532.77/532.84	532.823	76344	716
537.18/537.22	537.21	76343	747
541.18/541.29	541.275	76342	748
545.27/545.36	545.351	76341	749
549.57/549.62	549.604	76340	771
553.77/553.84	553.827	76339	775
557.97/558.06	558.05	76338	791
562.27/562.32	562.303	76337	797
566.58/566.63	566.614	76336	802
570.88/570.94	570.927	76335	803
575.07/575.15	575.132	76334	804
579.28/579.35	579.333	76333	808
583.58/583.63	583.616	76332	813
587.88/587.93	587.911	76331	820
592.18/592.27	592.254	76330	848
596.58/596.62	596.603	76329	857
600.78/600.83	600.819	76328	861
604.88/605.00	604.982	76327	874
609.18/609.26	609.243	76326	879
613.48/613.52	613.501	76325	886
617.68/617.72	617.701	76324	887
621.98/622.03	622.018	76323	906
626.28/626.35	626.339	76322	916
630.48/630.52	630.507	76321	921
634.68/634.73	634.718	76320	926
638.88/638.90	638.88	76319	933
643.17/643.23	643.211	76318	947
647.37/647.47	647.458	76317	956
651.67/651.71	651.692	76316	965
655.98/656.01	655.994	76315	967
660.08/660.17	660.156	76314	968
664.27/664.34	664.323	76313	973
668.57/668.63	668.609	76312	993
672.77/672.87	672.849	76311	1005
677.07/677.14	677.123	76310	1009
681.37/681.42	681.405	76309	1013
685.57/685.68	685.666	76308	1018
689.87/689.90	689.881	76307	1019
693.97/694.06	694.04	76306	1020
698.27/698.37	698.356	76305	1026
702.56/702.67	702.651	76304	1046
706.76/706.89	706.874	76303	1048
711.06/711.11	711.092	76302	1052
715.16/715.29	715.277	76301	1054
719.48/719.57	719.553	76300	1058
723.66/723.75	723.736	76299	1063
727.86/727.95	727.932	76298	1065
732.06/732.13	732.112	76297	1067
736.27/736.34	736.325	76296	1083
740.46/740.59	740.571	76295	1096
744.56/744.68	744.664	76294	1098
748.86/748.90	748.883	76293	1102
752.96/753.08	753.057	76292	1105
757.26/757.35	757.332	76291	1106
761.57/761.66	761.645	76290	1130
765.87/765.94	765.918	76289	1133
770.17/770.25	770.229	76288	1169
774.47/774.52	774.501	76287	1173
778.67/778.78	778.759	76286	1186
782.87/782.97	782.95	76285	1190
787.17/787.25	787.235	76284	1207
791.37/791.48	791.463	76283	1209
795.67/795.72	795.702	76282	1228
799.87/799.94	799.92	76281	1229
804.07/804.19	804.168	76280	1234
808.37/808.42	808.404	76279	1236
812.57/812.67	812.654	76278	1238
816.87/816.94	816.923	76277	1251
821.07/821.15	821.127	76276	1270
825.37/825.40	825.38	76275	1274
829.57/829.60	829.582	76274	1278
833.67/833.79	833.773	76273	1280
837.97/838.03	838.009	76272	1282
842.27/842.34	842.315	76271	1285
846.57/846.60	846.582	76270	1293
850.87/850.93	850.908	76269	1304
855.07/855.19	855.164	76268	1337
859.37/859.44	859.416	76267	1340
863.77/863.84	863.82	76266	1366
867.88/867.98	867.962	76265	1368
872.17/872.20	872.173	76264	1374
876.37/876.42	876.393	76263	1384
880.47/880.55	880.532	76262	1389
884.67/884.78	884.757	76261	1410
889.07/889.11	889.091	76260	1423
893.28/893.32	893.295	76259	1425
897.47/897.58	897.56	76258	1427
901.77/901.82	901.8	76257	1428
905.77/905.89	905.865	76256	1433
909.97/910.09	910.066	76255	1435
914.18/914.28	914.258	76254	1439
918.37/918.49	918.468	76253	1450
922.47/922.55	922.53	76252	1453
926.77/926.83	926.802	76251	1471
930.97/931.02	930.993	76250	1472
935.17/935.28	935.254	76249	1476
939.37/939.43	939.41	76248	1488
943.46/943.58	943.557	76247	1489
947.76/947.83	947.807	76246	1492
952.06/952.15	952.126	76245	1499
956.27/956.38	956.357	76244	1500
960.56/960.65	960.626	76243	1510
964.86/964.90	964.871	76242	1515
969.17/969.24	969.213	76241	1541
973.47/973.53	973.509	76240	1546
977.76/977.85	977.821	76239	1552
982.06/982.13	982.108	76238	1560
986.36/986.40	986.378	76237	1565
990.56/990.66	990.635	76236	1569
994.86/994.94	994.911	76235	1571
999.06/999.14	999.116	76234	1572
