22.28/22.37	22.367	76513	0
26.58/26.66	26.6573	76512	2
30.88/30.96	30.9589	76511	3
34.98/35.10	35.0995	76510	4
39.38/39.41	39.4098	76509	5
43.59/43.66	43.6603	76508	18
47.79/47.88	47.877	76507	19
52.09/52.14	52.1376	76506	35
56.29/56.35	56.3521	76505	36
60.59/60.66	60.6614	76504	37
64.89/64.94	64.9399	76503	47
69.09/69.11	69.1121	76502	49
73.19/73.25	73.2449	76501	55
77.39/77.47	77.4717	76500	56
81.69/81.71	81.714	76499	66
85.89/85.93	85.932	76498	71
90.10/90.13	90.1306	76497	82
94.29/94.39	94.3859	76496	90
98.49/98.56	98.5633	76495	96
102.79/102.83	102.831	76494	100
106.99/107.04	107.039	76492	101
111.10/111.15	111.146	76491	105
115.29/115.31	115.307	76490	111
119.49/119.57	119.565	76489	115
123.79/123.80	123.797	76488	116
127.99/128.03	128.032	76487	117
132.29/132.35	132.353	76486	123
136.69/136.71	136.711	76485	142
140.89/140.99	140.987	76484	158
145.10/145.15	145.15	76483	163
149.19/149.26	149.256	76482	164
153.29/153.33	153.328	76481	165
157.39/157.47	157.465	76480	169
161.60/161.68	161.677	76479	173
165.79/165.87	165.865	76478	179
170.09/170.14	170.139	76477	181
174.39/174.48	174.477	76476	187
178.59/178.67	178.67	76475	189
182.79/182.80	182.799	76474	194
187.09/187.14	187.139	76473	195
191.30/191.37	191.363	76472	196
195.39/195.47	195.47	76471	204
199.69/199.70	199.7	76470	214
203.99/204.07	204.062	76469	222
208.09/208.17	208.164	76468	232
212.20/212.27	212.263	76467	233
216.49/216.50	216.499	76466	234
220.79/220.82	220.817	76465	242
224.99/225.07	225.066	76464	244
229.29/229.31	229.306	76463	246
233.49/233.51	233.507	76462	253
237.60/237.64	237.637	76461	259
241.69/241.77	241.769	76460	262
245.89/245.98	245.97	76459	266
250.09/250.15	250.141	76458	280
254.19/254.28	254.273	76457	290
258.29/258.37	258.364	76456	299
262.49/262.55	262.542	76455	301
266.69/266.70	266.694	76454	303
270.78/270.87	270.862	76453	323
274.89/274.98	274.971	76452	331
279.08/279.16	279.152	76451	332
283.48/283.57	283.569	76450	337
287.68/287.73	287.727	76449	346
291.78/291.86	291.853	76448	347
296.08/296.13	296.122	76447	362
300.19/300.22	300.214	76446	364
304.38/304.45	304.445	76445	381
308.58/308.61	308.604	76444	385
312.68/312.75	312.746	76443	390
316.88/316.98	316.977	76442	391
321.19/321.22	321.217	76441	406
325.28/325.38	325.375	76440	410
329.58/329.64	329.635	76439	441
333.68/333.79	333.779	76438	442
337.88/337.90	337.892	76437	443
341.99/342.03	342.027	76436	444
346.18/346.20	346.188	76435	445
350.28/350.37	350.363	76434	456
354.48/354.54	354.529	76433	457
358.59/358.66	358.657	76432	460
362.68/362.77	362.758	76431	463
366.78/366.86	366.85	76430	466
370.98/371.04	371.036	76429	495
375.18/375.22	375.207	76428	500
379.28/379.30	379.292	76427	507
383.38/383.42	383.412	76426	512
387.68/387.71	387.698	76425	513
391.98/392.04	392.031	76424	528
396.18/396.26	396.249	76423	531
400.28/400.36	400.348	76422	533
404.58/404.65	404.638	76421	538
408.78/408.80	408.792	76420	551
412.88/412.96	412.955	76419	554
417.08/417.11	417.103	76418	556
421.38/421.46	421.447	76417	563
425.48/425.56	425.548	76416	564
429.58/429.69	429.684	76415	567
433.78/433.80	433.793	76414	569
437.78/437.89	437.88	76413	571
441.87/441.97	441.959	76412	572
446.07/446.11	446.103	76411	580
450.17/450.29	450.279	76410	581
454.37/454.42	454.406	76409	582
458.47/458.55	458.541	76408	583
462.67/462.75	462.74	76407	590
466.97/467.09	467.074	76406	606
471.27/471.38	471.364	76405	607
475.47/475.55	475.539	76404	611
479.58/479.64	479.633	76403	616
483.67/483.73	483.714	76402	618
487.87/487.90	487.891	76401	626
491.87/491.99	491.975	76400	628
496.08/496.19	496.177	76399	647
500.27/500.37	500.36	76398	654
504.37/504.45	504.438	76397	655
508.67/508.71	508.702	76396	664
512.87/512.90	512.884	76395	674
516.98/517.03	517.017	76394	690
521.17/521.28	521.27	76393	693
525.37/525.49	525.476	76392	699
529.57/529.62	529.609	76391	700
533.77/533.82	533.809	76390	704
537.88/537.91	537.902	76389	709
541.87/541.95	541.934	76388	710
545.97/546.00	545.99	76387	712
550.17/550.21	550.198	76386	718
554.38/554.49	554.472	76385	734
558.57/558.64	558.627	76384	748
562.67/562.76	562.745	76383	749
566.77/566.89	566.877	76382	754
570.97/571.07	571.056	76381	757
575.28/575.34	575.327	76380	758
579.47/579.56	579.55	76379	766
583.57/583.60	583.587	76378	768
587.57/587.64	587.628	76377	769
591.78/591.81	591.794	76376	771
595.97/596.02	596.005	76375	772
600.07/600.11	600.097	76374	773
604.07/604.17	604.157	76373	775
608.18/608.27	608.252	76372	789
612.27/612.37	612.354	76371	790
616.37/616.46	616.44	76370	796
620.57/620.66	620.649	76369	797
624.78/624.89	624.87	76368	799
628.87/628.98	628.969	76367	808
633.07/633.12	633.106	76366	812
637.17/637.26	637.243	76365	813
641.28/641.38	641.365	76363	814
645.58/645.68	645.667	76362	820
649.77/649.86	649.849	76361	832
653.87/653.98	653.962	76360	837
658.07/658.16	658.141	76359	840
662.27/662.31	662.296	76358	844
666.48/666.52	666.504	76357	846
670.57/670.69	670.672	76356	852
674.67/674.79	674.77	76355	859
678.77/678.86	678.846	76354	864
682.98/683.02	683.001	76353	869
686.97/687.09	687.074	76352	871
691.07/691.16	691.144	76351	875
695.18/695.25	695.234	76350	877
699.27/699.38	699.365	76349	894
703.47/703.55	703.536	76348	909
707.57/707.68	707.665	76347	926
711.87/711.96	711.939	76346	945
716.08/716.17	716.154	76345	951
720.27/720.34	720.324	76344	961
724.67/724.72	724.704	76343	963
728.97/729.03	729.015	76342	971
733.17/733.25	733.231	76341	997
737.16/737.29	737.276	76340	1000
741.27/741.36	741.346	76339	1014
745.36/745.40	745.379	76338	1015
749.46/749.57	749.554	76337	1039
753.56/753.64	753.623	76336	1041
757.77/757.83	757.813	76335	1042
761.86/761.97	761.95	76334	1054
765.96/766.09	766.066	76333	1057
770.16/770.22	770.2	76332	1071
774.27/774.36	774.342	76331	1078
778.46/778.51	778.486	76330	1089
782.56/782.68	782.657	76329	1090
786.96/787.04	787.019	76328	1117
791.16/791.22	791.202	76327	1118
795.36/795.45	795.428	76326	1119
799.58/799.66	799.636	76325	1124
803.87/803.92	803.901	76324	1155
808.27/808.35	808.325	76323	1170
812.47/812.53	812.509	76322	1172
816.57/816.60	816.583	76321	1173
820.87/820.98	820.961	76320	1175
825.17/825.20	825.175	76319	1182
829.17/829.29	829.269	76318	1190
833.37/833.41	833.388	76317	1206
837.57/837.67	837.654	76316	1209
841.77/841.81	841.789	76315	1215
845.77/845.88	845.855	76314	1216
849.97/850.00	849.976	76313	1220
854.17/854.28	854.257	76312	1222
858.37/858.47	858.449	76311	1239
862.56/862.62	862.599	76310	1240
866.67/866.80	866.775	76309	1243
870.86/870.96	870.936	76308	1244
875.16/875.23	875.21	76307	1247
879.46/879.53	879.51	76306	1251
883.76/883.81	883.783	76305	1256
887.76/887.88	887.858	76304	1257
891.97/892.06	892.036	76303	1267
896.06/896.17	896.143	76302	1276
900.36/900.46	900.437	76301	1281
904.66/904.72	904.698	76300	1292
908.86/908.90	908.873	76299	1293
913.06/913.15	913.129	76298	1301
917.37/917.46	917.434	76297	1303
921.56/921.62	921.599	76296	1312
925.76/925.82	925.794	76295	1313
929.86/929.98	929.956	76294	1317
934.06/934.10	934.08	76293	1318
938.06/938.18	938.156	76292	1319
942.16/942.27	942.248	76291	1333
946.26/946.39	946.366	76290	1335
950.46/950.55	950.524	76289	1337
954.77/954.83	954.805	76288	1339
958.86/958.93	958.909	76287	1341
962.96/963.02	963	76286	1347
967.26/967.34	967.318	76285	1364
971.56/971.64	971.611	76284	1370
975.76/975.80	975.771	76283	1376
979.87/979.96	979.931	76282	1398
984.07/984.13	984.106	76281	1401
988.17/988.20	988.175	76280	1403
992.27/992.34	992.313	76279	1426
996.57/996.64	996.617	76278	1431
