22.09/22.13	22.1365	76497	0
26.59/26.64	26.6392	76496	10
30.81/30.88	30.8766	76495	11
35.39/35.41	35.4061	76494	15
39.69/39.70	39.699	76493	20
43.91/43.95	43.9493	76492	22
47.99/48.04	48.0389	76491	26
52.09/52.16	52.1643	76490	34
56.19/56.24	56.2417	76489	37
60.29/60.34	60.342	76488	40
64.58/64.61	64.6051	76487	42
69.19/69.28	69.2838	76486	46
73.38/73.47	73.4661	76485	54
77.88/77.91	77.9047	76484	61
81.98/82.05	82.0538	76483	70
86.18/86.21	86.2061	76482	80
90.28/90.36	90.3581	76481	81
94.38/94.49	94.4846	76480	88
98.58/98.61	98.6067	76479	90
103.30/103.39	103.384	76478	105
107.38/107.49	107.493	76477	106
111.69/111.71	111.713	76476	112
115.79/115.83	115.831	76474	114
120.39/120.45	120.446	76473	115
124.79/124.83	124.825	76472	129
128.89/128.95	128.948	76471	131
133.00/133.11	133.106	76470	133
137.19/137.27	137.267	76469	146
142.18/142.20	142.2	76468	148
146.88/146.97	146.969	76467	163
152.18/152.21	152.205	76466	165
156.68/156.73	156.73	76465	170
160.88/160.95	160.944	76464	178
165.00/165.05	165.049	76463	179
169.18/169.22	169.22	76462	187
174.18/174.20	174.197	76460	207
178.49/178.51	178.506	76459	220
182.79/182.80	182.798	76458	233
187.59/187.68	187.677	76457	239
191.89/191.93	191.93	76456	242
196.19/196.22	196.22	76455	245
200.58/200.66	200.655	76454	246
204.79/204.84	204.838	76453	249
208.78/208.83	208.825	76452	254
212.78/212.88	212.871	76451	256
216.79/216.84	216.839	76450	258
220.78/220.82	220.81	76449	259
224.78/224.80	224.795	76448	261
228.98/229.05	229.046	76447	266
233.88/233.90	233.892	76446	272
238.18/238.25	238.242	76445	283
242.28/242.38	242.374	76444	284
246.88/246.95	246.94	76443	294
251.28/251.38	251.377	76442	295
255.98/256.04	256.036	76441	303
260.08/260.20	260.188	76440	306
264.18/264.23	264.222	76439	309
268.30/268.37	268.359	76438	312
272.80/272.84	272.83	76437	313
276.78/276.86	276.855	76436	317
281.60/281.69	281.68	76435	321
285.78/285.91	285.898	76434	344
289.78/289.88	289.869	76433	348
293.78/293.88	293.871	76432	349
297.87/297.98	297.97	76431	350
301.97/302.02	302.01	76430	355
305.97/306.06	306.046	76429	364
310.27/310.30	310.294	76428	369
314.49/314.60	314.592	76427	371
318.77/318.81	318.794	76426	373
322.97/323.07	323.058	76425	378
327.17/327.29	327.278	76424	381
331.67/331.78	331.769	76423	386
336.27/336.34	336.33	76422	387
340.47/340.56	340.547	76421	401
344.67/344.76	344.751	76420	403
348.78/348.88	348.867	76419	408
352.88/353.00	352.985	76418	420
357.08/357.10	357.091	76417	423
361.28/361.35	361.336	76416	425
365.68/365.74	365.723	76415	427
369.78/369.82	369.811	76414	428
374.38/374.44	374.43	76413	430
378.88/378.92	378.904	76412	445
383.08/383.15	383.137	76411	455
387.18/387.25	387.239	76410	456
391.28/391.36	391.347	76409	458
395.48/395.51	395.494	76408	467
399.58/399.63	399.621	76407	468
403.77/403.81	403.798	76406	473
407.87/407.90	407.89	76405	474
411.97/412.07	412.053	76404	477
416.27/416.32	416.302	76403	480
420.37/420.41	420.397	76402	484
424.87/424.93	424.913	76401	485
428.99/429.04	429.029	76400	486
433.87/433.96	433.945	76399	490
437.97/438.07	438.053	76398	492
442.57/442.69	442.673	76397	495
446.97/447.05	447.034	76396	499
451.57/451.60	451.59	76395	507
455.67/455.77	455.752	76394	509
459.79/459.85	459.835	76393	513
463.88/463.94	463.92	76392	516
468.78/468.80	468.786	76391	530
472.88/472.92	472.903	76390	537
477.39/477.45	477.433	76389	541
481.68/481.76	481.742	76388	546
486.09/486.20	486.184	76387	557
490.49/490.52	490.507	76386	566
494.89/494.94	494.925	76385	567
499.18/499.26	499.242	76384	571
503.68/503.75	503.729	76383	587
507.97/508.05	508.035	76382	593
512.27/512.38	512.367	76381	601
516.37/516.48	516.461	76380	604
520.47/520.56	520.541	76379	606
524.69/524.74	524.719	76378	640
528.78/528.84	528.819	76377	645
533.17/533.23	533.212	76376	652
537.89/537.97	537.956	76375	658
542.47/542.53	542.517	76374	665
546.58/546.66	546.641	76373	675
550.67/550.77	550.749	76372	679
554.76/554.86	554.839	76371	682
558.86/558.94	558.924	76370	686
562.96/563.06	563.042	76369	698
567.16/567.21	567.194	76368	723
571.36/571.41	571.388	76367	724
575.46/575.52	575.503	76366	734
579.57/579.61	579.593	76365	742
583.56/583.69	583.675	76364	744
587.66/587.77	587.748	76363	745
591.78/591.88	591.857	76362	753
596.07/596.12	596.099	76361	785
600.58/600.62	600.598	76360	789
604.76/604.82	604.798	76359	802
609.27/609.39	609.372	76358	807
613.56/613.61	613.588	76357	818
617.67/617.70	617.683	76356	820
621.77/621.84	621.824	76355	824
625.88/625.93	625.909	76354	826
630.07/630.14	630.122	76353	828
635.07/635.14	635.12	76352	845
639.87/639.95	639.928	76351	861
643.97/644.05	644.028	76350	863
648.37/648.41	648.389	76349	864
652.57/652.61	652.587	76348	866
656.58/656.67	656.647	76347	869
661.08/661.18	661.156	76346	871
665.38/665.50	665.482	76345	878
669.57/669.68	669.661	76344	889
673.76/673.81	673.787	76343	894
678.37/678.44	678.421	76342	908
682.87/682.97	682.949	76341	911
687.27/687.32	687.302	76340	912
691.78/691.83	691.812	76339	916
695.86/695.91	695.892	76338	917
699.96/700.06	700.038	76337	921
704.17/704.25	704.226	76336	943
708.56/708.69	708.664	76335	946
713.27/713.31	713.285	76334	948
717.36/717.47	717.443	76333	949
721.58/721.64	721.622	76332	968
725.66/725.78	725.756	76331	971
729.86/729.99	729.963	76330	975
734.26/734.37	734.351	76329	976
738.56/738.62	738.596	76328	977
743.36/743.43	743.404	76327	996
747.46/747.56	747.534	76326	997
751.66/751.78	751.754	76325	1005
755.76/755.88	755.853	76324	1012
760.08/760.13	760.101	76323	1027
764.37/764.46	764.437	76322	1040
768.78/768.81	768.788	76321	1043
773.28/773.39	773.366	76320	1046
777.58/777.69	777.67	76319	1079
781.76/781.84	781.811	76318	1085
785.86/785.92	785.899	76317	1090
789.86/789.99	789.963	76316	1093
794.08/794.17	794.147	76315	1096
798.48/798.60	798.571	76314	1107
802.98/803.07	803.047	76313	1109
807.06/807.18	807.155	76312	1113
811.46/811.51	811.483	76311	1127
815.56/815.61	815.58	76310	1129
820.47/820.61	820.585	76309	1132
824.97/825.01	824.989	76308	1152
829.96/830.05	830.028	76307	1165
834.26/834.36	834.328	76306	1183
838.86/838.93	838.903	76305	1192
842.96/843.04	843.008	76304	1196
847.26/847.38	847.355	76303	1213
851.46/851.58	851.55	76301	1219
855.56/855.68	855.647	76300	1220
859.76/859.81	859.783	76299	1222
863.86/863.92	863.896	76298	1231
868.06/868.13	868.102	76297	1235
872.56/872.68	872.652	76296	1240
877.56/877.60	877.573	76295	1260
882.17/882.22	882.188	76294	1270
886.86/886.93	886.898	76293	1276
890.98/891.02	890.989	76292	1288
894.86/894.97	894.94	76291	1289
898.86/898.94	898.909	76290	1292
902.86/902.91	902.883	76289	1294
906.85/906.91	906.882	76288	1314
910.77/910.86	910.833	76287	1317
914.75/914.83	914.795	76286	1318
918.75/918.80	918.769	76285	1322
922.76/922.82	922.79	76284	1342
926.75/926.82	926.785	76283	1354
930.75/930.85	930.816	76282	1357
935.35/935.42	935.386	76281	1378
939.37/939.44	939.403	76280	1379
943.35/943.43	943.394	76279	1383
947.75/947.84	947.81	76278	1396
952.35/952.46	952.423	76277	1403
956.45/956.51	956.475	76276	1404
960.85/960.99	960.96	76275	1407
964.95/965.08	965.049	76274	1408
969.56/969.61	969.579	76273	1413
973.55/973.63	973.595	76272	1414
977.55/977.63	977.593	76271	1416
981.55/981.61	981.569	76270	1417
985.46/985.61	985.569	76269	1418
989.55/989.66	989.626	76268	1438
993.65/993.73	993.696	76267	1443
997.95/998.03	997.994	76266	1447
