23.29/23.31	23.3149	76526	0
28.08/28.19	28.1881	76525	1
32.69/32.76	32.7625	76524	2
37.19/37.22	37.2246	76523	7
41.70/41.75	41.7533	76522	8
46.09/46.16	46.1575	76521	17
50.59/50.65	50.6494	76520	30
54.89/54.95	54.9553	76519	31
59.09/59.19	59.1874	76518	39
63.39/63.46	63.4635	76517	40
67.89/67.97	67.9711	76516	62
72.18/72.25	72.2453	76515	69
76.69/76.76	76.7637	76514	73
81.09/81.11	81.1143	76513	83
85.38/85.49	85.4932	76512	84
89.99/90.08	90.0758	76511	93
94.39/94.42	94.414	76510	96
98.79/98.84	98.8378	76509	98
103.19/103.25	103.245	76508	100
107.58/107.61	107.607	76507	109
111.98/112.07	112.069	76506	117
116.49/116.60	116.598	76505	125
121.18/121.20	121.195	76504	129
125.68/125.79	125.789	76503	135
130.29/130.33	130.331	76502	138
134.78/134.86	134.855	76501	141
139.08/139.17	139.171	76500	149
143.48/143.57	143.565	76499	151
147.89/147.97	147.966	76498	152
152.68/152.72	152.716	76497	157
157.08/157.17	157.164	76496	159
162.09/162.14	162.133	76495	186
166.39/166.49	166.484	76494	195
170.68/170.72	170.711	76493	200
174.89/174.98	174.977	76492	201
179.38/179.46	179.455	76491	202
183.89/183.97	183.966	76490	208
188.18/188.26	188.258	76489	211
192.58/192.68	192.678	76488	220
196.89/196.95	196.947	76487	222
201.09/201.19	201.188	76486	230
205.59/205.70	205.695	76485	239
209.88/209.96	209.959	76484	241
214.39/214.43	214.422	76483	242
219.08/219.13	219.126	76482	262
223.48/223.59	223.581	76481	265
227.98/228.04	228.031	76480	266
232.58/232.69	232.684	76479	271
236.88/236.98	236.975	76478	272
241.48/241.50	241.495	76477	295
245.98/246.00	245.997	76476	305
250.58/250.60	250.593	76475	307
254.88/254.98	254.969	76474	309
259.28/259.33	259.321	76473	317
263.99/264.01	264.005	76472	336
268.29/268.33	268.325	76471	344
272.58/272.63	272.619	76470	351
277.09/277.14	277.132	76469	352
281.49/281.57	281.564	76468	374
285.78/285.86	285.857	76467	380
290.18/290.26	290.254	76466	381
294.69/294.72	294.711	76465	389
299.19/299.26	299.249	76464	395
303.59/303.62	303.611	76463	399
307.99/308.08	308.072	76462	400
312.48/312.54	312.534	76461	402
316.98/317.00	316.995	76460	422
321.67/321.70	321.687	76459	427
326.48/326.55	326.537	76458	432
330.78/330.87	330.856	76457	437
335.08/335.11	335.104	76456	440
339.68/339.79	339.78	76455	442
344.28/344.33	344.325	76454	452
348.59/348.62	348.612	76453	455
353.37/353.40	353.392	76452	459
357.98/358.02	358.013	76451	460
362.68/362.71	362.7	76450	478
367.48/367.59	367.584	76449	479
371.88/371.95	371.938	76448	482
376.27/376.30	376.286	76447	485
380.48/380.57	380.561	76446	486
384.98/385.05	385.039	76445	492
389.67/389.74	389.726	76444	495
394.18/394.24	394.233	76443	497
398.68/398.70	398.685	76442	499
403.07/403.18	403.164	76441	500
407.38/407.45	407.442	76440	507
411.48/411.58	411.572	76439	510
416.08/416.12	416.103	76438	512
420.68/420.74	420.728	76437	519
425.07/425.10	425.083	76436	525
429.48/429.50	429.483	76435	545
434.67/434.75	434.734	76434	546
438.97/439.07	439.056	76433	551
443.37/443.47	443.452	76432	573
447.87/447.91	447.901	76431	579
452.17/452.28	452.268	76430	587
456.67/456.71	456.695	76429	589
460.88/460.99	460.972	76428	600
465.37/465.44	465.429	76426	604
469.68/469.75	469.732	76425	606
474.38/474.46	474.449	76424	623
478.67/478.76	478.749	76423	624
483.37/483.43	483.417	76422	633
488.28/488.34	488.321	76421	642
492.97/493.08	493.066	76420	652
497.57/497.62	497.605	76419	656
501.77/501.83	501.813	76418	666
506.17/506.21	506.191	76417	668
510.57/510.66	510.64	76416	674
515.07/515.17	515.157	76415	675
519.47/519.53	519.515	76414	676
524.18/524.23	524.216	76413	681
529.08/529.19	529.174	76412	682
533.67/533.75	533.73	76411	690
537.97/538.08	538.066	76410	691
542.37/542.40	542.387	76409	693
546.58/546.69	546.672	76408	705
550.87/550.98	550.966	76407	716
555.17/555.22	555.203	76406	719
559.57/559.60	559.579	76405	737
563.77/563.87	563.849	76404	740
568.07/568.14	568.121	76403	743
572.27/572.39	572.375	76402	752
576.67/576.78	576.76	76401	767
580.97/581.08	581.061	76400	777
585.27/585.36	585.34	76399	787
589.57/589.61	589.594	76398	789
594.07/594.19	594.167	76397	790
598.37/598.43	598.411	76396	793
602.57/602.69	602.676	76395	797
607.08/607.18	607.157	76394	798
611.48/611.57	611.553	76393	802
616.27/616.30	616.285	76392	806
620.57/620.66	620.643	76391	814
624.97/625.00	624.978	76390	818
629.37/629.43	629.413	76389	835
633.86/633.96	633.941	76388	841
638.07/638.11	638.094	76387	853
642.17/642.29	642.274	76386	862
646.37/646.41	646.393	76385	866
650.67/650.77	650.746	76384	875
654.97/655.04	655.023	76383	898
659.27/659.36	659.34	76382	899
663.47/663.57	663.55	76381	907
667.97/668.03	668.004	76380	935
672.16/672.25	672.233	76379	938
676.48/676.52	676.495	76378	939
680.77/680.81	680.788	76377	946
685.36/685.40	685.382	76376	947
690.17/690.29	690.272	76375	952
694.57/694.60	694.579	76374	953
698.97/699.03	699.003	76373	961
703.47/703.53	703.507	76372	968
707.86/707.91	707.892	76371	974
712.16/712.27	712.247	76370	980
716.67/716.76	716.738	76369	998
720.87/720.93	720.905	76368	1011
725.27/725.31	725.288	76367	1013
729.37/729.49	729.467	76366	1018
733.67/733.71	733.683	76364	1021
738.36/738.42	738.392	76363	1024
742.56/742.64	742.612	76362	1036
746.77/746.87	746.842	76361	1043
750.96/751.03	751.009	76360	1045
755.16/755.26	755.236	76359	1055
759.46/759.51	759.486	76358	1057
763.66/763.74	763.717	76357	1061
767.77/767.85	767.826	76356	1065
771.86/771.97	771.942	76355	1067
776.77/776.84	776.813	76354	1069
780.98/781.04	781.011	76353	1071
785.17/785.24	785.217	76352	1072
789.36/789.40	789.379	76351	1082
793.66/793.71	793.68	76350	1086
798.16/798.21	798.188	76349	1087
802.36/802.48	802.457	76348	1098
806.56/806.66	806.632	76347	1111
810.76/810.80	810.775	76346	1116
814.86/814.94	814.912	76345	1119
819.06/819.10	819.079	76344	1132
823.16/823.26	823.235	76343	1145
827.76/827.86	827.838	76342	1150
832.06/832.11	832.085	76341	1162
836.16/836.28	836.256	76340	1168
840.27/840.38	840.35	76339	1175
844.46/844.55	844.527	76338	1185
848.66/848.75	848.719	76337	1193
852.86/852.93	852.899	76336	1199
857.06/857.12	857.098	76335	1200
861.66/861.77	861.745	76334	1201
866.16/866.25	866.227	76333	1210
870.56/870.64	870.616	76332	1225
874.66/874.78	874.757	76331	1233
878.87/878.98	878.953	76330	1240
883.17/883.28	883.255	76329	1248
887.57/887.70	887.668	76328	1250
891.86/891.94	891.913	76327	1252
896.06/896.13	896.103	76326	1260
900.26/900.37	900.345	76325	1262
904.46/904.55	904.52	76324	1264
908.57/908.69	908.662	76323	1273
913.06/913.17	913.139	76322	1275
917.26/917.31	917.283	76321	1287
921.67/921.80	921.768	76320	1294
925.96/926.10	926.07	76319	1298
930.25/930.37	930.345	76318	1308
934.76/934.90	934.871	76317	1315
939.15/939.21	939.178	76316	1318
943.26/943.34	943.305	76315	1319
947.45/947.54	947.508	76314	1330
951.55/951.69	951.656	76313	1338
956.05/956.14	956.111	76312	1348
960.35/960.44	960.409	76311	1357
964.75/964.87	964.84	76310	1362
969.07/969.12	969.085	76309	1375
973.47/973.54	973.506	76308	1391
977.77/977.87	977.838	76307	1395
982.17/982.30	982.269	76306	1397
986.57/986.63	986.6	76305	1398
991.07/991.13	991.103	76304	1402
995.47/995.57	995.542	76303	1415
999.96/1000.03	999.994	76302	1425
