21.39/21.46	21.4664	76529	0
25.69/25.79	25.7934	76528	1
30.19/30.29	30.2867	76527	8
35.09/35.11	35.1141	76526	9
39.19/39.21	39.2103	76525	12
43.38/43.43	43.4317	76524	14
47.39/47.49	47.4921	76523	15
51.99/52.02	52.0212	76522	19
55.99/56.05	56.0544	76521	22
59.99/60.07	60.0752	76520	24
64.19/64.28	64.2762	76519	28
68.59/68.61	68.614	76518	40
72.78/72.80	72.7975	76517	42
76.99/77.07	77.065	76516	43
81.19/81.24	81.2425	76515	45
85.39/85.45	85.4481	76514	49
89.58/89.66	89.6559	76512	55
93.60/93.68	93.6811	76511	56
97.69/97.70	97.7011	76510	57
101.69/101.72	101.715	76509	59
105.70/105.72	105.72	76508	60
109.69/109.74	109.743	76507	62
113.69/113.75	113.751	76506	65
117.70/117.78	117.778	76505	69
121.79/121.82	121.822	76504	72
125.79/125.87	125.873	76503	80
129.89/129.99	129.989	76502	81
134.09/134.15	134.146	76501	83
138.18/138.22	138.218	76500	89
142.18/142.22	142.22	76499	91
146.18/146.26	146.26	76498	96
150.18/150.27	150.272	76497	103
154.28/154.31	154.311	76496	113
158.28/158.33	158.328	76495	118
162.38/162.49	162.484	76494	119
166.49/166.58	166.574	76493	139
170.60/170.62	170.615	76492	144
174.69/174.75	174.752	76491	146
178.99/179.02	179.018	76490	159
183.19/183.23	183.227	76489	160
187.29/187.39	187.386	76488	169
191.40/191.41	191.408	76487	178
195.39/195.44	195.441	76486	181
199.49/199.52	199.52	76485	183
203.50/203.55	203.543	76484	188
207.49/207.55	207.546	76483	189
211.49/211.55	211.545	76482	191
215.49/215.58	215.58	76481	197
219.59/219.61	219.602	76480	205
223.59/223.67	223.665	76479	230
227.70/227.76	227.755	76478	241
231.69/231.76	231.757	76477	244
235.79/235.80	235.796	76476	245
239.79/239.82	239.813	76475	252
243.79/243.82	243.815	76474	255
247.79/247.83	247.82	76473	257
251.79/251.82	251.815	76472	258
255.99/256.09	256.086	76471	262
260.28/260.30	260.293	76470	266
264.38/264.41	264.403	76469	267
268.39/268.44	268.433	76468	269
272.58/272.66	272.655	76467	274
276.88/276.96	276.949	76466	279
280.98/281.01	281.004	76465	293
284.99/285.07	285.059	76464	296
289.18/289.26	289.255	76463	297
293.38/293.49	293.482	76462	303
297.58/297.68	297.677	76461	304
301.88/301.90	301.896	76460	312
306.08/306.18	306.173	76459	319
310.19/310.25	310.241	76458	323
314.38/314.48	314.471	76457	335
318.58/318.64	318.633	76456	337
322.68/322.79	322.779	76455	340
326.69/326.80	326.793	76454	351
330.78/330.80	330.791	76453	354
334.78/334.80	334.789	76452	355
338.98/339.03	339.019	76451	370
342.98/343.05	343.045	76450	381
346.98/347.06	347.053	76449	383
351.08/351.15	351.143	76448	416
355.18/355.27	355.264	76447	422
359.18/359.26	359.249	76446	423
363.18/363.27	363.261	76445	429
367.28/367.30	367.287	76444	433
371.28/371.31	371.303	76443	443
375.28/375.34	375.329	76442	445
379.28/379.33	379.322	76441	450
383.28/383.39	383.381	76440	452
387.29/387.39	387.381	76439	455
391.28/391.39	391.384	76438	461
395.38/395.40	395.395	76437	466
399.29/399.40	399.392	76436	468
403.38/403.44	403.431	76435	473
407.48/407.57	407.559	76434	474
411.78/411.83	411.815	76433	498
415.98/416.01	415.997	76432	501
419.98/420.01	419.999	76431	502
423.98/424.07	424.06	76430	503
427.99/428.05	428.042	76429	504
432.08/432.18	432.169	76428	508
436.18/436.22	436.21	76427	518
440.18/440.22	440.212	76426	520
444.18/444.25	444.238	76425	529
448.38/448.48	448.468	76424	539
452.58/452.68	452.667	76423	542
456.78/456.87	456.859	76422	543
460.98/461.07	461.054	76421	544
465.28/465.32	465.305	76420	562
469.47/469.52	469.508	76419	566
473.67/473.73	473.715	76418	570
477.87/477.93	477.916	76417	572
482.07/482.16	482.153	76416	582
486.18/486.28	486.27	76415	586
490.37/490.40	490.383	76414	588
494.38/494.43	494.417	76413	589
498.68/498.72	498.707	76412	604
502.88/502.92	502.907	76411	607
506.88/506.96	506.944	76410	608
510.98/511.04	511.029	76409	621
514.98/515.05	515.034	76408	625
518.98/519.06	519.046	76407	633
522.98/523.04	523.031	76406	635
526.98/527.03	527.012	76405	640
530.98/531.07	531.055	76404	664
534.98/535.08	535.071	76403	668
538.98/539.08	539.065	76402	672
542.98/543.09	543.073	76401	680
546.98/547.08	547.068	76400	683
550.98/551.07	551.052	76399	684
554.98/555.07	555.056	76398	688
558.98/559.09	559.078	76397	693
563.08/563.12	563.104	76396	694
567.08/567.11	567.091	76395	698
571.08/571.11	571.094	76394	701
575.18/575.20	575.186	76393	713
579.18/579.23	579.22	76392	714
583.18/583.22	583.206	76391	715
587.48/587.51	587.493	76390	728
591.68/591.73	591.711	76389	729
595.87/595.93	595.911	76388	731
599.97/600.06	600.042	76387	741
604.07/604.13	604.117	76386	767
608.07/608.14	608.126	76385	769
612.07/612.14	612.124	76384	773
616.08/616.15	616.138	76383	777
620.07/620.17	620.15	76381	784
624.07/624.17	624.152	76380	785
628.08/628.19	628.174	76379	787
632.17/632.21	632.197	76378	792
636.17/636.23	636.213	76377	803
640.18/640.26	640.244	76376	813
644.17/644.29	644.272	76375	815
648.27/648.31	648.294	76374	824
652.28/652.35	652.33	76373	839
656.27/656.35	656.335	76372	840
660.27/660.36	660.343	76371	846
664.27/664.36	664.341	76370	851
668.37/668.41	668.391	76369	853
672.37/672.40	672.384	76368	855
676.37/676.43	676.413	76367	868
680.37/680.43	680.412	76366	874
684.47/684.50	684.481	76365	884
688.68/688.73	688.711	76364	896
692.87/692.94	692.923	76363	904
697.07/697.14	697.118	76362	920
701.17/701.23	701.213	76361	936
705.37/705.43	705.408	76360	937
709.58/709.61	709.596	76359	939
713.77/713.81	713.788	76358	940
717.77/717.85	717.83	76357	945
721.77/721.87	721.853	76356	957
725.77/725.87	725.85	76355	962
729.77/729.87	729.849	76354	968
733.87/733.99	733.969	76353	969
738.08/738.10	738.085	76352	979
742.27/742.35	742.334	76351	983
746.27/746.35	746.328	76350	987
750.37/750.43	750.414	76349	993
754.37/754.43	754.41	76348	1001
758.37/758.45	758.427	76347	1006
762.38/762.45	762.425	76346	1011
766.37/766.46	766.441	76345	1015
770.37/770.46	770.443	76344	1022
774.56/774.61	774.589	76343	1030
778.67/778.74	778.717	76342	1048
782.67/782.75	782.73	76341	1051
786.77/786.80	786.782	76340	1065
790.77/790.82	790.799	76339	1068
794.77/794.82	794.8	76338	1069
798.97/799.00	798.977	76337	1070
802.87/802.99	802.97	76336	1076
806.87/806.97	806.949	76335	1079
810.87/810.95	810.929	76334	1081
814.97/815.04	815.019	76333	1086
818.97/819.07	819.049	76332	1096
823.07/823.14	823.12	76331	1097
827.07/827.13	827.104	76330	1100
831.07/831.12	831.098	76329	1101
835.07/835.13	835.108	76328	1105
839.07/839.13	839.107	76327	1110
843.07/843.16	843.142	76326	1129
847.17/847.28	847.26	76325	1138
851.27/851.30	851.276	76324	1146
855.27/855.31	855.29	76323	1152
859.27/859.35	859.323	76322	1167
863.37/863.49	863.47	76321	1171
867.47/867.52	867.501	76320	1189
871.47/871.51	871.484	76319	1191
875.47/875.53	875.507	76318	1202
879.57/879.62	879.598	76317	1207
883.57/883.63	883.602	76316	1217
887.67/887.72	887.697	76315	1221
891.87/891.93	891.91	76314	1230
896.07/896.16	896.14	76313	1237
900.36/900.44	900.418	76312	1240
904.56/904.63	904.605	76311	1242
908.96/909.01	908.982	76310	1244
913.16/913.22	913.192	76309	1248
917.37/917.44	917.418	76308	1263
921.56/921.62	921.599	76307	1277
925.46/925.59	925.569	76306	1281
929.66/929.73	929.709	76305	1289
933.66/933.76	933.733	76304	1295
937.66/937.75	937.723	76303	1296
941.67/941.73	941.704	76302	1299
945.76/945.82	945.79	76301	1305
949.86/949.98	949.953	76300	1331
954.06/954.17	954.142	76299	1332
958.36/958.40	958.372	76298	1349
962.57/962.61	962.586	76297	1355
966.76/966.80	966.774	76296	1357
970.86/970.99	970.963	76295	1360
975.06/975.18	975.152	76294	1362
979.36/979.46	979.435	76293	1368
983.47/983.52	983.493	76292	1374
987.46/987.52	987.492	76291	1376
991.46/991.57	991.546	76290	1377
995.47/995.55	995.524	76289	1378
999.46/999.54	999.518	76288	1383
