22.18/22.22	22.2225	76507	0
26.19/26.28	26.2787	76506	1
30.19/30.25	30.2547	76505	20
34.11/34.18	34.1828	76504	25
38.09/38.10	38.102	76503	26
41.99/42.03	42.0271	76502	29
45.99/46.00	46.0023	76501	47
49.89/49.98	49.9829	76500	48
53.80/53.90	53.8997	76499	49
57.89/57.93	57.9273	76498	58
61.89/61.91	61.9066	76497	78
66.00/66.06	66.0596	76496	80
70.19/70.22	70.2205	76495	84
74.39/74.42	74.4174	76494	88
78.38/78.49	78.4868	76493	89
82.50/82.54	82.5364	76492	90
86.48/86.56	86.5632	76491	95
90.38/90.48	90.4823	76490	96
94.38/94.49	94.4904	76489	103
98.68/98.72	98.7232	76488	129
102.68/102.75	102.752	76487	134
106.78/106.82	106.822	76486	143
110.88/110.90	110.897	76485	144
114.88/114.90	114.902	76484	147
118.98/119.09	119.088	76483	149
123.10/123.17	123.169	76482	151
127.28/127.35	127.345	76481	152
131.58/131.60	131.601	76480	158
135.68/135.79	135.787	76479	160
139.88/139.96	139.961	76478	162
144.18/144.22	144.219	76477	168
148.18/148.26	148.262	76476	173
152.18/152.24	152.235	76475	181
156.28/156.32	156.32	76474	192
160.38/160.40	160.397	76473	195
164.38/164.43	164.424	76472	201
168.38/168.49	168.491	76471	209
172.48/172.54	172.539	76470	211
176.58/176.68	176.674	76469	212
180.78/180.88	180.872	76468	213
185.08/185.10	185.099	76467	215
189.20/189.23	189.227	76466	230
193.19/193.21	193.203	76465	246
197.09/197.18	197.173	76464	247
201.20/201.23	201.226	76463	249
205.29/205.38	205.375	76462	250
209.29/209.39	209.384	76461	251
213.40/213.45	213.448	76460	255
217.49/217.52	217.516	76459	256
221.59/221.69	221.684	76458	257
225.79/225.83	225.824	76456	264
229.80/229.86	229.852	76455	265
233.89/233.90	233.898	76454	267
237.99/238.02	238.016	76453	275
242.00/242.08	242.071	76452	277
245.99/246.06	246.052	76451	278
250.09/250.12	250.116	76450	282
254.19/254.23	254.226	76449	292
258.28/258.34	258.331	76448	298
262.48/262.51	262.504	76447	300
266.68/266.70	266.693	76446	304
270.78/270.89	270.883	76445	312
274.89/275.00	274.999	76444	332
279.08/279.12	279.115	76443	337
283.18/283.25	283.24	76442	341
287.28/287.31	287.301	76441	342
291.40/291.45	291.442	76440	358
295.48/295.55	295.546	76439	375
299.58/299.67	299.663	76438	376
303.68/303.70	303.697	76437	379
307.58/307.67	307.664	76436	390
311.78/311.84	311.835	76435	408
315.88/315.99	315.987	76434	410
320.00/320.05	320.044	76433	420
323.98/324.00	323.991	76432	422
327.98/328.06	328.056	76431	423
332.10/332.19	332.18	76430	433
336.28/336.37	336.365	76429	438
340.38/340.44	340.428	76428	439
344.38/344.47	344.461	76427	443
348.60/348.65	348.648	76426	450
352.58/352.69	352.681	76425	451
356.78/356.80	356.792	76424	452
360.80/360.84	360.836	76423	469
364.78/364.82	364.817	76422	472
368.68/368.78	368.775	76421	477
372.68/372.79	372.783	76420	486
376.78/376.85	376.846	76419	493
380.68/380.79	380.782	76418	494
384.68/384.73	384.721	76417	496
388.58/388.65	388.646	76416	502
392.48/392.57	392.559	76415	503
396.48/396.50	396.49	76414	511
400.48/400.56	400.553	76413	512
404.70/404.78	404.775	76412	531
408.98/409.00	408.99	76411	547
413.08/413.19	413.18	76410	556
417.28/417.36	417.349	76409	558
421.48/421.55	421.536	76408	566
425.70/425.72	425.713	76407	569
429.78/429.83	429.817	76406	575
433.68/433.78	433.768	76405	580
437.70/437.80	437.789	76404	583
441.68/441.73	441.722	76403	585
445.68/445.73	445.718	76402	588
449.58/449.67	449.662	76401	592
453.68/453.76	453.748	76400	594
457.68/457.78	457.773	76399	602
461.78/461.88	461.87	76398	609
465.78/465.89	465.877	76397	616
469.88/469.93	469.924	76396	632
474.00/474.07	474.055	76395	638
478.08/478.12	478.106	76394	644
482.18/482.23	482.223	76393	650
486.28/486.31	486.301	76392	654
490.28/490.39	490.38	76391	663
494.48/494.52	494.513	76390	666
498.58/498.61	498.597	76388	669
502.59/502.70	502.688	76387	678
506.58/506.69	506.683	76386	691
510.68/510.76	510.753	76385	692
514.69/514.77	514.758	76384	702
518.88/518.97	518.96	76383	715
523.08/523.14	523.132	76382	718
527.18/527.24	527.223	76381	722
531.29/531.32	531.308	76380	723
535.18/535.26	535.25	76379	724
539.18/539.21	539.201	76378	726
543.18/543.23	543.222	76377	727
547.28/547.34	547.332	76376	738
551.48/551.53	551.514	76375	745
555.57/555.61	555.601	76374	752
559.67/559.73	559.72	76373	757
563.87/563.90	563.885	76372	758
567.97/568.09	568.072	76371	767
572.17/572.21	572.199	76370	777
576.18/576.22	576.208	76369	779
580.38/580.40	580.386	76368	784
584.27/584.39	584.38	76367	789
588.27/588.32	588.309	76366	797
592.37/592.46	592.448	76365	800
596.57/596.64	596.626	76364	804
600.67/600.78	600.766	76363	817
604.77/604.85	604.835	76362	821
608.87/608.95	608.934	76361	826
612.88/612.91	612.898	76360	834
616.88/616.91	616.894	76359	835
620.98/621.07	621.053	76358	843
625.18/625.20	625.181	76357	850
629.19/629.29	629.28	76356	851
633.28/633.37	633.354	76355	856
637.38/637.42	637.41	76353	864
641.38/641.44	641.429	76352	865
645.48/645.52	645.501	76351	881
649.38/649.46	649.449	76350	885
653.39/653.41	653.399	76349	891
657.58/657.64	657.623	76348	898
661.68/661.74	661.723	76347	903
665.88/665.98	665.962	76346	911
670.18/670.24	670.221	76345	925
674.38/674.47	674.451	76344	934
678.48/678.57	678.558	76343	937
682.78/682.80	682.782	76342	960
686.88/686.92	686.899	76341	961
690.98/691.09	691.074	76340	966
695.19/695.25	695.232	76339	971
699.38/699.46	699.444	76338	979
703.58/703.63	703.61	76337	982
707.78/707.84	707.819	76336	984
711.78/711.90	711.878	76335	985
715.99/716.02	716.006	76334	993
720.18/720.23	720.209	76333	998
724.28/724.36	724.347	76332	1003
728.48/728.53	728.516	76331	1007
732.49/732.55	732.537	76330	1010
736.47/736.51	736.497	76329	1012
740.37/740.44	740.425	76328	1021
744.27/744.37	744.348	76327	1022
748.17/748.27	748.256	76326	1024
752.38/752.47	752.452	76325	1043
756.57/756.66	756.641	76324	1052
760.77/760.87	760.848	76323	1069
764.97/765.03	765.014	76322	1072
769.07/769.17	769.156	76321	1073
773.28/773.34	773.326	76320	1078
777.47/777.50	777.477	76319	1081
781.37/781.46	781.438	76318	1085
785.38/785.46	785.438	76317	1087
789.37/789.45	789.427	76316	1089
793.47/793.55	793.528	76315	1090
797.38/797.51	797.49	76314	1099
801.37/801.45	801.429	76313	1112
805.37/805.49	805.469	76312	1113
809.48/809.53	809.511	76311	1116
813.47/813.57	813.552	76310	1146
817.47/817.57	817.547	76309	1150
821.47/821.60	821.583	76308	1154
825.57/825.68	825.66	76307	1155
829.67/829.75	829.733	76306	1167
833.87/833.97	833.95	76305	1189
837.97/838.02	838.004	76304	1190
842.17/842.28	842.258	76303	1192
846.27/846.32	846.301	76302	1194
850.28/850.35	850.328	76301	1196
854.37/854.45	854.425	76300	1197
858.37/858.49	858.465	76299	1203
862.47/862.55	862.529	76298	1210
866.57/866.65	866.628	76297	1222
870.67/870.77	870.751	76296	1228
874.77/874.86	874.839	76295	1233
878.78/878.91	878.885	76294	1243
882.87/882.97	882.944	76293	1253
886.87/886.98	886.96	76292	1254
890.77/890.90	890.882	76291	1259
894.76/894.86	894.84	76290	1260
898.76/898.81	898.79	76289	1262
902.66/902.78	902.755	76288	1281
906.76/906.83	906.804	76287	1282
911.36/911.44	911.416	76286	1289
915.47/915.55	915.526	76285	1296
919.58/919.69	919.67	76284	1299
923.57/923.62	923.597	76283	1300
928.28/928.40	928.374	76282	1320
932.37/932.44	932.413	76281	1321
936.57/936.64	936.619	76280	1338
940.57/940.65	940.626	76279	1351
945.27/945.33	945.311	76278	1361
950.17/950.24	950.213	76277	1377
954.17/954.22	954.197	76276	1385
958.08/958.18	958.154	76275	1397
962.17/962.26	962.232	76274	1402
966.27/966.30	966.275	76273	1413
970.18/970.23	970.205	76272	1415
974.17/974.23	974.205	76271	1427
978.07/978.19	978.167	76270	1446
982.28/982.35	982.327	76269	1447
986.16/986.28	986.252	76268	1455
990.46/990.56	990.54	76267	1472
994.66/994.77	994.749	76266	1475
998.86/998.91	998.887	76265	1476
