21.38/21.41	21.4146	76482	0
25.59/25.67	25.6703	76481	5
29.79/29.81	29.8064	76480	6
33.89/33.94	33.9384	76479	8
37.99/38.04	38.0434	76478	10
42.09/42.16	42.1592	76477	13
46.19/46.29	46.287	76476	15
50.29/50.38	50.3758	76475	16
54.49/54.50	54.4991	76474	23
58.59/58.66	58.6567	76473	29
62.69/62.75	62.7532	76472	31
66.79/66.87	66.8682	76471	32
70.89/70.98	70.9757	76470	34
75.09/75.16	75.1594	76469	35
79.20/79.29	79.2858	76468	46
83.39/83.40	83.4015	76467	53
87.49/87.54	87.543	76466	54
91.59/91.64	91.6345	76465	56
95.70/95.75	95.7505	76464	63
99.78/99.84	99.8428	76463	64
103.88/103.95	103.945	76462	67
107.99/108.06	108.062	76461	76
112.09/112.16	112.162	76460	79
116.29/116.35	116.352	76459	82
120.39/120.49	120.484	76458	83
124.49/124.58	124.575	76457	84
128.59/128.67	128.664	76456	85
132.69/132.77	132.769	76455	86
136.79/136.87	136.864	76454	87
140.89/140.98	140.977	76453	97
145.09/145.10	145.101	76452	102
149.19/149.21	149.208	76451	109
153.29/153.32	153.32	76450	117
157.39/157.44	157.434	76449	122
161.49/161.54	161.539	76448	130
165.79/165.83	165.827	76446	154
169.89/169.94	169.935	76445	155
173.99/174.04	174.037	76444	156
178.10/178.17	178.17	76443	163
182.19/182.27	182.27	76442	167
186.39/186.47	186.463	76441	174
190.59/190.68	190.677	76440	186
194.79/194.82	194.815	76439	188
198.89/198.93	198.921	76438	191
202.99/203.03	203.028	76437	199
207.09/207.13	207.124	76436	202
211.19/211.24	211.238	76435	210
215.29/215.39	215.383	76434	216
219.38/219.47	219.467	76433	217
223.58/223.62	223.611	76432	228
227.69/227.76	227.757	76431	231
231.88/231.92	231.917	76430	238
235.98/236.02	236.011	76429	240
240.08/240.12	240.118	76428	242
244.19/244.23	244.222	76427	244
248.28/248.37	248.367	76426	257
252.38/252.47	252.464	76425	261
256.48/256.59	256.58	76424	268
260.59/260.68	260.672	76423	269
264.68/264.78	264.771	76422	270
268.88/268.93	268.921	76421	277
273.18/273.22	273.212	76420	279
277.28/277.37	277.362	76419	283
281.38/281.50	281.488	76418	286
285.58/285.61	285.606	76417	287
289.68/289.71	289.704	76416	289
293.78/293.80	293.795	76415	290
297.88/297.92	297.91	76414	299
301.98/302.04	302.028	76413	308
306.08/306.12	306.114	76412	309
310.18/310.24	310.229	76411	316
314.28/314.32	314.314	76410	317
318.38/318.44	318.426	76409	324
322.48/322.56	322.55	76408	331
326.58/326.65	326.638	76407	333
330.68/330.74	330.729	76406	337
334.77/334.82	334.814	76405	338
338.87/338.94	338.932	76404	345
342.97/343.03	343.017	76403	346
347.07/347.16	347.15	76402	356
351.17/351.29	351.282	76401	370
355.37/355.40	355.388	76400	371
359.47/359.53	359.516	76399	378
363.77/363.81	363.803	76398	391
368.07/368.13	368.118	76397	401
372.17/372.25	372.239	76396	405
376.27/376.34	376.325	76395	406
380.37/380.45	380.435	76394	415
384.47/384.54	384.53	76393	417
388.57/388.63	388.619	76392	418
392.68/392.73	392.717	76391	419
396.77/396.86	396.851	76390	427
400.88/400.97	400.96	76389	433
404.98/405.09	405.074	76388	435
409.09/409.19	409.18	76387	436
413.28/413.30	413.291	76386	440
417.38/417.40	417.386	76385	442
421.38/421.49	421.483	76384	450
425.48/425.59	425.579	76383	457
429.58/429.67	429.662	76382	458
433.68/433.79	433.778	76381	459
437.79/437.88	437.863	76380	461
441.88/441.99	441.975	76379	469
445.98/446.09	446.078	76378	473
450.08/450.18	450.171	76377	474
454.29/454.32	454.302	76376	476
458.37/458.40	458.389	76375	477
462.47/462.53	462.52	76374	496
466.57/466.67	466.658	76373	498
470.68/470.77	470.753	76372	503
474.77/474.88	474.862	76371	505
478.87/478.97	478.96	76370	507
482.97/483.06	483.043	76369	508
487.07/487.14	487.124	76368	510
491.17/491.22	491.207	76367	512
495.27/495.31	495.294	76366	513
499.28/499.39	499.38	76365	514
503.47/503.50	503.482	76364	522
507.57/507.60	507.589	76363	528
511.67/511.70	511.681	76362	531
515.67/515.79	515.78	76361	539
519.87/519.90	519.883	76360	540
523.98/524.05	524.038	76359	548
528.08/528.16	528.147	76358	559
532.18/532.25	532.235	76357	561
536.28/536.36	536.346	76356	570
540.38/540.44	540.426	76355	573
544.48/544.55	544.537	76354	584
548.58/548.64	548.627	76353	585
552.68/552.79	552.776	76352	607
556.88/556.91	556.894	76351	610
560.98/561.03	561.014	76350	619
565.08/565.13	565.115	76349	623
569.18/569.26	569.243	76348	625
573.28/573.37	573.35	76347	628
577.38/577.46	577.442	76346	629
581.47/581.58	581.562	76345	640
585.57/585.66	585.64	76344	642
589.67/589.75	589.728	76343	643
593.77/593.85	593.836	76342	652
597.97/598.00	597.983	76341	654
602.07/602.12	602.098	76340	663
606.16/606.27	606.254	76339	667
610.26/610.36	610.345	76338	669
614.47/614.54	614.525	76337	695
618.57/618.69	618.667	76336	696
622.67/622.77	622.749	76335	698
626.77/626.88	626.865	76334	707
630.97/631.02	631.002	76333	708
635.07/635.12	635.105	76332	711
639.17/639.26	639.244	76331	720
643.38/643.41	643.388	76330	724
647.47/647.51	647.49	76329	730
651.47/651.59	651.57	76328	732
655.58/655.69	655.673	76327	738
659.67/659.79	659.768	76326	743
663.87/663.90	663.877	76325	744
667.97/668.00	667.976	76324	752
672.08/672.13	672.11	76323	767
676.17/676.21	676.185	76322	768
680.27/680.30	680.28	76321	773
684.27/684.38	684.359	76320	774
688.37/688.47	688.45	76319	776
692.47/692.58	692.556	76318	783
696.67/696.71	696.692	76317	802
700.77/700.80	700.781	76316	804
704.87/704.94	704.916	76315	811
708.97/709.02	708.996	76314	813
713.07/713.11	713.091	76313	816
717.18/717.26	717.242	76312	820
721.48/721.53	721.511	76310	823
725.57/725.64	725.621	76309	824
729.67/729.72	729.697	76308	825
733.77/733.82	733.801	76307	831
737.87/737.90	737.881	76306	832
741.87/741.99	741.967	76305	833
746.07/746.13	746.11	76304	840
750.18/750.23	750.204	76303	848
754.27/754.33	754.303	76302	857
758.37/758.47	758.442	76301	862
762.56/762.60	762.574	76300	870
766.57/766.68	766.656	76299	873
770.66/770.78	770.752	76298	879
774.86/774.94	774.912	76297	902
778.96/779.03	779.003	76296	903
783.07/783.11	783.089	76295	905
787.16/787.21	787.187	76294	914
791.26/791.35	791.324	76293	924
795.36/795.45	795.43	76292	927
799.46/799.59	799.569	76291	941
803.66/803.74	803.715	76290	942
807.76/807.84	807.819	76289	949
811.86/811.94	811.917	76288	958
815.96/816.02	815.994	76287	962
820.06/820.10	820.077	76286	965
824.06/824.18	824.158	76285	969
828.17/828.27	828.243	76284	972
832.26/832.37	832.347	76283	973
836.36/836.48	836.452	76282	976
840.46/840.57	840.541	76281	980
844.56/844.64	844.615	76280	981
848.66/848.73	848.702	76279	986
852.76/852.80	852.779	76278	988
856.87/856.91	856.887	76277	999
860.86/860.99	860.969	76276	1000
864.96/865.09	865.061	76275	1005
869.16/869.24	869.218	76274	1026
873.27/873.36	873.334	76273	1042
877.36/877.45	877.424	76272	1047
881.46/881.56	881.531	76271	1051
885.56/885.64	885.618	76270	1052
889.66/889.73	889.698	76269	1056
893.76/893.82	893.792	76268	1061
897.86/897.90	897.877	76267	1067
901.97/902.05	902.022	76266	1073
906.16/906.23	906.199	76265	1099
910.26/910.36	910.329	76264	1108
914.36/914.48	914.451	76263	1114
918.56/918.60	918.569	76262	1130
922.66/922.79	922.765	76261	1175
926.76/926.87	926.845	76260	1179
930.86/930.95	930.922	76259	1183
934.97/935.04	935.015	76258	1186
939.06/939.16	939.131	76257	1191
943.16/943.24	943.208	76256	1193
947.26/947.31	947.284	76255	1194
951.26/951.40	951.371	76254	1196
955.46/955.50	955.47	76253	1206
959.46/959.58	959.554	76252	1211
963.65/963.70	963.666	76251	1222
967.75/967.86	967.831	76250	1252
971.85/971.94	971.914	76249	1256
975.95/976.08	976.053	76248	1281
980.06/980.15	980.12	76247	1282
984.25/984.39	984.359	76246	1286
988.45/988.51	988.482	76245	1289
992.45/992.58	992.546	76244	1290
996.56/996.65	996.622	76243	1293
