21.59/21.60	21.6018	76505	0
25.79/25.82	25.8242	76504	4
29.99/30.03	30.0308	76503	5
34.10/34.19	34.1866	76502	10
38.19/38.28	38.2761	76501	12
42.39/42.40	42.4022	76500	18
46.49/46.51	46.5147	76499	21
50.60/50.65	50.6506	76498	25
54.79/54.80	54.7957	76497	26
58.79/58.89	58.8923	76496	31
62.99/63.00	62.9969	76495	32
67.00/67.10	67.102	76494	35
71.18/71.23	71.2286	76493	37
75.28/75.35	75.3467	76492	49
79.38/79.45	79.4456	76491	53
83.49/83.56	83.557	76490	58
87.58/87.67	87.6674	76489	61
91.78/91.80	91.8032	76488	77
95.88/95.92	95.9199	76487	80
99.99/100.02	100.021	76486	86
104.08/104.16	104.156	76485	89
108.18/108.24	108.241	76484	91
112.38/112.43	112.428	76483	94
116.68/116.70	116.702	76482	95
120.89/120.92	120.922	76481	109
125.18/125.23	125.223	76480	111
129.48/129.53	129.524	76479	114
133.68/133.73	133.723	76478	118
137.78/137.81	137.807	76477	119
141.98/142.05	142.05	76476	122
146.08/146.16	146.158	76475	133
150.28/150.32	150.316	76474	136
154.38/154.42	154.415	76473	139
158.58/158.60	158.594	76472	140
162.79/162.88	162.874	76471	145
167.09/167.17	167.171	76470	147
171.18/171.27	171.265	76469	148
175.28/175.37	175.365	76468	155
179.38/179.47	179.462	76467	163
183.69/183.77	183.761	76466	166
187.99/188.09	188.084	76465	174
192.29/192.32	192.311	76464	178
196.39/196.47	196.466	76463	199
200.59/200.65	200.645	76462	201
204.89/204.98	204.972	76461	212
209.19/209.27	209.267	76460	214
213.39/213.41	213.407	76459	216
217.49/217.51	217.506	76458	222
221.59/221.62	221.614	76457	225
225.79/225.87	225.863	76456	230
230.09/230.10	230.099	76455	234
234.09/234.19	234.185	76454	235
238.28/238.30	238.296	76453	243
242.38/242.43	242.426	76452	251
246.48/246.54	246.532	76451	255
250.69/250.71	250.708	76450	259
254.78/254.89	254.886	76449	263
258.88/258.97	258.964	76448	265
262.98/263.05	263.043	76447	266
267.08/267.14	267.131	76446	269
271.18/271.24	271.238	76445	277
275.28/275.34	275.334	76444	281
279.39/279.44	279.437	76443	287
283.58/283.64	283.637	76442	299
287.88/287.93	287.921	76441	312
291.98/292.01	292.005	76440	315
296.08/296.10	296.096	76439	317
300.19/300.21	300.207	76438	328
304.48/304.50	304.488	76437	330
308.78/308.82	308.813	76436	342
312.88/312.95	312.946	76435	344
316.98/317.05	317.039	76434	349
321.09/321.17	321.163	76433	350
325.38/325.44	325.432	76432	352
329.58/329.66	329.656	76431	358
333.78/333.84	333.836	76430	377
337.88/337.93	337.921	76429	379
341.99/342.07	342.058	76428	396
346.18/346.26	346.252	76427	412
350.48/350.56	350.547	76426	415
354.58/354.67	354.658	76425	417
358.98/359.01	358.999	76424	438
363.08/363.13	363.118	76423	443
367.17/367.22	367.212	76422	444
371.37/371.40	371.395	76420	476
375.47/375.55	375.541	76419	496
379.57/379.65	379.644	76418	503
383.67/383.76	383.755	76417	509
387.87/387.91	387.897	76416	510
391.97/392.02	392.007	76415	521
396.07/396.12	396.105	76414	525
400.28/400.34	400.329	76413	534
404.37/404.48	404.465	76412	543
408.47/408.57	408.56	76411	549
412.67/412.71	412.696	76410	550
416.78/416.83	416.814	76409	553
420.87/420.94	420.925	76408	554
424.97/425.04	425.024	76407	559
429.08/429.15	429.134	76406	569
433.18/433.25	433.238	76405	577
437.28/437.33	437.321	76404	578
441.38/441.43	441.418	76403	579
445.49/445.52	445.506	76402	583
449.58/449.63	449.613	76401	593
453.68/453.73	453.715	76400	596
457.78/457.83	457.814	76399	603
461.89/461.91	461.901	76398	606
466.08/466.16	466.145	76397	615
470.18/470.28	470.262	76396	619
474.28/474.35	474.338	76395	621
478.39/478.42	478.405	76394	623
482.48/482.51	482.501	76393	634
486.57/486.61	486.601	76392	640
490.67/490.70	490.684	76391	642
494.67/494.77	494.756	76390	644
498.77/498.85	498.835	76389	645
503.07/503.13	503.114	76388	649
507.37/507.43	507.421	76387	657
511.57/511.60	511.586	76386	662
515.78/515.86	515.842	76385	677
519.87/519.97	519.951	76384	687
524.17/524.26	524.249	76383	692
528.47/528.57	528.553	76382	700
532.77/532.85	532.836	76381	701
537.07/537.16	537.144	76380	710
541.37/541.46	541.442	76379	715
545.48/545.55	545.532	76378	716
549.57/549.63	549.619	76377	722
553.67/553.74	553.726	76376	734
557.77/557.83	557.816	76375	742
561.87/561.92	561.901	76374	747
565.97/566.00	565.983	76373	748
569.97/570.09	570.071	76372	752
574.18/574.21	574.194	76371	768
578.27/578.31	578.294	76370	777
582.37/582.47	582.451	76369	783
586.57/586.60	586.58	76368	784
590.58/590.67	590.657	76367	786
594.67/594.76	594.746	76366	787
598.77/598.89	598.873	76365	802
602.97/603.01	602.995	76364	806
607.07/607.11	607.097	76363	809
611.17/611.25	611.231	76362	816
615.27/615.35	615.334	76361	826
619.57/619.64	619.62	76360	831
623.77/623.80	623.784	76359	838
627.87/627.93	627.911	76358	845
631.97/632.07	632.055	76357	847
636.27/636.31	636.296	76356	848
640.47/640.50	640.48	76354	868
644.67/644.74	644.724	76353	880
648.87/648.91	648.893	76352	882
653.07/653.13	653.111	76351	885
657.17/657.22	657.205	76350	894
661.27/661.38	661.364	76349	922
665.38/665.47	665.451	76348	924
669.57/669.63	669.611	76347	927
673.67/673.75	673.732	76346	932
677.87/677.95	677.93	76345	946
681.98/682.04	682.025	76344	952
686.07/686.19	686.17	76343	957
690.17/690.28	690.264	76342	961
694.27/694.36	694.343	76341	962
698.48/698.58	698.563	76340	1002
702.67/702.73	702.708	76339	1004
706.77/706.83	706.813	76338	1015
710.87/710.91	710.892	76337	1017
715.17/715.28	715.264	76336	1037
719.57/719.62	719.597	76335	1047
723.68/723.76	723.735	76334	1054
727.77/727.84	727.823	76333	1058
731.87/731.97	731.95	76332	1076
735.97/736.06	736.039	76331	1080
740.07/740.14	740.118	76330	1081
744.17/744.28	744.261	76329	1104
748.37/748.41	748.384	76328	1110
752.38/752.48	752.462	76327	1113
756.47/756.58	756.563	76326	1117
760.67/760.72	760.694	76325	1121
764.87/764.95	764.928	76324	1135
769.07/769.13	769.105	76323	1136
773.07/773.20	773.174	76322	1137
777.37/777.44	777.414	76321	1152
781.67/781.77	781.747	76319	1168
785.87/785.94	785.917	76318	1174
789.97/790.04	790.013	76317	1175
794.18/794.25	794.227	76316	1180
798.27/798.37	798.35	76315	1184
802.37/802.48	802.455	76314	1194
806.47/806.55	806.527	76313	1195
810.58/810.62	810.601	76312	1197
814.67/814.76	814.74	76311	1207
818.97/819.04	819.017	76310	1208
823.07/823.12	823.1	76309	1212
827.18/827.22	827.192	76308	1221
831.27/831.35	831.323	76307	1224
835.47/835.55	835.528	76306	1240
839.57/839.66	839.633	76305	1252
843.68/843.74	843.72	76304	1256
847.87/847.94	847.916	76303	1264
851.97/852.04	852.018	76302	1269
856.17/856.29	856.261	76301	1270
860.47/860.56	860.534	76300	1274
864.67/864.75	864.721	76299	1287
868.77/868.86	868.839	76298	1294
872.87/872.95	872.928	76297	1295
876.97/877.07	877.041	76296	1309
881.08/881.15	881.128	76295	1314
885.17/885.23	885.201	76294	1315
889.27/889.32	889.297	76293	1325
893.47/893.50	893.474	76292	1338
897.58/897.64	897.613	76291	1349
901.66/901.72	901.699	76290	1351
905.76/905.81	905.785	76289	1352
909.96/910.01	909.984	76288	1369
914.07/914.19	914.163	76287	1399
918.16/918.26	918.233	76286	1400
922.26/922.37	922.347	76285	1405
926.46/926.54	926.518	76284	1419
930.57/930.69	930.667	76283	1446
934.76/934.84	934.818	76282	1447
938.96/939.05	939.021	76281	1465
943.06/943.11	943.084	76280	1467
947.16/947.21	947.182	76279	1475
951.26/951.30	951.27	76278	1484
955.36/955.40	955.369	76276	1489
959.46/959.50	959.473	76275	1495
963.47/963.58	963.554	76274	1496
967.56/967.67	967.646	76273	1504
971.66/971.75	971.719	76272	1506
975.86/975.91	975.882	76271	1513
980.16/980.20	980.175	76270	1520
984.37/984.41	984.385	76269	1523
988.46/988.50	988.47	76268	1529
992.66/992.72	992.695	76267	1533
996.76/996.89	996.859	76266	1545
