24.89/24.99	24.9939	76467	0
29.70/29.75	29.7489	76466	8
34.39/34.46	34.4553	76465	10
38.69/38.72	38.7228	76464	19
42.79/42.85	42.8497	76463	24
47.20/47.26	47.2617	76462	31
51.89/51.93	51.9339	76461	33
56.19/56.29	56.2922	76460	41
60.79/60.82	60.8216	76459	45
65.29/65.38	65.3794	76458	48
69.88/69.99	69.9888	76457	58
74.48/74.53	74.5323	76456	61
79.10/79.15	79.1463	76455	74
83.69/83.72	83.7177	76454	75
88.00/88.08	88.077	76453	77
92.18/92.21	92.2097	76452	79
96.38/96.42	96.4212	76451	84
100.98/101.03	101.031	76450	86
105.49/105.51	105.504	76449	89
110.18/110.25	110.248	76448	104
114.79/114.84	114.839	76447	106
119.59/119.64	119.639	76446	109
123.98/124.08	124.076	76445	114
128.38/128.48	128.48	76444	128
132.69/132.73	132.727	76443	131
136.89/136.90	136.899	76442	132
141.68/141.80	141.797	76441	138
146.38/146.42	146.416	76440	149
150.88/150.92	150.914	76439	151
155.18/155.20	155.193	76438	161
159.88/159.91	159.905	76437	162
164.09/164.15	164.149	76436	168
168.19/168.30	168.297	76435	173
172.38/172.45	172.444	76434	175
176.68/176.74	176.731	76433	181
180.78/180.88	180.87	76432	183
184.98/185.08	185.07	76431	186
189.19/189.26	189.259	76430	196
193.38/193.47	193.465	76429	212
197.58/197.69	197.68	76428	213
201.68/201.78	201.778	76427	214
205.88/205.91	205.905	76426	218
210.10/210.11	210.102	76425	226
214.28/214.31	214.303	76424	237
218.38/218.45	218.446	76423	240
222.58/222.67	222.662	76422	244
227.38/227.43	227.424	76421	251
231.48/231.56	231.549	76420	256
235.78/235.88	235.875	76419	286
240.18/240.23	240.225	76418	287
244.38/244.49	244.481	76417	290
248.88/248.92	248.911	76416	297
253.38/253.49	253.477	76415	303
257.78/257.80	257.79	76414	331
262.58/262.65	262.636	76413	335
267.48/267.56	267.547	76412	337
271.88/271.99	271.984	76411	339
276.38/276.48	276.473	76410	344
280.68/280.77	280.759	76409	347
285.08/285.17	285.163	76408	358
289.78/289.83	289.822	76407	365
294.18/294.26	294.246	76406	369
298.68/298.72	298.715	76405	385
302.98/303.09	303.075	76404	386
307.27/307.31	307.297	76403	387
311.58/311.61	311.596	76402	401
315.69/315.77	315.762	76401	407
319.87/320.00	319.987	76400	413
324.07/324.16	324.147	76399	418
328.17/328.28	328.27	76398	419
332.37/332.42	332.408	76397	420
336.59/336.63	336.615	76396	430
340.67/340.77	340.763	76395	434
344.87/344.94	344.925	76394	440
348.97/349.03	349.015	76393	445
353.27/353.35	353.334	76392	455
357.67/357.71	357.695	76391	457
361.78/361.86	361.847	76390	464
366.18/366.21	366.202	76389	472
370.27/370.34	370.331	76388	473
374.77/374.84	374.827	76387	495
378.87/378.99	378.979	76386	496
383.07/383.16	383.149	76385	500
387.87/387.97	387.952	76383	505
392.07/392.14	392.129	76382	509
396.57/396.68	396.67	76381	510
400.88/400.90	400.882	76380	512
404.87/404.98	404.965	76379	516
408.97/409.10	409.081	76378	518
413.27/413.35	413.334	76377	534
417.37/417.47	417.458	76376	538
421.57/421.62	421.605	76375	540
425.77/425.82	425.808	76374	560
430.08/430.17	430.153	76373	564
434.27/434.32	434.309	76372	566
438.88/438.96	438.948	76371	567
443.57/443.68	443.665	76370	568
447.77/447.80	447.78	76369	569
451.87/451.92	451.902	76368	574
455.97/456.04	456.022	76367	575
460.07/460.17	460.152	76365	585
464.37/464.43	464.417	76364	587
468.58/468.63	468.608	76363	601
472.67/472.78	472.76	76362	607
476.87/476.90	476.882	76361	609
480.97/481.02	480.998	76360	610
485.08/485.18	485.158	76359	613
489.67/489.75	489.731	76358	640
494.47/494.52	494.5	76357	649
498.77/498.87	498.853	76356	656
502.97/503.09	503.068	76355	657
507.16/507.24	507.221	76354	658
511.56/511.67	511.656	76352	680
515.78/515.82	515.801	76351	682
519.87/519.94	519.924	76350	683
524.57/524.69	524.671	76349	698
528.77/528.82	528.802	76348	700
532.87/532.94	532.919	76347	702
536.97/537.09	537.069	76346	706
541.08/541.19	541.17	76345	707
545.27/545.36	545.34	76344	719
549.37/549.47	549.451	76343	720
553.67/553.71	553.693	76342	721
557.77/557.86	557.835	76341	725
561.97/562.03	562.006	76340	740
566.06/566.18	566.162	76339	745
570.36/570.40	570.376	76338	750
574.66/574.77	574.751	76337	751
579.46/579.55	579.528	76336	753
584.26/584.36	584.337	76335	754
588.26/588.39	588.365	76334	758
592.47/592.54	592.516	76333	765
596.66/596.73	596.703	76332	781
600.76/600.84	600.82	76331	786
604.87/604.98	604.961	76330	788
609.06/609.13	609.103	76329	791
613.56/613.66	613.641	76328	805
617.76/617.81	617.788	76327	806
622.16/622.29	622.265	76326	811
626.87/626.93	626.902	76325	815
630.96/631.03	631.003	76324	818
635.36/635.49	635.464	76323	827
639.56/639.67	639.642	76322	828
643.96/644.00	643.972	76321	841
648.36/648.44	648.419	76320	843
652.87/652.97	652.944	76319	844
657.16/657.30	657.27	76318	862
661.46/661.56	661.538	76317	865
665.76/665.82	665.792	76316	880
669.87/669.99	669.962	76315	883
673.96/674.09	674.063	76314	884
678.26/678.39	678.36	76313	892
683.07/683.16	683.13	76312	893
687.56/687.68	687.655	76311	894
692.56/692.63	692.599	76310	905
696.76/696.80	696.769	76309	911
701.16/701.25	701.222	76308	912
705.56/705.69	705.658	76307	914
710.16/710.22	710.188	76306	916
714.46/714.50	714.475	76305	920
718.76/718.89	718.866	76304	926
723.36/723.41	723.379	76303	934
727.96/728.00	727.975	76302	936
732.16/732.25	732.224	76301	941
736.46/736.53	736.501	76300	942
740.66/740.79	740.757	76299	945
745.25/745.34	745.308	76298	959
749.36/749.44	749.415	76297	962
753.85/753.97	753.945	76296	963
758.26/758.35	758.32	76295	964
762.45/762.56	762.531	76294	967
766.76/766.86	766.83	76293	981
770.97/771.06	771.025	76292	994
775.36/775.43	775.403	76291	1013
779.87/779.97	779.941	76290	1020
784.05/784.12	784.087	76289	1027
788.26/788.33	788.301	76288	1030
792.66/792.72	792.687	76287	1036
797.26/797.30	797.266	76286	1060
801.77/801.84	801.804	76285	1061
806.36/806.46	806.432	76284	1066
810.85/810.93	810.898	76283	1073
815.56/815.63	815.6	76282	1078
819.96/820.05	820.018	76281	1101
824.65/824.77	824.742	76280	1106
829.56/829.69	829.658	76279	1109
833.85/833.92	833.884	76278	1132
837.95/838.06	838.031	76277	1140
842.15/842.20	842.165	76276	1150
846.35/846.41	846.374	76275	1167
850.45/850.56	850.521	76274	1174
854.56/854.65	854.62	76273	1175
858.65/858.76	858.723	76272	1179
862.86/862.99	862.956	76271	1209
867.06/867.15	867.114	76270	1222
871.56/871.64	871.605	76269	1223
876.06/876.19	876.154	76268	1228
880.26/880.35	880.316	76267	1247
884.86/884.90	884.863	76266	1248
888.96/889.02	888.984	76265	1253
893.06/893.16	893.123	76264	1255
897.26/897.30	897.261	76263	1259
901.65/901.79	901.757	76262	1261
905.95/906.06	906.027	76260	1267
910.16/910.21	910.172	76259	1273
914.36/914.41	914.376	76258	1284
918.65/918.70	918.661	76257	1301
923.55/923.60	923.56	76256	1304
927.74/927.82	927.783	76255	1308
931.85/931.97	931.93	76254	1328
935.96/936.09	936.055	76253	1330
940.15/940.27	940.231	76252	1343
944.35/944.42	944.378	76251	1351
949.15/949.22	949.184	76249	1356
953.25/953.36	953.317	76248	1363
957.55/957.66	957.618	76247	1365
961.85/961.97	961.927	76246	1368
966.05/966.12	966.085	76245	1374
970.25/970.38	970.339	76244	1377
974.35/974.42	974.381	76243	1379
979.05/979.12	979.08	76242	1382
983.35/983.46	983.417	76241	1388
987.76/987.86	987.819	76240	1406
992.15/992.27	992.232	76239	1407
996.74/996.81	996.771	76238	1413
