0.19/0.20	0.20764	1142	0
0.19/0.20	0.207953	1141	5
0.19/0.20	0.208062	1140	6
0.19/0.20	0.208144	1139	7
0.19/0.20	0.208309	1138	9
0.19/0.21	0.208503	1137	13
0.19/0.21	0.208735	1136	16
0.19/0.21	0.209052	1135	23
0.19/0.21	0.209181	1134	24
0.19/0.21	0.209647	1133	32
0.19/0.21	0.210103	1132	35
0.19/0.21	0.210524	1131	43
0.19/0.21	0.21084	1130	47
0.19/0.21	0.211164	1129	54
0.19/0.21	0.211346	1128	56
0.19/0.21	0.211578	1127	61
0.19/0.21	0.212086	1126	70
0.19/0.21	0.212406	1125	77
0.19/0.21	0.212961	1123	84
0.19/0.21	0.213158	1122	86
0.19/0.21	0.213507	1121	92
0.19/0.21	0.213853	1120	99
0.19/0.21	0.214126	1119	102
0.19/0.21	0.214751	1118	117
0.19/0.21	0.21555	1117	137
0.19/0.21	0.215763	1116	140
0.19/0.21	0.215882	1115	142
0.19/0.21	0.216045	1114	145
0.19/0.21	0.216474	1113	153
0.19/0.21	0.217124	1112	167
0.19/0.21	0.217361	1111	170
0.19/0.21	0.2178	1110	180
0.19/0.22	0.220595	1109	252
0.19/0.22	0.221327	1108	270
0.19/0.22	0.222399	1107	298
0.19/0.22	0.222524	1106	300
0.19/0.22	0.223336	1105	319
0.19/0.22	0.225298	1104	372
0.19/0.22	0.228076	1103	450
0.19/0.24	0.241942	1102	820
0.19/0.25	0.256172	1101	1201
0.19/0.26	0.267668	1100	1506
999.67/1000.08	********Debuging CoveringArray::optimize*********
999.67/1000.08	total size : 1100
999.67/1000.08	********End of Debuing CoveringArray::optimize********
