0.38/0.58	0.471461	198	0
0.48/0.60	0.494121	197	1
0.48/0.62	0.517037	196	2
0.48/0.65	0.539738	195	3
0.48/0.67	0.561781	194	4
0.48/0.69	0.583933	193	5
0.58/0.71	0.606704	192	7
0.58/0.73	0.628451	190	8
0.58/0.76	0.649844	189	9
0.58/0.78	0.671635	188	10
0.68/0.80	0.692788	187	11
0.68/0.82	0.714035	186	13
0.68/0.84	0.735848	185	15
0.68/0.86	0.757941	184	17
0.68/0.89	0.78268	183	24
0.78/0.91	0.803415	182	25
0.78/0.93	0.824026	181	27
0.78/0.95	0.844906	180	29
0.78/0.97	0.86609	179	32
0.88/1.00	0.889495	178	38
0.88/1.02	0.909058	177	39
0.88/1.04	0.931823	176	44
0.88/1.06	0.952474	175	47
0.88/1.08	0.972937	174	50
0.98/1.10	0.997349	173	59
0.98/1.13	1.02593	172	74
0.98/1.16	1.05135	171	85
0.98/1.18	1.07241	170	90
0.98/1.20	1.09384	169	94
0.98/1.22	1.1127	168	96
0.98/1.25	1.13864	167	108
0.98/1.27	1.16118	166	114
0.98/1.29	1.18482	165	123
0.98/1.31	1.20538	164	127
0.98/1.33	1.22607	163	131
0.98/1.35	1.24392	162	133
0.98/1.38	1.27707	161	156
0.98/1.41	1.30002	160	163
0.98/1.43	1.32158	159	171
0.98/1.47	1.36376	158	210
0.98/1.49	1.38257	157	213
0.98/1.51	1.40576	156	222
0.98/1.56	1.45798	155	278
0.98/1.62	1.51144	154	337
1.37/1.65	1.53867	153	353
1.37/1.71	1.60084	152	427
1.60/1.76	1.64909	151	485
1.68/1.82	1.71359	150	561
1.68/1.84	1.73362	149	567
1.68/1.88	1.77822	148	610
1.78/1.91	1.79882	147	617
1.78/1.96	1.85047	146	669
1.88/2.07	1.95924	145	825
2.08/2.22	2.11761	144	1059
2.08/2.28	2.17837	143	1134
2.48/2.64	2.53708	142	1701
2.48/2.71	2.6055	141	1785
2.48/2.73	2.62186	140	1789
3.18/3.32	3.21663	139	2720
3.28/3.41	3.3012	138	2832
3.58/3.78	3.67405	137	3416
3.88/4.17	4.06456	136	4018
3.88/4.36	4.2543	135	4299
4.88/5.05	4.94326	134	5422
6.88/7.43	7.32361	133	9393
9.58/9.71	9.60805	132	13132
9.88/10.04	9.93798	131	13605
11.49/11.81	11.6992	130	16386
11.49/11.96	11.8549	129	16586
374.77/374.98	374.862	128	626442
378.07/378.50	378.383	127	631888
380.97/381.37	381.252	126	636259
999.75/1000.13	1673387
