0.49/0.50	0.501686	192	0
0.49/0.52	0.524392	191	2
0.49/0.54	0.546393	189	4
0.49/0.57	0.567679	188	5
0.49/0.59	0.588658	187	6
0.59/0.61	0.6096	186	7
0.59/0.63	0.631041	185	9
0.59/0.65	0.652324	184	11
0.59/0.67	0.675149	183	15
0.59/0.69	0.696073	182	16
0.69/0.71	0.716219	181	17
0.69/0.73	0.736927	180	19
0.69/0.75	0.757461	179	21
0.69/0.78	0.779848	178	25
0.79/0.80	0.800057	177	26
0.79/0.82	0.821093	176	28
0.79/0.84	0.841099	175	30
0.79/0.86	0.86329	174	34
0.79/0.88	0.886095	173	39
0.79/0.90	0.905773	172	41
0.79/0.92	0.927156	171	45
0.79/0.95	0.948215	170	50
0.79/0.97	0.968363	169	52
0.79/0.99	0.98929	168	56
0.79/1.01	1.00784	167	57
0.79/1.03	1.03397	166	68
0.79/1.05	1.05262	165	70
0.79/1.07	1.07308	164	75
0.79/1.09	1.09548	163	81
0.79/1.12	1.12009	162	92
0.79/1.14	1.13901	161	95
0.79/1.15	1.15644	160	97
0.79/1.17	1.17715	159	103
0.79/1.19	1.19633	158	107
0.79/1.21	1.21641	157	112
0.79/1.24	1.23971	156	121
0.79/1.26	1.25976	155	125
0.79/1.28	1.28677	154	141
0.79/1.31	1.31619	153	160
0.79/1.37	1.37387	152	221
0.79/1.39	1.39053	151	223
1.41/1.44	1.44129	150	273
1.41/1.47	1.4679	149	287
1.50/1.52	1.5179	148	337
1.50/1.58	1.5849	147	411
1.60/1.63	1.63671	146	459
1.60/1.68	1.68632	145	516
1.69/1.75	1.75419	144	594
1.69/1.77	1.76933	143	596
1.89/1.94	1.94245	142	828
1.89/1.97	1.97343	141	850
1.89/1.99	1.9971	140	864
2.09/2.16	2.16384	139	1103
2.19/2.26	2.26368	138	1230
2.29/2.33	2.33147	137	1311
2.29/2.58	2.58294	136	1698
2.29/2.78	2.78214	135	1979
3.59/3.65	3.65241	134	3323
3.79/4.01	4.01539	133	3879
4.78/4.87	4.87446	132	5218
5.18/5.62	5.61792	131	6361
5.88/5.90	5.90391	130	6778
45.18/45.48	45.4792	129	74387
45.70/45.78	45.7827	128	74803
608.88/608.95	608.937	127	1004112
999.86/1000.02	1664559
