0.49/0.50	0.501555	187	0
0.49/0.52	0.522874	186	1
0.49/0.54	0.545478	185	3
0.49/0.56	0.566841	184	4
0.49/0.59	0.588271	183	5
0.59/0.61	0.610291	182	7
0.59/0.63	0.631365	181	8
0.59/0.65	0.652374	180	9
0.59/0.67	0.672889	179	10
0.59/0.69	0.696183	178	14
0.69/0.71	0.716765	177	16
0.69/0.73	0.737884	176	18
0.69/0.76	0.760886	175	23
0.69/0.78	0.783644	174	28
0.79/0.80	0.804262	173	30
0.79/0.82	0.827149	172	36
0.79/0.84	0.847438	171	38
0.79/0.86	0.867801	170	41
0.79/0.89	0.889728	169	45
0.89/0.91	0.911376	168	48
0.89/0.93	0.932167	167	51
0.89/0.95	0.951654	166	53
0.89/0.97	0.971201	165	56
0.89/0.99	0.993787	164	65
0.99/1.01	1.0172	163	74
0.99/1.03	1.0381	162	79
0.99/1.05	1.05747	161	82
0.99/1.08	1.08232	160	93
1.09/1.10	1.10344	159	97
1.09/1.13	1.1332	158	114
1.09/1.15	1.15536	157	121
1.09/1.18	1.18273	156	135
1.09/1.20	1.20403	155	141
1.20/1.23	1.23141	154	156
1.20/1.30	1.29985	153	232
1.31/1.32	1.31904	152	236
1.31/1.34	1.34635	151	253
1.31/1.37	1.37011	150	264
1.31/1.39	1.38972	149	269
1.31/1.43	1.4363	148	311
1.31/1.46	1.46598	147	330
1.31/1.49	1.49199	146	343
1.31/1.51	1.51308	145	351
1.31/1.60	1.60494	144	460
1.31/1.64	1.64239	143	488
1.89/1.95	1.95315	142	925
1.99/2.01	2.00821	141	987
1.99/2.05	2.05197	140	1031
2.09/2.17	2.17488	139	1205
2.39/2.48	2.48615	138	1665
2.49/2.55	2.55701	137	1751
2.61/2.99	2.99364	136	2430
3.19/3.28	3.28736	135	2882
3.89/4.01	4.01374	134	4007
3.89/4.06	4.06188	133	4058
4.59/4.61	4.61674	132	4914
5.29/5.57	5.57548	131	6362
5.61/5.68	5.68748	130	6510
32.79/33.32	33.3222	129	51920
33.59/33.66	33.6578	128	52390
206.08/206.12	206.116	127	340084
999.96/1000.02	1701756
