0.00/0.47	0.468673	192	0
0.00/0.49	0.491214	191	2
0.00/0.51	0.51333	190	3
0.00/0.53	0.535254	189	4
0.00/0.55	0.556843	188	5
0.56/0.57	0.578321	187	6
0.59/0.60	0.599426	186	7
0.59/0.62	0.620368	185	8
0.59/0.64	0.641066	184	9
0.59/0.66	0.662778	183	10
0.59/0.68	0.684789	182	12
0.69/0.70	0.705909	181	14
0.69/0.72	0.726529	180	15
0.69/0.74	0.746994	179	16
0.69/0.76	0.76787	178	18
0.69/0.79	0.788719	177	20
0.79/0.81	0.808994	176	22
0.79/0.83	0.830693	175	26
0.79/0.85	0.850675	174	27
0.79/0.87	0.872146	173	31
0.79/0.89	0.892574	172	34
0.89/0.91	0.913108	171	37
0.89/0.94	0.938425	170	45
0.89/0.96	0.958471	169	49
0.89/0.98	0.979179	168	52
0.99/1.00	1.00273	167	61
0.99/1.02	1.02375	166	67
0.99/1.04	1.04501	165	73
0.99/1.06	1.06425	164	76
0.99/1.09	1.08694	163	84
1.09/1.11	1.11116	162	94
1.09/1.13	1.13377	161	103
1.09/1.16	1.1629	160	119
1.09/1.18	1.18531	159	128
1.19/1.23	1.23314	158	177
1.19/1.26	1.26512	157	200
1.19/1.28	1.28424	156	205
1.29/1.30	1.30301	155	208
1.29/1.32	1.32259	154	214
1.29/1.36	1.36145	153	246
1.39/1.42	1.41942	152	308
1.39/1.44	1.44483	151	320
1.39/1.47	1.46724	150	330
1.39/1.49	1.48673	149	338
1.39/1.51	1.50705	148	347
1.39/1.53	1.5319	147	360
1.39/1.57	1.57382	146	401
1.39/1.62	1.62241	145	451
1.39/1.66	1.65788	144	481
1.39/1.77	1.76713	143	622
1.78/1.82	1.82343	142	680
1.78/1.90	1.89514	141	755
1.89/1.99	1.99119	140	870
1.99/2.05	2.05398	139	938
1.99/2.08	2.079	138	952
2.09/2.18	2.18398	137	1086
2.79/2.81	2.80844	136	2040
2.79/2.87	2.87395	135	2121
4.18/4.60	4.59952	134	4771
6.31/6.38	6.37553	133	7563
6.49/6.55	6.55051	132	7808
7.19/7.45	7.45093	131	9113
8.69/8.92	8.91421	130	11437
55.09/55.11	55.1046	129	87980
55.60/55.98	55.9826	128	89229
56.78/56.89	56.889	127	90477
999.96/1000.03	1642073
