0.39/0.48	0.487556	190	0
0.49/0.51	0.510142	189	1
0.49/0.53	0.533204	188	3
0.49/0.55	0.555874	187	4
0.49/0.58	0.578382	186	5
0.59/0.60	0.600286	185	6
0.59/0.62	0.622361	184	7
0.59/0.64	0.644005	183	8
0.59/0.66	0.667634	182	11
0.59/0.69	0.691948	181	17
0.69/0.71	0.713605	180	18
0.69/0.73	0.737562	179	24
0.69/0.76	0.759094	178	26
0.69/0.78	0.780893	177	29
0.79/0.80	0.802967	176	32
0.79/0.82	0.824966	175	36
0.79/0.84	0.84747	174	41
0.79/0.87	0.86871	173	44
0.79/0.89	0.889918	172	47
0.89/0.91	0.910204	171	49
0.89/0.93	0.933556	170	54
0.89/0.95	0.955246	169	58
0.89/0.97	0.975828	168	60
0.89/0.99	0.996344	167	63
0.89/1.02	1.01924	166	68
0.89/1.04	1.03962	165	71
0.89/1.05	1.05779	164	72
0.89/1.08	1.08736	163	89
0.89/1.11	1.11162	162	98
0.89/1.13	1.13414	161	104
1.15/1.16	1.16556	160	122
1.15/1.18	1.1867	159	128
1.15/1.22	1.21878	158	150
1.15/1.24	1.23975	157	155
1.26/1.29	1.28824	156	202
1.29/1.34	1.34247	155	259
1.29/1.37	1.37322	154	280
1.39/1.40	1.40502	153	300
1.39/1.42	1.42796	152	309
1.39/1.44	1.44725	151	314
1.49/1.51	1.50865	150	381
1.49/1.53	1.53497	149	396
1.49/1.57	1.57511	148	430
1.59/1.61	1.61211	147	463
1.59/1.71	1.71215	146	591
1.59/1.73	1.73288	145	599
1.59/1.77	1.76971	144	629
1.59/1.80	1.80119	143	652
1.59/1.83	1.83384	142	678
1.93/1.94	1.94259	141	809
1.99/2.01	2.0168	140	893
2.09/2.11	2.11102	139	1006
2.19/2.23	2.23687	138	1177
2.69/2.73	2.7325	137	1957
2.69/2.75	2.75306	136	1968
3.49/3.65	3.64756	135	3386
6.19/6.52	6.5244	134	8388
6.98/7.08	7.07792	133	9290
8.88/9.23	9.22935	132	12713
28.62/28.64	28.6448	131	45434
33.69/33.71	33.7068	130	53558
33.99/34.02	34.0212	129	54008
220.28/220.35	220.346	128	363169
734.76/734.87	734.834	127	1211188
999.89/1000.05	1659839
