0.09/0.48	0.482904	189	0
0.09/0.50	0.504301	188	1
0.09/0.52	0.525391	187	2
0.09/0.54	0.546445	186	3
0.09/0.56	0.567406	185	4
0.09/0.58	0.588056	184	5
0.09/0.61	0.60934	183	7
0.09/0.63	0.630118	182	9
0.09/0.65	0.652663	181	14
0.09/0.67	0.673119	180	15
0.09/0.69	0.693283	179	16
0.09/0.71	0.713766	178	18
0.09/0.73	0.733801	177	19
0.09/0.75	0.754183	176	21
0.75/0.77	0.775318	175	25
0.75/0.79	0.796593	174	28
0.79/0.81	0.816688	173	31
0.79/0.83	0.835585	172	33
0.79/0.85	0.855926	171	36
0.79/0.87	0.877172	170	40
0.89/0.90	0.899219	169	46
0.89/0.92	0.922469	168	53
0.89/0.94	0.946706	167	62
0.89/0.97	0.969294	166	68
0.89/0.98	0.987203	165	69
0.99/1.01	1.00886	164	75
0.99/1.03	1.03241	163	81
0.99/1.05	1.05351	162	86
0.99/1.07	1.07596	161	92
1.09/1.10	1.10082	160	104
1.09/1.12	1.12271	159	113
1.09/1.14	1.1419	158	117
1.09/1.16	1.16663	157	127
1.09/1.19	1.18844	156	135
1.19/1.21	1.21009	155	142
1.19/1.23	1.23546	154	154
1.19/1.26	1.26018	153	165
1.19/1.29	1.28977	152	183
1.29/1.32	1.31838	151	200
1.29/1.34	1.3408	150	209
1.29/1.37	1.37448	149	238
1.39/1.40	1.40081	148	255
1.39/1.50	1.50617	147	386
1.50/1.52	1.52726	146	394
1.61/1.65	1.65421	145	552
1.61/1.74	1.74284	144	652
1.61/1.81	1.8179	143	744
1.61/2.05	2.05643	142	1081
1.61/2.15	2.15242	141	1211
2.29/2.36	2.36524	140	1531
2.49/2.59	2.58882	139	1857
2.69/2.73	2.72815	138	2061
3.21/3.24	3.24732	137	2873
3.45/3.48	3.48201	136	3235
3.59/3.66	3.66389	135	3499
4.30/4.34	4.34497	134	4553
4.30/4.36	4.36509	133	4562
7.82/7.98	7.98063	132	10362
8.99/9.08	9.07889	131	12072
105.79/105.80	105.802	130	175167
109.91/109.95	109.95	129	181666
371.35/371.48	371.478	128	618095
803.07/803.18	803.16	127	1329229
993.05/993.18	993.164	126	1639519
999.96/1000.03	1649960
