0.39/0.47	0.476171	198	0
0.49/0.50	0.499684	197	1
0.49/0.52	0.522908	196	2
0.49/0.54	0.545753	195	3
0.49/0.57	0.568756	194	4
0.49/0.59	0.591517	193	5
0.59/0.61	0.613874	192	6
0.59/0.63	0.636091	191	7
0.59/0.66	0.657936	190	8
0.59/0.68	0.679887	189	9
0.59/0.70	0.701866	188	10
0.69/0.72	0.723861	187	11
0.69/0.74	0.746047	186	14
0.69/0.77	0.768791	185	17
0.69/0.79	0.79087	184	19
0.79/0.81	0.813285	183	22
0.79/0.83	0.83439	182	23
0.79/0.85	0.854998	181	24
0.79/0.87	0.875844	180	26
0.89/0.90	0.897846	179	30
0.89/0.92	0.918606	178	32
0.89/0.94	0.939694	177	35
0.89/0.96	0.961716	176	39
0.89/0.98	0.983326	175	44
0.89/1.00	1.00573	174	49
1.00/1.02	1.02586	173	52
1.00/1.05	1.04993	172	61
1.00/1.07	1.07269	171	68
1.00/1.10	1.10657	170	91
1.00/1.12	1.1265	169	94
1.12/1.15	1.14917	168	103
1.12/1.17	1.17083	167	109
1.12/1.19	1.19139	166	113
1.19/1.21	1.21411	165	121
1.19/1.23	1.2351	164	126
1.19/1.26	1.25815	163	134
1.19/1.28	1.27802	162	138
1.29/1.30	1.29984	161	145
1.29/1.32	1.31967	160	149
1.29/1.34	1.3418	159	156
1.29/1.36	1.36015	158	159
1.29/1.38	1.38254	157	166
1.29/1.41	1.40821	156	180
1.40/1.43	1.43599	155	196
1.40/1.46	1.46656	154	217
1.49/1.52	1.52309	153	275
1.49/1.57	1.57003	152	317
1.59/1.61	1.6095	151	352
1.59/1.63	1.62921	150	357
1.69/1.70	1.70458	149	443
1.69/1.72	1.7266	148	452
1.69/1.76	1.76259	147	482
1.69/1.78	1.78226	146	489
1.79/1.88	1.88465	145	615
1.89/1.91	1.91267	144	633
1.89/1.93	1.93657	143	646
2.11/2.20	2.19942	142	1050
2.11/2.23	2.22917	141	1074
2.39/2.47	2.4705	140	1438
2.60/2.65	2.65113	139	1698
2.89/2.99	2.99011	138	2223
2.99/3.04	3.03848	137	2277
2.99/3.08	3.08693	136	2335
3.79/3.83	3.83508	135	3487
4.79/4.87	4.87301	134	5096
6.29/6.30	6.30401	133	7362
6.29/6.37	6.36988	132	7438
10.19/10.29	10.2959	131	13807
10.92/11.05	11.0538	130	14937
12.29/12.58	12.5789	129	17255
171.58/171.77	171.77	128	284965
459.57/459.62	459.61	127	761347
999.97/1000.03	1659154
