0.50/0.51	0.51608	192	0
0.50/0.54	0.5404	191	1
0.50/0.56	0.56445	190	3
0.50/0.58	0.586031	189	4
0.59/0.60	0.607519	188	5
0.59/0.63	0.628778	187	6
0.59/0.65	0.650084	185	7
0.59/0.67	0.671138	184	8
0.59/0.69	0.691659	183	9
0.69/0.71	0.712562	182	10
0.69/0.73	0.732834	181	11
0.69/0.75	0.754052	180	14
0.69/0.77	0.774684	179	16
0.69/0.79	0.7944	178	17
0.79/0.81	0.816859	177	22
0.79/0.84	0.839891	176	26
0.79/0.86	0.860716	175	29
0.79/0.88	0.880714	174	31
0.89/0.90	0.902536	173	35
0.89/0.92	0.92602	172	42
0.89/0.95	0.949702	171	50
0.89/0.96	0.968277	170	51
0.89/0.99	0.988934	169	55
0.99/1.00	1.00771	168	57
0.99/1.03	1.034	167	69
0.99/1.05	1.05237	166	70
0.99/1.08	1.08568	165	93
0.99/1.10	1.10713	164	99
1.10/1.13	1.12905	163	105
1.10/1.15	1.15251	162	115
1.10/1.17	1.17743	161	125
1.10/1.20	1.19916	160	131
1.10/1.22	1.22092	159	138
1.22/1.24	1.23987	158	141
1.22/1.26	1.26471	157	153
1.22/1.28	1.28834	156	162
1.29/1.31	1.31122	155	171
1.29/1.33	1.3337	154	180
1.29/1.36	1.36339	153	198
1.39/1.43	1.43436	152	275
1.39/1.46	1.46778	151	303
1.49/1.57	1.5708	150	433
1.49/1.59	1.59234	149	442
1.59/1.61	1.61035	148	446
1.59/1.65	1.65269	147	483
1.68/1.70	1.70616	146	539
1.68/1.79	1.79245	145	643
2.38/2.47	2.47124	144	1715
2.48/2.50	2.49938	143	1734
2.48/2.52	2.5202	142	1744
2.58/2.65	2.65199	141	1926
2.58/2.69	2.68994	140	1960
2.69/2.71	2.71462	139	1978
2.98/3.09	3.09661	138	2568
3.09/3.11	3.11525	137	2575
3.09/3.16	3.16534	136	2630
4.88/5.21	5.21787	135	6071
5.49/5.54	5.54598	134	6573
5.49/5.56	5.5678	133	6583
5.99/6.01	6.01591	132	7263
14.89/15.32	15.3227	131	22522
24.89/24.95	24.9494	130	38219
39.49/39.57	39.5748	129	63073
178.18/178.25	178.249	128	291622
900.96/901.07	901.052	127	1490408
999.96/1000.02	1653650
