0.02/0.48	0.486397	188	0
0.02/0.50	0.507901	187	1
0.02/0.53	0.529502	186	2
0.02/0.55	0.550751	185	3
0.02/0.57	0.57167	184	4
0.02/0.59	0.592503	183	5
0.02/0.61	0.6135	182	7
0.02/0.63	0.634834	180	9
0.02/0.65	0.655072	179	10
0.02/0.67	0.675568	178	11
0.67/0.69	0.695569	177	12
0.69/0.71	0.717029	176	15
0.69/0.73	0.737797	175	17
0.69/0.76	0.758431	174	19
0.69/0.78	0.780637	173	24
0.79/0.80	0.803247	172	29
0.79/0.82	0.824714	171	32
0.79/0.85	0.854167	170	47
0.79/0.87	0.874756	169	50
0.79/0.89	0.897615	168	58
0.89/0.91	0.91728	167	61
0.89/0.94	0.938725	166	66
0.89/0.96	0.960868	165	73
0.89/0.98	0.979664	164	76
0.98/1.00	1.00431	163	86
0.98/1.02	1.02574	162	92
0.98/1.04	1.04794	161	100
0.98/1.07	1.07377	160	111
1.09/1.10	1.09863	159	122
1.09/1.11	1.11665	158	125
1.09/1.14	1.1385	157	133
1.09/1.16	1.16516	156	147
1.09/1.19	1.18841	155	157
1.18/1.22	1.22021	154	177
1.18/1.27	1.26937	153	224
1.28/1.32	1.32189	152	279
1.28/1.36	1.36774	151	323
1.38/1.40	1.40083	150	348
1.38/1.42	1.42207	149	358
1.38/1.45	1.45643	148	386
1.38/1.51	1.50835	147	438
1.60/1.64	1.6459	146	615
1.60/1.69	1.68857	145	656
1.60/1.73	1.73225	144	699
1.60/1.83	1.83732	143	833
1.60/1.87	1.87171	142	861
2.20/2.24	2.24383	141	1427
2.20/2.29	2.29121	140	1481
2.29/2.38	2.38188	139	1595
2.59/2.66	2.66209	138	2019
2.69/2.77	2.7703	137	2159
3.19/3.74	3.74038	136	3691
4.30/4.33	4.33386	135	4623
4.39/4.47	4.47208	134	4818
4.70/5.37	5.37343	133	6246
5.59/5.69	5.68804	132	6722
7.59/7.65	7.6531	131	9818
13.88/14.49	14.4953	130	20720
14.88/14.96	14.9611	129	21425
15.48/15.57	15.5722	128	22373
16.98/17.49	17.4948	127	25350
528.62/528.68	528.672	126	886161
999.97/1000.02	1678818
