0.49/0.51	0.509214	197	0
0.49/0.53	0.532158	196	1
0.49/0.55	0.554727	195	2
0.49/0.57	0.577187	194	3
0.59/0.60	0.601083	192	6
0.59/0.62	0.623562	191	7
0.59/0.64	0.645475	190	8
0.59/0.67	0.667189	189	9
0.59/0.69	0.688885	188	10
0.68/0.71	0.7102	187	11
0.68/0.73	0.730931	186	12
0.68/0.75	0.751915	185	13
0.68/0.77	0.772439	184	14
0.68/0.79	0.793789	183	15
0.78/0.81	0.814354	182	16
0.78/0.83	0.836203	181	18
0.78/0.86	0.857141	180	19
0.78/0.88	0.877564	179	20
0.78/0.90	0.898931	178	23
0.78/0.92	0.922426	177	28
0.78/0.94	0.94296	176	30
0.78/0.96	0.963177	175	32
0.96/0.98	0.985462	174	37
0.96/1.01	1.00734	173	41
0.96/1.03	1.02853	172	44
0.96/1.05	1.04967	171	47
0.96/1.08	1.07784	170	60
0.96/1.10	1.09782	169	63
0.96/1.12	1.11813	168	66
0.96/1.14	1.13598	167	67
0.96/1.16	1.159	166	75
0.96/1.18	1.18234	165	85
0.96/1.20	1.20182	164	89
0.96/1.25	1.25059	163	135
0.96/1.27	1.27001	162	138
0.96/1.29	1.29233	161	144
0.96/1.33	1.32823	160	170
0.96/1.35	1.35095	159	177
0.96/1.37	1.36989	158	181
0.96/1.40	1.40221	157	202
1.39/1.44	1.44399	156	236
1.39/1.46	1.46268	155	240
1.48/1.53	1.53184	154	314
1.48/1.55	1.55327	153	322
1.48/1.58	1.57834	152	334
1.58/1.60	1.60115	151	343
1.58/1.66	1.66322	150	410
1.68/1.71	1.70866	149	453
1.68/1.73	1.73364	148	467
1.78/1.82	1.81477	147	560
1.88/1.95	1.94753	146	736
2.08/2.15	2.14864	145	1011
2.19/2.21	2.21122	144	1089
2.19/2.26	2.25495	143	1136
2.19/2.28	2.27845	142	1150
2.29/2.33	2.32443	141	1203
2.29/2.37	2.36441	140	1244
2.40/2.44	2.43477	139	1330
2.40/2.78	2.78007	138	1842
3.58/3.66	3.65443	137	3207
3.68/3.73	3.72872	136	3301
3.78/4.03	4.0322	135	3737
3.78/4.28	4.27447	134	4006
4.44/4.57	4.57149	133	4359
4.98/5.03	5.02388	132	4982
5.08/5.14	5.13568	131	5118
44.18/44.22	44.2164	130	71461
50.98/51.34	51.3349	129	82811
229.68/229.77	229.763	128	380475
234.38/234.88	234.874	127	388060
311.47/311.52	311.506	126	510095
999.97/1000.03	1658467
